5.278356432435013E-11  3.610802700451945  3.63843630270889  6.0576533759424  1.65566827552683  6.1631663312888625  
0.6043274050729662  4.022945105143668  1.9884343693878657  4.791675206373635  4.881979168288923  4.75692137075109  
1.9302408290875903E-8  4.719091756426296  2.1006669416200934  4.219932324608484  5.090448758426016  2.7134437212627507  
1.9064957579286121  4.408471995469376  2.7772760640185785  4.258262383426959  3.0075780261548584  5.777110929902989  
0.7481187636799309  4.343257773621955  3.2161258402119564  3.063546698181856  3.887565687835576  5.080753394679004  
3.8203296986980606E-24  3.7952213931536227  3.147188764628398  5.129782787625149  3.0886107121302935  5.539012177466905  
2.9591035899985454  2.485398641549949  4.684530410134982  1.8746163260240802  4.764367541318246  1.4548024276438436  
1.4001896538863734  4.844783732351441  1.8264629257355511  5.66064658447749  4.40717730578341  5.290269011498685  
0.8459307707301844  4.624476574804409  2.3318942542922865  5.019278987066899  4.910522792474887  2.3828083963244797  
0.460033567920939  5.330293779985582  1.998690369308644  4.970366061911249  3.1492452838013496  5.058736046631992  
0.12873985078038963  4.95564100146069  1.7593052618840386  5.421505510200497  2.3525381144910886  5.477721047247003  
2.992781031516226E-21  1.880080356822675  4.818397676029256  1.8593470676110087E-13  2.5397830839018773  6.723295809426612  
1.1782967534191728  3.6605204209716846  1.9428325248053524  4.633633715184634  3.5892625693635205  5.80484701686342  
1.1021153755936093  5.3037480361617995  4.665512540260388  3.197767215846724  3.7325425795099267  4.176202459630673  
1.8915833038306227  5.3673100231435  3.8420455644370084  1.1902557191860919  6.46579344939631  0.2821876059181969  
0.8804289305510204  4.535981987027358  4.924587764161792  4.2763122342599145  4.391203924835636  4.822550848556468  
1.0233894693684447  6.034501281588802  0.8437396125827702  5.884586623491144  3.8011520266263954  5.357597454436945  
1.0881708642025651  5.125595986968087  3.3845295885998463  5.183163545126992  3.5302402879622865  5.14115780811958  
0.5578497689300264  0.8937601482676573  4.305660787003706  3.405563306515969  5.448794104977733  5.743485329274204  
0.8374241786539217  5.108448611597994  1.5406128506407835  4.846795264063917  4.61691999098457  0.5415959459182996  
3.7501001618254657  4.484658011500079  2.843534964168523  3.6515728419487714  4.024936275555514  7.073966224217468E-24  
3.226022150591471  4.496028422548525  4.230766957144516  2.696261098879168  3.190015113000025  4.958631418931314  
2.3456661857519685  5.2294794978733945  4.6683560474176497E-7  5.982689584031855  0.8740201184603772  5.498647095122946  
0.6608157820812379  4.443774061104048  3.8099653113620158  4.500438389082363  4.406280451128984  5.780945178226421  
2.9253179147486215  4.178973645467436  3.2316758394183256  4.884206920322602  5.417207133637242  0.011321426353967039  
1.1023733380218732  5.114053882761023  3.201757850764384  3.5621574955653466  4.03041150983263  5.228636860281011  
6.050508240196773E-6  5.069834052919192  2.6028967004732015  4.078618509010043  2.795557087481977  5.586036161847567  
4.3502757147119935  3.198293017306319  2.809383525380562  2.2708918030900005  1.6108830042250243E-5  5.880449903328717  
3.5375032431156312  2.156547982723769  3.3357618137606266  1.0222523330832122E-14  3.9289092292517207  4.034858477751428  
5.878183998821734E-26  1.6202243051212764  3.8577946746469176  4.974811417188973  3.7241891078125278  6.316614631025439  
4.689559695923067E-11  5.890027428457632  4.760697362818522  0.10000503764192283  2.08129372039086  0.02826865329080853  
1.5131275533109239  1.3970955718063567  9.512039120395542E-5  5.461866980712884  5.260446040213644E-10  2.7370991550695356  
0.2606512083529269  3.7379023786195  3.8866781182293297  1.958602775214454  3.245534674697372  6.1656394099676035  
3.44719400471927  1.2230235488965904  4.635180795505509  3.074323958409143  4.9233331968197565  1.1371918218906  
2.433853213925244E-18  1.5987010118156104  5.327288680264282  3.5617750934657577  6.527153396449412  0.7930606367523768  
1.4315222426166778  1.956991513693371  3.839660210151031  6.477096857005212  3.2707456807832145  1.2661155012024956  
3.608689528377414  4.129551046138341  4.238618114125491  6.164995441807596  1.6741231642586951  2.7515548461075072  
2.5135943320759817  0.6180542807323616  4.1045138142632265  4.473559386995631  1.9219485004229107  4.334469641280383  
3.772693066346516  5.457809645516991  2.357414281397902  2.604389812706634  5.051867986646543  0.3701094623686546  
3.9740370944557872  3.6347154082550497  2.0152227277921027  3.563549789876276  4.849046712946489  3.0147299073340883  
2.800680854740006  3.3925197892545937  3.415218492992029  6.026451541025221  3.4911184213335007  1.094396446577079  
3.47245944903948  0.042350365978352844  4.649989429861854  0.05894606081463554  5.47140381263261  2.9131895531752394  
1.8401653162156568  2.749972079281068  1.5538093752089268  3.163366652697743  7.42140390648045  1.1421280086846388  
4.273866149021848E-9  3.2025914570029754  3.300539742630087  4.108974738239667  6.068794116190342  5.630757692041517  
7.80249148724932  3.3519446472374135  6.4501395247953495  2.3438578194860613E-5  0.10195765043645952  0.7589795442890213  
2.052271468020829  3.506205758516734E-13  3.449960977534995  6.507578963226324  0.017623337214325917  3.209463420492172  
7.815724349486657  3.335754404683834E-20  1.1422790454552512  3.149123254303917  0.13555889188582873  1.2624920791149519  
3.7205555586632046  0.4506775419996647  5.914296486183061  0.22447519552442455  0.006801333205153469  2.516049132304401  
3.0559622325649505  3.906874803540634  5.583631691258461  1.7752883847432066  4.246410664588638  0.0654637728124122  
5.7285206124397465  3.6347044774537345  1.4301616762943439  1.307534928054732  4.0554963386775675  3.7291104075257753  
4.447074511696096  2.7958768197174195  1.1347782289725503  1.8984840229415603  3.29260167206607  1.3095222269215285  
4.693860760905851  3.9545204693551064  1.831620103975732  1.684160988903122  4.590816908002865  3.6619599290451386  
1.4838970408546794  2.7059870000865274E-11  3.638230529789979  5.764917932151626  1.0865301187871343  1.107671572871945  
2.1460984387487136  5.369469815634383  2.75265288127912  0.0049543966134612955  4.82164354919609  0.13119751194524895  
5.1885127852123825  4.277080690402259  0.6838761704417172  3.205659694647305  1.6748913712313496  5.7464087522190646  
6.236068105328025  0.6154172741176595  6.825398160788734E-4  5.074950289702735  0.0031876459774807667  6.6110861401947805  
5.873731913808456  5.144243725904869  1.5085089829690363  1.1768564815802351  8.199615690025164E-9  6.280030213638988E-5  
1.242069695459799  5.0284392504882165  3.4522874167443725  2.5562339827036578  2.780989674644423  5.792088448804379  
0.0655319903132941  6.816612448244933  1.3356733569001544  4.519815011028469  2.967806634995503  4.72416514420294  
6.547024177425541  4.525275041389674  3.206441468179755  1.80854307210489E-6  2.442166938813513  3.8786936914324516E-4  
5.861699438568313  3.866324248688901  0.8892287663917152  2.13736272969699  4.524147111676692  0.11368399532869931  
6.9089212261201105  3.785559931516661  1.5216409527941257  2.490961128480417E-19  2.997023781801451  1.3147110232959611  
1.6234265452819758  4.353688044029843  4.608576381770072  5.421558053979877  1.8980240279510286E-31  1.5605453246941228  
3.6896665066076535  0.39446163123056244  4.245605000893962  0.6078240201925845  0.19300883480668912  7.053898476346381  
2.6149994248142923  7.201803347338094  2.4230668514375697  1.4813541148465097  7.8501810571249E-18  5.083697701965948  
3.433972744104196  1.7527417475271274  0.4476914881553614  1.0435891224729523  3.8879493639987275  6.870442161886549  
2.310213602641893  3.1999622146543167  0.25130851413287136  5.746155336077439  4.182855505750594  6.159107113662822  
0.0038488139597223497  5.185982272272043  1.993488147886897  0.3151158069119285  4.289667809561508  0.04876017803695274  
3.443042388391243  0.06254150027323904  2.6508969704270067  0.9578857188384124  1.80420649602367  1.3895622751128616  
5.574812194526491  0.4492457142726501  0.5143992394464789  5.311799134161782  0.003265235160790957  2.309289705240012  
1.7102377082990867  4.534786794538854  2.0361605782162244  2.5981328838668323  5.834538186055741  5.670499757747151  
0.10523409605766833  0.20321255727935797  4.223351821331094  2.8136847541070495  7.937698348737858  1.3246157825234353  
3.119802416741383  3.3094880444536816  2.1789211867584143E-5  5.949761176340049  0.743310412727782  6.088031875932013  
3.770545055034066  5.2097504627981595  4.350615107155  1.0114601013478364  3.5631112287762225  1.0382379460857791E-4  
0.9998104184401396  3.330588022593541E-4  3.7145973488915627  5.015444301055709  0.0027541256174062295  7.119141482004447  
2.543277868999071  4.242078069063366  3.287127528148339  2.5570102216168116  6.7415763499057  0.00552017869163732  
1.3070874756293385  2.05724175970131  0.42404319217538783  3.7966180692759997  7.362505492367536  0.41864495455506967  
6.349876222513369  0.9214167064555588  2.4236914137589776E-4  3.214798961389298  3.846683624331671  0.9124018448420949  
2.7288882498059426  4.348326602353789  2.6050597025010083  3.912582598379488  5.679896141933186  1.7153920551452038  
2.508132767462667  5.210781116859569  5.607170509598693  3.2612573799116547  3.1495748233153527  5.02541763607154  
6.9950354436706395  4.536988174144923  0.29025365505545075  0.2832599716362969  2.7832068061195128  0.5447049439517165  
1.2374867094532735  1.3550395028782005  1.1382155901738162E-6  6.2746144827971  0.8863422855968869  1.3881739322934377  
2.681406886507827  6.325071658739209  1.8424481779110242  1.7765555447835935  0.12525680251286844  5.135116733862269  
3.6232224326049  4.627607711133239  5.913127265469366  1.0489439397291749  4.0389174012288125  4.3794936341655854E-4  
6.361441977910332  5.712709230162417  1.5113701233136174  0.07733960989537052  1.6879523077898714E-15  0.045350709188821905  
3.103767059110121  4.844062140421448  2.9810035809863904  2.202012037718251  2.825165604220836  5.435591047131504  
5.318135397837932  0.7815944836883433  1.5961529235511451  4.776647855284562  0.7227953928980931  2.691580462028161  
7.003317222699422  1.9713888774623715E-7  1.3905820511436775  1.2577449981079495E-10  4.024785416101404  4.207005337875003  
3.557216678258861  1.1373605540397942  4.772604797922545  0.6391689502916755  2.662605439624553  1.0637235623599381  
3.0644974255912723  4.231666332311307  1.730912175470922  2.4907946656037177  5.498613939982054  2.8958946047215116E-6  
2.900821525577312E-13  5.338931980019884  3.184207910862088  6.236733501592626  3.423470875600351  5.250657441736542  
7.4767969867905855  4.672737623048994  4.280536399906624  2.056520336895725  1.4900912769190024E-20  0.8260832357259377  
7.859544564181441  0.019862357944560018  0.7895397925394639  1.8758118105115582  2.1522103647510114  1.1992452688745463  
3.0594602679667444  0.5468078998351306  1.552743376436752  0.8543037005732106  0.901999465181301  1.2387079099004852  
7.082532858691625  1.402662721682805E-11  1.7378835742586678  4.8858843340182805  2.536114044841481E-4  3.3321331567057464  
5.694379597699691  0.3391820604475024  1.0952284818773945  0.2829841059655839  3.07698321472001  2.1333820010764994  
4.160462711748211  2.9413668863156874  3.9000297211268866  1.7703713092907385E-7  4.703570934970953  1.5264496040476538  
0.0024833855484336113  4.2360475296187445  3.7552500842985115  6.056806084947296  3.2955802408459403  3.1135238125569757  
3.2572911077455897  0.545445970069154  1.5135058458745725  0.9850858572527371  1.0858012099709329  1.2300574972405078  
0.252023179972414  3.0427081719846316  0.8542717574521693  4.90572558793461  5.786948049264281  0.007531639918099158  
3.332530828380763  4.633297074992957  0.2651445224357654  2.235877093148884  3.9615237424126883  6.045987300043851  
3.3440220125832285  0.22574427972803077  2.2898415808749317  0.9916938803824492  1.4220265948278594  1.3337983262268305  
1.2550435642576108E-4  1.6009001833256924  0.2059376059814691  5.472922445873179  3.9319121158325276  0.2933626193440754  
5.091056990801337  4.551781245375371  0.014944867213057881  1.223100268503536  2.1630361927864588  3.161184490882411E-4  
3.4509877979206913  4.057757057949589  3.907089350747914  2.012183464503757  5.446662213871425  1.21826987645976E-9  
4.110438893348105  8.99852266646321E-29  3.4712224433842347  3.88011027759595  0.1827513617979747  2.2966494873822043  
0.362371697771862  0.8730523979589746  5.291988562012906  1.2885580287996576  0.9632645688124574  1.0818093159147482  
2.748256542964444  0.3017787114050991  2.1851894899777835  0.8343532070365378  1.624467970044253  1.34059257668221  
0.9384647370798205  4.305827532690224  4.731216462606566  6.8582961290008995E-22  6.120486259157335  3.1354455555762346  
4.767365967122268  3.2093613311466735  4.945636835682207E-23  4.349122726120828  2.3721672177753304  6.579842177535056  
4.450394760215832  2.9412758272181185  5.928672056482831E-5  3.417210308596652  3.4011302473737235  6.260467774934788  
3.7467864565139104  4.457137607529907  3.161536509045439  3.029386675551403  8.928993465295072E-6  5.433392185194681  
1.994605249644321  0.7477254634232945  1.4544972147235091  0.9400741035749014  0.875543196450151  1.1809064666595996  
6.047095484722232  2.7877095938020364  0.007407072451814355  2.0839046460519417  1.4405829365335082E-21  0.3789372086572075  
3.255433599149713  1.759895695998855E-5  5.0192808189030895  2.7022931622883397  5.4072810807833465  1.2134902188701044  
3.321484577523163  2.154238970786702  4.708018947233385  4.992368297603557  1.9444136235197207E-53  0.35362154542574475  
2.295643538450621E-10  5.661540997434786  2.1222448139562897  4.097632383030417  5.392580256514242  5.2431062079531605  
0.4344057494239451  6.869900651505131  8.437879179958329E-22  3.326327219337208  3.1640682386179684  4.799393576940312  
4.16034678908522  2.8489806096192245  2.046286463943466  0.0038809117095219897  5.214707461743315  0.8484246776332696  
1.2061657883882595  2.9004667057121374  1.215796875429438  6.637876367294525E-13  5.161068949687447  6.247315408482828  
3.766772686264789  0.3163373946377487  3.2307073320484325  4.384807308467166  1.3728290088468423E-7  1.2421569757887436  
3.0966106208465054  0.5216445081382478  1.3002607484449307  0.741804750465368  1.2164324505188724  1.6318431484275289  
3.2501411846474473  4.713977894432929  3.7022964169035912  1.4307209725537035E-25  3.2254412950609783  2.6581783437636455  
8.11421775182553E-4  5.036123315752665  3.344539699183476  5.633007196339528  2.4088394915076643  5.39216521834496  
2.331364772875085  0.717825047111651  0.8899817433494641  0.6220620801153393  1.627167892517934  7.114236225219725  
2.2081875942366636  9.49791819622954E-17  6.341774551004289  2.042189548899527E-9  1.278757207604766  4.086705269934361  
0.5176262518774875  1.5681495416028992  5.356442354313192  0.7562428669047606  1.9714034418011739  6.608975616518797  
4.647211923017381  0.09205962174727185  3.101581310260452  0.6042901628707995  0.6441376609928461  1.4105201343749538  
1.26145298692642  3.3385771955850014  0.5304157591829927  0.041134354604416536  4.706055962850645  6.026667590276365  
7.443836811606274  1.300688163359543E-12  1.1628631591083491  1.8026580107960697E-10  3.21085610102659  3.0863035950673283  
3.4619979304546007  4.859199853318054  2.3264058414638806  3.4731825641326335  1.8435857124581132  4.868566421088231E-29  
3.8294611945232497  1.9906621825176016  1.219753249412019  0.35989792615435584  2.2061781255681883  0.8194016273014609  
3.8547599323932578  0.12188366463930778  2.259738786840412  0.7603177902193383  1.9854219364119892  1.3822458503526949  
3.1297026887698256  0.45803217424643833  1.7461154561612777  0.9478092602168169  1.3421969104177929  1.260298821937013  
3.7441196170449813  0.3714935635320744  1.7527148754709212  0.6860877556412783  1.781069041674473  1.3222403304748116  
0.4019027524866306  2.109650305120366  4.312113296994084  0.8661371889897187  1.771828664021842  0.8129046764227762  
3.866878681763902  0.5901845702255685  0.9728475872153801  3.960742885108781  0.32255670132612735  1.8823832475950402  
1.2820035118790722E-18  3.925789264791179  4.541197361463222  1.3782540366660427  6.096566235787443  5.3952185148245055  
9.132018005002193  1.41493312706931  3.3963032138465206  0.5373948339330482  0.5990656871394661  2.923639693768865  
1.8363456434342718  3.000142131203963  9.269029045003036E-33  3.8104047855868286  2.8727447104241484  2.3727052357933283  
0.48242724567427364  0.004345777511237732  2.375250671923882  2.7772607324763188  6.885729523481546  2.794278039765354  
5.869023002803535  0.20490219699594306  1.2224582280059457  0.4107415652118333  1.978880393140596  1.3028072229272765  
4.581603764702874  3.4222143136837984  0.9509048672833547  0.18518959827430598  3.144032931591172  0.28397446337313426  
2.3540340135789877  0.5951085005794138  1.3151531526124327  0.8548769546251859  0.4366063223292355  7.058544253463399  
5.789998794259438  1.9668447968836637E-8  2.621027401102019  2.044734521287182  1.5240281777093416  1.3450835906170153  
1.8101474994817632  3.4658052586352106  2.7158127801561074  4.179885553597282  5.254924256367791  0.0014838841101184129  
0.9589468096600948  2.3172851988545684  0.18170739613392461  5.8621530021781645  6.359342939272197  3.113889952239547  
2.4629441724738013  0.6555432741368494  0.9416217254783986  1.2378579974000956  7.031081487351465  1.0481956958135223  
6.93281249846513  0.2969666744289889  1.006331619944872  1.2504641534696164  0.9784153352870953  1.2736307625316865  
2.192782057310985  4.6916876484388155  5.262021586671189  3.3203912943424836  5.760152456431136  1.7192445496273487E-7  
5.7954580314359925  6.080471395425716  2.9972383883827667E-30  1.2800319046782553  1.0739382417956316E-11  1.9030376358014494  
1.3075704427148789  3.2310661687453863  4.894483661800775  2.847394746133719  4.962675073241622  5.643586139786318  
5.496321164488266  1.8839310920963617  1.2285673596556872  3.426897950699624E-5  2.7232721224566587  1.128156614528122  
2.7001535485917025  5.357040902374959  2.216840694283553E-16  0.4035543492604219  5.243722112103905  4.261408130451829E-10  
7.780345845772013  3.4207949090452607  0.30853961381284134  1.3712536734068514  2.182873070683465  0.3707775056603787  
2.439324276566702  2.1562891715063173  2.485593934332591  7.091667463656808  1.5850830117938566  0.23681755004745203  
3.69292563531862  0.47204282757329247  1.5499919789580707  1.2339297877047144  1.4742914713248763  1.2401158321214232  
3.441493580112159E-7  4.835536818238764  4.121206696277154  3.35980536187551  4.67182373801306  5.531817127720698  
3.434366427972757  3.3512080050652955  5.79586103345477  6.255562046423888E-18  5.408639591694472  1.886505694089385  
4.321854245073932  1.3709930011210212  3.9344909456018335  3.84723388592867  4.478485570123646  0.6783337860528835  
4.47432296911045  2.2054737993727486E-10  3.0854177322356997  6.294170903731756  2.838672515161787  0.7020038244747884  
4.83256087824086  4.678455757565743  3.7862067776699444  1.5768319970560238E-7  2.2812032993490092  5.381581430164656  
1.828275364441772  0.8939655149045574  1.1757967282385289  0.9574289515563041  0.8320188498418588  1.1300367339242534  
5.176647321020244  1.6571486960714803  5.627729270363785  0.24900685258705613  3.3475273145565385  0.7778308219686587  
5.2626876730351375  3.6889158428692013  0.6383105449192039  3.1323539832770524  3.1702557424050015  1.1952248494126685  
5.008241860698908  1.2114554627491603  4.080196655999812  2.84767221963209  3.887165551787843  1.5108236350727795  
2.4656068030189204  0.5903926775850155  1.6594669514692946  0.8842495164664812  0.9090464260767228  1.2409352868814203  
3.140352179465592  0.21202349776829998  2.2657481051365913  0.7783424766607467  1.58677146184552  1.371265567094843  
5.410541702462237  3.8253201869535514  1.3144366652979456  3.122895207955879E-7  4.153263331143891  0.1828962600659041  
1.9466436913647678  0.9210531307395596  1.1256176165882423  0.9568906126890608  0.8369232782368341  1.1151009997768606  
0.003051576451331085  5.657885736182398E-4  4.225370827568571  3.6924747301729735  3.0975025536366485  1.8392916968961015  
0.9267257898287367  4.002872419001216  0.35766158757403227  4.46663602645192  6.8422822285210625  1.1785751993890324E-7  
4.205179474009518E-24  6.239311191281359  1.773624465209786  6.3160461095506015  2.725912326494136  1.3302496238854056  
5.096431282000426  0.26595345410564686  2.172332292154265  0.8901664283781323  2.299880480616264  1.3279408096391903  
2.9021832111920167  0.7678682298198165  1.17968391524521  0.9750981388917077  0.7913517095702504  1.1605452418204993  
6.509282349946226  4.5840729438703836  7.289441645456198  0.43554697622429994  0.06416256587664348  0.9147739009110366  
2.3857208280180315  0.8370414516505653  1.1538778605642002  0.9839141751706705  1.2175328182039264  1.1371678026421312  
8.087604793848445  0.5517716860093651  0.0067297628303290185  4.05291590011694  1.2827081157628581  0.970521009120222  
2.640102014805776  0.11033818260795526  2.6311027304519934  0.844686169470288  1.0991350531838717  1.4104795022939858  
4.174238815654362  0.0057004863332080795  2.5162199454750636  1.379721959827453  2.6444286730439033  1.3832069731867704  
2.8350048573339564  0.32638827776129614  2.1240744987110847  0.868206216641479  1.6329800834382457  1.314370723051491  
4.338671564767559  1.2471049672481695E-7  4.027984953722484  1.370193017969363  1.0182915395843801  1.414833954354378  
0.08644265311733455  0.5322807218147815  4.640495484728967  2.9121036947952645  1.1255716772180109  1.2570714189182433  
5.984876836858097  8.338390473349141E-14  2.2504148153017405  2.004501150573718  0.8705589183197883  1.3469188796350733  
0.8974903663597945  0.7941758467874288  2.585942725533224  0.4791226135502445  6.849063866639175  2.8592174271704742  
2.198705891221587  0.7894606614134461  1.3097665838883228  0.9454687389531187  0.8363416746119225  1.1575068845330372  
2.571794599732226  4.520729548264034  3.4336389631955284  5.613956654056276  3.211623344049338  0.36201731720794383  
2.172840244192141  0.890377509168368  1.1350626876270602  0.9678688226868217  0.8092600209622918  1.1178772197699451  
2.24099235101429  0.8947752376826903  1.118961407065679  0.98064498365917  0.7965210323636102  1.1160611954775463  
4.025342647522899  0.30646051808303043  2.1829968603300336  0.7904274947730712  1.0211820720054448  1.3173897830119548  
4.9525563615315376  1.50878175163558  0.011093888773473996  3.7387544541179483  0.8537558663290983  0.6967610826670818  
1.7596567092965882  1.5646540896216847  2.610755885608162  0.7510987784256572  1.5032483485837074  0.9872915208572596  
4.247974151848174  0.0022400499530998404  2.617173107657472  1.05783124790277  2.380939832495358  1.4013175083843272  
4.315502377513027  4.098881369713599  1.7168560896146317  1.542363219481576  6.029814148962375  3.6497318880476395  
3.9748274359413  5.235377967521486E-7  2.466924714175877  2.107110729856049  1.6938727668824116  1.8196432520267398  
2.4838534791254916  0.4603335164026023  1.9260921240700206  0.8968771426622364  1.3444251122797448  1.278345341690624  
1.5412344803002946  0.5328412900793383  1.8105556867174495  1.4886148483759432  0.8758559133735472  1.4948492446091213  
5.442311606355776  2.2397162191932622  2.2725984785246296  0.06179742250066688  3.405869670554802  0.7284099277168822  
3.866268640822463  3.6433440224798015  4.932558470045268  0.22025068056614655  4.9838124912316655  5.9886772171643916E-18  
6.643307700687677E-16  4.811414116994656  2.703673771454763  1.7182840908697752  7.698569584980913  3.8010017179137494E-25  
2.0389113934964906  9.577222876787047E-22  4.761137165278823  5.363124547900785  1.8796055484591354  2.3914298884676315  
4.281898139086546  0.5169983984676344  2.4817566277200074  0.9886626008527234  1.5198064052404598  1.2149811003751856  
3.94553536835785  0.522623822527072  1.3575211945256438  0.7071078002149557  1.2867717263916523  1.2563450864279617  
2.683628441368081  0.9263368488325742  0.9788386522668386  1.0601155850753734  1.2472447888581666  1.1056171815713565  
3.4182939131165586  0.6676920777715631  1.208610853280634  1.0173251580917617  1.5161010245043103  1.189800338331226  
2.4665065823081798  0.42940424846809516  1.9948624981593956  0.8678989730805569  1.0136345536907272  1.299842441536755  
2.463930410438465  0.2550493069086715  2.3660387363392053  0.8729528311504031  1.127456192280101  1.3567291524355527  
3.3521528254620367  0.31338976593494133  1.9581441629249443  0.7792311073704902  0.9466058417027094  1.3282379194264764  
4.23023860983037  0.2859995772715231  1.7968787265901527  0.8302110673971347  1.614147653376348  1.3243376968792266  
2.842998893128125  0.4756302438436877  1.7677656833291722  0.8159384787851922  0.9766206621386164  1.340705780003915  
6.9545020749703435  6.135396431899657E-28  1.4290010067775094  1.816822124978399  0.30057867005692174  1.3865750522738833  
3.909314331180334  0.3299860438907395  1.521510693610557  2.197536064203206E-9  6.478186241827445  3.775014876735359  
3.4880143554630156  2.5199441468750223E-22  3.8389314793343665  2.848689698811894E-12  2.6030349497141034  4.2728516274639174  
4.344181159961003  5.994015553291881  0.6121803780994322  1.3905089168351573E-10  2.242423614783984  1.5265984431281602E-6  
2.345309395711192  7.0440404149965344E-15  3.071053304111313  3.458352419173921  1.8579545626531864  3.8660574183626517  
5.864163188189379  4.66308974733489  1.3787642606216238E-55  1.4112974347058145  1.337019025151835E-6  5.565228005571593  
7.385501305005552  0.33369536415500073  0.8060424520531954  2.0486973089168656  1.8859327439544031  5.659840644246665  
6.196616719330316  5.673260150151828  1.983215052735743  1.189976025016837  1.814808077292853  5.172282479949153  
5.177825877940452  0.5563788536659202  0.7862920996987566  7.351644419443867  3.1691427580435333E-12  1.4956211677517224  
2.7026619211905656  3.766068535006727  1.7267802677873563  0.4509335882709319  0.26445186744616306  0.17934699274819155  
5.42947078700414  2.4090952870187494  1.3009854346772558E-15  2.7730669362462006  5.72483176138419E-34  0.4616616620879035  
1.5434020983291267E-31  3.3900474486253014  7.464161467207391  0.8620188432635172  0.33939162375159426  0.33184669841645886  
2.4514533427926857  0.675021245746312  1.478031039693216  0.9224173934451423  1.0827212903557808  1.2001492784607715  
1.8956305625815035  0.9379235411941109  1.1054482229263296  0.9718228543766247  0.8722097141619937  1.1049514178780087  
6.716334118939706  1.3103918898237512  2.8546012306760513  3.006060975921928  3.246746726610465E-5  0.8002231897488713  
3.8295885737193096  0.11376423357110993  2.283433014268922  0.985357730799499  1.767562085402717  1.3724726555467235  
3.4113198643489318  0.5985368072546366  1.3295629296048928  0.9205201798274562  0.8253598784976589  1.215143915459853  
1.1415515525772166  8.451520895484716  1.2308960947830798E-16  1.1213263963871537E-38  0.5489359074805891  4.396713176957526  
0.33943804095759644  1.1035733298786885  3.132419591655337  5.111761608670154E-26  3.4496949349053203  4.4942907380076464  
3.3874155087133553  6.295066666129493  0.8795865077591818  2.737302856827349  1.2075960865944646  5.345156145659366  
3.8011829673957154  1.9450875025553724  2.845801498659385  0.22138664309408856  6.472506532583892  0.7909243294280806  
2.205256466075815E-20  6.88881649440272  2.5820895606987757  0.004817787859330525  5.295510995298548  1.699521424960476  
3.0107063748153386  2.018947786619815  1.2970943049126435  5.354675040434865  6.1409692876615396E-12  0.498767769425322  
3.3301287201613134  0.3040355633244144  2.025410815191114  1.0354209900447255  1.4934323955450635  1.3065157390876865  
2.7459213753248393  0.7610449971559567  0.936222717960704  0.8998623493359912  3.500174809053473  1.1431278670089913  
2.320263269196864  1.9498580808912145  3.866939390171982  1.204874731684816  0.08148104234053077  0.7504108662022825  
5.739226059721683  5.0153788509761075  3.541790045577694  1.6516959687378158E-16  1.3366442575682096  0.27786634088966006  
5.775970319765717  4.334597906249996  3.231418304781102  1.059418717295193E-17  0.13317247495036105  2.6365580413174445  
1.7565253341358054  5.90617286177961  1.1661313162919975  1.4433889231625666E-20  4.073386689889844  3.954536229587943  
2.821281646785843  0.010022384941194793  2.4290071281936143  0.20978236657706156  1.6459000782429882  7.418579141021456  
1.90362249501077  0.7528543288173953  1.461565297262567  0.9649509562386065  0.919139289660247  1.1730568485768142  
3.232855347593952  0.6157573909471706  1.3838612046163143  0.7977025900812966  1.3673221718358357  1.2261793036181925  
2.9769411914600266  0.7235646194213423  1.2333679185549102  0.8609314709406022  1.4289372311577486  1.183753863926442  
1.814141484766198  6.561746025015088E-12  6.1044095977363  0.04750449869053318  0.9892184577175412  4.424978703397204  
3.04438287194266  1.5275449605934992  0.9583636654884069  4.251019529023946  0.27199369929819994  6.650366031638986  
7.48177287633343  4.5741108033204343E-11  1.0273809412912722  3.5164366566199203  0.2190129781016657  1.2314737608570736  
2.450498676270527  0.8368555150731258  1.1628421901675592  0.9850583324415761  0.79203658992879  1.1369144786142908  
2.558912101687799  0.46138669663326193  1.7604882462409102  4.833397459072845E-44  2.588092795691376  7.2223958849296865  
5.129666708937053  0.25647160070020963  2.3818874016805514  0.6601585957201881  2.460367712613055  1.3435762578146138  
2.5668274929567345  0.32724507491221677  2.1210173732017834  0.18724636358396113  5.613932316913029  3.2565740982638323  
5.702456242163954  2.02969665395233  0.2841699789946955  1.7157456173594923  1.652177121832975  0.231921385094087  
3.497383204604364  4.277030117173638  1.1667243059916293E-7  5.382414665224498  1.483085179479083  2.238839953474612E-6  
4.596507097871697  1.5370899120017092  2.088517161960112  0.210698499277153  2.0387668858278514  0.9759196428378838  
2.614279455789556  0.589344756488042  1.611850905774212  0.8763702029116928  0.9189764579107165  1.237156079573856  
2.6169461157140064  6.6711125251883105  2.478341565842665  1.6436019772759404E-4  1.7223991521001606E-5  9.471984586853583E-9  
3.1394595372226393  0.4339827576165653  1.7740203071898641  0.8281857639696624  0.8937270704866302  1.2808952954135824  
1.0330552199015088  1.9277837569917737  0.8828090492538146  0.888563494441897  6.747709557726993  0.8899933463430488  
4.658583288759087  0.5042827206406476  1.2182018555357192  0.6607201507353732  1.8919792636875263  1.2668021053653946  
1.515864761456087  0.9224696381375505  1.1630172053945127  0.9557000769000484  0.8793437600333276  1.1506728246793227  
3.3495383694155865  0.7513745333399255  3.0281896802270536  0.5838645231184151  1.6967391543275616  1.2506343985880648  
2.0773838268392986  0.8112960182491376  1.2615798934172637  1.192266412073209  1.012180526314933  1.1242246786382952  
3.6677664374692505  0.2940394017372019  2.0568211334350535  0.6784151950583213  1.6049388208766004  1.349474478488633  
2.041105473396235  1.3409883146838388  8.706727345607472E-5  5.52392574709885  2.0172029051913384E-5  2.497877832348183  
2.44473406993504  0.19559289775733357  5.75235382414245  0.8637181263325273  7.7024560920265985  1.098564416877639  
4.739251505700688  6.936182530034169  0.7372689182969083  0.22242419185898082  3.7280363527806245E-7  5.200463893415995  
2.0783381479499563  1.2907098706660962  0.19800704955930867  3.9124997989346473  0.14816092332808653  2.1453174108075936  
2.7517699035356813  1.7137332627797326  0.7115140614410981  2.079614482542065  4.684896641037587  1.2404751657599868  
1.7268569489358787  0.5192747419524846  4.957869472991089  5.641381543014484  2.5069536680835167  0.851530499950027  
1.839528544921804  0.3100691976487167  1.371152304429258  0.956928781810184  8.301322231602528  4.09276957319808  
4.365852373138211  0.16735517227943877  2.52955458285902  0.8125031148272522  1.6884273220891612  1.3635496942442906  
5.79422146050819  0.22296896204788091  1.2249535266763265  0.35476389071708125  2.2487912922702735  1.3258718581216407  
4.611654847108573  3.2057767608870997  0.7371296250063069  0.30468577832151406  3.4749002741437787  0.35167498882448955  
3.993285241035354  8.217994284573995E-4  2.9782256735443573  0.8441874493848758  1.3943446344955104  1.4141348275219037  
0.7539161151518896  1.8502771659628743  0.8307230770330434  0.8498405059375461  0.06016652361126779  6.475464990960082  
4.167015971817902  0.07219845602856771  2.0130044297094316  1.5023589802932875  0.5966606341033426  1.3384416328652229  
3.069190669272517  1.659041377258512  0.20506790559227592  2.947409898552373  0.3238369683429094  0.7105758027149954  
0.2518543599831123  3.5563557166581727  6.890050861411461  0.0012918566686918487  6.362849995363896  2.7420010375225488  
1.4746563246466182  4.111766158086079E-33  4.980818567864989  3.1578453276056995  5.476096398564441  1.2189438351510171  
4.921401767044911E-4  2.188701114585936  5.41604103276072  4.097950967220097  0.7149859101878663  1.993188555943267  
4.213838798506303  7.160853087241464E-13  1.5529104333916874  0.27598459627814187  6.809664995161883  2.421667581448082  
6.92066747402843  0.3632507505404559  0.9330157242105827  1.185600152940519  0.8285709482142495  1.2427190193367204  
3.9854328045273113  0.613966575974771  1.2039227665843373  0.7014378265699108  1.3612290907547577  1.2282875763433692  
5.85312050512404  0.32485451099906104  2.3114248792190337  1.0186442691221276  0.21851274402609627  1.3567603823499612  
2.8689692863538365  4.010624449728263  5.64798156199149  1.832492906485584  6.181896611647367  0.6483258534739309  
2.727932333857603  4.881420120835289  0.6475057052519875  5.3680698636846715  4.227384522069737  0.7659339159491414  
4.827432614551998  4.5906222830502195  4.308609560547445  0.8971599437891766  1.1878935816431573E-13  2.1190590524462944  
1.3711401898395887  1.512679388262019  0.6990585846405709  1.0064064775508004  4.826400622888607  0.9056860196344719  
1.6150634405450037  1.6749752903884854  0.6233205230003597  0.9249229172091388  6.885147869972361  0.9276654389068539  
3.7301039507531994  6.250491196562398  7.1344619404576085E-43  0.9105508569032391  1.3295668159384286E-6  1.237744847081475E-21  
4.604836309444979  1.2557620766304398E-5  2.390997721954499  0.6483715032466671  5.721294193772205  1.3249084216593916  
4.378300197806252  4.488050184714253  0.23010870414710763  0.6013396484803694  5.318705946435346  0.022665192023425023  
1.9035842402255794  2.6213235122416276  2.271353592351546  7.311138002056346  0.9334081409958982  0.02813936808091461  
2.759246556203569  0.8874654438127444  1.0989098866641511  0.994770012611436  0.7679673402983781  1.1200628042097385  
0.03349082937813056  6.055116703488965  3.713139183868902  3.3542291671710944  2.869276764419158  5.104240189936204  
3.333779667133296  4.85811749535427  3.128461913838872  4.26836871285113E-5  4.657931963853137  1.688382136371467  
0.23002537192954145  2.252441378723665  3.146917192017966  0.3291071150673464  6.3174034885335555  5.071038373760547  
3.5968594935303786  1.0529053037418805  4.190164647766586E-5  4.068590440260524  3.6550094182640795  0.7271842563303391  
1.7694094340145223  0.11072587846976983  7.041634710875249  1.3467266325171428  1.0220758697938297  1.3010891280853583  
5.340620929531071  5.097636249904945  1.750034455229918E-30  0.1983389280002339  3.35932333650794  6.726899502354036E-10  
2.558135658829469  4.689814322203255  2.632216565250392  0.7909775958411935  2.8321683467526415  5.818638576975469  
4.443110933989745  0.25261126640529447  1.934682859146733  1.0497534673245086  1.8541531682066148  1.322965865626099  
4.283596861748534  0.09644743070757664  2.7608867487113034  0.5894687975664755  1.6131414945963178  1.418178762696525  
4.241564170355396  0.4366113018094812  1.4718605720645372  1.0371404739996903  2.072223200004256  1.2635792616104387  
3.3004474320239034  2.7019664844867973E-4  4.593569193959162  3.6257899026846587  0.591889434683006  1.2450580810880334  
6.607571103405217  2.2979129574812418E-8  1.988865967092868  1.1480865145721715  1.924535132378729  1.391249599254129  
3.9731315857399294  0.0012392643954061621  2.90165716217638  0.6543997874404947  0.9770080754889827  1.444424732481389  
0.9094252387408566  1.094395921741873  3.776208321002425  1.9540421497439995  5.4652485867815  0.9599526518603093  
3.219366540915312  6.286907174188591  6.713068754053228E-30  0.9681783352076614  0.8940055303013553  3.9480908243930364E-21  
4.2628798348190635  0.30161206371674826  1.75484216764921  0.6003255307178794  2.194483313304931  1.3509283115614716  
6.623113874543133  2.6521931721137686  1.2191427408611468  1.3273038438906002  5.07136836093007  1.6031830231423112  
5.483650127654105  1.1764105049705746  0.8591116248878464  1.5890948575959547  9.804143259216784E-8  1.0017222564506412  
2.998248782631849  1.8329239594745794  3.7333525769005687  1.221076324762067  0.04405925124540165  0.7862946602085681  
5.276358979829494  0.09755848738149561  2.658054111553357  0.46133299029378977  2.7281630831719963  1.4126187233907743  
5.596915884629576  0.01653646079354711  2.015515000679227  1.2192931621296101  2.6695213426832463  1.363464967045247  
4.649127314169093  4.791180896074444  0.6782665137393505  5.410577703568997E-16  3.4480882988159496  0.03827349375938085  
1.9850927539704395  0.9244629697386193  1.1170055593322505  0.957349040847173  0.8309248546193289  1.1122669729561272  
1.6051689101553468  1.179726799349245  4.802476370721984  0.7747672818803215  1.7514129171492463  1.2009779174910238  
1.6228734674910177  1.2784225255844706  0.4376249697356492  1.737323583973653  3.8218137760442494  1.3021004588032894  
1.863557894850277  0.8285112297909706  1.310505631016642  0.9507202388022096  0.8393005821198813  1.1521861033215537  
2.934506152371898  0.6999036561119703  1.2667985028285773  0.9430520913743025  0.8197643755395148  1.1839430730633205  
3.347766333563069  0.44645677181841686  3.9948622303345234  1.6986761941280104  1.4932465141109699  1.2246169084017555  
3.7453173768560752  0.5833290889323819  1.2971592263309832  1.0632498290931307  2.0205263100909487  1.2131032951453895  
1.9452242876530361  2.622982832574544  5.997552897390031  9.184924624708117E-8  4.981104510253538  2.337535086346429  
1.3581200618254112  6.253405568783283  9.270129358800247E-30  0.6235241619639214  4.82295184343331  8.713513152166999E-19  
1.2683628059418587E-18  1.3357809734756807  3.9165025956933603  2.866565789780694  6.188525939568216  0.6659280849334213  
