5.084500575528589  2.3443386979298104  5.159783840817235  2.3167745407898583  2.1279039913569022  3.8237852153502154  
3.32899870356698  3.4059895527650546  3.4807668689876157  3.611254405098236  1.751399007252962  4.895560139464615  
3.3717700951695133  1.8704112948374434  2.4687759374241036  5.261172090614155  1.7159029273021094  2.164562396233936  
3.0761823652983327  2.5457555201888438  4.419273492218866  3.9838081620918158  3.2838601995980303  3.606309817867595  
4.455330883582552  0.9244790322675734  4.225086924466365  4.457951046442912  1.6338321959888025  3.024126961091256  
4.6422484863713205  2.7153007525806556  4.402687336772972  5.570479909186624  0.3507508058540743  2.0398509311978295  
2.895677832687105  2.9697336470358398  3.405203439860626  3.57065026919005  2.948124036076629  3.6037032823167143  
3.5279784178461164  4.590045671139827  3.972247492051932  4.6287522277387705  1.5713522964781566  5.60420972784004  
4.335687433335919  2.3567258721796294  0.8835717084493224  3.5211427252637266  3.6994255351060428  4.77840205307857  
4.6674833960713  2.9287592818437886  4.213619574086118  4.749889399621547  1.681965156625239  0.17553252768782943  
2.374661036346006  1.7130650640384066  4.0915568550161625  4.727258029856647  4.565091556824979  3.236999927666305E-22  
1.3928704325937538  1.5155950551717075  4.854276873883132  4.425866558200235  2.5778913234395207  2.081759399959181  
4.5947118238591385  3.4045473700694178  4.86090672029096  1.9679266350696445  1.6011665312635044  4.453532014844823  
2.0908387867515286  4.037344597211262  3.852247911882673  3.1755790206362815  3.517459299743782  3.7323841530217767  
4.115981220764498  0.32504189742733847  0.002583309316933816  5.3035276653012895  2.5772692704921707  5.899591871034348  
3.4424026324837604  2.043873110228293  4.1787253692474025  5.12010493433551  4.111803686902422  3.8999451352526626  
4.218814186243324  2.515003866244446  4.694699403653089  3.612997570759025  2.3536382726505414  5.5294852681965665  
3.747629896227948  2.8993389383793793  3.8213881124557716  4.63686914773576  3.3677630116287847  4.341081608979659  
1.2530527270028282  2.3883043408110787  4.126537942865561  3.9670260974697644  3.9805461533731705  5.283005106305125  
3.445115012675489  2.596707882375218  1.3008648637346735E-9  4.187866100113039  1.5306324237429378  5.486828994316536  
2.8872416574564594  2.026517971380957  1.1350099325190017E-21  3.586732670803155  5.349660374825859  4.101373376449  
6.655736010359602  2.937409117313197  4.851749819455523  0.826406189855825  2.9627583819182455  2.088446403003789  
2.6384214128696546  0.5734860037559042  5.008161578260743  1.7365558980143718  5.569434317076051  4.270045048430834  
2.1318504041473045  2.802783058321077  4.346508972613994  4.659600152544854  4.216462860802434  4.502530808258698  
2.4516217639690576  3.455544346031121  0.802820178608175  4.637078342804879  5.464656992520063  3.422960976525946  
3.7628208465406985  2.6624795162148533  4.212046899065359  4.921565016976551  2.546605085912751  2.0798875832833157  
3.2701579444362827  1.591625297552314  4.444689879556469  3.452100508280658  4.102726302934831  3.054836818851304E-9  
1.2265018556187104  3.626458585956072  4.317739622184764  4.32348166717392  2.898003480995241  0.005854734395946303  
2.3499168477678025  2.0150817446197786  4.909790048054541  1.2947534311922582  1.641484975036116  4.709203356860539  
4.780137963792527  1.8924610847204821  4.302720234421281  4.057670379718323  3.3070860781156233  1.6760821381497697  
5.9999369274779575  2.515835509082089  0.007456184851063718  4.632532585950048  3.1419857422065394  0.557632789623749  
2.893780514556286  1.6664229275514881  3.9245978578562397  3.5941367334959744E-10  3.492135914753489  8.421359271292408E-15  
0.19155328903629704  2.921733611478234  4.410738596029816  3.9679173361278974  2.638452738290436  5.235174765399933  
1.5132146067177348  4.408786005056079  1.9547769871028418  4.733835410320773  2.620840120271713  4.16447870147249  
4.348575130574379  6.570689987880644E-4  0.536472088893786  5.672055132185019  0.5707516090238435  4.394879425298419  
6.786821000505935  2.8998350466245526  1.2832198875172736  2.873433341118503  4.538030374172073  4.954012530239139E-4  
6.2934330879725255  3.2579057230191273  2.669990987957818  2.2713396585010583  4.536723827188489  4.143789490814859  
2.4679927927619207  1.9641442623518595  4.4847131412856935  3.4734296163880445  4.239980349334865  1.9048636054060997  
3.135848476677404  1.9903544743230819  1.8635683815524886  4.782695994951594  3.5714790599652813  5.292554867780802  
3.978060092845666  6.350633052046769  1.2683340866288577  2.8274416818435943  0.44661646442459624  5.1517425728395105  
4.131192206755197  3.137696630624363  3.5377933748381474  3.1876437942030207  4.337931153235877  4.086579230680769  
1.526846046471862  6.073669384181361  3.7428318669593534  0.8182958869303222  4.047309653626866  1.2672784635000485  
4.438862003416657  3.0967586793113258  0.5550129683400709  4.1813948316400245  8.06441459748708E-17  5.290120281425006  
3.8315649536825065  3.5822459926924437  3.7635225825145597  5.762555420416925  1.4013826499804845  3.6381127064538363  
3.3122240702395063  1.6983262039207205  4.18835575595303  2.199906785321852  5.730075356769631  2.627369424377094  
5.40974521246853  5.238019214594797  2.427265665501393  4.572028667236026E-8  3.5897585358352972  6.533762108098684E-38  
1.5590397700149519  0.654994394118685  2.7890955960015447  2.1988354072428746E-24  7.489462894862147  0.9321964255757783  
2.208440714384426  3.3619917676131292  3.713050523244092  3.437792975271084E-20  4.309019520334462  0.11196204664578718  
1.7538210249852224  2.9020613173244775E-16  3.159918366489294  5.338934863101897  4.5545579169957415  3.0858586514185946  
5.530833853926963E-30  4.006338919065221  3.655338410739523  3.7036429971809524  3.360303868568251  4.387676738738396  
3.9460076390339887  1.7381366904911828  1.124506058705586  3.9308624686495666E-4  3.367460679538895  3.8206714559594004  
0.15484384170190207  3.397411673981363  3.443558696962076  3.937394220727358  6.295776930102329  1.59177263812641  
5.612623765169941  1.4719175993557227E-14  1.0347421221455448  0.207635660474337  5.305407175101174  3.3546951518652794  
5.810996477590502  0.8970978278192786  0.1566685599762633  3.0054102441105917  2.0908078891415163  4.51642458193666  
1.312217633759232E-32  3.655652166658008  4.475749531800611  3.0651321844715538  5.450789138146163  3.33431722731525  
2.6026586732698687  3.201219536528431  4.057115472901107  4.078268364803328  6.076046006884227  1.4475527475232499E-19  
1.6622787824949523  3.6878039874466193  7.364207270290124E-21  4.872086561948988  4.690698159530921  0.036873750725352594  
1.1473577159037913  0.692193268047609  3.9398301755551293  5.968045825444602  4.325750126014639  4.999478154407356  
4.0474401740600285  1.92076256317644  4.118780162584217  4.096478912442892  1.4581505832264854  4.644612545088183  
3.8738610005945593  2.349076144654474  0.6324396446942826  6.615579278105045  2.1523041298306524  0.4551602113513541  
4.8649983145632  1.3063464185377407  2.514148909472043  4.729842383239494  2.453713323342746  4.354943672428892  
3.3144444120126306  1.5137157810347302E-17  2.0906057502602073  5.745434469191082  2.9109510862433597E-6  5.853015159788171  
8.18324729646475  1.754965768939394  2.728372145382021  1.2576535199807446  1.3610324151183013  2.5176505329862223E-8  
3.079693956837371  6.852391645895825  5.276905696979916  1.4215143296841963  7.21786150859765E-4  0.012803791505593926  
2.1284770224953338  6.325017839559985E-18  4.861805529714494  4.375404536339357  2.4893888562233113  2.12396240062181  
1.326345873750405  3.0119583148404517E-4  5.1253518371512445  2.1949527623032963  3.1876727307916988  5.435664589206097  
4.284246626452032  1.7707224858191688  4.466213279548099  4.65982217150221  2.381502397468811  5.221638305793685  
5.122081434636659  3.8369236894073806  3.827896448527623E-13  5.3976194560642865  1.067951742259619E-5  1.66919335125916  
1.374800707111383  2.8181650319046114  0.7951021245453083  1.1761534540097052  1.1383592056571978  0.5638058632131923  
1.1718180641918723  3.0032110842068165  3.0867417427506116  1.3042054159427217  6.239334927025362  2.5942269798622235E-14  
1.1174439848517355  8.473018068003206E-4  4.263422845038531  6.267062168141011  2.13109108572622  6.561608568590974  
3.3297736131743605  1.9876035631030506  4.549808068838332E-16  6.611666362212249  3.2585728205249813  0.5485978062646482  
1.4789786754401085E-9  1.3211818596003837  4.83077358635676  2.5542656295904265  7.475930653571527  2.6054055832240226  
1.4922219267224666  5.308663404205932E-6  1.0276427488897482E-4  6.758563040537929  2.976077305090251  5.244190254614003  
0.8403038405731486  2.628469029306922  5.195976944796343  1.5222308931070647  4.68408744347247  0.34629103648180865  
1.8736114616673312  1.88506816135041  0.1396550156685158  6.418031205178444  4.19242399649566  4.16494841890591  
2.618699093780119  2.5163826056992207  9.626432737797132E-9  6.635379490553506  3.4566874684531377  2.3881484554617547  
0.3330242766572751  2.2815984898075463  7.597000891307946E-18  4.4891159012088835  6.0791504409713655  0.9569095614935396  
4.8226187038265635  1.0764566233681214  2.2072829251262513  3.00162280041799  4.636176824718346  5.081454087632949  
4.769704475381424  2.545513664225029  4.503411196623189  3.445298834603718  4.572223429929459  3.382483083964431  
2.005678375490772  2.6183812406845193  0.26413694500710583  3.1822380674402826  5.972627402832695  3.5838414939699397  
7.416052855720232  0.5967513035260302  2.5976498013260745  0.4661038461149104  1.4047724949259677  1.8865058311618736  
0.29337475013763503  0.45484440898950246  4.584530236839795  3.691631951083773  5.452452308724059  4.318862476675581  
4.4971151121272515  1.456728386832392  2.5435106295682175  1.4790343213237354  6.13986556690229  3.4886925796419996  
0.002065003316921444  1.670202637583541  0.26994065011385554  2.676425270326348  9.297723705838226  2.0112253640593343  
2.7438415390451434  5.115184247281884  4.203399517421072  4.811619317776747  2.6436601177168694E-5  1.8277367287148811  
1.9385287237338085  2.870960955761181  3.381631255873112  3.8605835375352093  5.357346021983339  5.741242866142624E-15  
2.0498735918128577  5.706601562368551  3.935806177243024  2.19248082518829E-21  0.04112681434605291  5.843967374457321  
4.841797139431697  1.9639036228807947  1.1077455738361732  2.5401493975748553  0.23592854437039304  0.8655725535548846  
3.235235423373653  0.5311610534718277  2.308653225049685E-4  4.279137374623199  4.494802430218617  5.036674230066775  
4.68015787677585  3.56295286451218  4.434250189926466  3.779401663239656  4.010815421830839  3.678208522946117  
5.229841241755383  4.330440146986518  1.4869565168459005  9.113885340998182E-6  6.38294239449891  2.895697543648268  
1.7221826241050544  4.59205345678597  6.025156893767575E-15  4.568795051107315  3.2830990464779695  2.2262535825375265E-5  
2.450775263643497  3.253062506212878  0.834982851562328  1.153214525739949  0.916660879614215  0.483293562175961  
5.035692229003591  7.032208507838638  3.561459144232681E-20  4.924437377158874  5.0158009815448285E-14  3.040360810760589E-14  
1.4401280001301524  3.5894354085613056  1.5489515986483626  0.010641109041866137  0.2787722120405192  4.889607753580702  
1.6341845286256322  6.68246928516269  3.135104550157233  0.035387641754587654  1.034392946135104  2.607889002947426  
1.9449234151695627  4.258456603621025  3.9621244611987203  3.0581614619182393  4.597022183566675  2.139548989923614  
1.3054873244440937  2.507443581507105  0.8155708037763403  1.0523219666240824  0.9073361761119199  0.6564795110601456  
8.239045884157814  0.8333931919055125  0.28882849955412343  2.82296490369733  0.9991582181203628  1.0887539739877021  
1.0984350039841427E-22  3.4334071247263687  3.8284731422631753  4.173892594339057  2.867311640835937  5.314852026181784  
3.1316738644995414  4.585796511218355  0.9498644964784501  1.273946239628827  1.63171361778225  0.17713575546690655  
5.074762464202639  9.976435725624499E-10  0.3175118881840227  2.999501528776683  3.161611470813106E-11  4.842419298713733  
1.3998984286493448  1.1560827574545995  0.9381533137405863  0.6082179609554614  2.0843308268092  6.01339408848195  
3.200354442257916  3.398159230054261  2.476791950935852E-4  4.389076773753675  4.17741731496077  2.9076866516325515  
3.2240838430938656  1.9564596853236775  1.3289727366275736  0.21403180127246332  6.530286892354689  2.7033399015364412E-18  
1.74321363667362  3.9702584858447194  1.098240945586083  0.11616988584197249  4.8128714800817525  0.3064776463244553  
2.5130788983959214  2.9427884686633887  0.6928261693883941  1.562056162177346  1.103999151481199  0.557857552332633  
5.412897991617375  0.8369874567213617  4.923252485102588  3.3329697569149386  0.0019413410570877944  4.162843735759057  
0.5463428906710232  1.1885342093892564  4.607770338838213  3.7567076552113905  7.267314877482173  2.9771175982228377  
1.144259639784383E-15  6.815599918745255  4.668965262266662  2.9369515829668593  2.0584987983324115  1.0055158898085967  
1.2399298193630093  5.165903520870825  4.400887539687683  3.647808643555006  3.667259721476229  1.1091149188842927E-14  
3.286659145095626  3.341492444369753  0.9521534362392171  0.9499881042975536  2.003893078845666  0.3136757253088311  
4.187820233100822E-7  6.282961550501348  0.4638503209407417  2.3193905588305297  2.0847889109605333  1.543197716439822  
6.175861667221754  8.064313507397927E-23  1.5397707789153745  1.183569296790561  6.763948622345764  0.3287673838228442  
1.871680737561154  6.710814959544801  1.0598149395256535  0.2262154085632816  5.600646867086499  1.5782715199613846E-5  
6.946335669023493  0.31933608414266496  4.396779678531891  3.8637545977575494  1.0541709656008889  2.6683218227260217  
1.3379128926518076  1.9240024225997643  4.024848317376033  4.28060373705277  1.3383560699034565  5.684134603310492  
3.5058858456938786  7.2851491548239276  0.7234449902013791  2.0153479325248407  0.01939858472180669  1.1397216123225542  
1.0802217370528016  5.905218613503459  4.346077338097161  4.272693058186814  8.942530523510112E-11  1.2399657201509515  
2.7416161525766043  5.621582178147745  0.5989434905704506  1.798061703018302  0.5247817322528607  2.7825977592186224E-8  
1.3006182157149169  2.7966896362081703  1.1057509267313153  1.0335966341355631  2.6513116241914214  0.35911145760829677  
5.28283071769749  1.4907894419029217  3.9560223463985373  3.9382489627104516  0.03946326762209246  4.356221954268643  
3.578961468486704  4.325576318778502  4.067791681803433  5.421186507112416  1.6922468886422732  6.9840861642147855E-6  
1.0037376772245532  5.62813956830427  4.529217558681716  3.3683502376317755  7.16334680348052E-5  0.2821277811451128  
3.499988310422814  5.916056905435034  4.517600648497903  4.7984154436874287E-8  2.6136227324878574  0.08633428673842643  
3.839563691887923  3.2346553817221126  4.322181406343876  4.402022399177151  7.670676484357733E-19  0.9313058057587318  
2.1233515442767765  3.620867105499593  1.740318432778816  0.22084527885989336  2.780864313066065  4.524416468583294E-6  
0.041550974187972524  5.982454864512776  4.186485360448544  4.578268696492773  6.631054660831904E-25  1.2015594892270556  
1.3724184937822423  7.938625421077341  1.3379739648666586  5.822419686430171E-8  2.676683958854702E-13  5.469731292957497  
1.9245999019872777  2.8357171079690087  1.5448330258703338  2.7916906914449293  2.965705120363787  5.701675933603364  
5.304153439577542  4.115407783848945  0.7700452502283317  1.5505556843228905  0.7620438094244602  1.089396449579285  
2.883521238907108  4.8045500411576745  0.6612557656741873  1.7519119576834907  1.956716544331471  0.004940693376887428  
1.3073432289554445  2.5709458156790586  0.9739332797071116  1.009874336213606  2.1897931679373017  0.47931937888022175  
2.0520127953804397  2.9728734801660486  0.5142875123143346  2.182062953137259  1.0284292753951267  0.5883062254835693  
3.770761046472307  0.7969074916556314  0.8612179517757091  3.3330200935854233  2.170453129194125E-8  1.1878208331331208  
4.683414597651894  4.807075502082193  1.4537583057821328  0.7904986128418428  2.549351252207058  0.19931816575921263  
1.1275434200157133  2.6586032442542025  3.792920573018192  5.480618645737973  2.9816656982549645  4.073260635408195  
1.3633905818795706E-6  4.87721819950673  2.6499570018791623  2.6822119827888575  1.6339685033728806  5.921318065825595  
2.200983089367519  0.006762772470792794  3.2733797475767394  1.0681383312069688  4.412922106443956  2.914334168592342  
0.6384798725313401  1.851186301675696  3.649280863452563E-15  5.581218601955754  2.87063584516199  3.7453247816721276  
0.905108099392553  4.077913009554047  0.04060834451920454  3.7547850908248357  2.7249636510451554  0.6481715981472946  
0.5913186667223174  3.514352158794635  0.6022526522670012  1.8331456484982889  4.306332940857153  2.946823044853476  
2.4666383125793603  4.068710724533432  4.807711171547964  2.703344309040739  0.00809795107230139  0.5696288908202772  
2.275840323005546  1.5773508386458575  1.3141638502604025  0.008712993631077567  6.570898997716078  0.39836747807722495  
3.974579422065414  3.379472535919617  3.467398829740026E-20  4.188277077886008  4.25763383700048  2.9529680476742195  
7.197020384611729  4.091749783548777  2.9951810482575736  4.022492896315818  0.2742604494622862  1.4576241499902414  
0.7224279741656376  1.0427206958620336  9.932822003546036E-21  5.848395317030856  4.888100823477418  0.7148376854486711  
2.3106192488497226  4.338533379732893  0.5600566904017157  2.826310594027815  3.6193947157124877  8.51334487967939E-7  
4.850791975432821  3.454145049391236  2.1601703612235696  3.5639796840930256  3.5452316658610856  4.806324202712005  
1.2853762901301462  0.8691992664464849  2.9633838104699564  2.42599458811654E-94  4.356457488758816  5.242216247268688  
2.825827042957311  3.296968309570746  3.9379953250763307  4.607263304934236  2.87254345461235  4.155640623374833  
4.608364191103436  3.9349751490865157  0.6004928632428084  3.1782879116445906  1.29445559866793  0.3069667367715184  
5.387104304868936E-38  3.0077531142238993  0.10695414409220974  3.7707614977259403  1.992093619257867  5.611495665316932  
1.2006464391031188E-42  0.814692858908077  6.400587941048205E-4  5.548093825357086  4.476003376286502  4.49173177054229  
9.237805577155747  4.672150277007744  2.373668994526775  0.4796693959113908  0.15531636825243153  2.0115012324572317  
3.112920021675693  4.7122269324459864  0.8314924560877974  2.1780653816646014  2.6994379774175212  0.21492109705489748  
4.628470067458793  0.11297335147250592  4.764524319313639  3.011609779151447  3.649770100326164  5.008273411165581  
1.605047936772482  4.103911127729072  3.5042078607927154  2.3693681198473713  4.266350115191194  4.344538523205852  
3.811927783064028E-6  3.263736514135744  1.5383601813164256E-16  5.102622145233339  5.9560277710044565  1.8387277609099864  
6.593917225691885  3.5744983613076437E-4  8.762071301897405E-14  2.1251372966293336  6.802956670277452  2.183329327131096  
1.823469486166206  3.6528547032063843  4.000824053591771  5.430670363283634  1.6373468982763064E-7  6.414356552720387  
2.2372093087456997  3.69044860246082  0.7567102577828171  1.3457562340164921  0.9741059610229135  0.3705712791430957  
1.2581485327564699  2.0301191246111974  0.17554850561822327  6.368265490582321  5.220333881570608  0.23749682042267717  
2.4504935846888225  2.9277163325965074  1.0799708066467382  0.21844630819322342  5.853237075983943  3.8692475148498127  
2.5758925313636665  1.8146355965810756  3.610664691832237  3.3803181099964323  3.8807650832289253  4.206092863119867  
2.0815328900910246  4.124726996071491  0.49112874849185956  2.276838379058618  1.1042833121137499  0.28953928726490075  
1.2473785565865334  2.3610741366375474  0.8300952273037737  0.9953128586056933  0.9220965220160117  0.6917167897130169  
4.634866244349364  2.896034333538451  1.739736603541038E-5  4.359520402655425  1.3312661161871158  4.912698459273411  
1.6134458738728064  3.6080369136668837  0.6877646900058909  1.5747291417706457  0.8932849285478102  0.4138496152059379  
1.7036437628665524  7.198023782511484  1.9501824769934186  0.719667945509438  0.0017675800218249168  0.9876949373686557  
3.17475823853397  1.02869493255756  1.4006183232125122E-15  5.598391961516168  3.2226846464901753  5.033403020451969  
7.779885740534578  1.9548150326603115  2.056580080948054  3.660933667986088  0.8326011418769752  1.2488438625444804  
2.8998926304187145  3.6246266629121946  0.9943937542760539  0.9058306652044315  2.014077919955529  0.22493239336143964  
1.592753169230612  2.812416416091823  0.7705688718779803  1.2854243109986514  1.4642113990379506  0.524529798501507  
4.644811504754398  2.9917440517892655  3.4269840125347018  1.300011649216317E-19  6.09456087770693  3.4423581021713603  
2.6172567167378995  4.134638097449324  0.5756400034812874  2.000635026979887  1.4726614185972915  0.22981696844672092  
1.1091298705905055  7.634015603742274  2.4890264735311006E-28  3.7674008087967326  2.0120204561987594  0.749652942642218  
2.4604852554590764  2.856660716977725  0.785768803989154  1.2579394129447918  0.7433348696565639  0.6141865597008777  
1.2334707063288708  2.311229550120125  0.8340019926768574  0.9795210321222931  0.9238977095292424  0.7036096048009184  
3.0689700152255557  4.799554060024569  0.8290327286734995  1.6928572930942054  2.9723337350486987  0.30423827487950567  
3.413628595284672  3.891387053962454  0.4424879996950788  2.4710514090528637  1.6678384957180363  0.23680690949146885  
1.4042414845767976  4.749263133615617  0.877671429556278  0.6022583380301395  4.358467905464544  0.20695744503849814  
2.2157424938683783  0.9346671097636946  1.7800925444850149  0.4988401167649887  6.140702611789964  0.5331661977123937  
0.14217789066838218  5.445047494314992  2.8957496773261817  0.9459744661777545  3.2217904619782834E-25  4.312523031836032  
2.791342563404965  2.7488007728855455  0.930661232426999  1.0511485338974291  1.9420137888344977  0.46898970846305627  
5.710931877084138  0.2667479182262168  2.599920521116323  4.606131585156911  2.766256869446297  2.1632638727582045  
3.7871811007709253  4.857556423054819  0.72421579493116  2.0635371973350467  1.9544430696744992  0.271908529864441  
1.8408335593566159  2.8647725696947597  0.7716824024399752  1.2554827306211158  0.6964402513027282  0.6117271966072724  
1.2743999769860022  2.431036094718784  0.8259817568457785  1.0146344743675897  0.9128742884652912  0.6749388232062334  
4.3699154259869  5.197236649437808  0.7897546287238778  1.0532113407621169  1.138761601557195  4.501769133431114E-11  
2.1149279277271065  4.109169936837925  1.2397132708284329  2.06708717069884  2.346627288574325  0.0394059680238583  
2.763006285117541  4.57368468291373  0.4457665928195567  2.4674728304365923  2.2200383027852535  0.09698296907043824  
0.7086295467500461  1.4232621640316552  4.2313244276468  5.569926816925853  4.376919079582845  5.363156265561911  
2.5984147759233545  4.192241480079491  0.8312631484723509  0.9762366842463617  1.4593841334594753  0.023578478073536326  
2.1436951689483235  3.4401870533116625  0.7078219572603169  1.506434293732485  0.7747126889667845  0.4713169515209438  
1.3249621510619147  2.677125920072902  1.2773741893345336  0.8026433821908859  1.624587721936586  0.7966092542822326  
5.271608243092344  2.28802991748511  1.2684290826095024  0.14216511818365582  0.5964111806613418  2.902257889637153  
0.1508473894357224  1.8151604174239644  0.5527565900243583  4.714266768661648  6.742223514564648  1.8131285906024879  
3.731259892050464  0.8863247758366165  9.42100180949677E-31  4.885916044195907  4.358720340054855  1.7284296491027722  
7.0709178996292295  1.0965472820863684  0.5236411886575554  2.110401799969142  5.254503991465365  0.4962091258093674  
4.554075085239  3.00613524404169  0.8238645750029193  2.4606404433923315  0.3980212346007916  0.7257426713581289  
3.5536783960545795  4.855470476782217  1.0855287779516227  0.6916566361816495  3.073166215880265  0.0048989455584052734  
1.3626042864843197  2.6648992416140604  0.5344991117425522  2.041249439645479  1.1153380601048486  0.6314731562809212  
1.2494533213338197  2.517618267397451  0.8707151932110508  1.1147792152513476  1.5918389953241958  0.5916884779126531  
2.5543367610741035  3.310509968560789  0.6599281957959627  1.7768522984900847  1.4381195740154842  0.4275309939764159  
3.2378448210912123  3.8985376386312303  0.8408022049126037  1.7612286004462738  2.3082063187115645  0.3706539667704031  
1.9396358363356514  3.536040310364637  0.460410309302059  2.3713914128785953  0.7037142213110454  0.49554192246685097  
1.3434463733699844  2.477668353422282  0.7924806580049336  1.11914787280204  0.9070734999935811  0.664507630983017  
2.7758696488245933  4.068696087163392  0.7659115851314848  1.656280609952043  1.553758074841546  0.2028676600417531  
3.1194391768916083  1.3658043421134487  0.9317419033723967  0.821940254178348  6.580849536014999  0.027138003381807958  
1.563039333034859  6.524314229740161  1.4401539179767577  6.038215966057171E-12  0.24341657589347013  6.014141179706793  
2.0434560798099963  4.847729184401315  5.2583963409884955  1.8798694855030371E-16  1.049808386852309  0.797716377337743  
8.581191765103616  0.9604245528589483  0.7926471268683345  1.1645093335482484  1.100636021417308  2.1334937413504056  
2.2405176580654373  3.819188459788441  3.7505402895252598  2.0515184449280364  3.1496555206019776  0.10675823835246734  
1.1119190667482924E-5  5.1513883874946185  4.9142897080921895  0.3885743789789275  2.071578460447266  5.263962724856275  
2.880755967087854E-16  4.0602563572493215  3.7904879555084805  3.483873945651476  5.30120733947738  1.499643029692943  
2.5384259626880783  2.4255083621776143  3.244437174059455  8.197837395541875  1.5180656207178713  0.05557199666081  
4.8571414296116675  1.1318347264072568  3.452912848146168  2.19528992499448E-12  6.421898745696248  0.10256565159754501  
3.011476717635639  0.9627616556272058  0.36333026505212584  2.6396598959874122  2.4726290758626313  0.8255891022011779  
0.9018550059813178  6.33132431577105  0.29179616913536643  2.8696332610491035  2.518303562471157  0.7030710786018864  
1.4210991586406139  1.7069822466096523  3.1479627674983477  6.6440314168554755  1.305656134947432  0.012440846722389228  
1.2754605732230426  2.6244658624001262  0.9067355743877641  1.100318758123303  1.457109372692694  0.5770351878861267  
2.82237856198376  3.7277310806128816  0.6747549145380224  1.689932700787901  1.907624599781461  0.26101481753118777  
0.8662798044600967  6.346550699442627  0.2976618747291422  3.058822911591873  2.167208033782036  0.7631251447600557  
3.030370114142931  4.582531051374669  0.7279757170091397  1.5215887925938207  1.4888827250829553  0.06748599507984282  
2.35670819816839  3.8605233036294235  0.6729522765345661  1.67876434957576  1.889576866510676  0.22652679038395773  
6.617702071050027  1.4143985285093603E-11  4.426679769353383  4.37395417686292  4.907861391052868E-7  3.065942082181354  
6.345074223053431E-19  1.7813533316953525  1.1776376797446608  7.132505079030738  1.3033709431490756  2.41746249401222  
4.910790506385219  1.3755778693454306  4.957022870976392  1.593200278285679  1.0739339226577809  5.756008884193351  
2.011577523063569  5.894210929926862  0.5346786292391608  5.222432767272338  1.1493656372024276E-5  0.9009864100101007  
8.891105237803593  1.6574652922225126E-36  2.45722259390197  2.670222185914063  2.791851479612884E-25  1.4570277449687192  
3.664087621741857  4.462958256783793  1.2258663501939149  0.00950391972762772  3.6679084793233905  8.604471595730022E-35  
2.4894657567277445  4.719704168934177  0.4748389776527734  2.3513960096746023  1.540574753304521  0.09308714936832045  
1.6929452198119141  1.6626533051454435  0.21008916453033152  3.2397579754502983  2.8003402831632362  0.7435822336745261  
2.9996349287421853  4.684103121111536  1.3480948716532468  1.0072311401639973  2.7603054453954696  0.7526522146015145  
8.145392486663564  3.24218828762632  1.755307490720285  0.020788924332005285  1.5221116075968038  2.2689488227917574  
1.1406587244103914  1.963748904805461E-6  4.212794393026894  5.439487412365975  3.06199731202985  2.2450811037808425  
1.7968977154111745  1.3739035612221803E-15  2.488697788131099  7.146401328894155  3.7105418946977395  1.606685205908156  
0.9622652231099831  5.9214928162113205  4.728004586863379  3.0015587326149555  1.8764751825389797E-15  0.30674898914345633  
2.3725263524316893  3.863421049297716  0.7471435625754359  1.4103918731277576  1.572729707057132  0.2550578376779441  
2.8784928190750225  3.3348887722870737  0.9150146939110442  1.0037375480545738  1.8537003003575365  0.3306187210817327  
2.306255438701745  3.8871001299352583  0.9582307778013845  0.9966154498989123  0.9446885478799685  0.3066608945222909  
1.8618270130461474  4.640081832065209  4.807488491512306  2.2499136698441117E-25  3.387461629184347  0.16059598624995167  
0.631497054001802  1.9059985352901965  4.702408472758969  3.654239790864293  4.565078557732967  0.4699215984164937  
2.3695340701261  0.1002188255273056  2.1449300366789217  0.037974741023953595  7.356427215037658  1.4362118786616778  
1.580642986336724  3.3752984314994308  1.0039748381839648  0.8927799522307737  2.233427657593061  0.26123781825695375  
2.860261642633578  3.8811867974543435  5.267857779399684  1.4904320443868349  3.201894647509922  4.3803424960727065E-12  
2.3258404450829557  2.232215087411365  0.9741001502210859  1.2280485720507148  0.9055750357473445  0.7306140699818519  
4.809042230906275  3.2592923072090736  3.2866870455929473  2.851750442749688E-14  2.5015844441676097E-5  4.767452026562033  
1.9125404307112879  5.0902988003358  4.911912410192168E-7  2.9928449984507117  1.5036097434699127  0.6522781068138476  
0.7107532282370111  2.574480219453431  2.0472493688439392E-4  4.992139794862702  1.7089849475314938  5.903373870315662  
4.9549246856459535  2.9524315163802473  0.9689053265820495  0.7664099863290671  1.13453186691373  1.3011896254277873  
1.8014112941108265  4.776090495909814  0.9222629628240097  1.6884642152293607  2.9799544016517476  0.005784542651323576  
5.359697930587512  2.4222506865296864  0.2446917294556359  3.1369282805830103  5.457849303214728  4.394735307601457E-5  
2.697184924161397  3.3697438821119814  0.8327408710304219  1.1585562535710294  1.8486133922774977  0.330923614768645  
1.3848551804355413  5.324224418131729  0.8975257508876261  3.3640837182011434  1.6189799986463306E-6  2.281656034547995  
1.9075172770092776  4.279180607853343  0.7047826933073592  2.2272356539648226  1.611851240594191  0.2937540238336989  
4.007265362323807  4.448410677928536  1.1154373017039416  2.0655496698296893  2.587744560926111  0.3137950910232428  
3.0272833036362363  3.5605632067362745  1.1183389444848297  1.5307885288420635  1.3683396514504869  0.24630385569457203  
3.801277659124865  4.6265059881418935  1.3678139067628283  1.8151130038248935  3.2516069802111165  0.5419378024380175  
3.2285354601392764  3.8257914843713556  0.830751272202504  1.1471356285022372  1.0473050374741528  0.32130232486469057  
4.374598677750432  3.7250637359479493  2.8107307048425647  0.010274321527238561  3.908446217683081  9.990011923478117E-8  
0.012315207857029817  2.2783043927601652E-36  4.165784753525897  6.623127808333506  4.036280510174062  4.982954211842991  
4.2725054095408533E-47  4.020087490115283  4.888413393763432  2.8302347864995814  0.5286980857194181  4.911131072644208  
3.639260618380674  4.079363371900065  1.958957154569727  0.6608291396098352  2.8900256381638645  1.883801213758265E-5  
1.7494756402107747  1.0323885327290658  0.9202429512231084  2.6146374841089988  3.0853494667853734  3.9406051260759796  
8.381420274312708  3.1945759329391814  0.9079343247645961  0.6468553775117741  1.194400275280584  2.6222331139422246  
1.2096629998400292  2.9485031862845994  0.9155465351430815  6.131368591321123  3.5530132060824338  4.09507890816225  
2.256040077993365  4.726530492976501  0.6933640067393088  1.6239218524982746  2.0930468868749292  3.4524976520974876E-4  
8.343169781021778E-5  2.830168995994086  0.026551903773861105  3.8176279855771598  3.528384777643217  1.3236767395734927  
1.2610182446706752  2.6758460788117384  0.8366253097282759  0.9954315625135939  3.5515207616827515  3.5799308347441134  
1.631694041099829  2.695120138188122  0.7440107182770371  1.3803770813674368  1.6916843736396507  0.5306673923422046  
1.0965651741377112  0.7431257070622659  4.583992598838684  3.290455120574135  1.3502647859172452  0.3969260311069076  
2.1300369141539397  2.935301901604319  0.8725328362053861  1.4316371238523697  4.816111471855682  0.04210743697953523  
2.287279979228527  4.619901769642403  0.8132720083379184  0.9476233138049416  0.7360333178101026  0.21540611611950825  
2.6915640932237723  0.14469445672559667  2.412523364180673  7.368527776185764  1.2234380821008258E-6  5.429828801679819  
4.287398556480715  2.199109594273527  4.1062522175763444E-7  3.332074647649658  5.78500328830195  1.8701436721181248  
5.9771248821235465  1.8772459807793822  2.0103168275829444  3.530165618520586  0.7066084700290238  0.6013010409471478  
1.1652441913690512  3.883884141766741  2.475582554712057E-16  6.289568409109951  4.181686555958079  0.29028332846053084  
1.1955611196346614  4.19981379307169  0.39073376705565466  2.6665648411336043  3.698018677020098  0.28344985692718927  
4.2954093875591255  4.534871111544439  0.9417513340138391  1.0901258582355255  2.7198617278633983  0.21427528187683856  
1.7592571516646678  4.298490770058135  1.9002218696846827  3.574336007212586  2.38110072200209  6.995304626866733E-7  
5.019686293466914  4.1647162379138525  1.797545711624594  2.7204732044869773  4.19081938374229  4.225248845154244  
8.434581081211814  2.803720498204634E-7  2.4020549213416302  1.0279167702587155  0.6264270884127398  2.419215312789354  
4.772646036881471  2.7529862761567503  3.073531993007933  1.9637504216822643E-37  4.543029016698381  1.0248638379094022  
2.339971766003128  5.152833094044744  0.5845818580671094  2.061547125219499  0.2861431525174471  0.7825543276366159  
1.0986302694833434  5.6588237152004925  1.0653255868862734  2.742271108959828  0.029408677613323858  2.3893273295712154  
4.847215332102244E-21  1.6481473951962176  0.7086493641981177  1.3709212176029757  4.714221230259402  4.45003694561572  
1.1483159564429697  1.2610996747554584  1.060826516652641E-6  3.618018477831433  7.280051772097017  0.22779799110350282  
2.1580990515778182E-19  3.3329272014694014  0.11912309919959974  3.97441856749084  3.0958846897570247  4.978532328948425  
8.602449362462655  4.1609591565978645  2.195324713806042  1.228723453312333  1.1702910375837376  2.3106472849080433  
2.8763907078487914  2.322888613045545  0.8159234993906038  1.28755223797081  0.7805415280604965  0.7474892302972437  
1.814709582124354  8.014207122817431E-15  4.778199442897482  1.9217745236351849  6.267173933331228  3.4489255594074093  
3.296850541854599  1.829609153008356  0.8111962269257621  3.784015071561348  5.1702143451301685  2.802957513292877  
0.9413892744353207  4.562705688343194  4.6666366037551725  0.36025296022196884  1.0003508283649638E-21  4.824556378586817  
2.1419725610360922  3.5930016579821205  2.414857248269893E-10  3.6462508684398216  4.529284027782479  0.020511902612597624  
1.920349782894257  4.666035302526157  1.1053261896573245  0.034391698508304425  6.505568281402201  0.04928138240306961  
1.5310655346667104  2.5705917389268875  0.794179830290043  0.2953007517028997  5.734959614587447  4.826330303127286  
6.464884601375909  3.6173038995287987  5.487923944388475  0.12593791483477132  3.095225170948449E-16  3.02219586197816  
2.9357852615837925  4.748958576452212  1.1712515889987385  1.4482535542873256  3.615834151845216  0.0020327053710197883  
1.4134515518241948  2.883155286652374  0.6485092033764216  1.6695782678788016  1.0831345913045538  0.5670234014111557  
2.639808407994216  4.230817294977751  0.566939840148644  2.0273458871745595  1.2542090338666214  0.23336959816844438  
0.629505215657739  4.358156683072937  1.3720388454531283  2.836207842491908  4.5283522870142905  0.49295915764189036  
2.470886950243367  0.9440476462338449  1.5980379138167342  0.5203270549210269  6.190828349529417  0.4989248975919665  
1.6734002374171901  2.9026739023102186  0.9325430979834148  1.396821079516303  1.4684952401843017  0.47265900982975473  
6.1970402648297975  1.1974459737318872  0.6611916806635426  1.6197376836043278  2.2561065366922475  1.2855687517483148  
0.17747164976011123  1.4214018422883303  0.8641334981438828  1.0064724959593399  5.115958844264127  4.2659843807457705  
2.3285336810115598  3.7272494266408014  1.037135020263119  1.591847312679884  2.2779145672631134  0.1433374182772976  
6.625660740432704E-6  6.69892306983067  1.8595052960807756  1.9002589724922645  3.6610851900359576  3.6188463989960833  
1.7906081822346773  4.944071038270903  0.4406208393101882  2.3847151103248145  1.8485732633018452  0.08586573862749781  
1.6957327141358316  5.086494121760697  1.4792702697957574  0.8863806076004711  1.7083743285603472  1.5890488372619727  
1.6945864393108452  2.9412586181507834  1.0284442782490657  1.024782481529092  1.6934903308794407  0.4288950243195278  
2.2462978143912378  5.18858859539313  0.897936310090272  2.4889245653234653  3.43430216365946  0.042525324537157495  
7.274488473188079  3.029618201977035  1.176205733292597  0.971579503010914  0.5498055799502456  3.1479763966686014  
3.1318911094698256  3.274048246336893  0.7204341005343073  2.039072662824495  1.5035268932139996  0.42581007917059377  
3.242956634129732  1.2456889633045303  0.8030175314448085  3.7453508946500778  4.7533375658736E-4  1.0828113369298846  
1.8908613981358486  2.3465167731734042  0.7534457781249055  1.2749358915395979  0.6474137093321255  0.7444637864159311  
2.2826716261005786  3.0620690737600222  1.0874626098537503  0.9347284885604021  2.077888200607018  0.3441217379287308  
3.7048511486131805  4.562979048631885  1.065495816592627  1.1742311739396334  1.2926704489899112  0.09049221477883575  
3.7325447426251057  4.175999851464088  2.087066359960424  0.07307642046224895  0.7854205364105603  1.7125752064103117  
2.5506437707362393  3.9638005194315746  0.5947251493306105  1.944583609281079  2.0313409386931838  0.2037152074810687  
2.8073050133839628  2.48146526973594  0.8270659697726022  6.667252631552259  2.1741041853520762E-18  4.772636475258948  
1.597694547009357E-18  3.3533070488309504  0.7282679685454057  1.9252735636686746  1.4957901077086282  6.0373699200286595  
7.498321041953933  7.205012581126236E-18  0.32220566870824635  2.9296545320018788  1.2790773019163075  1.2511682808218598  
