2.175005014328915  4.589203896138841  4.689386705984821  3.283310036501347  5.196417354790045  0.8367447054704417  
2.974788062578495  3.7103962993399966  3.1994335919204553  2.912595541818476  5.841208531544412  2.2169101946477285  
5.0114283485113145  1.5311069206559502  1.3815716127295317  3.785443801986624  2.404745780343228  3.3279160949923634  
3.4677286033323647  4.442534525632288  4.37467961269599  2.7829869579421693  5.533774680449652  0.924683797455513  
4.115457365623149  3.0983884125006798  2.7119278659362203  3.7411755580097488  1.8407029413657838  3.534220977772472  
2.888490849506119  3.867455605248827  3.968498420683308  3.2091264711200087  4.761515376208074  1.8513044242317565  
3.871766689776453  3.715002725730839  4.437162083804942  1.8496873158738423  3.4359189155685126  2.508074637701603  
3.3267325204022016  4.280411332362335  3.5517852182513465  2.6266213695618603  6.2555340733029645  3.486760560196127  
3.191709835661325  3.633831512312551  4.322320114587667  2.096364091849316  5.7561739612224825  1.9097335213158002  
4.021470373587405  2.7635614969090114  4.238806683118071  4.579577273216424  3.465119681990919  1.882843901408606  
4.36313784827285  2.7636270544324866  2.3419752219165515  6.998788358794277  2.0056269299860863E-25  1.3035649361181074  
3.039294922681592  6.975545821213131  1.8270057077826394  1.2111137401215049  0.6968245054532197  2.800682226754519  
2.58156155941059  4.901680197974636  3.3331711868989444  3.646445994257313  3.9154529655529693  2.816306697422841  
3.5327220926130782  4.148030168434078  4.785370629229056  2.1482908046085174  4.348110394388012  2.8737410609956355  
3.75427576381499  3.92629034973713  0.12874625185845479  0.6674061836256476  4.74569594862947  4.391040519542294  
3.73650772126815  3.3640963284830163  4.302100321152231  3.0680948855635606  5.079368044428128  3.877320659598839  
2.7605182678259106  4.377050087399682  4.177866825080065  3.197412831183282  5.971486447726877  2.9278655988971276  
3.042259222152052  4.120939930360532  4.32143974972334  3.5994499729604015  5.195192626216931  2.807087565204997  
2.970273657909318  5.3354714232486105  4.937437230636537  1.2857823200175937  4.825102343567614  1.82319960401447  
2.850163450208376  3.959818440219086  3.9357878020461086  0.5491014624362535  6.121923886976165  2.621797173378227  
4.108304166024129  4.891577717458444  4.236606407752559  1.1123108817071017  4.877954753636222  0.7664455070473886  
3.8837457190221816  4.063331678947039  4.492797507250183  3.9833049724928724  2.1555915202646463  3.660027481088252  
3.055671378740409E-75  6.022854246927996  3.191319614135616  4.333044142777183  4.43285125387527  1.113882079822512  
3.1584912323855434  5.094936703565003  4.813716133313784  2.323196236399645  5.542187369636732  2.5528188081675474  
3.82831613956024  2.8026785867807855  3.9718835391320297  3.1858123585928517  6.003122769600425  2.3111298289917834  
4.422815474340853  3.302952823634045  3.576826948516111  4.662986538686947  1.2004028674398446  4.2117030320347775  
3.7895912797815012  3.6388145903052007  3.6557687230827116  4.69546903505081  2.3148384880767043  1.0009080733490958  
3.40352125647276  3.090021562704524  4.952781151665371  3.0774145028041375  3.7526763248579367  2.8344316252393797  
2.0738234819623176  5.2104875888385305  4.851325454843447  1.3292914719861866  1.3686620712033052E-17  2.6561949842799693  
3.9255990400360505  2.794265524509201  5.164929684959837  4.196742817994681  3.15044825294997  1.7777257343219777  
5.1670072164281375  4.4760623603400544  4.639912106584657  0.033173532401651516  0.8757040116323928  1.5616567422140968  
1.1226618951683847  1.6455219796890366  0.6815468467333103  5.4763225601021475  0.48291815547767647  1.2459534385796098  
1.0611690739045752  6.688099367580544  3.559087358554688  0.7320527492040064  4.392355324689049  2.2481286863495713  
2.740102670633178  4.609551868548295  3.4219646673288606  1.3246852483605944  5.756248426594861  2.538840889683049  
3.8008451215408097  0.33986071095706216  8.748574857966086E-33  0.5498388308299199  7.2442591367451925  4.448879878310068  
3.679035273597841  2.3286531997487434  1.0094960505238204  4.471577259566757  4.76558670323703  3.4014416746350165  
3.482726542202417  3.4054295524674862  4.963999967665277  4.518579216278456  5.218840264727745  2.8693985722550663  
4.003550199750801  3.6284636684597382  4.7190366876033485  3.167973126549909  2.356262483556341  2.0201742333899917  
2.087764873865583  4.4066026954286786  3.1592085988998426  1.6951838003456026  5.898405339815629  3.8619484374597217  
3.4691876820376026  4.55796430326023  5.547643189593807  0.7012589340570027  4.522545227705278  2.646589077172874  
4.235486549647616  4.088827174236472  4.811057205305288  3.6554630613484305  5.300645640772984  0.9454748134465358  
4.293182663969718  5.016069259186062  3.3760015871796156  4.6794793458389996E-126  3.2018396739916106  1.636445627662437  
1.7994661252185542  4.98488307509508E-156  2.051530911352588  0.7564305096294436  6.2895033085643215  5.45515396473329  
4.5592919601966555  3.4541798977271783  4.564088372365019  2.0155644389176612  5.608263358910012  2.188781761426912  
3.2675354547864837  4.1843372414243385  3.674864576817113  4.407455173770216  3.354774487411185  4.641098002144061  
1.4449083952605533  3.3001965077515356  5.696811061262548  5.050310069996572  6.167286569752561E-32  0.0055623917851982015  
1.2150336746560335  2.1423662915077695  0.876673018479602  7.270852147730936  0.24190093316838207  0.8505823093640666  
1.0162186140972957  5.630616815305968  1.8302936752018633  4.707085702084689  0.5134370825795701  2.104880143121816  
5.330004049424336  4.112607637114531  3.23398291465299  3.1665389254974654  2.4987206046164756  1.9938649359537477  
4.782606918002533  6.0368625001122345  0.4560059948360303  4.2248298210860995E-34  3.9694183616129965  2.437109000363319  
1.5041486660679817E-28  1.5388316455212614  3.5090931071579274  1.1891869118224885  5.007782800865622  3.2231249231719974  
4.83586320553694  4.233143997183932  3.941928383097615  2.422026315376678  4.599570958470736  0.3591098393907262  
0.9740516620799863  1.4787084612694945E-12  5.316215176755755  5.4874902324289305  2.7070071691413675  0.9684587502585227  
2.3251372442573444  2.59100621146445  4.312091086965875  1.220668869746434E-150  2.893205399351506  4.215203504607849  
3.9728784703036912  5.544955446634019  1.7824613073859843  2.523606556330003  5.434628742999583  1.0381452239038877  
3.409998154690791E-8  4.163547718289253  5.499250040419044  4.179402264057136  5.1732922377806485  1.968813229270338  
2.7686623543259468  6.0467388046828265  3.354773747031765  1.6762274744228505  4.833089430936212E-53  1.3045787404839932  
5.1721942451899224E-18  7.1579689981737795  3.661575157074937  2.3582118025209464  2.695543054028665  3.3563265351070557  
3.48052545380172  4.74477357964099  3.394942909577224  1.9528826235342558  4.302346574066755  2.0588501143428872  
5.095646743056763  3.8180908032669455E-6  3.934291095032228  1.7216655924992774  0.9199066574199747  5.004976838438059  
2.568734226986896  0.7246963184747317  2.755551304205851  5.7030062980675424  2.200283963345725  5.792933195670509  
2.0118872233050826  8.478443215138933E-6  2.9400832998503224  0.6439528372906789  2.747614373122882  5.611846399685975  
4.20894871156759  2.0565321074391497E-91  4.5060293915858  5.874268114145365  1.976192067803643  2.3346043667696503  
4.994836966995881  4.736414028450775  3.358580057423434  3.732103407319185  2.2928239994734903E-79  1.6928413761992929  
3.9069427708411277  5.608049985350619  0.7736586846913175  3.7292556241256185  1.4227283880234986E-26  5.135002860983651  
1.0483577293926638  6.251158852535518  3.875968086014542  1.8344986909690673  2.0366992773305917E-33  2.9039005057026204  
3.3524791577066004  5.414631493517461  2.703717362643412  4.249984921375557  5.233354093842389  1.3300319630843045E-128  
1.0823051433562536  7.085839702134044  2.7902768030720346  0.8790661279579235  0.5414347665834224  3.029879297652933  
1.8221740803805344  1.1060614823721957  0.7364352330677243  1.2061231486602104  0.7949653775991495  1.5185883720860338  
4.243550466107784  2.462583984749756E-9  1.0919731830706407  5.318070364494651  3.0710227123173084  0.2583886523035124  
4.024740037193262  6.140220441204439  1.2576361989746794  2.0435767143141774  4.636012720445662  3.2838249817873475  
5.674748963306828  0.4205843101803966  1.0922864249621555E-103  2.302969864016205  2.3430537793224353  5.395139955972465  
1.320359494604128  6.029182897304325  2.876980235567158  4.183483734531014  4.790840920061268  0.583402211959631  
3.4186819041458683  4.2540037770303805  0.004666866322312479  4.215772047695845E-34  5.037656952035994  3.563315703882974  
1.3151327934436147E-9  5.492215915042259  5.195696256083034  2.812102699975336  3.1733585700299645  4.840201766157974E-35  
3.803469725406595  0.5690922466501414  0.7846128219459824  9.667132994226118E-58  6.68829084441162  6.401255732594033  
4.510459096833784  2.642804779870331  1.3100394203238145E-96  2.81888281460151  4.820948731175453  3.4324001597392195  
6.314376905341477  2.179479406982201  0.029486908022528527  3.07299289152255  1.120351838998454E-10  2.110189117826763  
0.5393960093625426  3.2210983828099806  1.4956479648563132  3.9271863878906905  5.235833853792313  5.828757085820246  
5.771422710551174  0.6262992668300466  6.332203534352562  4.984914373802077  1.635289998967943  2.68022104269239  
3.630288159664561  6.054171157739781  1.902434823486882  2.0776977461913324  4.37745049282692  1.4725276058246841  
0.762654000456189  1.0065186466602087  0.71749586207033  4.851478135587878  3.8982576705034697  1.392102159383529  
1.1538910109717378E-4  6.784708670846831  3.75163781607299  1.1184356507764577  3.9645359632396753  1.8121894060534682  
3.017508552065522E-113  5.235343682715283  5.553992269558749  3.218851200297832  3.7838132678300083  2.28129636100318  
2.7955617929174967  3.9404922981792585  2.8118077476505755E-51  5.586548847500256  5.414922195438672  0.9450019782664839  
3.9015847432903237  5.2783658246412575  2.84245856474243  1.8523084751534713  5.109035949932031  1.773167923352817  
9.570863462883358E-19  0.5611871699656152  5.458626903425489  5.165503030814578  3.3975090667066272  3.600375814853183  
1.4203100524727825E-45  7.233106501838037  2.298269353971033  0.8578437761377882  3.589467286878995  3.546594364623308  
3.974978717066361  1.0345402358273932  0.7515173710091535  0.9846741425265907  0.7563737803746948  1.923070116272249  
1.7249521300037407  7.041659332203721E-103  1.4402747019137339  5.662269497527208E-40  6.690007533630766  5.233101725657033  
1.4962873276903481  4.239112783080971  4.8377227404792125  4.867289061192835  5.070539226249301  2.9162980087441848  
1.7331745084270087E-60  3.841014059666371  6.113618090943211  3.7785816917492023  5.531003090088733  1.7587998661807858  
5.291278338038309  0.35692513021598815  0.793894718713277  4.1324246388224255  4.016742705127824  0.5455754940022425  
1.8143105816224503  1.1006719255930697  0.7406346703440297  1.2027529511907482  0.7959787300805925  1.5315457086808728  
4.131570084905693  1.747209988855052  2.6381456901926352  7.792009234083912  1.0935346719661092E-15  2.9236125762269336  
0.397441846985103  4.904280415885685  0.12540845869770342  1.538726764913938  4.412354254415629  1.0854418038540994  
1.2724719660304984  6.291881020697079  0.4316339012540862  4.814779290092301  9.02118243015946E-31  3.5684302534849803  
2.6468105890911007  2.8534783478517833  5.3297780843415286  3.294541527665583  5.659484537411987  1.1975434329816024E-160  
1.8219502919372916  1.1058458478505215  0.7366035872065563  1.2059571685314592  0.7950131181207991  1.5190864851159465  
3.8751451770228855  8.728611412752024E-45  0.13871892215115808  4.301317693340321  3.9545955374399178  2.253484187211161  
3.4600689450114697  6.379526564616783  2.6524899255375973  0.8881111265580354  4.368644176240317  1.0436148141996344  
1.8213157139277407  1.105524724285149  0.7368478708407179  1.2058171644816533  0.7950614299822949  1.5198854965832764  
0.4629224007412443  0.7925004154807903  0.8134719408738833  2.2051768085725825  6.5676425672624825  1.9361040814629227  
0.03616301123188892  1.7841610346999366  0.5639526189919667  0.5365825987962272  6.21361761735454  5.009263400616367  
4.01569017458409  0.9745875076647833  4.584829820097079  1.9121510770046208  4.320235051148459  3.34679637884544  
1.229983487294069  2.0543092960281086  3.6012793021164966  5.29992512091758  0.4161617364625042  3.4728051462226073E-34  
0.9433418713755692  0.8891996163721244  4.6477657059486015  0.9835209115594908  0.6585116451739174  2.766343538364282  
1.8222159460620542  1.106006158072292  0.7364833816436532  1.2060431599767352  0.794984578748282  1.5187023886809152  
3.1327110554145  4.622805186784093  3.29651063216116  4.916365506792636E-208  4.0690162671853605  4.71720670048402  
0.10087326130763366  8.477709388819346  0.26248118719659974  3.811005267488163  3.176211809300957  0.9930438104222106  
6.1587514229363505  4.813775453111901  2.971841414919738  1.5056620311995166E-9  2.012465255486012  2.4252275050722085  
4.2175533219160855  3.4780218062913697  4.415333527652371  3.942034618481368  1.1403715650684354E-89  1.5534296602861148  
1.819100919566633  1.1043657544885144  0.737714933782441  1.205296960300926  0.7952446717923405  1.5227258433373856  
2.596288761617475  5.708543409423356  6.060966945546315E-11  2.9155122275135708  8.291521838000553E-56  1.4837137062806356  
4.2351934384671015  1.0723808237310934  0.7187884942708777  7.524716240136146  1.0115030201632857  1.271537414534935  
2.6200960619808313  5.326864187084306  4.944415730590823  1.473632618783061  1.2791917581451206E-73  3.955100253944529  
7.213837744192807E-51  2.9534229522566147  5.62625496799978  4.686230569995545  3.868255006600618  3.1169647770721847  
2.770332744658875  6.348573952637243  2.5094637333050187  1.099623398258346  4.562333860856244  0.2523409006286454  
1.3633639307228473  3.8853724704105868  3.714143466653433E-19  3.7250590167758224  0.13231688003926614  5.091129917134678  
1.2777155477417137  7.420256853304282  1.6371644370737615  1.7585817140425655  0.26456515866219904  3.474509932929181  
4.097305642797309  4.4553502002150006E-52  2.6342776769276846  5.159991682779772  3.4438679536781236  0.6338313489162516  
3.0845387103829496  1.315657938146715  0.8665218845590325  0.9142398424054041  0.8415459323509018  1.046211971624536  
1.2606005799592306  3.8772750210028746  4.297079760993559  1.2906616161951192  2.425348127391724E-27  4.554736554872191  
5.680622318716876  2.5527248112607555  4.239458916351019  4.105832563896043  3.8789138915087307  0.00661834411814054  
5.899126299438573  3.4556800998657815  3.3834834279150905  1.8709802496431995  3.49154274630584E-103  2.374807247066856E-73  
1.1189616415237233  5.919158191259261  4.132015676863406  0.9472160970460608  0.32166534290224286  3.0516664951869323  
4.119114063453846  4.824697194355647  1.6390952016390703  3.649957669304159  0.6587115691940996  3.730093719941564  
1.2290718128894178  2.0875309233172206  0.8615553902321257  4.94689352658132  0.2241123683726938  1.1025407436029189  
1.2643426381258696  5.454871935148822  2.9029378663280943  2.6575618755668233  6.185682754199427E-31  3.975723149478043  
2.2148987700712652  7.9951224718410385  4.00394739097377E-38  0.7381446030490065  1.2828987022222675  5.2023909849159  
4.44553825997759  5.666242442256492  2.7686845372128475  0.744423388325292  4.911025031724721  0.5977440097426545  
1.2238698109980846  0.7134479709615921  1.6789708214790984  1.0321917158897387  0.7360060542744946  3.2775795079026766  
1.8222484601547897  1.1060809730470123  0.7364242833995572  1.2061165966944674  0.7949645482940131  1.5185386351263974  
1.8219806388022743  1.1058667875445918  0.7365868368626101  1.205970653567798  0.7950092482982357  1.5190354290939734  
1.8179536167162857  1.1031714667055492  0.7387196679710724  1.2042930798865203  0.7955022805040786  1.5255931206094757  
4.024227005986168  1.0598704604921219  0.7525654206729733  0.9743382231775919  0.759209255225093  1.8168880023866014  
3.244388960319238  0.46596015213851205  0.9197849474153922  3.8544802216692005  2.1611219195411864  0.6433332769525894  
4.15428651135324  4.816719716982349  3.4572555711883743  1.4937596346940267  3.550140080198841  3.774822832607546  
1.890378571698464  8.03875093766071  0.01624412619517478  0.6265170257912018  2.9207211551642107  2.1978633848155282  
2.281571090733288  2.6360435670579645  8.679901647528665E-114  4.138275275231026  3.533223279841171  4.080804576623332  
2.209423802311627  3.6284641926996453  8.895744183428251E-122  1.0754425644052628  5.990222197765982  2.349750109801574  
4.607515218061824  0.2560596858950652  0.8546449129374121  1.0022568403314958  2.3535720755545153  1.0315845374382269  
0.5262793055683233  1.5033463238502451  0.4629535403125695  0.6574848159428469  5.0463701533401775  4.021225926602799  
3.211104749013369  6.649836005583752  1.1494854013687932  2.1761381412253025  1.0967821632451167E-55  0.9753298484530734  
1.1333508926834273  1.2403557439626776  0.7432672508896485  6.125958475928601  0.8683491446985633  1.215313270222802  
2.5338636714692133  0.46471294901116367  2.7703275747806878E-164  3.585123138389641  5.398157547723458  4.315083949756694  
4.3427905836171705  3.6660018424921637  4.1945597319615345E-59  2.955064617885083  6.253366457166647  2.0797109987057123  
5.646312883024168  0.2516882196280379  0.8725436550561738  1.008319806615997  2.367870625249797  0.9612403264135171  
5.5896269862444985  1.807928668884443  0.8165308434214722  1.0104479057556157  0.6775545001291884  0.8271236990730335  
3.1149515567099106  3.6465748233439625  4.826163071533072  1.5853563278202438  5.735918409494972  4.1091407794179  
0.41263518199291455  7.979377493119679  1.3770119695821954  0.7307969588979194  1.8621437480920735  6.154381875883493  
4.041310309337577  4.433913007520395  5.4097050768192885  1.0030121466826185  4.6910380818501825  2.472194988450776  
2.242719724880701  2.381511131750182  2.6041079564517993E-53  2.686386694774091  0.16326498150939145  4.925394342042668  
1.7014652432224295  1.2738421798327944  0.04011773930195721  3.1210072831829465E-6  6.653820312362137  5.331791411981268  
1.28156328994539  0.7888591366360711  3.846370891632255  0.437245713225518  7.01671622942571  3.3949849899203426  
1.9006149482218081E-84  2.497280688247877  8.535970351492404E-18  3.6569527681843366  6.2448916011500355  4.918905136436194  
1.8210456423154695  1.1053125594332873  0.7370094867748535  1.2056737813665985  0.7951052123310581  1.5203797376313464  
2.239080082631352  3.7685448838307076  5.846035379159449  1.1627412118567382  6.319920566506965  1.5224668049846286  
2.8099176367105367  6.2507761610885675  2.9270254518181127  6.30889776836458E-6  1.0757083912219947  4.592509126423682  
3.8801109758663745  7.539506045406816E-125  5.075521463113488  0.5474754617287196  6.476638079116828  0.8752639729199864  
4.602358293735064  4.3742672079737316E-141  2.4306081733328595  7.0112797195383285  3.861760999269933  4.5800728737069714E-223  
5.048057363388256  2.4707213978447524  5.504855914250788  4.629563239407079E-117  4.292776449728439  2.8896171955304752  
1.8189829212152735  1.1041764846470392  0.7378721781877579  1.2051176282920695  0.7952909806860504  1.523162107135394  
0.5084983171565517  1.2218945555798577  3.11077641881247  3.8744034583152427  1.9279281761851756  6.146228842742588  
2.7251247128968473E-64  4.992266107964243  1.0275776891339763  1.3142447087069518  4.83293400299235  4.312844186738134  
1.2658840266217288  4.311775347474401  4.21421045707223  3.258520273192241  4.502892745588764  3.3263354605598643  
1.8204781658612177  1.10503697253712  0.7372083769374738  1.2055693328437551  0.7951469524916585  1.5210514034323732  
1.8212439826337172  1.105328874128372  0.7370060358752112  1.2056178225809584  0.7951142585922728  1.5203172853050575  
4.7109032616031685  1.2131784940303595E-58  0.8951664284633859  1.080994449686984  1.3260857140372269  6.568948501801459  
1.8215412712140997  1.1055484256508037  0.7368328460043699  1.2057645231810201  0.795071537463157  1.5197911211821928  
0.31174703059340625  1.0983940372073007  0.3464638396582354  1.4863688893149514  6.66992730309649  3.8292464792638614  
2.088779082587412  6.953115717496721E-125  1.033248788683613  1.5373956366890096  7.295366506552716  4.459165519039245  
2.8399204183017477  8.465897377E-314  4.097573035774953  3.7732463109230645  5.196862143051055  3.0447450925866426  
1.8216669674728072  1.1059436069980115  0.7365053795149167  1.2061793560737666  0.7949650530155632  1.5189092833467561  
1.8099296678619592  1.097992391775902  0.7426439445675045  1.2013014473348163  0.7964537032242113  1.5380367588633224  
5.577104644687054E-237  5.61002877583597  5.707734130987843  3.001188551358294  4.764062762338357  2.438255602073519  
1.8215503279334535  1.105835818302624  0.7365889617862743  1.2060984332194773  0.7949886479276349  1.5191583388307188  
4.67763785732107  2.6269768405129836  0.9514284688800091  4.894795456181255  5.203205257803504  2.9156115615055468E-8  
1.820088915087696  1.1042715334383948  0.7379539017777944  1.2047333775883955  0.7953198550790798  1.5229912548561118  
1.8164318131331734  1.1017697347752533  0.7398006182243979  1.2032468744381257  0.7958098414551088  1.5288230201975335  
1.8201154797907237  1.1049169349893073  0.7372902128382549  1.2055666416359372  0.7951568541016565  1.521361736777776  
1.0239210463868245  0.5946713657632259  2.9356864456474416  3.7056629240324805  0.5988130429332238  4.1588966430619845  
0.716076647169691  0.6558410383677975  4.727406063495757  2.422415772429984  1.0954881680750057  2.523712037962984  
1.2085234798584374  2.0228796733442618  0.8008118836636315  5.684754560982803  0.30066863319889486  0.9620898470150755  
1.7116683624439533  5.7433529049390675  0.5228895481602399  0.6243375972316988  2.1826162006118723  4.072945393871643  
1.8115835700718692  1.0980924574564146  0.7425108554490052  1.2008879394280165  0.7965705188053547  1.5372971407769465  
3.1991374579543543  3.05836850050606  4.0786942668796575  3.668066830807957  5.120123831307527  2.4494577225941203  
1.81841075420212  1.1033023162552518  0.7386156042306922  1.2042859493798512  0.7954993314929926  1.5252140493540993  
1.8198747042421266  1.104160227025174  0.7380574304545862  1.2046689956304564  0.7953333777526383  1.523300546657574  
1.8206395516543286  1.105065801784338  0.7371985222225352  1.2055375053358905  0.7951485838595881  1.5209774689094027  
0.860577301632349  0.7715629285545137  0.7000394889204103  4.057677660556511  4.07942976773907  1.7535334822050035  
2.32788954630244  1.089689689145775  0.6949070724198282  1.1440488341754622  0.7859485735345486  1.6460128931671676  
1.818659431259577  1.1042873674150733  0.7377789827883823  1.2053569633362338  0.7952327287604068  1.522994225935874  
4.707010849361627  6.478960360325748  3.898993884785442E-62  0.07309795367408714  4.538772164583073  2.8578991865310064  
1.0513160788349254  1.3719870306512625  3.0683152065035486  3.2072716191071446  0.6286545107968576  1.1505324683597318  
1.8178812531208557  1.1021432123567225  0.7398764817745825  1.202902395066786  0.7957402113908935  1.528373003724062  
1.0640018755323681  1.3040125642139235  1.8852762744613658  2.2059219739390548  0.6124404680274612  1.5179682495583617  
1.170796902500423  0.5604861109193444  2.002483051005308  1.1359022895487974  0.572904434115563  4.579772096664348  
4.326714032263847  1.0953431321256433  4.779390030680371  1.9569123270839426E-154  5.623885354836152  1.7846776171575405  
4.727816456370514  2.0246603159376817  3.904171412064948  4.241889177518845  3.595640854178563  1.2144206701840239  
0.45617672205286464  1.3835300136300818E-38  4.9806440865127986  5.851519879615  2.650998812742325  2.7383431672121104  
1.162892933450463  0.9551433170532055  1.820644252575596  1.0326668772167427  0.6962406600767568  2.406539847729896  
1.8215823955672772  1.1059388226203677  0.7365046722343525  1.2062060109468213  0.7949606294018351  1.5189305450838142  
1.8151833005182956  1.1012419000740117  0.7402155739472789  1.2030768405112013  0.7958700787165357  1.5302091791116512  
1.816472760191841  1.100855831865406  0.7410275185847078  1.2018284949405307  0.7959909666875131  1.5316237465991225  
1.8209645594914898  1.1054569128453713  0.7368800733815802  1.2058757074839959  0.795058096934034  1.5200690729653716  
1.8189891231561122  1.1041779514663659  0.7378749762999086  1.2051142605027938  0.795290258045307  1.523164706785158  
1.8203819344812338  1.1051041935832244  0.7371461052143382  1.2056847228221126  0.7951207389978086  1.5209164867755378  
1.8215174188466408  1.105582630110205  0.7368048167546855  1.2058120050829602  0.7950594876981115  1.5197232846943944  
1.8195201779884742  1.1037728277043286  0.7384164938899791  1.2043129152722762  0.7954118860763045  1.5242856281475492  
1.1239643791063039  1.0100539297744937  0.23976494013463134  6.360986199163739  1.5948936062066494  2.8731371595525452  
1.0520101081881639  6.4134804576170135  0.12344012504321905  0.27361236679038353  4.053397328222472  4.659680949437772  
1.2878124242360272  6.886861455864065  2.0920654997320143  1.732563082407365  0.3785182324864896  5.832242228232235E-35  
0.9859857606808434  0.7633651094610284  5.275847292760115  0.9597683171850268  0.5014169463721454  4.008270526121271  
0.03142117910592118  4.084247790698883  4.819152474855369  2.0490915456841496  3.6338793793768356  0.7963692255426353  
2.2731530109064955  7.235010856296689  1.444674253955855  0.9879208034765724  3.8262833365720437  4.0E-323  
5.047404719951625  5.784042776761955  0.5633679927926687  1.6443449043872226E-74  2.6655623821912022  2.8620559192516986  
3.5637157822842624  4.635363955280723  4.328370906504758  0.28035381695789546  5.448925026164887  4.294837815966151  
1.2756318907401794  1.9421279890443215  2.7366912802603918E-5  7.518988808063656  3.097478893696164E-9  3.4817753467485204  
1.0768843163711053  1.2122681582099275  3.702518038662957  1.0672332005633096  0.5113556813907587  2.2511976952426447  
2.610832855414673  5.699309753486492  6.395301701227829E-7  2.909297006624113  2.792608147570824E-47  1.48484307743894  
6.218507888077472  7.960772246215382E-10  0.0164086038625771  1.8519980057425343  1.817492435346052  4.607848608981969  
1.81590484122728  1.1011990380849366  0.7402617456098173  1.2027740116443004  0.795938258154621  1.5301555124582793  
1.816648302867676  1.1027835911878496  0.7390023082228471  1.204316361390517  0.7955200156021114  1.5266596052913175  
2.285011327045997  6.203165119657394  2.585463549423085  2.02057737025372  9.33063003614023E-67  2.653808016878316  
1.820887003050242  1.1056310016257207  0.7367281362379005  1.2061093050565295  0.7950020813438525  1.5196972011064998  
1.8165259773892304  1.1022514141143198  0.7394396590406045  1.2037444538695277  0.7956678564601025  1.527830119013461  
1.173430408730936  4.371995950860926  5.979489929422295  1.016487159173461  0.06188744467541726  3.4050483730061933  
0.7438922271896673  2.3552434702266525  1.034436752675319  0.13017381236638867  2.045373190106008  6.912800788185625  
1.8396894870581628  6.262971226941114  2.672597474251314  2.6608936571783044  4.571925828317464  0.8556976741294794  
4.469732590268305  0.12215913241625385  0.27034668055368677  1.6140396787411335  1.8414079751326051  6.937000586275276  
1.1195586272989686  0.28877326681506044  1.9190209487889915  8.016216407244093  0.4550884704258945  5.61774133762319  
4.303138885240981  2.1868208673866717E-86  2.3264879692234786  3.9787987191558303  4.264797107539001  7.445562518414206E-11  
1.8178724961114223  1.1032128258839498  0.7386601778584563  1.2043871188368562  0.7954885587410048  1.5254770563903335  
3.698618147884991  1.2625032765650455  0.5515181863578905  1.399330349612111  0.6463751889324639  1.7769975765799018  
0.11339074308971875  2.447204541194004  1.6321530855251423  0.982806451155441  2.8917642788368543  3.6846949229462607  
1.4658164436280694  1.6208626288882606  2.2052639748798852  5.276892617258135  3.6183663829270863E-20  6.203348199501073  
3.6863078445277955  3.4233378445003266  3.679953291797588  1.8174124330636611E-221  0.735552793989514  3.940958215376848  
0.9208272310949325  5.510335143879923  2.9769125247921284  1.684038277343298  0.540082302954668  4.079115302656411  
5.37912119628164  4.705577419974898  2.379742112960466  2.9048938356735605  1.789292717286042E-122  1.1189033206152207E-71  
1.821488524058539  1.1057219906626308  0.7366856939667092  1.2059858732445847  0.7950168051131851  1.519422501929234  
1.819223508777764  1.1046131830797747  0.7375433328446369  1.2055171435357246  0.7951749558206108  1.5222236114366343  
1.8194785864366096  1.1043492475327517  0.7377610993509316  1.2051255126983322  0.7952733182031875  1.5227334614221406  
1.3247945797199319  5.151136986920536  5.386047248796449  1.6447106156354014  0.19145253685282113  0.10768372530043735  
0.966136791816367  3.3988325885700803  6.208453589185491  4.171982299375236  2.0723075144561536  1.9206713557912205  
1.2516248875317249  1.8473228218680735  0.6715496682145888  6.921019748874374  0.4296511835211605  0.9518829606098498  
1.8201108016374472  1.1049608830435889  0.7372567739348209  1.2056169234091996  0.7951429401665376  1.5212732603065369  
4.801839293914109  5.013751186326008  3.5195432124430344  0.7566461001477137  0.6449287933795884  0.5774550327060939  
1.8215681215878239  1.1057738421305996  0.7366421264229148  1.206019291550352  0.79500798689199  1.5192913161698611  
2.216873762874793  6.031238261079065  3.0572626817268795E-9  0.9157185604521171  2.2692548667386134  3.121301698297185  
2.1486395838027836  1.6820225649471578E-54  1.0429387109120478  0.47757038485833264  6.221826243383159  2.289332613884298  
1.1640580295572176  6.411547431929159  0.8993068913887736  3.5552423928129  4.364606131702065  2.1845356716354027  
1.2197699339558135  0.7180976110188522  1.6877508273444144  1.0314579421478354  0.7309993495360393  3.2724046089907555  
1.8172282559033206  1.1034390417581188  0.7384910367611068  1.2048546340761097  0.7953668070902631  1.5251692583813465  
1.339992921130369  1.620108828337882  6.8679964051021125  1.07835502495436  0.3461376889948342  1.7386442484917104  
1.8139404426144665  1.1001345221542689  0.7410813566617269  1.202255962981059  0.7961069019025888  1.5327986925760915  
1.70959223185142  2.5399837642271486  2.633038894110048E-22  1.8193793622018937  1.1824122734746325  5.929354829733795  
1.822301864098113  1.1061309810411009  0.7363848952077787  1.206154831406374  0.794953664881902  1.518422149585216  
1.82096293131364  1.105114163065061  0.737165494514421  1.2054783693464073  0.7951587494317928  1.5208119028242475  
2.311110585378942  1.0512736040891322  0.7711194018769143  1.0216835844315464  0.8236723076359185  1.6961595602757613  
1.821664473685507  1.105663468882033  0.7367418105180186  1.2058526777023504  0.795046608593764  1.519522335911136  
1.8217695559553782  1.1056826308498409  0.7367300146304193  1.2058361311009553  0.7950485453009274  1.5194642968041183  
1.1227111673638723  1.646040918065569  0.6817996126723768  5.476166348053152  0.4827461757159418  1.245201090389405  
4.708629158250194  6.3250096427576254  1.7703514675920943E-9  2.7768941775113696  4.764400221276973  0.6396869130728551  
2.140156981529141  7.857041665924185  0.4816612673011658  1.3934096724028826  0.6707722359727026  2.92227318906761  
1.1740327196215175  1.574856578677621  0.6797947169134001  3.9534059483679798  0.4825191149462784  1.3865522855162018  
0.4778890162451425  1.8275413848132496  1.4377230633791513  1.097168856432768  5.573385800548139  2.3822926773235444  
2.596910021680692  1.812749850657303E-18  4.925847472151116  3.8609409930819663  4.794504221205717  3.920355006695455  
5.455886107872853  4.944755408904053  0.46001141469738044  1.9476507768964237E-151  3.413349037936936  3.718317426706881  
1.8175616870595388  1.1023487711701738  0.7393509504943534  1.2035109409316092  0.7957234199512012  1.5273685928403273  
4.586270173695566  0.230374747367566  0.8558488640214821  1.012142236603452  2.394482061524329  1.027644224769197  
0.5226469744843033  1.5382355318397782  0.4739132445662648  0.6508999057943549  5.028228084983283  4.000078668092138  
1.8209475392883516  1.10534138905404  0.736974215210097  1.2057489016871081  0.7950911107649418  1.5203195116854973  
1.2696419843550122  6.8492735995245635  1.7591567959710814  2.455004049362932  8.257663583047836E-53  0.36962302428211224  
1.235566905348224  1.8938218632941854  0.741421438013112  4.013836775610233  0.32754796611409054  1.195831467648319  
1.0758418327049726  0.811218130028182  0.6190296714517124  3.068751019052774  2.9188800519344675  1.8241607816126388  
4.312105752216639  4.431820619931036  8.173282094525242E-121  1.2191866841211534  3.2048497269250387  6.054862231842355  
4.384069657478173  1.5281378878517816E-41  5.121545067168625  1.6305433881532052E-19  5.463021997498188  2.613892108608132  
4.964564052571221  1.9280179339769208  5.3335815145676566E-79  3.903470371000851  8.279750657655173E-27  2.9915702365000367  
6.438374193272673  2.5080353428704636  1.017164053664743  0.31220194135567575  1.1063136644520348  0.4280365701223531  
5.588239360384131  1.8116386413385428  0.8167487827609173  1.0062775911703397  0.6801419288885112  0.8248823636336753  
1.8209445804694997  1.1056798533899097  0.7366880266682264  1.2061460200899587  0.7949922000231519  1.519579258602818  
0.9525387956256705  1.03631228766852  4.6466152509520775  2.685726906743702  0.639933017678135  2.3652892454778565  
3.631805451067411  4.154217684863446  4.991611907329221  0.738328664054789  4.9501150476721465  3.796211788198152  
0.27528260452526876  0.25817344189671715  1.905899329070928  4.455629326684428  5.4878378361571  5.612618268949786  
2.923872212751912  0.9039935083691969  3.9059070621088274  4.957557257673722  0.01877377934013784  4.29768394999526  
1.586860039932492  1.5752071536766108  0.5416284051821537  1.3333113075173517  1.100081885000046  4.445511338555403  
1.6480618769939306  2.6149488658811024  3.060250765068504E-40  1.7431596618683556  1.382327710134078  5.842577055843358  
0.8188199140642785  5.6996564922852695  4.38684919420185E-37  1.46012400144163  4.722303902321582  0.9689417503620182  
5.906500401178312  1.006710200748769  1.6787638886431522  4.992073417712578  1.5585508076070251  1.1814656845050466E-6  
1.0008132976381566E-19  1.995122648384451  0.9374478224966359  0.32771074578614384  6.041093264793216  5.634320641679622  
3.7528292677735502E-65  2.497145755427061  1.994800228281179E-14  3.6569875864214723  6.244875939627802  4.9191787038314425  
1.81567462583233  1.0997382605942057  0.742039068936348  1.2007428125913602  0.7962401081884158  1.5343709585270597  
2.928231562688872  4.39829357840697  5.506290252497729  0.8383295232103444  5.380078894739439  6.269663637361055E-66  
3.9836638943233442  4.653663770528273  2.6109032104362373  7.549809969898754E-11  0.815957808952123  5.830798857073263  
0.6312936694306949  7.470586980782374  1.2643972780898065  1.0755382785528627  1.5917298229989858  2.7234653746495567  
3.1903510184229678  6.0522652863549E-34  0.6689948850176738  2.679829434214423  5.160062914650585  0.8429110349378119  
0.9063500023277522  0.8681516674517699  6.123331466529641  0.9592570808112352  0.6551275526168931  2.831068213029062  
5.853849823489134  1.9319465069740525  5.089953967400969  0.9058838796048737  1.1031089762561314E-285  3.1442191393493375  
3.2597968485839566  3.1142100089253546  6.207262971885827  1.3671616173150274  2.490574075506226E-31  3.1018692366093346  
1.8205343497311228  1.104999688266308  0.737243918069746  1.2055036389347877  0.7951615192042729  1.521127397089188  
1.8171948647849792  1.1021684072989926  0.739487432574122  1.2034363809833475  0.7957498598295035  1.527818531602747  
1.8163105403486548  1.1035407507187471  0.7383622517249243  1.2053172455073942  0.7952722365047447  1.5250801746119027  
0.8293143030496081  1.5287647570934875E-41  3.8590943486571243  4.752510917069867  1.4984158421810738  4.484607589421844  
1.2089161182288337  2.024305345081421  0.8009700289518799  5.684054564428927  0.299986880737821  0.961509125240951  
1.8213657077510688  1.1054349513553288  0.736919621980536  1.2056981671964546  0.7950924046903144  1.5200631683809784  
2.5113025436094056  0.46676913297694245  0.022417949961901894  0.9944222662944951  4.941292515284006  4.241742263433593  
0.12649803994612152  2.672247364265944  0.12699091819751365  1.2791733307154307  6.184190641642475  2.111695533490825  
1.8211358947610874  1.1052994318814302  0.7370252817341936  1.2056242739144605  0.7951153238101325  1.5203962708829253  
5.295616456563738  4.946142623940967  0.22560456154486525  1.4551088988675467E-19  3.9887284860041206  3.443242027567722  
2.259477816395424  3.7095654329999177  0.7143346338650939  2.666717927569112  5.541658173960247E-13  0.8795067270894421  
0.11199138715775031  2.477518214064644  1.6267239259691897  0.9920329164020019  2.887627760983947  3.658844987466561  
1.8218637105974869  1.105880351374297  0.7365688626739759  1.2060310733937238  0.7949972365821172  1.5190207701623397  
4.554739299583053  0.19227959907602774  0.8576347615125777  1.0268301594005564  2.4552034135623435  1.0217761468421174  
1.2599133040950967  0.32615415181135216  2.2118295230080784  1.2488654459217339  0.46070158819447676  5.968232844198448  
1.820460820477279  1.1050649402444204  0.7371983083634168  1.205597954935818  0.7951347577235282  1.5210184469773642  
3.967734773764237  1.0308205862644844  0.7513732491791488  0.9861910984759379  0.7559531823911222  1.9386928802056058  
1.8161349386113101  1.099963383259119  0.7419096040444079  1.2008049098742706  0.7961993050942016  1.5338819720852375  
1.822041666558665  1.1059365836124597  0.7365317502414543  1.2060286938179212  0.7949930015961987  1.5188757422191506  
1.8220103119823616  1.1058476567464044  0.7366044949348297  1.2059370843641166  0.7950169032970177  1.5190731919983669  
0.13821064058704702  2.475926783923285  1.6397010955751792  0.9726331810485632  2.812773673803793  3.701238839138302  
1.8189968621769388  1.1032355606128696  0.7388734666139145  1.2038600599249105  0.7955262494334143  1.5255857909360755  
2.630976742613244  3.2762659204416598  4.953315219191854E-160  1.8307732105152124  0.6500426531887687  6.287742287021018  
0.2128953711802003  3.2589525943014115  2.0727452918554145E-17  0.6395740334575887  5.539273481846053  4.704704403554238  
4.210258340005381  4.252900702848487E-18  4.4376356201092456E-5  4.246490424919638  3.0865829132815747  2.70703407491969  
