6.656792756824449E-30  3.5305527823392793  3.030376496611708  5.5368681876821215  2.3502351625265376  6.011530707037629  
4.076616909716889  4.166288731673728  2.3130527323328196  3.7538160622883785  3.852756830777233  3.1505527793221297  
4.089143762120964  3.5646248233602167  2.4417487496933736  4.9462113058466874  1.4904514382585562E-6  3.6467751421552883  
3.066355264198147  4.7117967425352925  3.8775287020365394  2.6341701750763846  3.2282871817347027  5.086618783886692  
1.8768802895131858  3.9314576050109586  1.8908678521516555  4.61936517358143  3.539940036552855  4.593967874841962  
2.5129614726782687  2.472587197812807  2.8284797638787564  4.768787945205882  2.9854808527754306  5.434715987265716  
3.851598839778204  3.833521345641132  2.496750073004424  2.8482650925947732  4.622516172633626  3.260986756966239  
4.425309745334287  3.2435899726087265  3.658094309891813  4.867658159343245  3.4054476076320945  4.689808357307459  
4.869292735970405  2.117637433916142  3.8040051090873983  5.095169923533307  1.463290349336008  1.2102915709264044  
2.3583625968653954  2.2343956020046103  4.22051190352971  3.711382054701245  2.933504134610426  5.484363769080618  
4.028518505285514  1.8374629432219065  3.390686155453954  3.257746149448122  0.7047811413326736  7.128575276755506  
2.227068774217567  4.090410639909263  6.470886915427044E-7  4.340631710362694  2.0469949957421054  5.893317816785753  
3.067207687016074  3.680790766241862  2.4486723399119192  3.995391945704546  3.9996888039190086  5.06212009999876  
3.6506731836007282  4.059003981864473  2.7182144855108428  3.1289007432308833  5.917359476388705  3.0602860167831127  
5.055859394732093  4.021969262425043  1.9489425241984015  5.9311508953279075  0.6736452020284182  1.6434577036839321E-25  
3.1998328973865937  3.1879065032888425  3.341836474772127  5.24627284859025  4.308595232736776  4.535167549643003  
2.685403691595219  3.9189466603576903  2.9496755728819695  5.407068980868241  4.022716542357587  4.899427037118284  
4.379331078971992  3.303753538966962  4.003611978893705  4.347461499946568  3.8526245141464726  4.608576264108501  
3.0842730356792627  4.0584429434498475  2.4182437665786867  4.6680900043377935  3.4383356466960615  3.4157212497360314  
4.213508044569377  2.4251768884951677  2.695929704163453  4.824258093129776  3.9235206000356593  4.5923577158064304E-27  
4.964622857366547  2.7574877342761988  4.418684458630993  3.258240340537934  3.487443252843161  1.290106940908039E-13  
0.9473420826984634  5.0094119779251844  3.4587075876745796  2.908453061865314  5.679406785964017  3.6404506368066234  
5.349712528480641  2.558447534767331  3.116959198257335  3.906770410400963  1.2492372344341325  6.5253951158511505  
4.7426256139449965  4.824764624584284E-22  4.825561878279243  3.5811125950837948  4.155109231065616  5.069409789454154  
5.275308011491608  1.564950382534573  5.338672451069785  4.235962293675354  2.5265056554025622  1.9200182239004788  
3.7892487941666326  3.76110722319184  2.3315993713667833  4.509878288957324  2.5940209375433123  5.404637973103714  
4.801314527772481E-15  2.616167840125115  1.607675402050305  4.824124232192492  3.326639818351796  6.1370276298792685  
2.23949840424738  3.2934426380798  4.172364569240709  1.4321775315360525  3.5876575674599116  5.101417762057169  
0.9137751911248317  4.774215481902839  0.5644566202292852  2.5384050851977165  5.0643830415286715  3.2877099073410645  
0.6959364180231834  4.100324013480516  3.805842108352906  4.160544923474692  3.3671755915720425  4.962141254293637  
1.4158276179789526  5.435196841961031  1.516612544615856E-13  2.1673530559429817  5.125349212223851  2.630654680307829  
0.8234722913450055  0.695053550667934  2.7366537118419183  1.8074720704203762  0.697171676604797  6.187559971946559  
3.3384866199794154  4.069074304194793  0.2864233579273294  3.4752191366700678  4.505730729817679  4.614553006691943  
5.206447510594203  3.2064925121243935  3.352902919031442  4.642257650786903  2.7469727115390654  0.20366323749123236  
2.0745381311402862E-13  3.0036317168526874  3.400165216718461  6.494177565545936  1.5986000743748978  1.5558447784780593E-6  
0.10010836236585226  3.2709121270089683  5.1243351219826545  4.614037118392113  1.4148550486945624E-7  4.109614881684936  
3.4328981163182264  4.1950724426499155  3.94787183254627  5.047140861776709  3.661742016507458  4.063426768022835  
1.313123434226051E-7  4.135031400248762  4.063791264661453  3.087604049880703  3.7552961082634924  4.529284907288625  
4.624983817183903  1.7838862846352346  1.2717130754364352  6.526611767606801  2.698365560739237  4.511251755268164  
4.1714894502124364  5.102065484910099  2.859824621151886  2.4230095605257125  5.919792691618298  4.5595312881107666E-10  
4.839084119921751  3.977596945851874  4.693454296839583  4.575623099162208  0.6677856412420061  3.3790386346897305  
5.075480525979205  6.415874001354602  4.026334215330187E-14  1.8562758495854026  0.7411867611319899  4.258538796332222  
2.001892305469061  1.1580982650755892E-7  1.246482936441566  5.998627969947227  6.071625574014707  3.914683604755435E-25  
1.003723394016195  4.954624864786606  2.1916779812692595  5.32746986572899  3.998440987937497  4.301650527050613  
2.8719522803280606  2.385421404738263  2.5266882408770375  4.756464020683129  4.309540565679133  6.319908721824934  
0.06678555840792778  3.3659791543528557E-31  7.823824376460313  2.886658796543897  0.8643046408213623  3.627134949249966  
0.7689745971602794  0.26025038802964007  7.5920181787959615  1.4401095823985857  0.5654713677089139  2.918770059771756  
0.07402131341606802  3.891272656416638  2.7479615274590756  0.3433652473814312  4.09053915578659  4.495164790705049  
0.14815561767612725  3.2496607727298774  3.0463216111064404  4.08544600745905  3.0229248983965196  4.790989746948922  
6.688735350241663  6.48949598523425  2.0973942301554522E-4  1.047498178680057  2.137619708948066  2.9182010110819823  
3.939950421265832  0.9406116777882886  2.086250314449254  0.6337735572467841  5.186658084347304  0.37984856627827357  
4.634691323910707  4.452448097557164  4.521311023969059  0.264530397230085  3.4364235027897156  3.898016176482372  
1.0611460162842069E-32  0.27519858149488263  5.088945672741008  4.649023306953466  0.4813754441053529  1.162942554866572  
0.8767690894310342  2.565195944858153  1.5107280663338696E-5  5.28524739085435  6.023131617154257  1.685760521594099E-11  
5.399756455872392  2.025045508659992  2.60512266744078  3.2101678464758407  1.573462784442588  6.111724683048505  
1.4091227737185534  5.287828293577771E-28  7.237770450067731  1.0889148909367792  1.0857675145673207  6.506031163173598  
3.4181853583477366  2.963844838843386  4.3363941704492595  2.4956627838914377E-33  4.722477055700203  0.8596746237204722  
4.671130722693319  1.4903415403467757E-27  3.6780344273799193  2.9428546499847594  3.730434757468656  5.909241076258026  
5.001354581488554  2.520924123884287  1.9393171274704568  3.5419017016553185  2.889077264999991  5.505632767883862  
3.7647416276822354  4.447883414604167E-12  5.74272749447278  1.7047288912557441  4.614082630141573  0.6140717948417195  
3.453127492123346  0.53589854969361  4.8850949851059005  4.017828344026537  5.431552813330029  0.698565398537236  
1.7610039803509565  1.8804949543569358  1.0558864079929202  5.128395165452246  5.7908841391068115  1.668110379018138E-8  
6.049174025093132E-46  1.975403695368654  5.128787338822016  3.121154576678627  3.3160295560678636  5.182307180498842  
1.6348333409363753  4.899030489110199  2.2775851420956634  1.8980449113947533  4.687838698689355  4.684839142782268  
2.4232781322735018  3.9910524012599247  0.11604039897579713  4.212946870710906  0.10282832735091302  6.899212346981699  
0.07072219991292283  2.8326641102797065  0.1110128527837677  4.033064690156288  4.646662416107232  5.761722939279949  
5.246480485428783  4.45251225560056  3.2566040187897034  4.0875112718052184  0.9813009120583512  6.172617183790951  
5.563272868742819  0.771486956876292  1.6771329738227572E-8  0.8514509137393524  4.729188624338156  1.3302134018663818  
1.9266364403810943  2.6381355226816363  2.5655218395420145  0.4587946437352318  1.9940097330867903  0.7861727453600325  
2.855528005840323  0.31030179269864905  3.5718521619596437  0.8905197249649753  0.061986582488106484  6.24395962238616  
5.376923045387233  5.648059886428298  1.4428977845900843  4.388238452147972  0.888693580728351  4.986869816503151  
4.1725263337183165  3.9673554557011834  2.95625239836785  5.391084796633204  2.296931202397774E-18  2.171158648665041  
5.792691397617682  1.204542514395906  3.1735270143905727  2.33293272351306  1.8023916690096815  6.698459856639169  
6.570116958311424  6.4451613350458485  0.9075006392406795  1.5016975699513393  0.7875354032477442  0.3469438484065224  
1.96090218400421E-45  4.275350691375752  1.9174772293452846  4.6199655805301205  1.088366428095238  6.070309714312494  
5.503894250436119  2.29712591749777  4.805800938045926  4.682026549530588  1.1404842964839013  0.13779668088248878  
5.469302958233521  2.6891953718429904  4.273807224156122  4.612779577779521  1.0241985571186637E-18  1.3803673873412298E-11  
4.133401588033629  4.011911578157715  5.326424659196466  5.291935508323754E-19  0.02019782645066976  1.4011397669829923E-7  
2.6978476487859133  0.5396372868337564  0.07738319543719169  6.752837003473769  5.589634565660407  4.92342288238278  
1.962187149012863  5.599168010186622  4.709380113873445  2.864837079584497  5.908329983428348  3.113772524509507  
5.792662656565705  3.6723444690023985  1.6766318881512916  1.2280027903338218  3.005860793996432  3.2584795412690255  
1.6007939966676913E-5  0.17639189930435598  2.823287990507815  5.130528827679613  0.8113639603266518  4.292904455599856  
5.346807363580484  3.256998617609146  3.654424353146126E-18  1.203313583731076  4.967885715750299  4.647187812255909  
1.8429814818258543  1.924360468068872  1.0535799792129075  6.484343661651811  5.596187033750399  0.754603935997402  
6.19697808010361  6.883583188789644  1.203972247915945  4.0341914389748167E-28  3.022085255101188  0.7590963066622346  
3.6113228345108612  5.067334361285571  2.479454910172282  3.809514188917456  0.17841777597376873  6.0818564342656956  
1.179892414420855  0.9754614006549073  3.8898258385113786  5.530019195218513  0.8734607002825646  4.186826460169307  
1.807336912734872  7.748997880000408  5.2088716622241166E-6  3.97649145557427  0.47424775859161344  2.2186999589084397  
0.4766087636867898  4.55298759567515  1.2070007712312039  1.8323447944277158  0.7573579644098678  0.49197704319622676  
3.9065007245749213  8.713505673425439E-52  1.8517427861157985  3.720596468611486  5.5513430077192725  3.446156310094773  
2.762588442984624  4.021998671224258E-16  0.8730645443533753  7.028588867977428  3.9331799280636464  6.371395040083474  
4.451365972684427  1.7206458437606431  3.5346779117680263  3.8176504610194093  4.393486351671493  6.112123261902968  
3.884447965577549  1.15768678895772E-16  5.768687301866014  0.3007160994480364  5.3067944522864E-30  3.92530568756212  
1.2937021536003293  1.5707441092779282  1.7779021591234379  0.48445517769211216  1.623487714200143  0.9677272247099048  
3.7628299231712137  0.8699978061684263  7.666418088992996  6.969362279914317E-40  1.9317873599289244  0.10943149663063607  
1.771579259933561  6.111622379030673  8.580057992831051E-4  3.2864242659377885  0.6907272884719735  0.2921025338533436  
4.32845623689961  3.693505557027988  0.3890657325384795  0.8908845751837968  4.977852336999131  4.0131619945502575  
2.004729987403743  1.6439280216279204  5.212593945552525  3.298289194029148  3.0378265479702136  4.664142977555623  
1.3457169029497267  2.5919990086457747  1.929728310283517  0.8337573497245606  1.6948377087996624  0.8170410683654428  
0.17502013676052103  1.4165854548793053  4.4729651917876305  5.205329901036492  7.129074713885444E-9  1.866501024190206  
6.013928140380382  6.19855148310414  0.8870817176907515  2.60154457290913  1.5635624914806965  3.1207912543798897  
0.9788284094265068  2.5364242612693904  1.7332284956246728  1.1507125252401562  1.245680161628737  0.6604919286042714  
2.84178672479495E-4  0.41105493335634646  2.1433230893870956  5.974840335812784  3.2338396716414617  2.991988158778959E-11  
5.244104505419378  0.32212341217113366  0.5701842861131571  0.7947186496263695  5.377441562799067  0.6747294381632185  
4.403219895335331  1.1764129016129299  5.644193431773938  2.743305467124577  3.809496131285152  2.1603756907946177  
0.41378298649511264  2.0126679311348687  6.2040657789620415  0.8880582448936222  1.954055697659335  1.5995089838340033  
2.329700252069039E-6  0.6928114496169547  3.372066920396979  4.4840274875575075  1.9458946702561022  0.28921375446366276  
2.0319596214980336  2.7141339387663685  2.187805222528368  0.9323504227429659  1.22403873007195  0.591784154231074  
2.851498631269522E-16  5.641961166521231  1.035152662694876E-7  3.7180148738803522  6.437094164449651  0.006171068887047759  
6.366781360335009  4.882790922520329  0.004417855537514995  3.538953499724298  0.13324369187366267  7.028800189505983  
6.058238393453764  5.827658540314621  1.3487896293476065  2.4123193299353843E-9  1.7614712374812185  5.085753421341231  
2.0436103028163926  2.4911104123346908  4.725325798147865  4.350585168757417E-26  3.9916368546935646  5.125246958963516  
1.1454775282664647  2.333110746523736  1.9493708608502336  0.5660435955604675  1.3801792979013636  0.9372045474917169  
3.224915157478583  3.6343757378563635  4.548183772761883  1.0509298104509438E-32  0.2233259850179018  0.014076470313105424  
7.468746015229268E-19  1.0968348714073264  7.134898483193636  3.3746198998629646  5.922569559936179E-20  3.0043218330085955  
1.0602874319238755  2.007763053842269  7.205324337591111  4.64746938352484  5.45485038895934E-12  0.0881263003463005  
0.924708949965269  1.187408915128329E-34  4.7083527004722265  4.048001902482414  4.948311568595414  5.042414366612909  
5.732763358718696  3.6778539623650675  4.138641313083637E-14  3.453130299463811  2.156836613085122  5.856798582611226  
5.284706727414671  2.283808062977487  1.3897513641914516  0.7420185252229948  4.694500244124471  1.9022370116749916  
5.30916550935101  2.3997949584939087  2.302602264383372E-19  1.2031197140204526  4.7426975366581745  5.11813541426637  
2.649518007383073E-13  3.5323769430612484  4.458694983931952  2.4004064031805683  2.2673859795286835  0.6453744652176902  
1.170960159131977  2.5678558571483503  1.6125129519661148  0.2158800484381071  1.8972993175457542  1.2983245682226008  
2.0543774301922917  3.9351923550397374  1.2010698455591342  0.7821893309166036  6.8128560788866315  0.9200404239717819  
0.9695351195570613  3.9342294717623876  5.893484155684415  3.0074245868914313  2.3027557374635523  4.998208465776931  
2.401519182363238  4.358402591845641  1.1525102379887795  8.498949149908138E-8  2.0053092974013618  5.672496858594359  
3.0432109695170613E-4  5.9999008787192  1.2247683819026363  4.769810191862327  4.262762799850205  0.012464823267412379  
1.6173615596857027  5.216075823346127  1.7633327511887702  3.2142223456771255  0.5894620466987591  5.7611182434314525  
1.6235104276861594  2.718133287797699  2.0436713316983126  0.24459846865085635  2.806678855003478  3.549535713198621  
5.377643694776372  3.369455357873478  2.135363811059846E-23  6.693872141691866E-5  4.428894273308626  4.9494266022569064  
1.6546646523066184  8.608778954915671  0.04269058144420143  3.3962672435739787  1.3802206693851178  1.484330220250703E-16  
5.637380700968371  3.493972937567003  3.6363594048750674  4.034249096616177  2.2442122184842383E-9  0.24342317698160312  
0.7986905590234251  1.6751784269712482  1.977527665234339  0.3022005706760681  3.7034891584627085  1.0368005053575462  
0.6602418433558442  1.7261848331976097  1.34329937049343  0.6852290220381184  1.7044432318366929  1.0588957105510959  
1.3719901400750136  1.8247815230470055  2.393059523615159  0.39486573060806135  1.2363881832205306  0.8126253573390134  
0.9444263333149737  2.3902636282863683  2.3810605536133056  0.42230217991511226  1.4473098520658807  0.879412029160307  
0.31180487363827597  4.402433336227198  1.5806768872538013  1.9891583660592962  1.060718985588084  0.31667449664834724  
1.6963736317579923  1.1237416341276534  3.3443724841275118  1.0725225193784222  0.45011162621210693  4.380334547446083  
3.7177200547811253  5.202829261038316  2.456178620183089  3.489106620613505  3.910560805709697  3.4800451993811836  
2.916384979961904  8.478625797166508  1.2429140960835898  3.772960049047747  0.41913067513542795  3.433060079553685E-7  
2.0884724160341572  1.5288663911732985  1.1992729213333186  4.432219217559401  2.4802192868398514  4.830238395227737  
5.557550930674759  0.7287583827269745  1.811487835040796  4.4962598322721155  1.5835455256039677  2.301033533046949  
4.487819076707436  1.078230162902294  3.6841382527246838  1.847895134338802E-6  1.117648820265717  1.6896587070295928  
4.427479321757567  3.6106700661466937  0.00306842185109129  2.5735167226550977  1.7610991821901278  0.5970497874070486  
1.0652374580410935  4.428525443485257  0.969512769516832  1.4278708984886106E-4  3.39380351185682  5.2052231224149015  
0.5229424745550176  0.666242834746908  5.833045080980878  1.3200217160791696  1.261610677942945  1.9194694973169786  
4.045772064443703  1.063182058459522  5.034571162327177  4.756983744989109  1.962959364201096E-5  2.148551862259091  
5.694588197986221  1.9929130639908015  3.762706491580384  5.008031425637846  0.7825000775147438  3.6770471611181588  
2.0008866576457622  5.123114636588719  5.167365265854914  3.870976966428868E-19  1.4734306510744073E-11  5.421169939364851E-39  
4.651008648688976  0.9725229842416719  3.5708582914221942  1.0408782112183952E-21  0.499915329420222  1.5183251627343173  
3.419050977979625  3.756293894244437  2.5819437146250666  6.185686591714018  4.345480386195244  1.428965766214059E-7  
5.028626907244262  1.7813265462834978E-32  2.3912979194761377E-12  5.903400935271257E-30  6.60560439258386  5.2319901732272545  
3.057850087307569  5.5369067005887125  3.164519987629284  2.840822595136471  5.318436952737714  3.179961937249474  
3.634617811855376  3.0359613015549973  1.8089884005300654  2.0907198924232056  4.280925507471528  0.901748159551609  
7.138363357811322  1.4508589837865176  1.2335502844005775  0.6226324862291152  1.3710992901362493  0.31058260674707155  
6.473951460948291  1.388361486907704  3.5325217193887033  2.2531976848836366  0.8107097443806662  0.7811823755793562  
1.0177175133514022E-11  0.14692344477741143  4.10316851381841  6.257827482137921  2.6829357880960876  3.610169092872079  
0.7627717882575711  1.736849746301364  1.6884465719635764  0.8411696144977726  1.6325971631143519  0.8530349647076226  
4.278948867866296  4.6170533874914055  1.4478337597856765  1.7882132984550354  5.98131834221615  3.5624156957372284  
1.518343495547319  5.809855303577022  1.4114261770651076E-22  4.507255681136641  6.172457781751517  2.2427549235823654E-7  
4.472422075699072  1.6943373534957018  5.850571817178321  4.006169495022355  9.804893529533015E-9  7.311841559025368E-6  
5.048962874225982E-12  7.496924744774234  3.034480666641069  5.085397849727912  3.1453541748012723  3.6810299330978536E-10  
4.595422825924805  4.797391729033013  1.9206330312168012  1.5036286941106145  5.353232247078952  4.329318272140235  
0.6005935442952375  1.7594780256883606  1.06596705667658  0.893102836176884  1.6064044157952377  0.986277075734171  
2.281940396771901  5.037081964972898E-29  2.833036072463606  5.513836865694618  2.584321333971131  1.2984674896400252  
5.550203768590032  2.052241409917698  8.981289846001232E-41  4.333388351177462  0.8494401885807759  2.661813773065634  
1.653155376964767  4.301691402801802  2.503827184734165  3.7643713160471046  0.36716267889437393  5.924696554625582  
0.9499812754931688  1.7991265676801038  1.9203723621099966  0.9666701414361032  1.837719191138087  0.6919691970759971  
1.7954718682687842  2.2878660046384907  1.6420061919914122  0.8259386105640865  1.1186567114138775  0.767270401090834  
4.847927814658527  4.3527003983161956E-11  2.4707950289440688  1.5982592064613057E-26  6.369178734282677  0.9993978913447238  
1.8850530878990752  1.8944094899518504  2.32016796672899  0.5404802219610104  1.1161032002930458  0.6742951073265316  
4.380115059821988E-19  2.341245080700843  1.474860981711442  4.5723898949049095  2.192250415816829  1.89242350242403  
4.439279288667273  6.124892624634736E-32  3.802502063880204  5.313310758555957  3.58805544336924  0.6791994995632366  
1.7394858818053467  5.98014913347456E-43  4.221938553484918  5.376114576524365  3.897168307384748  2.645870445510726  
1.9605632717331485  2.707769658264694  2.1848180168765077  0.5175862782199072  1.3587571094244129  0.9329564992499385  
1.013060210228469  1.749167573299312  1.618190070137501  0.4906992088311372  1.8367433780792588  1.0888464859641582  
2.804967274229586  2.8032358523114036  0.6430569728510909  6.370244187222179  5.0303848510034275  5.855856850279395  
0.7138291657884426  2.2544662148690224  1.8690822560733245  0.8936141141744891  1.3433138778680045  0.7771955136037522  
4.704655708746617  4.9869449049050044E-14  5.842423682320084  2.1714455437405715  1.6753887357300048E-42  3.2148868369841552  
0.6808418360783081  1.7189996388801925  1.447286529410369  0.7965639092304341  1.5280976190331306  0.9298052797962431  
2.340900659345208  2.273035433915625  2.1134592087512876  0.48297095005172824  2.412616294460272  1.1215926634906728  
1.744425028277966  2.3544611713158208  1.9134983063275706  0.6768130159226237  1.1112999737708515  0.7685894662286716  
2.3752215393742064  0.5424724661353988  4.210368089283275  0.988942967301861  2.5808066540543373  0.029715826988190534  
1.31989764782002E-11  0.6324422233722626  2.9630402006866934  4.735944794681913  1.7567357734204356  0.46443170951291024  
0.3593729983546607  1.188593871469133  6.284184928208343  0.9447182422660282  1.9495016722351344  1.3901808684198609  
4.111378197002182  5.54866307114808  1.7303824403210843E-19  2.5990895995635834  2.6827506359396525  1.3892329532985757E-4  
1.5060955950285475  2.0401622190019535  1.8187540624831071  0.6372446282536665  1.2333352554504993  0.8424832212564436  
1.3142634896637122  1.7224162424700586  5.025087653499329  5.298783716500144  4.2554017044815255  0.45356474542478037  
1.3255033679952186  2.586393297113674  2.543249701132694  0.791833790755712  1.0600954940903253  0.5690450491842646  
1.1593438912438883  2.588799449327061  1.7765634158197625  0.9293475702857069  1.8066232050603697  0.7976866022539735  
0.7190746725355351  2.3021252360882674  1.9389061098154172  0.8599477505521207  1.619611064300395  0.8018350370701367  
0.6054848741179361  0.09876059593618963  5.646270454882199  2.510168869040322  0.47048315211522923  1.9860652434717798  
0.9047065567183644  2.954267666886714  1.734044679197399  0.6720359888985787  0.8899886566292244  0.9138375560285682  
2.119259813411564  2.489753907973695  2.311935980129292  0.9982374797892263  2.6192093280760353  0.44456534710160106  
6.0554222878693675  5.68504142047239  1.0507142783536909E-4  5.250086710810204  1.0759226298948919E-4  5.183312323031094  
1.810624489052695  2.118658102719997  3.2610239722355936  0.25485810835644795  2.959423594987103  0.6234611801819924  
2.280977035634128  2.3486944437455075  2.632978694404998  0.9303864527002256  2.6809831125444767  0.5869596969813249  
1.9077200375370438  3.1268086553151915  1.3591359321935574  1.5001676922625706  2.265386212051453  0.935190826617183  
4.8966470335509334E-8  2.00222850758607  2.0235395549753883  0.7719747470520614  4.99066981810673  0.7143334609675451  
4.234485116226925  4.295802590219074E-42  5.584168416695947  2.572237585542453  3.629712875849319  2.230877878140333  
3.8899247604194493  2.5991125850432577  4.446415943876898  3.7022409779778642  2.0718322697586764  2.536803629419912  
1.823450081768205E-5  0.03777594974842444  7.415797722623017  3.0547135123546814  3.0222261560319508  1.2908731888015833E-9  
0.7486470301980619  1.385349054316178  2.598097513790255  1.50869292740207  1.715009603360581  0.3194215096195856  
1.5077766844045202  1.9604568920782521  2.3914846784202126  0.260329450926705  1.563440843774178  0.9210813795588281  
0.7335940170417442  2.245847994271423  1.475452805442698  0.8929401096754268  1.4605899638066748  0.9174638972243881  
1.5862767374727604  2.4619127068177966  2.183761101787472  0.7768602277255472  1.6964307014301425  0.7171082620531457  
0.5145288586458628  1.617228336949463  1.0785146131195855  0.8213217303854162  1.9351026166233265  1.0679049183029274  
1.6014051173576405  2.5072830166810536  2.8099730378600927  0.6067380980146724  1.7250725673137086  0.7545204242565505  
0.7678753163369574  1.7401383366417895  1.6630953889034825  0.7117741164336554  1.4206114258857476  0.9188215531686917  
1.2465161699778649  2.147873190931575  2.078127374334702  0.6785814060243186  1.4259518227637507  0.7966417499801053  
1.5047573987526894  2.3827305939034487  2.719330248478672  0.48814660782009445  1.2123986642036546  0.9573842650822603  
6.60061549497157E-17  1.1981036545155169E-22  3.347489601498706  3.7434931717528936  1.5098193943806708  5.309683067442458  
1.266858175199662  8.204425167771861  7.784577854132599E-13  4.436930243462861  0.6265623067847405  1.1487066187581987E-6  
0.5290018948311833  6.933799969446751  1.6694972636988541E-15  1.2668132219032335  1.3708725575060554  1.7044481128754552  
0.13236914912488115  1.4439889628710956  2.2745281878745236  0.9058242607933671  6.547814685001599  0.6531316273216087  
0.8086233012074201  4.924493288548723  4.957278401277926  2.754542802281277E-13  1.9162564949167562  2.0982172351150696  
6.448959434013993  5.688147756410432  5.742200235169223E-35  1.4779402846518932  0.42234160291826534  5.598756333577928  
6.281769167973367  5.808873748022464  1.05088110317767  4.049326179163059E-8  1.3634506551590135  4.221929783554044  
5.330291003716257  1.247911882850417  2.763464272218398  3.8703752693654847  3.626302116364825  5.858330244589067  
0.8379934332412551  2.4063720420659744E-9  6.165027857029252  2.662860461828771  0.17442292453437291  6.781678860487543  
1.9175360908342955  1.9603594644526587  2.4035549741826565  0.7326809400582753  3.993284397632058  0.6892609353159328  
2.677412530919236  4.5897064224918  4.5150738119322895  5.147488359346123E-16  0.3154484362931123  0.29216104137681626  
0.2585897230343762  8.331715938428962  1.637886512160037  2.336719774367593  0.5568301205448153  0.6204208208164669  
1.2535023517250579  2.4230692628153205  1.8768617480071947  1.1159334568402326  2.38642205395151  0.6471567777732572  
1.1387322593643212  3.4053759756438513  2.277958514195268  1.031747795782186  1.6829660884783515  0.918946058612717  
2.0273194894774393  1.7339591687340226  6.816082299329157  1.426497013611468  4.661974203300699E-25  0.2506481990262036  
1.8518461941064603  1.937376914310634  2.082415226132646  0.8149503033136772  1.8706598733145798  0.6424504194841032  
1.1834580140852597  2.8391250704516335  2.535145753502062  0.9503133844415762  1.4727450233505974  0.6286191242167827  
1.4318739012215098  4.224417024329702E-11  0.709266416552418  0.8595485532055701  6.8427634182383095  5.237552221028145  
4.639283209338539  1.6082243823583937  2.849021395538561  2.80993430225145  1.8054039395313488  2.0190529934842254  
4.636757926487564  2.359671396404215  0.19979618562054152  4.393381091004573  1.7727045518830076  7.206609910564105  
6.391303424787975  0.5647653877798121  3.185337673169896  2.2105488182634896  1.9387609688752934  8.082365814072832E-19  
1.3387239631513874E-26  1.2823883658952406E-31  3.8885437069345317  4.461946088341785  5.209685571620992  2.208833250365536  
0.08348073164227761  1.9059918437024461  5.448714314864355  3.516142876470623  0.35267510149069387  0.2630648913489241  
1.43752427053377  2.713709751118634  2.3408657991915303  1.0369123100699393  1.430413102439775  0.5179420566600594  
2.1723334673099615  3.4938149380282697  1.8716613481563475  1.4657999334337517  1.6318366110093934  0.38435767571262214  
2.190717972649236  3.355006802359414  2.3881467550189153  1.4795795430374823  3.357006015200106  0.5949092117567383  
1.5664746928731195E-26  4.475027778375823  1.406569039686684  7.232798389436101E-9  6.8307625927234765  2.672807836939908  
2.546729674821454  3.2540603776855628  0.3501477318036895  4.421168391533497  4.639140484915778  2.5440860316030838  
3.976731998236101  0.6457584035622029  2.3522174547103936E-13  3.741430542506801  4.622310085575875  4.274152900671054  
2.4987309721432003  5.158671595276996  0.8307789012256886  1.1307167743619769E-8  2.2173863808845233  5.36651997405223  
0.6056042464826434  1.7750599009222303  1.0704668146400766  0.9054694400314609  1.5797054696484734  0.972224682170863  
1.8701628381570332  2.4349771465831074  2.8636364604491007  0.05364036019538881  2.1024218091098814  0.9660657077570551  
1.280213946697457  3.024173502784064  3.1416105671168375  0.7871916227486272  2.289208803142936  0.8190485131309808  
5.314833494819449E-11  6.51422561034755  1.2585573694124943  4.810386775853594  3.1151094872394536  0.06109902004057223  
1.878033849979059  2.6264681059859685  1.2757860869458233  3.8639481341715736  0.24733669143928308  6.681866325121739  
0.19358772126129872  0.56612250487418  7.280747260992136  1.0758385630873357  2.2110902838544186  3.5801311499577633  
1.9616521030532286  1.8928697034165864  1.766508424556066  0.3121145112777043  2.0975222580155113  1.1173215755843195  
0.9066643916502971  5.3954103239936915  1.0363015409723332E-35  1.5920137444632994  3.2805687448676997  5.090425075102624  
0.6219054039234571  1.7864660348620978  1.0981396370852716  0.85893435537584  1.5875944676661593  0.9979921332992371  
1.4478623788872307  6.280362439224315  0.8398840335619263  3.6071708909809717  0.8673158380423156  0.30573616124202296  
0.027178036851534033  0.5764698242984102  6.013747821461822  2.253668054760652  1.8178671963353386  8.780245051330027E-8  
6.459323691568439  3.0203901845880896  2.661004348231297  3.216191903845618  0.19000184944236753  2.4481347222194957E-20  
0.9827491866906264  2.41707763175243  2.703335714668304  0.76395156652199  3.5212467642611456  0.4806354203423169  
1.3647265568127032  2.611176308920911  2.7808079299945927  0.5893784238616091  1.7855086449360031  0.6403712798041986  
1.989305774050221  0.7822328522689732  1.1341066031806148  0.4666805112395758  7.278833572365888  1.7533648719379622  
1.08434672229327  2.77379338436137  2.955711290073329  0.7221301263303582  2.422352291344748  0.6200393239602441  
6.074555803298061  1.6357681839462952  1.2829580749567672E-4  1.529792772016397  2.2184791406100897  0.46740423157045496  
1.576954010964576  2.586888793702667  2.4276493007771833  1.1150754113682018  2.564385648824189  0.4030811438777308  
1.8506869673320403  2.085599673492058  2.223272637604028  0.3396602806315307  1.7197112973828974  0.8713502736714914  
0.6604481076532871  2.8584055520637075  0.9576301577772334  1.2608771179599334  0.9874662730179666  0.8557953942204147  
0.7793574023088514  1.8549508793157221  1.4918889091768006  0.6102737651928698  1.6575659560729235  1.084313094090554  
2.2058946935858663  2.7149570416326942  3.0028703790194347  0.4295969878776718  2.0917926693014715  1.1328563335962327  
1.2585406827185623  0.28349349245356936  3.0891160257300343  1.7605467942045918  0.9794287767246067  6.063330741289876  
4.984093894761677  4.461774231257905  1.3600861841180407  4.8138831073740285  9.404909521753743E-61  6.813633593203353  
3.6736488706952226  6.403543674443954  1.0726969972054297E-33  2.396605568975682  0.5236553051555761  5.281833431110912  
1.2212335539689998  0.78611449649354  2.4308587016036425  1.3847126915597319  1.23821060461079  4.402528647425433  
1.3654136203568406  2.9771211945206932  0.6996009122318817  3.9408708684530325  1.6027278398604308  1.9176957335475382  
0.21075574305866523  1.5996698765692015  2.573077178477641  5.352661135285621  5.202499131902208  3.152613487314022  
6.0202278714528425  2.950182770300665  2.885084961453488  4.0663284434671505  2.365437553502071  2.8440994290195056  
2.126132624131043  2.655754213418709  2.393155131782316  0.7779043655011845  1.9953749659287685  0.5658584226871816  
4.216471614175996  1.0471107426305066  3.8352307293396692  1.7669514149026655E-11  0.747532608737641  2.1057753208007313  
4.316944757027377  2.858853531401049  1.2609482340461449E-8  2.9044803140399096  1.6989329513004527  0.5311062456903484  
1.4398329996364958  1.929916502535669  2.0637280906159168  0.4232934186253481  1.3569038341979025  0.9252356180157298  
1.6631093265633266  1.7598964687847802  0.4840225958441443  0.6235996819687399  2.5002411684796715  6.198457444114368  
0.6787753629852448  1.6594951816632586  4.518090292529444  0.5141219082767869  1.6456358530052422  1.3200186825444  
0.44141335066482035  1.3054530369618216  4.7197535969739866  1.807201113630297  1.4481229662489226  0.725186237373484  
0.7703727654074428  5.777430870804421  2.4705879481520996  6.106897157863763  0.05215599495926843  1.5585721777040493  
0.13917052650190664  7.527235428258621  2.5972373136830296  5.088730355273585  1.3084310438333003E-6  2.0344246891475632E-17  
0.21513507624436157  4.875697636093242  3.1720330119561453  2.7239573048452512  0.4778628839297397  3.6226679099443797  
3.6637798920613585  6.556588517916755  3.9316634802149473  2.309062998292676E-14  0.6532528228799866  0.1792329328796584  
4.603239593609018  0.8009178684723105  3.515122448078335  5.387197290039866E-34  0.4965459693900109  1.8489068899259595  
2.1798678855988007  3.241529766401999  2.7888939950504583  0.516138091105816  2.0126297223921314  1.1977331827468192  
1.782007827160789  1.9689787245013377  3.4471610762453495  0.7265840048601728  2.745953052499102  3.502968024976326  
3.962370211538635  4.736730899536152  3.933572593829652  3.763206500157567  5.531865823275859  0.9059980291307259  
5.870343602055559E-22  4.2173244054102575E-33  1.3650739902856088  6.011415897747929  5.341173963825964  4.210349158853925  
0.6276265419542311  1.3216426344094168  5.259587470084961  0.9946169819660725  5.505446135650745  2.548631935130731  
4.019133034492328  2.3083560308199624  0.3514660755112981  1.1697290631628134  2.298635618847737  0.7666823473358023  
6.051940997393155  1.6929741738573059  0.002788708612851331  1.5970408067138313  2.2230078490797425  0.45013778228628487  
6.197108694162723  2.350360135808787  1.4137348145797484  1.076777274207057  2.5657008525684586  0.4013765089926162  
2.7470545420450616  5.9119846556826525  4.296346351348575  9.258255892884536E-24  0.9968089248049145  0.9520674495621162  
6.5992750947358  1.310105209953193  1.0980811773722428  1.9268648091650113  1.6013411831240245  0.3349998523922871  
6.56555340990795E-22  0.28387652200674546  3.989513457796892  6.369457468615548  2.3200085596932896  3.5535280606197017  
1.1703937807303912  1.8716288053018342  2.030999235878776  0.8023709843112218  2.1323340607127013  0.7565984984087252  
3.8376790582357128  3.4427566558071767  2.4762359655744457  1.9747383098226277  6.006107663751166  3.783522259755584  
2.1749695100673083  3.810346800385533  1.6092435443207815E-30  4.543584320420596  5.505301255533159  0.8413158472635772  
3.7858844360405137  7.195784837332887  2.970303184068136E-25  2.8047194668754165  2.5971412156340423  0.009575550844843838  
1.6402785783811094  1.2365385202410113  6.522422112169832  2.118620773958892  1.062907646526547E-6  0.9801112496026371  
4.016955504686863E-7  0.4905542727422961  3.2231117695933023  6.112040374175656  2.4081443807499268  0.16285227259792276  
1.198271408176282  2.181663499431413  6.034318102377117  3.9353762372278896E-131  4.893705365400196  8.75323655247586E-43  
0.0019702925386651028  3.4717154273762514  2.7010186598480206  0.004229527650580907  6.290502879348239  4.418018176812239  
1.9701155407987554  1.9993022454823386  2.915298626110385  0.18323760820654722  2.404019939107178  0.8112648960357902  
1.7357975939018597  2.140381694399193  1.917990714745694  0.7562336000881288  2.327822420038295  0.7989261158427853  
1.6354646023952717  2.1208192295701758  1.878319577949934  0.8510324596916057  1.3350141601585637  0.704791450314744  
8.760291072405695E-5  1.0699934761633818  3.0405687820979272  5.266936104506852  1.820264289821846  0.7555036427143418  
0.7653341187137427  1.38581356503019  6.183448643254176  0.9933536061307542  0.8982724673555127  1.9143124727886458  
1.3575216450544052  1.9500983068512445  1.5516790272627499  0.7914535559041648  1.6354576094266262  0.8787968053072344  
0.00559475565704725  2.83566616812947  1.2255655072993372  5.411801700935348  0.1417040347531342  1.1551718084551246  
6.224548865505435  1.9817666958514932  0.3393399715592116  1.3854006895943154  1.839916192796092  0.5517595953357998  
1.9994609261833436  1.5912692186622504  1.9978868313508293  0.4056950775799028  1.9235880805105783  0.8863806328894435  
7.244554251729479  5.850604678812631  0.8961247568714684  1.4837905147410226  0.6071775371797291  2.8481219540306517  
2.4179857992408724  2.8857496515961394  3.3497654097112965  1.841966206324392E-12  0.5570041485663277  0.5532618313581911  
0.43063897586043415  3.6980132987364143  1.4537306684899585  1.6342649439337675  3.594644635900263  0.6053219360453386  
2.2171910782557034  3.0235897397521323  3.311653911148559  0.6742459187133424  2.3182194524194837  0.7865535670277382  
4.712786954855294  0.691353822249462  3.114828836602848  1.2987084366668044E-23  0.6314869338902778  1.843699217302515  
0.3215082212546852  1.8672089725992262  3.422402347050402  0.7264550996457161  6.251592500785657  0.25411499052260994  
1.629631455598214  2.4870865688886012  2.5016440468707057  0.9501902167669231  2.171884527826209  0.4576454107529457  
0.5232703348109154  4.646897764068329  1.72698581360515  1.2880902547622997  1.17312876956445  0.6371577816897926  
1.6628433600587995  1.4602453356701621  2.5053125799407274  1.2903678445364062  1.1473529927800135  1.1273332157457885  
1.7094301580864775  2.1827349496403268  2.253906489506561  0.6371192856779676  2.239399178424263  0.7677058908022468  
1.4817656628775908  2.4541324150587074  2.516502130547121  0.6110339176644866  2.4607891835250157  0.7074425560344704  
0.8706779740847134  3.8516524511171544  1.4293117167895648  1.7152504281156917  3.0817493778472334  0.5109352991045308  
1.0860875722662011  2.2342305319565137  1.9783180194691736  0.6341864752591172  1.3063680109826095  0.876400833380327  
1.7722937396433904  6.452344948056955  2.8283544668404104  1.41920282970286  4.8763769252992955  3.566468081111112E-4  
6.250765296222227  2.1758426970104208  0.23988777584393767  1.3098777488397502  2.641988857507383  0.5348680414060701  
0.13226872750655022  1.1139394542873766  3.902786133803391  5.3648888317052705  4.07238147454693E-16  1.725790396764352  
