4.907760181506498  2.5518796224652345  4.619576434503815  4.263144161380669  2.6116045813681557  2.2965384352831397  
3.370840117358499  4.559989191095598  3.2370779296150767  3.482272305450874  2.073473784880303  4.389430062868635  
4.258131616437096  3.6342969260526417  4.666324045454367  2.2982322450809245  0.9463602310858041  1.33903420920983  
3.7779844235989697  5.570955582532909  2.302184323680685  5.019090818271041  1.1527494653044945  4.20947648970163  
3.9640489644442978  3.5663886167036796  2.9118521372594044  3.9261172028142135  2.3595366257802164  3.366307704198857  
5.28782576927948  4.244779587529165  3.4320099974758995  4.632171120699442  0.8364182032134418  2.0096950613219144  
3.102950769375765  4.639602055795237  2.2049171684537816  3.7178242819925535  3.8434565606784123  2.8486480711570024  
4.28629855623993  5.032835267364389  4.431027266951386  3.520815999584592  2.4368838526529415  4.546108121994587  
4.33605797741075  4.362329093989451  2.1316183561025537  2.2933213492073015  2.721839201184568  4.638884102824499  
5.375317381530321  3.104900371766053  4.086270945116984  4.431615069318867  1.4857950852455615  2.346931019875385  
5.593114571716125  2.862161625599269  5.345997755323375  3.9545865489311542  0.8171711959872221  0.11590050262757426  
4.43205079125796  4.079631724438215  1.6733358537998066  5.47965678500712  0.5457756026691589  1.8583389148503306  
3.849241951087075  2.842881103387555  3.3522428507623796  4.640548747713708  3.0396365793493176  3.873089490182588  
3.777264831333012  3.8969283268074157  2.3204156756157603  4.345045027157809  3.8849892222020412  3.670282888629505  
4.73999386603771  4.922202678050738  1.0285473431949677  1.1845305762403746  4.692452125687206  4.113656300830475  
5.8319804997737394  4.702312453014169  2.3264612914663845  4.517069317240179  3.0159627416788304  3.7034163312691804  
0.7154968907903013  3.8741287113281047  4.868583833841405  4.375815335997152  3.9727433356113444  4.538229169763509  
4.694072948923948  5.824526440827198  3.068440432018267  4.095704668011341  2.35017857277804  4.1847379467694115  
4.6501168295792255  4.1291977183702455  5.710596239005429E-72  4.73770351123781  3.099185629487261  3.896046776898403  
3.107910296735985  4.9984348533631575  3.9087617823075727  2.1210810727199654E-51  1.9675719398950307  5.270589595325937  
3.1644398875409396  5.601843215307669  0.7979919051839788  3.002010813094715  4.290247834221933  4.022623287910594  
3.231163720625874  5.192717778369056  3.2441225440002492  4.817222881510728  4.194896744974932  1.0539026537812726  
0.8507868960830987  5.347254401176829  4.6848599455254005  4.283533832061944  4.7647265651760925E-12  4.979660024522648  
5.54048854759121  6.734000747065049  3.318387630872235  4.342246168801757  1.5007081754395992  0.07682141120295083  
4.842269456613519  5.4611423865974995  2.6085954389980825  3.589769260580373  1.8568679006223368  4.324721571195389  
4.665574430748454  2.210795189672475  3.4752961390663857  4.318161139414466  3.777630835581762  2.706663314502669  
5.060819176010626  1.3579613002034394  3.4222629279401886  4.950344220121418  0.4361695629341019  3.1770198152018656  
5.586690269939239  3.9289807263027354  2.1618352394884854  4.619073442117874  0.7016059402098909  2.8855122222834835  
2.573092758958397  1.5018883271044956  0.8455988229388418  5.0927116426410635  5.756070511382702  0.7671204875130831  
4.888803868818925  6.336012204375752  3.527865367276213  4.1223462411036556  1.7856874570655203  5.921511459101138E-15  
4.0131785590723235  6.463053781392764E-23  2.1852790495532166  5.398490753161769  4.960721351215889  0.5786792398528865  
0.454037111506091  1.085626876216196  5.707470311107583  0.8036078844843829  1.50167671818526  0.7608970060557416  
2.6430896081849204  3.6355273899521667  2.6218645095270086  4.861097700444181  2.673513596597674  3.2616182183193025  
3.8491505952141054  4.250092234490721  4.4422549438898775  1.1564805796022049  1.8103031172810515  4.114989928398299  
5.489062680170192  1.9993249891009819  5.074063156428416  2.575259193909578E-22  1.8535856997731226  3.80318448260947  
5.122249869161848  4.250968151754344  5.051770409363409  1.0123903282235416  1.856165733596913E-6  3.8215476042341487  
4.061014701172287  3.2926581343814942  5.692133333672323  2.0559566313861672E-48  4.583960190052388  4.821710589748332  
4.180783585939549  4.659077272869088  2.130932960122684  5.29494759872155  2.117641869929332  1.697350924391191  
4.453816317806889  3.8630566299543183  1.5647768203916965  5.333374697237945  0.0210671219609191  5.700133648431043  
1.1493011638758732  6.129569445695002  4.166960076567926  1.5284466197761073  3.3374206685245458  2.874058395008905  
5.147296216818485  4.1135995981133396E-16  4.905453431917869  1.2782955994619967  4.1448272252535725  5.133143945770896  
0.20895693320548958  5.510458145668248  4.6847816137963075E-14  5.044155426066651  3.3620611954626343  2.7324053946697635  
3.800517314027052  6.603239279602265  2.833939789501583  1.2048573142889746E-13  2.916318531163186  3.6435411331452596  
5.140473802208445  7.101025097749894  2.223894677201811  4.332331288818678  1.0469389591057736  2.3430122783426013  
5.870170025422697  2.4780391500502237  2.9153009508637586  5.245284584606353  2.401243808117498  3.7637308859190304  
4.384579752152986  7.491179410913255  3.6258729750468532  2.279473534112698  1.1138001879282893  6.0448404543985235E-24  
6.894425026133035  0.0561212209260423  2.049688186611195  0.9420065602668102  1.4217489120889781  0.7677205387301084  
3.008426926906278  1.0123110168892548E-83  0.14811099456735963  3.2147923370753824  7.181432812190555  1.9386891140389315  
5.622542897365909  2.183368950778374  1.070989197228542  5.254664570844241  1.1477242243177963  2.3483074218390114  
2.7431376624118748E-49  6.477604422733766  2.091912816924234  4.567148076527481  3.2305936962971407  4.0465342749027515  
0.7188029964144005  4.339182430721869  0.023613501356522185  0.6206777421757389  3.773784116533159  3.536397217685273  
2.347487317099361  6.730615351861966  1.4271157152929443  4.424279784909455  3.373553127389408  3.1380004986562753  
6.122167724028075  2.943373551921138  1.6494846815700666  0.17723706879440682  0.8307952698807434  1.719363305384239  
0.7604949156570874  6.965189960623338  0.6504217987264963  4.957767343539635  3.298843917682886  1.8825324006667061  
2.1142548131495538  5.055076998785494  3.320456938363852  4.423519734072205  1.5839716735899105E-82  4.9293591357276645  
6.025158333115518  6.445962843173849  3.550922431828612  4.175613041397345  1.8701275378944477E-15  1.7259263436476957  
0.9920824517551456  1.4150249514709255E-6  1.5530507727419696  3.3892959480919527  7.041316873871446  0.5810815435067473  
4.575932013983975  5.498655806760818  2.52197810782366  4.765427796593982  1.900315087492998  5.34289366905914E-34  
3.0005637970585077  2.6522731597054072  3.3913371190942976  4.713908926443827  2.26012272905111  4.076671384524636  
3.334313789941793  4.498783925719123  3.034631936725146  4.094486867814261  4.8798225258535535  0.7318787692154544  
4.735776448264599  1.980220854664397  3.72733730669671  0.8932500590838066  5.733129747964819  2.8629209952103074  
1.7256555057557568  0.8392919951419956  5.779997996429422  3.0583408570572383  6.249222721417466  9.610836939017843E-14  
6.52094476018481  2.8510494983614204E-67  4.487158254360591  4.019280091195498  1.2695154972203495  0.9073683732267054  
1.3456348623472103  1.5586702767854639  5.042625274377886  5.033103894147792  5.629370330512301  1.283698122180747E-5  
3.591832192972659  6.750028280870639E-20  4.7242283720440295  4.741044166894391  0.9303732197529361  3.706689878540082  
4.653735040691594  4.117804221515488  9.747963257379096E-46  5.440779241825645  3.6378850209096707  0.670878619321481  
4.250358287817682  4.09685467399585  4.852785220270047  4.942157838969336  0.412631079204919  4.651640978628994  
0.6285763167483098  4.523977666169456E-43  0.001472351992834695  3.949588639198318  5.480559030484693  3.3572357348467623  
0.9164638633521592  0.910367122144334  1.4347302653002403  0.6914123372754047  2.110058751875582  0.6990648442731842  
1.2928474623862252E-11  4.941100446689085  5.062765629461362  1.2814331230270226  0.5500934938741082  0.7381557116725371  
4.58074360214879  3.9825248100633104  2.6956258145340253  4.723414977954077  1.2029110257663808E-83  5.841311832876238  
4.7565613425610085  5.954588795857394  2.927673462428976  0.8285527998035241  0.8639017743060708  4.221615502266912  
0.0013486714872910125  4.436694852942595  3.8816644389241572  4.458360882786042  3.730473551573757E-54  4.811802719818986  
2.3225432029539133  2.9324379778120644  6.942595642952736  0.6440602371102594  7.690558070353212E-6  5.471996118017188  
5.867610781562227  1.5436572028081836  0.14226706690902788  5.749949906256999  1.5851634341433387  1.510215874486344  
4.6232747236930996  6.125110978660609  2.9349181290702746  3.7065858033942787  9.946668771541231E-30  4.29496477840517  
4.810883913037543  4.8440444546004615  1.9531560058186647E-10  0.3302704118423772  1.5227699116701694  5.449006406246374  
0.08997722289156618  6.292404370784108  2.81999468447489  1.8928511266513227E-28  3.923607822475665  3.557854027473217  
4.540239044093532  6.310219509514935  1.952841856250131  2.1507245362505856  2.952235818433921  4.571233708044627  
3.693052376381381  4.631971914082338  3.33909792966442  4.614414412136526  5.628135021458286  2.7433737444313455  
1.0709928901809984  3.5940525283527016  4.998088777721509  2.916864140747563  2.340188101713983  4.577959779779837  
2.97378920564354  2.750843118757769  5.519716386959848  0.6435484389684676  1.027908041854324E-14  1.6814974181237572  
1.7751275773956376  2.569824035887446E-25  3.7147644162320548  5.367143249922028  0.814975125988451  5.472657754945823  
4.622900906526805  3.9610992706651675  0.06391366059765377  3.795730622970067  5.086813273367122  3.5208013228996937  
4.171888450244534E-84  0.5706254441377252  6.644580316291672  6.43884564004161E-19  3.232533881332849  5.707378129207806  
2.174370185474476  3.788856685251671  6.024087002621698  3.9643206470650436  8.27686405087202E-12  3.3579375801748226  
4.726129435775396  1.1676643618684526  3.7237716937846406  4.248751588062587  2.0142875916145915  2.2117837772137805  
0.09501835877159982  1.0801916981508823  2.1426380025181607E-19  4.468623803113748  5.5125850972358315  4.9721001399389815  
2.0645534727993278  0.6787222025426393  4.707808192085214  0.570963312801694  2.2660076002803655  0.5845318064059863  
3.4795105025387127  6.797430460290983  1.1533784304550883  6.37722247636974E-5  2.4630499351416026  4.163115035820781  
5.4159588146731314  3.1366583628801252  4.929409299391262  4.121643530013766  3.4566241793977017  3.7612883088322846  
4.816303683988973  0.17707869158674197  3.716190755247266  3.3843758892617775  5.767972402429266  5.051167347205052  
2.0944035059748534  6.5782101716062185  4.74499152875798  0.5170449573832847  1.345452950032457E-35  3.3028251741870887  
0.7295034253031638  1.2450661840015296  1.8354344561560427  0.53157597626786  2.110118624896025  0.9787752583634015  
4.501698680409078E-35  7.147766511465297  2.8020413859634106  3.8186027766294197  3.315936717902619  1.9078925355514716E-23  
0.5396010478344543  0.4167586970279433  1.2634637014440513  1.0900046302220385  2.84600194479085  5.0052038718599565  
2.605820800195489  1.6287045999038296E-83  0.23620875092027754  3.0710719576410175  7.626393742332223  2.128645408383439  
4.8826524912249925  5.821739417495073  3.0416464020272502  4.75274422968286  1.090890105109513  2.3125870031363243  
0.729638825288322  1.013374207318693  1.8121169970548388  0.5657886454906698  2.1607689309977274  1.157965514752013  
6.077455731547928  0.6266083486023519  2.822201671323478  0.40067539260637397  0.3725248301569448  2.862303040137159  
1.2237639522608925E-53  4.043244070856731  3.4079282976605354  4.762337462632549  2.5496754922868425  4.7682194032952205  
0.9173860794209668  0.910036102763619  1.4326429785465555  0.6923184991903046  2.111320363799657  0.6985095740069165  
4.411388400743748  3.1211480876389426  5.327889064936937  0.1870129949032856  2.4594080702714235E-27  3.135927821538628  
0.24374615988275747  2.8027322529051197  1.098916070083803  0.5302181634395924  4.650301266062569  4.865127236535814  
3.808315495100446  6.412407017396595  0.9875683367243648  4.214596095587408  2.9717895802662846  1.731400558147874  
5.650484612289463  5.139129916249324  1.2275127125150936E-28  1.3479000748344534  2.808421257393931  0.16921512644982362  
3.965573934384789  1.563613850397821  0.3537045045560209  0.7954927076258145  4.138896258136274  0.134716409105522  
0.8765899776569989  0.8850072399160337  1.5562267693261298  0.6581182145076477  2.214034029185806  0.7595271219368867  
1.8239105619985247  5.907553421082294  2.719638548409918  4.973946641976682  3.7362413745237526  1.402351920549342E-64  
6.14404454960971E-17  6.471552795556443E-30  5.485527893417136  5.063840780690385  2.443504906676345  5.3259919443814  
4.81357812484367E-76  5.303528115781882  2.4388465425492427  4.8021091709309776  4.10528777702118  3.3325229706548707  
4.170167325581976  4.108420507960182  2.964366942349134  4.498631973534099  3.4389979437836073  1.9348194403015705E-23  
0.856743272529683  0.9159420396401579  1.6882092772141848  0.6113479898971174  2.119067248320894  0.7657006282300639  
0.5267859155076479  0.39811754990315545  4.817260917459628  9.108111032385112E-6  4.983589441853558  0.8012986427328692  
6.882011596856491  0.002255525306835868  2.010545011919156  1.0842802020104632  1.4911093223225014  0.7213459260580503  
2.9089431119539584  0.9437903732985429  0.9606398159516552  0.9106413374743082  8.295481935338263  1.9633903389194695E-17  
4.663380726028721  7.202851662468907  2.078508782811138  4.3609348403284764  2.473338619500187  1.5211205592515433  
1.5906188466689748  2.2453093066367273  3.603850381568205  4.833259157830386  1.515804727634875  4.828988009337944  
0.7089218771927377  1.234636786206121E-5  1.4523438827462267  0.9760465792033722  7.395021524678923  2.6346795240904775  
0.5304363786379613  7.524659618253304E-15  2.4345364612760707  5.355884660958729  5.50965204953901  2.4707681806206385  
3.1110259379551968  0.34033197638625473  4.992627116218403  0.30670647766851755  3.036355013898788  0.5784394044904394  
0.4342828563221296  2.332044422295306  2.8904682802055017  1.1344019125132487  1.68978974411706  0.8599250019889929  
0.60091916310284  3.0018181415105865  3.883448299738937  3.7670939187514705  5.3258085350078765  2.078075481427272  
5.045138231792021  4.295284564629925  4.799296153125267  4.294008441175803  1.4406884881511033  0.9376343993466961  
7.917369145333612E-13  6.0831999388575095  3.0901163004607772  4.657101112982137  1.187005231943668  1.9498262407696813E-6  
2.952752906711136  0.03462934907206186  4.409830365527767E-53  5.107745385267185  5.982542457979562  2.2188054256446415E-10  
1.5857538606787418  1.3722567523242477  6.386044933793528  4.045346595901973  2.6303656072774113  0.2420601642342176  
2.832445963106543  0.04062221691873265  2.6190425736958938  0.5169542713777923  4.111205418155634  0.9930039467903387  
7.33941161838407E-25  3.3354353714472725E-27  4.61577875406359  4.470483691024331  3.9296154749667407  3.388313099543872  
3.8631684164388826E-47  1.7426489332483834E-34  1.7035157080918308  0.7964970103457848  7.975478837348224  4.955646184384481  
3.4599161995776493  1.3465179045704931  2.6895802462023606  0.7865639070838336  4.5987253098303285  4.874497055113454  
0.8096004549392275  2.741593612132219  0.723486958036121  0.636315289589962  3.011830577284965  0.4503457682130649  
0.9021437596356872  0.9012371206135356  1.465413854424364  0.6829462131297178  2.1493651067188693  0.7182024496389338  
0.9032993035768272  0.9111834484221639  1.4792145861858337  0.6755372224737431  2.11731201265707  0.7085273325061593  
0.9039761200099897  0.9111073271545117  1.491447905418912  0.6720112407649246  2.13244308847182  0.7003311855490155  
1.9783210223491305  0.8319120001710043  4.971065172940383  0.7617878275606934  1.4352077128713032  0.6734148502144106  
0.263918802596175  3.6047728990230308  3.7102986133344613  1.0468429808363102  1.0649545189193526  0.7473487860929101  
4.281991881539872  5.082597997075182  0.8952451316226916  4.876265391455853  2.7130483783335837  3.6841529926912573  
2.8899573903569366E-7  0.09511718138380824  5.615853225058303  3.7882327057888747  2.4945884776638954  5.658255619774637  
0.17251047541960132  3.877733778513941  3.761886652603604  0.9141874575436211  0.8274239620337593  2.9396373835149863  
3.3199284414607027  4.624535973323673  1.7918525955692106  2.0716184610107558  1.2205484782325175E-143  5.064690319145844  
0.6299644555655226  6.3554633916096535  2.109265532418923  0.696818753210242  1.3352514170202117  0.8292521481561517  
0.646153660013289  3.0935065747560038  1.3744076001687133  0.458497205684038  2.3086186180717125  4.103445151654672  
0.5501271057468933  1.8577251981693383  2.7356780830884997  5.210391081951062  3.9818197895091827  5.176788013379662E-16  
5.629821790334456  0.3307270094963615  2.210740061851883  0.6148966761483713  1.1941323149216634  1.1225635961411822  
5.62004225865724  0.9266269432660748  4.046267681022498  8.434375228138864E-31  1.7506457201976966  4.530680789926405  
4.05636999263887  5.320966392409113  4.54157894520138  1.0251102445705755  1.0980157901821045E-31  5.293119330411046  
1.203462398477549  7.717650813669596  0.2897022883742578  0.12148713122379692  1.7874634117339385  1.9724157533027287  
0.20680843085708656  5.741484126079873  3.6609115726715267  0.8724792276454046  1.3347293189633382  0.6840671094244721  
4.641270520187454  5.484026201860385  1.9609977067235755  2.8999704208666603  3.859720164282696  4.547337053839258  
2.1315781797436654E-228  0.05355209618717736  2.279781048044487  1.9607875877252392  7.979759217532325  4.310059563121001  
4.152077755019014  5.17380902283237  0.9193721932538583  5.0704602856207295  3.379249244914398  4.124795673565182  
0.46129634376649326  0.14061207940797568  3.585360850780584  1.1992734234958913  6.847891124810956  1.8762657588766956  
6.080447548581379E-30  3.5744082553316434  2.689194346087495  1.4809962605303322  0.8990497426149049  5.427206777339866  
3.643321217997026  8.498567644761626E-58  0.3861523098658348  4.930145103708485  1.554971840665083  5.386380707130989  
4.981839901442337  0.7124716791827264  5.2184299631686075  0.4785043129874688  1.6670748315664925E-23  6.158466537945439  
0.913525988157298  0.9103462298100466  1.4450278990241794  0.6873637622401707  2.113077890101324  0.6994429533285482  
3.4220212599195188  5.699804589198465  1.9258395382431648E-23  5.441480629749148  0.9447775104512499  4.48498651566132  
1.1589969268470628  2.096017601401545  8.770042601346959E-8  3.8318059060193934  7.551204380185176  3.08231959831776  
5.491489359641174  5.781323357171464  0.4953217390740728  3.898313004725345  0.7754677004056078  3.625870550616397  
3.2812918731220706  3.916433911865506  4.7384651386780785  1.9542247925043607E-97  1.997056146507005  5.952268637635076  
1.7097006442409784E-27  5.350065957379336  6.788034416746479  3.143028099687391  2.472193316261968  1.3914701794509248E-16  
0.9095471396248423  0.9075738212491203  1.4439313023654066  0.6885070587424487  2.1183170964119  0.709092064514108  
4.275238528148596  1.517509741787417  4.185008564269718E-9  3.820605595055794  4.787595003121614  3.8841533171422573  
1.652347115694882  5.394758137963563  3.1046946297920934  2.2468923537164926E-4  1.3378432555685182  5.226787106797124  
4.484118023232313  2.3960133897582372E-60  1.4009458515403463  3.6656754739083204  4.19624115767357  3.894076663157906  
0.8983902786736404  0.9118530841604892  1.5052719437227502  0.6672429344189909  2.127149854856473  0.7089181529729607  
0.9171373183742084  0.910221825343754  1.43291332690419  0.6921674238895654  2.1102940103512196  0.6988218334409522  
0.6039679425320361  7.185735976802994  1.3932757203194523  1.563114998311423E-11  3.07909382528715  0.5142741401238936  
0.9163224279253844  0.9104715194093642  1.4348884512076676  0.6913253040843589  2.1094733717844063  0.6992454939757216  
6.258818815834283  1.3769124836221743E-7  2.8845758789483016  1.5770864783949696  0.7383882471512226  2.852460374410362  
4.63992409783578  5.821338993657159  2.13559560053373  2.5293487162320656E-42  1.601952276325981  4.883456113700883  
5.44642585351462  6.3401895121185055  3.117516093453  1.255947696867911  1.2348514099964476  2.2274875895886423  
0.9189293777178789  0.9075743713449078  1.4311125048499198  0.6935618357538753  2.125969454945987  0.6959621815343542  
0.9045078491519908  0.9074945476316437  1.4791942440973973  0.6769184661506422  2.139647467929296  0.7047114174615391  
4.697766981713704  8.995731063148962E-12  0.396250173883692  4.183424508089547  6.9992970885532895  4.774539120760396  
0.8744272927980992  0.9110388594191237  1.6572599388548535  0.6209728768935843  2.152652785498793  0.7306051099590298  
2.4136916492367892  5.335926683612225  6.893903797862535  0.3873672582768662  4.343415728022206E-6  4.202040820068036  
0.9167380497508972  0.9103179882542566  1.4339607935496854  0.691728991752068  2.11008869988517  0.6989796163443891  
0.9132029038882193  0.9087811683203745  1.4509556723582169  0.6855309247209617  2.1249521241602873  0.6968758652847215  
0.9182197601733132  0.9097687493538774  1.4306708878406413  0.6931673405153488  2.1121479005549046  0.6981005595318992  
1.3944166402940064  3.7104967958859247  0.14067419785515842  0.6974444566530446  5.512372746807218  4.0600105034578984E-20  
3.6013939793866574  1.8464819037647493  2.1113550752089885  0.24831923318057367  4.498125858683129  0.07004798616585732  
5.4818594344462275  0.27896777338270085  1.9571896794419017  0.762234109144983  1.4709494941468093  0.7961226441684737  
0.27396951845948103  2.4308326453713672E-20  0.6946630043540336  3.4634132442041956  4.624187144343663  3.928061105988005  
0.9180941839621505  0.9098389933749673  1.4308802543356949  0.6930671958644046  2.111809282527872  0.6982122523451855  
5.258171417645651  4.971912801112231  3.4525112810315877  4.557145875290425  0.6535128610691701  2.6360153808427977  
0.9174259391228099  0.910122843447654  1.4322490011378002  0.692454852162683  2.1106402653405647  0.6986633080122494  
0.9180262996937896  0.9098277637163384  1.4311409180874002  0.6929659237081787  2.1119837199363833  0.6981863139622647  
0.9182061724574618  0.9097765593858964  1.430692846862858  0.6931567135785985  2.112110071416093  0.698112897897572  
4.439124022968459  0.926480100784939  3.7829654485117343  0.37441956886597805  1.7430202226878218E-24  3.6621993644864284  
1.1838142433424654  0.9020892710264157  2.847934004082871  0.6542012209780399  1.9105401753011488  0.6664770824044778  
0.9174255203020952  0.9101229050582643  1.4322502138758044  0.6924543554698721  2.1106403561589007  0.6986633944566588  
3.96625426235663  5.969547153981779  1.1866722455400915  5.142304835381375  2.0405275153349733  4.862862725035465  
0.8753881344987882  4.376150545554761  0.43649550879071836  0.9141572557285303  2.5551228829893518  0.44444840903881616  
0.8630529269855657  0.8819186358784361  1.5027201816899656  0.6756173225414331  2.183232069357425  0.8177389411090404  
0.9027568506515229  2.5717007387416495  0.7090136971969223  0.8866775072154448  2.3946609175515134  0.5492073109839176  
0.6611112718734328  2.9595901362604837  1.7772563835665967  0.40903969895373016  4.416108231886682  0.010157841710683634  
3.71698743290633  7.072532278479841  1.9289567247703915E-30  4.305283960942639  2.149353972895366  2.8707808217199497  
4.667303478839165  5.44717482279003  5.667482372523452E-29  4.75814554716483  0.5875832507561268  4.539424291417232  
5.770388509587603  7.313498143117821  2.3866270451345824E-12  0.961503007568095  2.063731357402309  0.5864220743493538  
1.6870243045635005  1.1086612979735537  0.9622999577368727  0.7653938850209265  2.366598289355627  0.5766797269511121  
0.8112783909345577  0.9444902426341384  1.8553386416852005  0.5722317085323387  2.1248924907103146  0.8484203752486899  
0.9181286619872117  0.9098212745116004  1.4308179952781321  0.6930962027977674  2.1118912546915425  0.6981842002377283  
0.9180328997721539  0.9098686158820589  1.4309963659549518  0.6930139058685174  2.111677194533519  0.6982588831792532  
0.9182316497434566  0.9097599488129426  1.4306575427334736  0.6931747581566448  2.1121954061860704  0.6980862753877867  
0.8840747562688861  0.8942250099081565  1.5480317895092468  0.6584007104597648  2.1924792788576166  0.7380074313998716  
0.9182327504630012  0.9097606192138935  1.4306518732769489  0.6931768658098525  2.1121889283124693  0.6980875867956549  
0.9181534139756142  0.9098079778365413  1.4307750183022443  0.693116476739104  2.111954307778492  0.6981630467043515  
0.7386128441558224  0.9552566027152771  2.0632545719858926  0.5159662186698868  2.166806060199664  1.1185212827935636  
5.948142580143593  0.32243645791712583  0.8479633743635161  1.5028975835746554  2.342600715192442  2.2045827508300535  
5.186123823791324E-45  0.8722763182764439  2.181839823615652  1.3138452895869972  5.672573520105676  5.4037118577771635  
1.5627648010820927  0.2760457148858777  1.0967202344903114E-20  5.776122327712763  2.694545015007687  1.313393734371573  
1.8124473313531708  1.7632290589720556  0.011343448255405184  2.885903961358275  7.5195333229056205  7.950273451325225E-17  
4.158389027654463  4.88279182248789  2.6786316016643586E-11  3.992621229558512  1.4042345808551044  2.3204088200184576  
1.8094882046029653E-140  1.567319494537214E-65  1.9451341903319126  5.333888911796807  4.5277127753598565  4.761242774719478  
1.4597673315124725E-24  6.583324148756068  2.080493756742452  4.298782844639542  3.5936474294393754  1.8226455709979192  
4.846346263899917  3.5565431494265116  2.439029781171221  5.535881309759318  1.1924739109349956  4.89447852430816  
5.7138551233234915  1.3260833158698412E-11  7.262313198521597  0.5099420750117151  2.3657583122924684  0.582602886580407  
1.7679903525400404  0.5845152296049693  0.3404821915310173  3.386324020815074  2.619206769970019  0.6516091219138737  
0.4678945934022827  0.5786719830206652  5.338724999841226  3.637685479313535E-12  4.402892010556219  0.7234240936361218  
1.8856010538818284  0.04211906255594795  6.102845475949851  3.6729535160112268  5.008787285086233  3.440157390470805E-78  
0.8428301968531438  0.9193165003890029  1.778180989749741  0.5919768240545273  2.1463338760285477  0.7846801877380546  
0.9181158314630967  0.9097488526411636  1.4310774141732585  0.6930098283967181  2.1124366128966776  0.6980555406825443  
0.827933606880577  0.5122084565579533  3.3345450143893225  0.22568749714316422  6.441908190039758  0.023302689669216402  
0.9145021236728736  0.9104280069125297  1.4412661053464153  0.6888162098320555  2.1116270094897542  0.699359320831648  
0.9097844421885015  0.9059713038146354  1.461816385438768  0.6829663872835097  2.1435048376767303  0.6991022404359232  
0.9404326570149422  5.3369510469567825  1.0365744629638087E-34  5.62170684928976  4.505760850761102  2.450317671196882E-89  
2.216784699456108  2.756025210749713  7.289658273683967  1.010352604955834  1.1291681938417629E-86  0.6923223297545478  
3.884909474475694  2.1017169501614827E-61  2.5961419812732567  5.1217801322050915  0.9569621847442191  5.168792927488327  
2.008279301277264  4.1671133801039355  4.942711141303549  0.6941953271970486  4.992853341574112  3.3000377656554507  
5.426035761757081  7.501488964025656  1.5399029386935253E-17  2.0670246957667104  2.5279996428104217  3.988411137358402E-143  
3.52663241784304  0.9434252432130182  5.794948925481207  0.5305069384552046  1.1403173490087349E-8  2.7963874040521017  
0.7361547887887162  0.9782707476838114  2.025169548283894  0.5301190946285019  2.099987567741902  1.083618348469228  
0.6577186541644011  3.8999132392426983  1.7194073854595913  0.7163588839026305  1.8244697536382106  2.380739565257982  
1.3980378421917747  1.680933837024654E-9  0.3510218112733995  2.1934013144386677  2.1468857630331035  4.246595986808025  
2.810803251059443  1.3347924700334073  1.9460408896119061  1.4424232829760744  7.032695222983207  2.3685808892235065  
5.036895033451412  4.218195424669407E-24  0.8625291897379465  4.345711215629574  4.013912733880955  0.08482127952413451  
2.606745796338988  2.313337328439433  0.01306712610923841  4.781723872776931  2.8835779485336097  4.820189438988778  
0.8735449137548237  2.818912077988906  6.225624485660509  4.16953635846812  2.8711210087874166  0.0012867365738020054  
0.9153705809805455  0.9102697403979076  1.4387341920607806  0.6898506686540957  2.1119493454753893  0.6989523251157962  
0.9181871421091994  0.9097886056509253  1.430720288213702  0.6931428916886517  2.112048982202078  0.6981321434388961  
0.9131756936821921  0.910322813554239  1.4464337369781082  0.6868221544718978  2.1135338887385355  0.6995131385443859  
2.9285712394788623  0.04237378220312861  2.6783455612414378E-43  5.0968379107459425  6.036787171494714  3.347890785789443E-7  
2.177811909235647  1.9565852242113402E-4  4.309352999166543  5.086275154210483  2.2535344476269263  2.509038049101319  
6.827806821311851  2.5914255233055425E-4  2.1739031769630532  0.9312660909263561  1.150371185622706  0.8190207814019214  
0.9162797134836067  0.910428942711999  1.435159740498147  0.6912276051720319  2.109831063525388  0.699171914360324  
0.4739300186113739  2.644749766525245  1.995601540674903  5.4988330607391225  4.454611631987984  3.946775546930251E-21  
0.8942382255101636  0.8855337176382608  1.490273340168837  0.6799347951280292  2.217348406027759  0.7330623383596486  
3.047447361002872  0.010804341789754791  1.1046369612806004E-12  3.3206695055365936  5.124318759649923  3.909745024802683  
6.0015861759802265  1.3675287835557863  0.6998903837488891  0.5040802327374462  0.6334298137295361  3.8934394714617047  
0.8224556882000703  2.630514635360177  5.575304175513094  1.8315800139801643E-27  2.9359487379350258  5.2337566403506  
0.8047429598993935  2.1160354566290893  1.12072032226008  0.6028053656234671  3.3865716528116065  0.34050430674051546  
0.9177356425930153  0.9098870164239451  1.4319262384179636  0.69263867779165  2.1119492127466875  0.6982674337955014  
2.5494606962826327  0.27293733749607874  7.327381631454837E-58  5.871358097770104  4.191447877974808  0.17905431898241997  
0.8688038917606659  0.9122346020082056  1.5921626689220307  0.6387796782190825  2.1155018624076702  0.7552898967266072  
0.3129887227496446  1.3338596988205973E-8  1.076476120539601  1.0293347095002334  4.619879961647152  4.428264538170451  
0.9061000328528545  0.9063545509072848  1.478525306484724  0.6776298310598027  2.149143562923806  0.7005573002526697  
0.9039058050397543  0.9063535395775338  1.472037194953603  0.6804616289640769  2.1687175482644148  0.698645445413955  
1.2832008029066744  0.8834065320339424  2.7782384875546215  0.6536637747435655  1.9031331380706769  0.6669439475235958  
0.7851404716330455  0.9612213423851425  1.9468345031147274  0.5514699039288264  2.1172445002803792  0.9051662418870519  
0.9113960558927601  0.9102406907747429  1.4504208283017666  0.6853508562782988  2.114599497934372  0.7013194945946621  
0.6566529245463611  1.116886607370796  5.683234331696517  0.9024989737597375  1.1828319677353532  0.7074373849261416  
5.120144200096815  3.9405269563672576  1.7641348286009721  5.1822760937330985  3.242056373206807E-55  4.862098057953623  
0.3927902018209093  2.5336207075434487E-85  3.656791386938837  5.251896174156875  3.0656811272260933  4.128615725310998  
0.6015519559451735  1.0610476168654968  4.097765745329893  0.8146834903078739  1.4754675782107929  0.7474035492056692  
2.568407546082719  3.0565713668094556  1.6426885507846896  0.7795648770474329  1.1231942880485697  4.298425464796231  
5.743060995526523  1.4173425404052105  3.9056087682423195  2.0333325594714407E-74  0.6736217397705949  4.760544825759877  
0.4141404382980399  6.463377549339415  2.377649249111327  4.096783225611286  1.902732377669246E-48  5.0146569789893976  
0.849106066170653  1.0026894841388208  1.5681581283582489  0.6328251329922795  2.179612502980075  0.7623122337817153  
0.6186690530802632  6.329927715412474  2.158621133530594  0.7095810165421947  1.3185222046866034  0.8271310642802386  
0.6697843026615706  3.1216264537852614  1.2017074191761805  0.5080688189364582  2.3845922527939885  4.0841397226563805  
0.9176209645489604  0.9100406546732207  1.4318457637844628  0.6926345143975753  2.1109852559847964  0.6985295147371607  
0.7902585020330991  1.1906040857714584  1.6986947041635012  5.507632212326446  1.1975295066043639  0.517061952428075  
3.921300351086899  0.5488014929122332  1.6863359934602908  0.6323994815173173  1.7388150784297187  0.7556958806558486  
2.9547823812444016  0.9471551185028071  3.2801165102531042  0.42130605857589254  0.8243264997244135  2.599562845128237  
4.770124867022867  3.1653778423204977  6.056315172726534  2.2810380226917446  1.1375569632419704  4.7972489751001035  
3.6900012766715022  6.845846321067062  2.4611362395834235  1.8124063967441948  1.55468868062274  2.5772634374035164  
4.769252907718231  1.2362416492628117  4.295852291322687  0.6419720003279056  2.6822391061481006  0.3513412659812898  
0.4320260347327319  8.705212975474355  2.574658216801281  1.5096647674392403  1.0985975217193926  1.0702061504574492  
0.21733578987522834  5.7755115636541  3.614848085361964  0.8464501257271536  1.3755110346577715  0.6831914539474995  
0.9134951096685533  0.9103932920328757  1.4437244616671807  0.6878759354529547  2.112607094311782  0.6999356629657656  
3.6579706075778864  2.090923736956873E-42  1.8781236611019405  2.6190776366898953  3.1205149247527384  1.026622949541836  
4.431397297072965  5.122833437098759  1.9462471410611186  3.2328759568883294  4.567631655120657  3.8544824155040835  
3.8909885097314896  6.779923753813296  4.927113567788456  2.03026518901924E-52  2.2470832650167374  0.7439021027822904  
3.5127062833871183  1.3476735946677403  0.13490842912794332  3.2033075244520095  6.225435865142262  2.8750044794679925  
0.47900445737527914  0.3172612813791285  1.3385763640333377  0.8303850767885408  3.9237998624129355  2.87716361679025  
0.3486186341392754  1.774191042168384E-6  1.020560012200849  1.0688078850232066  4.492283003687357  4.509254620291354  
0.014330876335074572  0.50487849087166  2.744629864930396  0.4506828253488951  3.776960208063445  5.363455102422172  
3.741904632254106  5.908997765907469  0.612018476110276  0.10928779840208452  2.6669164974400705  3.756510213921714  
1.899104086441287  7.762622949297127E-33  1.0214889063467762  2.744903308751825  2.6352840436346447  5.523632326459004  
4.940266501216846  0.7449321083768273  5.237197126025378  0.40010482814074105  2.6996750162647215E-32  6.171671198219576  
0.8955955400471746  0.9103906373016114  1.5223672444368912  0.6623633185208887  2.1408446740478566  0.7094908129784819  
4.021533854196591  4.01674444683776  1.262682173039787E-171  5.340578339662711  2.6802980414023065  3.833571078814955  
7.904983258036211E-10  1.5683173865573108  0.6394431575025201  3.6870806228391197  6.800879731709911  4.704730169669071  
1.5703179516254928  8.429680001470363E-62  7.968824842348548E-62  5.212899646911159  2.910115408939204  4.538428551140744  
3.7631201258766835  4.268371372023286  2.4945558590910206  3.9340550241931855E-27  5.623497188754732E-19  4.3298134196928295  
4.905565489676165  1.5671364144444975  1.3460866891322396E-14  0.8511710178372013  5.4627938150387685  4.6656077364680615E-25  
0.02644774632714152  4.888000464623192  1.6038351630053925E-79  1.7454953914292897  6.115881637305276  1.17522897777979  
0.29864036695207635  4.398126136906304  1.5320293627613255  5.110113824063576  4.961239635566116  1.2036914859652688E-64  
0.9180537776687104  0.909838998577558  1.4310154187294533  0.6930133095884488  2.11186435700575  0.6982085868375435  
0.9175337677512129  0.9100722069217623  1.4320418458539907  0.6925491224992482  2.110868645196654  0.698580208464697  
0.9137946028462154  0.9088596424860743  1.4426043353340787  0.6887230572352653  2.121437117962889  0.6993814788241993  
5.809350782960225  5.277837830513555E-12  3.4196024316324687  0.3447779566472845  2.9422592077207987  0.6027768023499288  
5.430078664005203  0.28723681453771566  2.1294615848578076  0.6185010311542383  1.7036484113540256  0.7579341594130804  
0.8456935214404542  0.918710311826624  1.8095621134505477  0.5893894404126097  2.145368074684076  0.7691888301387959  
3.8079251472970332  5.058120851783353  1.652864676117009  1.273644934053891E-4  1.2456199231503484  2.8865295542852274  
0.9622842370403253  0.6853635883740404  0.447667093515512  1.0012834541799516  1.9439676970542907  5.607058395476535  
0.9178980535144692  0.909928000897722  1.4312652434729176  0.6928926416309891  2.1114284248247555  0.6983528256585148  
1.975974895548562E-46  5.9060806953260645  3.307949879411585  3.4852296165720102  2.679123169429808  4.352435992718858  
0.6436613938246599  0.6540289884456372  3.386331378537411  0.20347265612927623  3.7056964998877935  0.82617744235173  
1.4322491490171738  0.15583868930314515  0.33597046520035395  2.07127306197573  2.162982601194728  4.279146410039574  
0.918304375801447  0.9097110433898729  1.4305611587707134  0.6932248528616539  2.112449996362478  0.6980076318668959  
0.689339048020645  6.4905730290707595  1.8532231854850363  0.6286700003703143  1.4247820484893963  0.8400402795107781  
0.39520655564102253  4.48293331142981  1.1104846852940229  0.2936519450610006  5.161159485446465  6.581964991937064E-20  
0.8986537769462484  0.909698477688147  1.4900161856585659  0.6725187216178943  2.1235356749292773  0.7155085859120357  
2.3953656026934635  0.7761953964354622  4.731191833645472  0.815787957889293  1.2123685487908042  0.7157288643605548  
0.998835529318768  0.9007304988502656  1.4355663486715196  0.6906835827265052  2.1000754843367573  0.6890319318504298  
0.8783038738185146  0.8963301643024376  1.512752655431655  0.6686820214875999  2.156002885334086  0.7602826583767788  
0.9191802052907783  0.9080641854235967  1.4323424938152693  0.692869782235908  2.1235972586985667  0.6951643597593272  
1.6432613856583833  0.12710868609056697  0.3217588972622388  2.047440407691943  2.103229558606696  4.209640276050611  
0.8947028596293938  0.9271821696397097  1.4460726212781752  0.6855249589208243  2.1517173787954658  0.7169719528765726  
1.6521240915878983  3.0422483032135457  7.60455658306559  0.21184856514767697  2.923194059318328  0.17024510927854572  
0.7092819012953511  0.3697037430439045  0.5557398534493208  1.077335174092526  3.059807545743875  5.5910582313519415  
6.417385702368827  0.16848294436708985  2.715230830376827  0.635973607020543  1.12446010319981  0.9235990498408615  
