1.0519904367224473  3.989518860327583  2.1822086739848  2.5302966665073376  3.961610298572648  6.545722251940134  
1.398148667687494  4.043278149913686  2.7635340552471175  1.283563449867131  5.508245024634702  5.085982005503271  
2.4525134689310146  5.564763850142379  2.0750211911839713  4.104367283692934  1.3385614967816968  2.348364974100597  
2.10123169729598  3.284899044959805  3.5141133783314773  1.8733543817689366  4.84547966002382  5.658334040899556  
3.832844338528377  4.71211071489  3.39328527172187  2.796795283175714  0.016301490167146243  3.845671283968887  
2.2391978018348353  4.372718559623711  2.4043058712657945  2.7470608551323297  2.311133092856818  5.469960453081628  
4.0623088882436305  3.124098354436732  3.712529683319641  2.7672527774209947  2.0822501261869846  3.5836919930657736  
0.002287372032813152  3.593668213570932  3.3753071712898834  2.179542995855532  6.694204918782144  6.146473983910193  
1.1007990863800496  4.578621064407301  3.1141528098012357  1.023188926041717  5.586486046767517  4.7637611198834104  
1.0200332465093727  4.630055910386771  3.7927427514844765  2.434831593759204  3.1569029695920805  5.686259441917775  
6.317929802045297E-32  4.84453952527346  2.7904593794525017  3.6759139507565073  1.4815552925905466  6.188880004464473  
6.2577249889837  2.8753460534886806  2.3936405390029147  8.894691593703487E-6  1.6465657464831937E-26  3.800314109674995  
3.2242316383498113  3.242251764851681  1.988616765340832  1.6167989120864994  4.5169777022664075  5.517191035002091  
3.8458742323024997  2.3698939509921213  4.145592705805058  2.107617263293938  4.020966847905296  4.60303691196195  
4.810893473730433  5.520670833914699  0.0784963077773821  0.4749403612468757  4.951943573269797  1.2896184174937206  
5.121790156670161  5.211520765414156  3.921955012599698  2.9780423888737726  2.024754919298623  3.838549116431101  
1.5606248064374053  1.387756288121683  3.361074261140788  3.662628773436968  6.166396980810267  5.4168961078801505  
1.9461894507659074  4.416051125557523  3.553836570963023  2.027580307283129  5.200930920586546  5.516214921094455  
3.2074409701804854  3.373815601425029  1.883050565998889  1.5142955704866887  4.862764171802311  5.590058672533995  
0.80437814435023  4.710072861355258  3.668795527264094  1.1432480438219164  5.95054802812658  2.8178934751567546  
0.862731083026026  4.529012528580078  3.7243211301166825  2.55622666874397  5.57059171666476  1.67269195127185  
3.9890460299212847  2.4918214410506363  4.461350517318477  2.436300237200025  3.2219661996986297  4.993507357018236  
1.985046180209066  1.2005776666080088  1.2942265733188483  3.924885039558635  5.706924199197483  5.924673881105471  
3.3036473404669  4.347583752968086  3.9994989246623476  1.1837315121659304  5.1855583403104  5.283704925530047  
1.0415971742308394  5.074884017141535  3.865089712646366  3.16409513067636  5.460789810710687  3.7269659165735964  
3.724624421692475  4.484707534927505  3.700121318157708  2.171894401013167  2.1612305576686377  4.622121356118305  
0.5059318611313977  4.834179285188185  3.6133909381435796  1.7488921700900963  0.5834921684375617  6.5697232341269585  
5.374356237231653  0.35788621352897176  5.08339956339117  3.9159650795856775  1.0605223407372579E-7  2.955169267432832  
4.94948386218707  0.5344918549474998  3.9444179918677427  1.1730118771697786  1.4481728627623984  3.9617498358376686  
1.6260089933434696  4.1021025507825595  1.7046402074917875  1.6948270992465062  2.944924364850258  6.893729973868112  
4.657324393610575  3.158697201330636  4.622922803086652  6.99647224413731E-31  0.029528130472332936  2.7427789294578213  
1.0260206236354987  1.733289327652045  0.4700453785441821  5.2339415390475015  0.9695404639639337  1.8314841264824016  
4.382167605610182  2.2720982700039816  3.4946564013471613  0.5302751221543469  3.715920175600661  4.225931788142941  
3.7990673370248422  3.7835186173657305  2.2395241957385243  2.222477029166288  5.052849795230519  3.4308510502619822  
3.812922461565317  6.373855043895028  0.7640942802668544  0.9434068308788807  3.4840568101777736  0.828462637096737  
1.4397839154437926  5.192353748522817  3.8975086381721344  2.919398293071437  3.164114619649708  3.8721887118923033  
1.866391824645072  4.46052033676337  3.913410298429989  3.9445134470849372  4.927427069317414  4.619976794849188  
4.84885860495143  2.690595330595419  2.211068121843405  4.109783803147346  0.17054598110151334  4.7836630221734815  
4.076014694497926  4.789186780289182  3.9753862368850488  0.2901699537624618  5.203069162448212  1.8742881163452187  
2.800189807578224  3.1463744199150963  3.651037435640965  4.165600670754227  4.311319347367637  3.8254680650651145  
2.3513656600938018  4.398519583594706  2.260577353524198E-15  2.62301339088724  6.116025658483356  5.915089332981041  
5.560197922385403  2.5097191161574974  0.6987690617309542  2.988290169766357  2.229238185182589  3.903876233956216  
1.7705191034298247  5.909413720249713  5.011129956788882  1.2628171633969867  4.116124049841749  3.191325760785113E-8  
4.3195939336223  4.972767866823697  3.7360078960152716  1.4930834361870364  2.88262689301078  4.230791213178847  
6.349448680527245  1.761049721236508  5.1131739669877145  2.4137516545421214  2.6603474546204984  3.165295667223191  
1.1389641221031728E-33  1.5237571296969201  3.7019887630735324  3.457967210867642  0.7364083258342158  6.4158962603793785  
3.7468796326398492  4.638589223522359E-7  1.0662601795349702E-17  6.850715690844101  0.5331375393664803  3.0574992022134198  
5.132304544786556  1.5338157551761373  4.720952366742719  0.999323119890333  4.3561688027667685E-14  2.9787921863183136  
5.867753099782421  3.7620642011050074  3.591421680203791  1.518942338099939  1.2162288926682168  3.5776000249856086  
6.602846979646003  1.7215380971372465E-14  4.543739637437953E-28  3.2096693412079094  4.574088067565589  2.172455734413401  
0.2172377222027731  0.13965294891216998  3.996788414864235  0.8942502025443165  4.406899009397417  2.495495136222645  
2.5620208707526095  3.0180269999747162  2.8702562463614814  3.8802680165512284  4.221320507981016  5.000323199942381  
8.25652410842161E-6  3.7481518924240453  0.13873252801534952  4.776881154835368  1.3837322299579387  4.74168865816535  
0.9656344976336344  5.321492649582333  4.443950846405265  1.202931717298051  4.862185599096025  1.2392330690304647E-24  
3.494847776404401  2.35952467101004  2.2950375638740055  2.8688040195733833  5.207539203888532  4.416536118287014  
1.6345794988506581  3.409277267170743  3.978948044491961  1.9869750858641397  5.528022784082598  5.7285261016006235  
1.4921504193127186E-10  0.3063247044681182  4.203361446771508  3.9679076726187694  4.693076656821781  1.9232756415019483  
4.638778200124594  3.123916835356977  3.7936794901456996  0.4292779327394326  5.0752521385643545  4.17667801271148  
2.8055278142426117  3.0042557658189697  3.741247577222135  0.5307593220422437  4.7585514416088595  4.149856561681523  
5.233756822402058  1.3870067665268015  4.573430314617757  4.599646330492859  1.6887131535123327E-18  3.8453771355879717E-10  
3.3798255457536523  1.9838700367050486  4.2822970610330975  4.014293663206661  3.874453875705618  1.6974019888633758  
5.339344053766504  0.6497299776233794  4.848173668638212  4.033091327156687  0.08337743701317181  0.30090262250165745  
2.475821098795396E-27  5.4519072932482615  4.711837181436085  3.4586054502422585  0.35573681429954596  3.767935603072219  
5.9235927115355205  1.1355702668965457  2.729818191409219  2.9744218511717246  1.4191102811418746E-23  4.23541428067816  
6.302541065637597  2.58334355840672  2.167720042848131  3.3996328730642147  2.1694427476819183E-75  2.6843306369680358  
5.586385990049699  9.466876582650428E-15  3.892015683297341  0.6017742230923396  1.205888340879595  3.88685723066809  
1.7645350262523987  3.459254318050257  1.5989357690509092E-20  1.4273802016584924  6.166375046602233  6.6706297075356895  
5.978270173247467  1.2485226099170403  3.8058518174143443  0.17311538364790785  1.83696776815935  1.1829440438661238  
2.3537344865692846  2.1763332271005638  1.3533156829072372  2.5764603316522434  0.5149147637786806  0.7185401599259913  
1.1319904605829552  0.977133156310917  1.004622916845136  6.17269011427411  1.776642375392724  0.6031839987774058  
5.37803904940187  4.077824197126755  1.3327720611793423  0.4249157237835966  5.40737091613494  4.231796873481899  
3.56350417759907  5.904488154530774  1.3291899043370543  2.517697680433666  3.174379755448373  1.6225703537535257  
2.8322222897404723  0.8692804885471561  0.5710284370189669  3.240059739288939  5.897895144492851  5.978956074704529  
6.729320585149299  2.816572566225479  2.2109452810313974  0.20217599363436256  4.64784305309172  8.006855868468283E-53  
1.8020275266440249  4.3856317199239445  0.5029683703446062  2.09180746003419  2.2521949324855024  6.651943274182727  
4.999535200540361  5.836941861660479  2.125798122371488  1.4553390536999393  4.489334904444827  1.1364813551266364E-22  
3.8813585464533307  5.524852318367404  1.3308059208628573  2.376489935881325  3.9667904315164586  0.30539992156510465  
0.3990904121274252  4.942038016443843  3.402700700226834E-23  5.02191058379599  3.7596038681962978  1.8197631832418115  
2.1740682907987443  5.052663738460047  4.478768980799544  1.4513683099726065  4.963337631843791  3.1246894955687323  
1.7038595629851419  3.4864969791738876  4.581286292440599  5.4920866949881955  0.5703073036142398  5.447857095513321  
1.0555547733029433  2.416459699601776  3.4255667288538216  1.645615699354723  5.928670296712883  4.416510920375394  
3.389692242218338E-20  4.552492147567864  0.35423726391475985  4.283577403804626  1.1994595639983714  2.2971759812278454  
5.083235961151682  2.8221012933404294E-23  3.5296207531889046  1.1907066628942235E-17  4.863757443770474  3.7713263255915725  
2.837080404981225  4.971093866745107  4.961360956349667  0.05529096994679369  3.7881397210340797  3.765242556979732  
2.8452262216443707  5.719765177310317E-55  3.6905377629938885  4.590798512404585  5.048791798602507  1.1109206337579747  
4.969694811409673  4.208493735574928  2.8924606169681955  2.4571137514806365  2.6950015174524236  3.7539372271066975  
5.621139859576185  2.2673289078488645  2.45840236306777E-8  5.673612090779277  8.585945487396161E-5  1.3838879112842495  
7.003750336533306  1.1975995446692917  1.7529396571444276  0.5532154136616458  4.689575922886781  2.7118651603332364  
4.147011825217715  2.86170958299488  1.299012821157135  1.3535538058925654  0.08717454840604313  0.9390600227475884  
0.6364343306940784  5.147010195247959  4.823365914276776  1.2853708694567605  5.186970964337937  8.965840840661051E-27  
1.9319084784666807  4.6688054439033  3.28485998006176  3.2082109257986504  5.252653497374952  5.475747576110302  
0.5254109612109643  4.4076269456773085  4.590292980527893  0.6214142290272849  5.578451324883304  6.227945293314747  
0.523241673787861  2.5488387976241436  4.0285930269124055  4.404685668473163  3.846469643829296  5.730979705301142E-43  
2.1841704487502724  1.27020951488078  0.7242550973379598  1.9027117674852951  0.6677947167094493  1.0390663146901709  
3.4247922832718114  1.2222483243556067E-56  2.2791125913422556  3.453389792832118  3.3749049606538843  5.807818625606681  
4.638650307807351  0.7408986052174432  5.04394046164256E-8  1.3202038605004132  4.799248215659868  1.1777523134134662  
6.504268147512075  1.4551374257405454  5.076613086868418  0.79487355591358  3.758656840052792E-12  1.8110412413297534  
5.60900044090967E-22  4.343431770202809  3.46609307526981  1.704226735583835  3.7763244132748532  6.716546402355399  
1.8934919689680665  0.7758007467611515  0.9508037314405905  1.6247318462014013  0.7030796372118853  0.988233973966919  
1.3455454314952096  6.210538487096274  1.8436746091499658  1.944053869532185  3.250432218396887  1.4514852019252764  
4.5790928756982625  1.6832498308983557  7.187579726990593E-17  1.968442760011826  5.606455397618114  4.5141142903294185  
3.2754397868335396  2.187814605109031  1.3733350213837234  3.166829265705973  0.8275636297233407  0.663999152247109  
6.997569054195464E-19  6.202117799399101  0.29253098893207824  2.41499514471715  1.1638122196732945  3.0283776898057067  
1.1055679320621403  0.7742315658054417  3.5652986312373263  1.4018485700715344  5.6575714908366175  7.699176287796756E-14  
2.322468486220824  4.3235924553766845  4.418587452799306  4.049846260879785  2.7180007365528156  2.228034510630638E-12  
1.1524669333996047  1.247238236191151  2.21191371257388  3.297748300756191  2.2140368977009293  5.440839637669411  
1.089656882862419  4.2452033135345495  1.7116028907175518  4.283750608755456  0.7613811089948348  1.5904362047895577  
3.256550961753547  1.9361816591478864  0.4191838330025864  2.554104039473554  1.2773092005852442  1.088817473982003  
7.871265280971672  0.5235416993957086  3.748321560589999  4.248504007887999  2.622896625900436  0.6031546525686237  
3.1092989499760093  3.1331710716509287  1.5183459378151296  2.8471645032300867  5.473611552676035  5.715936925454053  
4.903774947240983  5.15561429131499E-14  2.5598146654548146  4.631313474847526  3.252039514002587  4.183379107993252  
3.289484870563302  0.16828204342842984  3.691295956486307  2.40278821793949  4.617282001083725  4.587007161639763  
2.354645347577116  0.7229100209513907  0.7244456473289094  1.8494173286675133  0.7853116784942176  1.0499148790589565  
1.1833130682865014  0.6529990401818311  0.16873523330294943  4.756365203007465  3.8167010362149734  1.5735483965430304  
4.42628265229805  3.3911227976983254  2.3009483922128642E-46  3.4174607597085678  0.1323882634966444  5.683882337814421  
1.500666390043414E-11  4.8050195551816595  1.5353650057736814  6.218468622842508  2.063419073309452  2.4415294623488504  
1.1097597201528677  5.322269057464249  5.173878137173004  1.6896804240755154  0.22710004902520317  5.442106061250889  
3.406894422793405  2.2408536325966297  2.445856120077348  0.2192121915791048  5.482211553756808  3.9869995493139734  
7.172151066201348  1.2144928105651558  3.1027697603470963  0.599805917935736  0.9241632846943576  1.250982624810129  
7.970823329437982  0.5123543163685557  2.823891106006955  0.04896883726775477  2.158870908311323E-12  2.7210795190397232  
1.1906187795818843  1.8113284071273157  0.16457453299879665  6.45270710609653  1.5683102028137503  2.5197451929272803  
2.5530720280489865  1.5172320313084446  1.3959661163579795  2.684977784333402  1.633724757935894  0.44047360416739584  
5.468604645158238  3.3945811777309485E-7  4.757966539666856  2.9372234223772304  0.030133676092191225  2.1320939344733953  
1.4727120493784116  4.697094769480211  3.081669501583284  3.118962210267883  3.671255096619855  5.664320242715855  
3.2924072831999394  0.9351394507354466  0.7761161677692474  4.5719728800235275  0.25588713766840593  5.337561957901281  
4.513084635022021  3.8394603911324205  0.523222715197032  2.9157547999609537  0.014096786714910494  5.214922249050657  
6.20905874455018  2.7804505643005233  1.4802085486432528  2.0678333773128337  1.1231131104997227E-18  3.9179698981500652  
2.8439703756019483  0.5735923162241104  3.768647664067619  0.6945868715358591  3.801408962157873E-7  2.653558752791469  
6.356301497261636  0.44028479059892556  4.685610022083145  1.836532541954401E-42  0.9167730831318438  2.5118349733865863  
9.698981575648439  9.724340663993328E-5  0.5196010094996046  0.8784188334919365  3.7600511902811045  0.7317173240484425  
2.379847581967734  3.083267957292998  1.893083751990771E-18  1.5545461074863556  6.132694759352818  3.31890266487865  
2.4335764688871735  2.0584504866143796  2.284735287950555  3.796252347455717  1.0109341103086906  0.5509558669067318  
3.0096188858367072  1.1473776915559415  0.9211842318166779  2.0687114213760136  0.964751931428254  0.8985129491589544  
3.892637797184316  1.476951113681221  0.9195757750999483  3.1488361596019083  0.50929963247588  0.793934036100684  
2.3846625678959943  1.4617382651063762  1.1165029870800751  3.232187253570715  1.3244328120079558  0.7158484714151274  
4.761539106689898  2.5562370875048424  1.4638444137943503  2.389953286003432  0.11820012368352494  0.5720553385264154  
1.4914725347017044  1.26106037927239  0.5576021792087803  4.17924221023055  1.5607308382133176  0.8692506677037146  
5.116421729539716  4.160231835216768  4.23748845044427  7.372481760568777E-30  3.477463653702665  3.8715333000540726  
6.348577177579415  2.5477295356885042E-6  1.7997815747246835E-20  2.856324961556458  5.573542349462296  0.9025697201171679  
1.97877638612262  3.512544196626112  2.371696068435851  3.720282926672236  0.35589287932733993  1.7202873982273394  
1.9030929435077986  4.554574375181749  1.1147265752959827  1.1859465220789043  6.161334026422149  0.5898863129691525  
3.2534715152915448  1.1671727324901047  0.9597547109190905  4.694222060143893  2.294276884571999  0.2546435066790239  
4.2807402181007435  1.572132397001362  0.7570712987839529  1.144512248294517  4.201812040453328  0.7059250085779913  
5.264078785875201  0.0035343518020827165  1.6997727152842426  1.9941115698746157  3.593802939673214E-30  4.381100555782245  
0.31881170550970317  2.138181718112948  5.214773665728496E-5  4.904319340896246  4.154793712100866  3.074516993181708  
1.415781418058884  6.011531589633118  3.6711702345356825  0.5601744782519288  4.3834613598873196  5.849179153208982E-27  
2.1994755294638177  6.075455140020589  2.2219057903304082  4.260233743411535  4.18960225006048  0.5072110611803881  
2.1545813843132287  6.107209973114302  0.1729916020331583  3.8487832326925493  1.3525405926037926  0.9395510301363442  
2.3283357215001304  0.8640674658646769  1.2099653992272852  4.834863847408611  2.4166744910720523  0.013686111235132066  
4.22642884974637  5.779468762174441  2.607872876298863  2.5532633864522993  4.830028074491235  1.232611317295155  
2.366125273018148  2.4248823368846046E-51  4.4681951626629095  3.2627574874932774  5.058036882150329  1.2150401835304434  
4.71585397770632  3.607308330620337  3.793081221477954  1.3431132485763888  3.517645365372825  4.8115457120380904  
3.9137526054521605  2.8542780832933206  3.478657733550257  0.8989392355678837  2.69590943946648  1.596239275719591  
4.766392787135306  0.5577962005948821  0.6900959308416685  2.094625381300384  5.557295230987046  0.014765681160520105  
4.474244108846739  0.3230432683657491  0.930776263119787  4.081780389089956  5.417474507398363  3.240302206400809E-8  
0.8885472869492622  5.505765275975597  2.0597163127988574  3.9703884280275825  5.9243662045501955  0.70872678263438  
2.755104330874486  1.2373762182966157  1.0548446396338211  2.789020431083496  0.5445095379790028  0.7633624937997725  
3.1686079136644647  3.787783658048353  3.392770023784709  5.4549367436392827E-39  4.861722112560524  5.360684648917145  
6.167052964783981  3.6072487188778344  3.6121217266258863  0.6746828569095328  2.321265027892507  3.578672989499997  
1.9418254474774128  4.703435830849984  0.9766650368016822  4.815996826662323  4.565290112406202  0.6977193750355998  
1.0485494279483457E-10  5.094749024481892  2.8774114972391325  5.496710609579839  0.5189504536689523  4.521609886744484  
6.662172327037739  1.827358350077596  4.434355345894173  5.2544980202283424  0.21871592657361266  2.4031769827540455  
2.061053896266724  0.77082508541496  0.8732579109698021  1.7257200338983798  0.6869939182488997  1.0116397865981792  
6.000032562136756  4.816014822157887  2.451936554173577  3.8288618139964563  3.773782544062334E-10  4.596400272989866E-23  
4.180058088967406  2.8773330351643898  7.098955854421136E-14  2.223222154110566  5.671628024865535  1.7497317822497291  
3.5715208490642993  3.4515856414627253  4.036251600187606  1.3537309547366236  4.213365977470365  3.7334516573398453  
2.770478221273108  1.6258276761770882  0.6489647691607421  2.442869637622382  1.5097889184218771  0.9536666846597459  
1.76914941061906  1.4545657398641885  1.088387745037079  2.64468173795489  0.8758027177470823  0.7060566355720402  
2.268630444892243  0.8241970719195341  4.508143163671692  4.902154134738322  0.6441435770145644  1.6629032793319898E-29  
2.1715479890207914  1.5052041544064712  0.9655118916269235  2.088418066265093  1.2481556103971692  0.8877006082108346  
2.1140436032877763  4.8505209566315095  0.05919140138956754  1.8983279622418199  2.972086500036902  2.898592941852264  
4.918476822869797E-12  6.226058554377856  3.5022553268080974  1.1972422821014905  5.812296954906601  0.6980514283150782  
1.5118912806512872  6.767704109416256  4.896767303609384  0.4170985304760188  1.9074075803903996  1.8169487168681642  
2.8321775897062573  1.165277403247153  0.6269745016032285  2.3444148616809968  0.558387119370785  1.0822407211098037  
2.0375754152263283  1.4105567657375215  1.4449927399781681  2.1984388698455612  0.5846932715428399  0.618268642951329  
2.994424291118287  4.859500522028586  4.746200084438925  0.2146374477323802  5.081588107978459  5.291556336470673  
2.0961040697491367  0.7730017162732372  0.806689229328378  1.7933791656268163  0.6917688996079884  1.0208709248558483  
2.3863396149349752E-45  2.5932498562425095  4.239985961656776  3.6504027565902524  5.990596152066169  1.568409130366635  
2.3357402420414437  1.279617963082339  1.0455505798131266  2.0775296269526895  1.0767752438078018  0.812710640613789  
3.658127301445499  1.7163319460125286  0.46636011292083857  2.5316709903910075  0.6640459109275536  1.130843135765439  
3.7181564767204867  2.208813964822939  1.3218388486880364  3.3295094279529023  0.9439145433460633  0.8890714634030168  
2.8655707269312733  1.3493340811230345  2.840360421080166  3.723296211666976  0.08542709202192195  3.1631134675385937  
0.5819350821049087  5.361903828008362  2.7727638025028822  1.6418459318001917  0.9845539741118805  0.8320488851150896  
2.5790367195672803  0.003095240898613228  0.1754163333820949  5.024372572435394  1.1438119401924796  2.8919061037628624  
7.450858959331537  1.7206570153741214  1.122593156714948  1.36016282036836  1.7312047232781682  0.7445155030435482  
2.9033080331880536  1.3427145145023573  0.9283711466544122  2.4901229209475972  0.8919915626263152  0.8412105353876572  
3.615684827743425E-5  4.608129814742243  3.782689344386128  3.892210885944898  2.926707815383681  4.868466044507142  
1.9070688343083704  0.8412381050699667  1.1095047088910053  1.7998065046582452  0.6646628579129811  0.855294045805486  
3.3848082160006028  1.7185771731946349  0.36016647956815717  3.13926402922206  1.4701575218696068  1.0335982369139853  
2.0607433144765177  1.8544738958056735  0.5082589737648784  2.3405045396938493  1.5414958549108988  1.2188769811484856  
0.08893308057348806  4.3042563957845505  2.2805884882550207  1.4990722532923029  4.483654011129759  0.6571676072217926  
2.9870794974530135  1.9053699754307027  0.5743247639993151  2.4832082163159415  0.8162733183204913  1.013468090500005  
2.3331567248071785  1.187648922312112  0.9938300246533321  1.8092687843120936  0.5991624137959342  0.9595692585568385  
5.3442712561652215  4.745308830229107  2.455962406816754E-7  0.6098564480404982  5.55247403813067  3.523549335045488  
0.7778816758527569  1.4454618099526764  1.7496168023325938  2.6471023604089288  1.1099165711811338  3.9106214571447975  
2.139286358197988  2.2141627447624694  0.9194174062768709  2.8218638358891655  1.6288282606021465  1.037467710174458  
2.8119573269320366  2.026226401701931  1.4028669466101533  3.3531009865492956  0.7075691349325914  2.3073058507103723  
2.243621005552309  1.452527262851743  3.2199803537908167  4.758364997031674  0.9512357373124003  0.37000271559176556  
0.3699979082384164  4.961572246155954  4.309524400887497  3.045555925689494  4.539204138415988  1.729458168850694E-30  
1.6916421120326204  5.190855746771635  3.2822309851185447  1.3148211086710253  3.8852949837193633  2.1318823100230286  
0.005675306710397306  3.359580892569649  2.695737473219161  3.4564618093046433  0.7258511486639335  6.919758376600648  
2.4449822772036662  1.7279025312781167  0.6859141955976537  2.3849043473568865  0.8083130614723454  1.03255382074423  
1.901144352892627  0.7758315765230338  0.9162137280564929  1.6038846426675921  0.7121222961764249  1.0094919270095195  
4.054588098795357  1.8567368214355358  0.7366325189676523  3.263672466231423  0.9443102533503029  0.8552654290562937  
2.1126781970704887  0.7651311494588487  0.851954665955218  1.7968846749641927  0.6796802257247295  1.0072860405299273  
2.8439367147821706  1.7884090300977258  0.5303576580682182  2.138535933924455  0.9983587736219154  1.1186832065282444  
2.0205497645962365  1.4535169914440147  0.8106525008695981  2.371956336867196  1.0556401901426358  0.88752852387922  
1.9694554168955904  1.2418917023792484  0.8731808189369274  2.462469104678307  0.8856319452756642  0.8667215534205183  
3.4044191877313743  1.608949265039582  1.0388379875580145  3.411118743359087  1.069018029095948  0.639754558833877  
2.27408853655509  1.7699570031188179  0.6058132800132789  2.2623909223006793  0.9515206870845347  1.0641709513469735  
7.558771531585209  2.047029256661995  2.2654496395893927E-8  3.9891560199603275  4.485372284907171E-10  1.0685907141635853  
7.373331077460119  1.3766339854530378  2.729342243204282E-16  1.0630451895035746  5.133859718992768  1.1216612076838073  
6.519409062697853  1.0049964348534264  0.9346782093643915  0.9844759791790165  1.0194596847626742E-5  3.555559614283768  
0.6837323279500669  1.2967260876440372  4.985539468207509  2.949220636593164  1.4614587479363668  0.39778343821843  
1.6048358236383098  2.3581972360687606  2.9897243594861296  0.6509795220344576  3.102416149116661  5.222921146810284  
1.5263388832746354  5.0810180632027535E-17  0.013177388635084022  0.912437410661229  6.34039155862588  6.813605804799158  
7.464525640488699  0.72712311305769  0.5789483469064355  5.02813601011465  2.401170175356521  2.0725935191948137  
7.056208277767643  2.494994824466878  5.04668653454699  2.851848979548265  2.811419814084251  2.2020437945203826  
4.067669170750179  7.564182159860713E-4  2.7709731271628156E-24  7.224310939039448  0.3665304443494793  2.950926516293472  
1.718700666028392  0.9226144677722241  3.546569243631476  2.0287414121446483  0.9019190134185344  0.24430837424365595  
1.2609760323456267  0.531154839380984  0.12199751345805986  4.590157329022993  3.85921728801787  1.8549432908622263  
8.478783732597037  3.1469146734942863  2.669773690352463  1.1514982638640565  9.013305437228245E-19  0.17665064208819106  
2.162556715255204  1.333927433135331  0.7884293167432062  2.24904240003778  0.6696268026509836  0.9625724489551027  
1.9366974204715814  2.006111165362646  1.1725093192124088  3.053333972657828  1.4474964106255561  0.6756941362621719  
0.1420959437265052  1.8796067601499316  0.5021743826675332  5.601181528064945  3.2392792213591997  1.6060802496127113  
3.062737868246595  1.0670533186660527  1.2233327466785167  2.4177263871257533  0.39802125038582437  0.7366345334235789  
2.2109133806926002  1.1028277924212244  0.7259416257936193  1.7643381708167039  0.66507198974017  1.0776095292169805  
1.1432834496042632  6.777851498478987E-20  6.1042765772430965  0.33961177916083535  3.070655225473935E-29  4.953854980338638  
7.452569124453878  1.578485621800907  1.0201594958442808  3.739815719888977E-26  3.08402129340378  0.8524533112011531  
1.8009543846138767  2.072469874510716  3.701657233675389  8.467612100950734E-123  5.427843611291669  5.501519791685131  
8.338755477146416  1.4095221804639075  1.7259027890453185  2.8738139653035497  0.6081485803522622  1.1222502766781588E-31  
0.5021178441082957  5.916746448685252  6.038565050206804  0.5955233701106217  0.467357215285763  2.2935852088802333  
3.198169444713621E-31  2.787555641986126  1.4629918825128476  4.719758760118697  4.948819455404839  1.1887388195982456  
3.0021855961899573  1.5383759636460044  1.3318358948505267  3.2625408542954077  1.272137672817  0.6849928168212097  
2.369673488369149  3.3071425585773553  1.2464176896027628  1.5223082303919466  1.9211078530092285  1.1779894579596806  
4.8803323981012605  1.5811902986117528  0.8761268836673591  3.0154290024312354  1.6935869122144158  0.6378133201265762  
4.741406403419338  0.6911146854515499  5.883476219908861  1.421235892596307  4.28963520534125E-20  1.7823487224808643  
6.486575368531745  0.20584613499694887  4.036871200403768  2.9129758814299276  1.054462456375805  1.175872635560111  
3.8236939214916537  3.2695088494168263  4.203367624159366  8.584909441864089E-27  2.4769994513418263  2.832474909182308  
5.453401968032456  0.9110243684374567  0.7518845596730019  3.480167257446558  1.6641190784014235E-14  4.839990889367161  
2.0987671239200365  0.7648456462708464  0.8489427669831063  1.7443123070905826  0.6884793995551677  1.0206948841009587  
3.3234947532275654  1.668633253969474  0.7291853414636528  2.921843943358683  0.6078592654989179  0.9226405373943559  
2.277147242286385  1.0723640050210281  0.7218245103233605  1.8542372289402917  0.652697722844069  1.0621238988638684  
4.024510440490798  3.8206124312790584  0.21099333916531593  2.9926298780119414  0.21881673109687047  5.5656344899993275  
5.126008713362423  1.292621746451642  1.3337785422171766  4.193301867354602  3.1144801042026647E-6  4.645731801051341  
4.367687012971001  9.581513867086614E-16  1.0512239868401985  4.64184840979282  2.0514409422458724E-4  5.3236066247115374  
1.792586290785011  0.8191005253893331  1.202231372521344  1.759210957313057  0.6827346165258803  0.8247509534652447  
5.194477003748837  2.034433752625015  1.2120559750077422  0.7853662310660292  4.499909027782036E-7  4.915487671279696  
2.514652751933743  1.3763389665581944  0.795103932377068  2.253613456727097  1.116788354752739  0.9290204497640595  
5.803531609801238  2.2825769353412055  0.26419917705053836  0.8849596145203029  3.5356554219580367  1.771385271602813  
0.9409899570968171  4.770801389376879  3.661398095328628  0.5250190754124086  3.24419216085002  3.6320889146739994E-44  
0.010904214577110058  3.238593684743686  9.810268950726196E-29  2.2193486840862806  6.70765523928717  1.782548777341701  
1.4706869247550933  1.3083901178943125  2.4997781915477955  3.136523221979476  1.0435464589961188  0.22110980985741335  
3.3725936738577933  1.9830970472710614  0.49303123315085473  3.3828287176034095  1.3685376918426435  0.9104396887948196  
1.1495095763122158  1.58868316916424  6.000791068964838  0.5394670921771778  1.671352110075244  1.102222146184941  
2.332414169146559  0.8337521669514227  1.3039998183695505  2.231584671358589  1.0717511844411276  0.6421309132900549  
6.574651682355405  1.593190967173583  1.9285648982087562  2.0645917059790757  2.2631981104948062  0.0018870234225232497  
2.5407827827054534  0.8429798181321045  0.8516791983481525  1.8168075970129083  0.5933101015294391  1.042839444569279  
2.3474524882511947  1.5136485758750147  0.6442897322300657  2.5880639452602656  0.6582099760018503  1.0278628250502608  
3.296605274255492  1.4610680430039327  0.689248464762727  1.8632495467196026  0.4172896664882492  1.097908543351381  
2.0890633143014545  0.7584265497458915  0.8288382521554427  1.694537357642854  0.7204443903515098  1.0362494901814876  
2.170731571248415  0.6839090018963884  0.7293604256418362  2.3316707595725465  1.1615070861085877  0.9124758393394481  
1.1781769099644557  1.344017348454431  0.45039385758737405  5.213170926311607  0.9444070347705168  2.0451326606236013  
6.959291373387311  4.938567499140274  0.7664423012138093  4.243355407602474  1.7009030348645732E-10  2.270792489099313  
7.458815281634902  3.0570355415851336E-34  5.8704050229740985E-27  3.0774476208130697  3.1873429232123556  2.6219487544250284  
1.3165080507931255  1.5499786703985057  0.6028917849319347  3.8891018657251655  0.876692839495624  1.3061523462237432  
3.9176529226835033  2.586221668445648  0.5256048381695415  0.7571678235623532  2.300032011637779  2.9062758800753614  
3.665747232443046E-19  5.503892767319938  3.938692650059547  0.9412437124401006  0.5008763819267459  5.289874744408211  
2.932905389984295  6.093393403817411  2.4507352470187294  1.2327519247349192  5.8075104801389275  0.9783385631919794  
2.278318445272339  2.0549986416221966  1.2064586790693779  3.1886211644588967  1.2121952045058018  0.8483105207173333  
3.104142260979071  0.7430723557512215  1.4856872799635594  5.181241764053554  1.4980937032919128  5.3450789498037616E-21  
3.9834662587676406  1.885099257432629  0.7065606795314154  0.7398398479568572  4.262692529258918  0.768814535835584  
2.6256856808570155  2.0114179707639197  1.063952470141527  3.51135676456422  1.7112119515943678  1.3243028090006954  
4.305814187678524  3.8553550793077123E-25  2.7490653557582947  6.426178994632027E-40  2.815693925373737E-24  4.347194980545715  
2.602744225493924  0.36953921207917634  0.4318129336062995  3.7899051130588295  0.9522460300744084  1.644985698685944  
1.3364381943836057  3.8678500001010914  1.5151957990461962  1.701290423140006  2.882836320233967  0.41878554782393107  
7.908562635152053  4.881581630005173  0.7679829456692675  5.515256977848269E-51  2.3300108836661817  1.4275716648640278  
3.8791966904060375  5.225496891162462  3.083963314526361E-8  4.230947626335482  1.2208523636686843  0.928545239618238  
5.323099422196827  4.562518778115038  0.9867173899580721  3.4557810444317965  6.692932060995805E-19  0.7302414503975955  
4.718297117967289  4.881825653181809  4.688652732054433E-21  5.431534353827944  0.1646367795444127  0.926102937149316  
1.7878625466943898  0.9009075582213755  1.7369422412905113  4.453635866047141  2.8846107297710453  0.0037096668467655847  
2.1185939148002517  0.9217418710224548  0.7518251123462488  1.7237112343968297  0.6801851289660379  1.0624999051758832  
4.691569039477698  1.192945831970159  3.158279921433672  2.0356906889766955  6.93130818120272E-11  2.1392422314791957  
3.765833967159326  4.123578321145168  4.472342424402035  2.5949057462610097  4.324982109012682  3.3730491789235932  
3.420457917241767E-35  6.047202113228919  4.361375960474789  4.185312849621511  1.3795474057028458  1.60450762428574  
2.666711303425126  2.0783181523936265  4.544716323883041  4.217704886547701  3.250133259356785E-20  2.186029023384547  
4.688578949284745  0.5675657670092223  1.2173498086562689  0.7659476942314175  2.1905521514273216  0.7879996751759386  
6.591068604497848  1.0247263686868295  1.9838896717636854  0.9590199150065339  2.298378753610371  0.25693406227527915  
2.1579091141692732  0.5196209755049433  0.7736192711471603  1.1372074365822138  5.905359492650374  0.5903151639088642  
3.60071659991797  6.193101313085878  2.103971562357389  2.7244147427011782  0.042188554457386944  1.7228105153476254  
5.347672948418174  0.04273875474184576  0.9828235552375809  1.143186312305896  5.266441597021061  0.44348484953005923  
3.5200936697452233E-7  5.515785760260743  2.3813588870462543  3.949705856680034  6.0199845827720555  0.9518873656172656  
1.9798175935068447  1.0855160307111276  1.09191965573588  2.2680579546007364  0.8662347463847901  0.7462986161494464  
1.9558083474590775  2.480335470175973  4.095930426626086  1.5950135334440072  4.850501017006378  5.027146234574496  
4.62487890543319  3.0612742108529707  3.62782062423235  5.168930378627781E-12  4.5985853559223635  3.5054363619429476  
6.322357291879364  1.485351159479093  0.18793064877460297  1.2479978545104788  3.877654755126672  2.9001007334246602  
2.146678501562914E-8  5.661124873400524  1.7631008103156243  1.4818136223951024  3.7777606120910003  0.8397328654903669  
1.690112034598373E-48  5.805692343420055  2.19334237712716  4.510815694752978  0.9712063556099746  1.624678010759101  
0.2955484708135359  0.9243736643313346  3.8445134181329976  4.339866958041404  5.075743818661568  0.013581832911588506  
3.784304103594556  0.8471613885310609  5.256704975603879  2.7744471381995846  5.716935388840454E-14  4.0521199815130995  
2.0698352018504727  1.0266480544372758  0.7318059908089481  2.232029473508564  0.7810333943311053  0.9613733101589721  
2.266284607092684  1.9604492583636681  0.9723355831846171  2.133593807267511  0.6086813990889858  0.9014695052946021  
3.712715807626882  1.541332498519478  0.8189002138991959  2.7423003632801994  0.685347858109884  0.8876007595060584  
2.882279215164532E-5  4.281932933259878  1.209475676619733  5.457216277799678  1.4134807389657968  1.1705345791143587  
2.312900303578179  4.874871578451842E-10  2.628330081721823E-5  4.700014330933661  1.4256820963737329  3.321258536170016  
2.0088318309772393  1.240559708894294  0.696089447967159  2.6190984938055037  0.7176186801014558  0.9784884478163944  
3.395841877045737  4.641852917856982  0.6992978517102567  0.9189727846686321  1.0793815665882063  1.2079457863634944  
2.2115791453685456  0.5354186116650658  0.9242051487186601  1.0266464932970294  5.841272444123973  0.47698217236843127  
2.5114666341338947  1.2680040694508188  0.6491099625946354  2.4409545837757847  0.624194195262565  1.0493022073028972  
7.179019863823357  1.3497078456251115  7.444703585340105E-5  4.7630394156815585  3.698839906055487  0.5597020580452359  
1.7597882063660302  0.8724142752774476  0.34433196341916694  3.810130247533183  2.589384541951378  1.3073226992250837  
4.869832925047519  1.1197550608167723  0.7472259822184156  3.3782238955516486  1.524466753832461  0.6417250879023115  
2.5576981694717817  1.2370993204114829  0.8314694505603232  2.8355190978174067  1.3092894145414902  0.8049230646781136  
2.6429560511973684  1.044974497046808  1.3242896587471353  5.1284215692871  1.900964794104306  2.1053344886941975E-9  
1.1770901861372842  0.8776992084791069  5.187491588588987  2.3033427454247892  1.2518343621665313  3.9401728530473215E-12  
1.8521861427174475  1.6479616047501595  0.9320216421745235  2.903798411495523  1.2059153828448823  0.7465663968007744  
4.055758069338925  2.6830081203649803  1.8860324131822161  1.4634456959850677  0.03161357326151519  0.6239878035928208  
1.8631379571583926  1.321560019739861  1.3121006650437754  1.2908940518775207  0.8076688179889163  1.077854858504082  
2.115123081576623  1.1191857675846613  0.9869417533020566  2.218235898680325  1.268215174806365  0.7828885811205221  
2.7293127212161252  2.2385944405420406  0.7499420027947044  3.21898949209679  1.5721638998210126  1.2192530789618692  
5.093586959372399  0.7906596404074682  1.3839464427228185  3.0355079199017885  1.3020614632579726  0.3438132642617926  
2.4952818471253004  1.3957937716243634  0.6603138649554391  1.9428139692369175  0.6211452285378193  1.1103182392619309  
7.486695516618711  1.4338344791215318  4.54933396959881  1.3517373883664248  5.168031337137053E-8  3.2089216150368995E-33  
4.584770369749067  0.35987240053136615  1.5073392502581973  0.4247140958283076  5.35290143362801  0.20952867505459538  
0.010808989599933365  6.000855264374741  0.29097167104937327  2.1769859289342626  1.2304080416899852  3.030622563302393  
