4.075112027205488  3.4288549314593784  4.600818223744841  0.7706404577330612  5.212670751552584  2.254092677125781  
2.987481931589267  2.2693696254880193  3.7779636136614747  1.5755906553787131  4.5654792988682225  5.1070251553294215  
3.4670248199173823  3.6498628619396327  2.547210274737418  3.1432056846209613  1.4809709870234131  3.3323998475979777  
3.877629496824317  4.996448266413072  4.9793395864873675  1.152862655526456  2.2609920799414245  2.680269663328513  
3.8507550890377718  5.122197007093312  2.7577500641887  2.78947613518346  1.5238400522928597  2.0768844417839385  
5.555283294744879  3.6725243999047303  3.1533464510771423  1.0261018162856865  3.2016225155124154  3.5230697627126366  
2.168582592129392  3.049530565362728  1.827237988941729  2.3008617350322367  4.656598278590511  4.426761863470579  
3.408033466173905  2.9063861779306777  4.458911879565427  1.3114489722042415  5.723340246218519  4.99753223320929  
3.057405103005818  3.5294833227166866  4.655986242934927  0.07406683013547165  3.97339990568716  4.2564136268293025  
4.021151929844813  5.915064524276458  3.8136482119185375  1.5978930276580408  1.31818292152164  2.4519949045776217  
5.337550057925508  4.755635712659552  0.7047315833187765  1.997869391684556  4.091121559155936  1.3920583845866095  
2.0934928817673506E-5  6.364652686577166  1.1285510796787057  1.3369085427899947  2.697870603646201  3.1998978944949097  
3.5633630301737234  3.3263327794086894  4.915010707275975  0.5578147293654626  4.092318439783356  3.316851401884045  
2.254506583732849  3.1888916261052582  6.2634560945492606  1.9099780232971215  3.3164774639022396  2.2635257923409555  
1.9427577496250772  3.2342268962408545  3.849960724568929  1.6983188982399524  3.6360732727416973  5.116545489069817  
4.854326911881108  4.935144675744844  3.4573411901103186  2.308814478362881  3.285748390877795  3.9438289136244387  
4.755729173802741  2.6537207479477987  5.53265231868662  0.39225741472350617  4.839502914101982  4.102129243786185  
4.61300279708026  2.6382219817661348  3.9293070230728415  1.3954556876087307  5.576628378869607  3.9058351734441934  
3.4244211928801476  2.777936105165033  5.814896645782752  0.497343741424535  3.6369956215962285  4.288626701831657  
2.6437817812338  2.4807061152850812E-24  2.5143638791721585  1.3470775232732592  5.302549914253973  6.277091325517947  
3.4232952145446345  4.230068830335113  4.224480417487533  0.06709542341388483  4.710789184755277  3.5406151148497966  
4.697781780792495  5.047173557116211  2.9424256813470735  2.6736989926778127  4.034245578668364  1.3597073714729786  
3.8779267694143775  2.132293132450034  7.9279855679330105  4.75655078621313E-21  4.361986783637089  2.997525720860962E-8  
5.04151276161564  4.655805330842883  2.1317963205436223  0.9636492886228388  4.678100660925698  4.767261095952965  
3.805633704979617  4.252730605176689  4.303641473095166  1.3902493749358803E-19  3.0913976734140265  4.9474873172992835  
4.02039203109919  4.807949009836045  4.113530023319868  1.0847970588065547  1.979770533938134  4.305744151562678  
5.108910622635842  5.2830508197774755  2.162507365787895  1.8905539473458068  2.5066511346889424  0.4153423433227472  
2.655080948737076  6.2355854130836335  3.2494247415026534  2.5622000242789222  4.8374123016847373E-4  1.5007914577490957  
1.0088863723987926  2.688288713437649  2.2215885592889735  3.0302539618166184  4.6698854477066725  3.3788098081988203  
5.585673416082768  4.213092291146277  3.4254518945985666  0.7197407775299087  3.484700945082745  2.9737254046206743  
5.926647710890006  4.485288196579141  1.3984836945380443  1.5813442811752523  5.265449178745853E-9  3.7612729574791097  
5.736363210311773  2.364353809747132  2.4199373299814115  2.2079152170759797  0.013337793611174337  0.039865774691369676  
3.288571057285019  3.655351149734987  3.590621592891352  0.3664119380938995  3.9418311960929713  3.9605161678321497  
2.7326511911009034E-11  2.7118031713102746  3.4573057317256723  3.3543777342652454  4.540906147549069  4.0451833982449275  
4.645262346470206  3.3085396238414524  0.7311884721731448  1.0837989573590814  3.7257080444200463  5.333290518365354  
3.8837613632108963  5.77594499956219  2.662537404657723  1.3340370374914245  3.7958393053139035  3.090640672427696E-11  
5.534397457908846  3.2486568152210964  4.114107087308915  2.572607514745953  5.16490504669173  2.8891770314619007  
4.327255554494828  5.176675574610102  3.473982163200496  2.3763861520634753  2.7224801750967953  0.6100691726736817  
4.2416060049178475  3.6575121892147906  3.453190551350962  1.2334780394717156E-12  5.215127519115428  4.416680128500587  
2.6560311273245456  1.2747606782120198  8.052851758493546E-24  4.237445719054633  5.8662062336780965  3.7404731369996918  
3.985519541400531  2.9677388279176933  5.976199617046852  1.469640518617628  4.301009711432991  3.142375333227324  
0.3696210923839534  2.96541186607102  2.332965013237986  3.3545283657342844  4.449257297438567  4.110979407753304  
4.999135308581211  4.211278132991976E-30  0.7506497699445606  2.1371853843510795  4.3925987363662795  6.274082662328198  
3.2243855973414575  3.5983037139834355  1.062277373307619  2.9463347565860714  6.090697935176431  2.8367847149765417  
5.279359540878479  3.119575303717162  4.352294198460147  2.2975860453166517  3.4048034311314255  3.29589963757819  
6.176553470513541  2.363863563959494  1.132925737971463  1.7156138935731968  5.315024737062706  0.519491394080307  
3.466421519851936  1.290559534581811  5.095437747239266  0.7177635139602233  5.031559253182039  1.0641619931002208E-9  
0.09387023312006466  3.6407396408912365  2.501951605139602  4.517419740569264  2.013141049882895  1.4136532373254558E-9  
4.174839769558043  4.5849150920704815  3.893132479391685  1.6251122845759187  1.5291246632109337  2.8630275380058015  
1.592246465983573E-4  1.5847916002063924  2.214895898896078  3.024365666527143  5.744258993777851  5.793556937818849  
1.555479828612955  0.4115279299230981  1.648070399934491  3.7697257411335396  4.939556840642287  2.728298202260978  
3.239350257016145  4.805576517842081  3.045205656807594  0.6233324875658066  3.942377073739217  4.228081030195964  
4.125090393454033  1.8271010468085336  1.9432895476366474  2.7399216860773516  5.61407635536602  0.31314400546274435  
5.703437473439682  0.6562234425498272  1.1864043849251309E-7  1.0966293369810298  5.121536000888653  5.083167821539228  
3.5483910811228054  3.6704534774973125  2.615517752380606  1.49739375942341  5.274221677069781  4.3019943007065224  
4.8474732350411145  5.346114925460554  3.334699121472377  5.548827723404661E-29  4.595222340780905  6.010289248823696E-4  
5.145995519619796  1.8409536709146794  0.08749846975060056  3.6633734715677817  4.163129426281024  1.571831819230116  
4.641832383331925  4.516602778916132  0.8698074996950178  0.9402894723022887  5.202086086170509  2.8126122733025323  
2.9252943521381853  3.6153788485488736  4.7689348046452675  0.011186444618237094  3.793371807205615  3.068136703899016  
4.429329311814828  4.489878469531086  2.0809758900463655  3.50605698929778E-27  1.2482430359038932E-47  4.307059551177894  
4.233970267277651  3.2383448376270065  4.029842921607816  1.4518562041747665  4.107885760061482  3.2837044459832794  
3.9202438773482693  4.7651591288057515  1.8754845195716023  5.325762650948853  1.1336544485192486E-12  0.3961999050844529  
4.359194353564582  6.921245145105639  3.7385460949106752  0.9243920908589823  0.39429791471460796  5.929757683219275E-10  
0.4606193970302461  5.87520766551763  1.5791604392647747  4.041862000700496  2.565481127701137  1.9579039051732423  
3.017718249231604  6.563677241833652  2.617126232770026  3.445982091880814  1.835836151029697E-8  1.8959212767988018E-12  
3.0442298181760497  4.219942689981063  1.9388909521451598  0.010791911332185803  5.5485786585739545  3.0614030987985106  
1.5283114718447621  1.5582875895226767  5.076852993352141  5.413881734078527E-7  7.5321682516249115  1.3904081114219242  
4.814712329583038  7.498383583930343E-8  4.085367066881483  2.0564332860775743  8.084923951601924E-9  4.189913466718808  
1.9365833220093094  1.1395955582363948  0.6155094434302951  2.8753257603263056  1.5922602342431542  1.3829857300545618  
6.138927251854638  3.546082339988888  0.376933399254855  0.7160609776812944  0.10130510628055951  3.9672879937030885  
1.68048494981995  4.013086670295656  5.608818828986821  0.42880007761744654  3.249484382093298  5.164134009327454  
1.3785766879734707  6.197532797975345  1.1279222346479196  3.6180213886422425  8.432888567899387E-18  3.092894021494625  
3.2878692641441325  2.7229358837047966  8.490255451841168  0.674015197626964  3.5200467386221126  0.3184203516980231  
3.1088005190320013E-15  1.2303717517125163  0.6109872530825154  2.822008980909432  5.775848413807942  5.569972482191995  
2.0013300372211607  4.224280831888237  4.561609693821863  0.7247587637028181  3.4717376851923394  3.278514586931709E-18  
3.286976875508445E-19  4.4078994122929425  5.998413664507961  3.440141849529419  2.3339900308553982  2.701069969728408  
2.476718709315857  4.448522865022191  2.9772934571325163  1.5336774649530354  3.048658866910503  5.46795740378963  
2.1028426181953167E-19  6.745472913815806  0.2823086606485556  2.4271261496672607  2.436248020224478  2.1537395095371235  
5.371468698328384  2.379792952606037  1.8957012438947307  1.586455292010319  5.503739812060276  5.461750707239294  
6.151555385250836  5.34546532502542  4.01876592362703  3.8578255800952808  1.9120019576776979  1.9789230903871162  
3.8194326643460525E-13  2.680959558322325  3.004202819987513  3.027864914657087  4.908359420584256  4.5413806997509685  
6.910765481316727  0.6971125444303387  0.04356878341225346  1.2099910870051684  2.8320749677935  1.3941069197143972  
3.5255389104165893  2.363712618847764  7.143455208190164  0.6733182545553494  4.130036107436427  0.4456189942847683  
6.138495633698005  3.0871495552204244  2.8622161813652247  0.4616897915297649  5.324883824460949  2.995596924166568  
0.9824410215012209  1.3919116569544105  0.19624274480113288  3.182765385939057  7.587579129618555  2.395238418498306  
0.0021953933297270043  4.678865032358923  8.284476866362323E-8  3.1823484554833263  5.367538036125978  2.869075471178642  
4.847649317334007  5.5316109077520865  3.1545625800710657  0.5434341964003588  2.3756380401138824  0.9304831733770154  
4.291571308442787E-12  1.4726804019333952  5.84380144311583  0.5997967491409057  5.256583249727499  3.6608245290425074  
0.7714278998509996  2.880574890727189  1.146377344558887  4.018538914085225  2.088228288095675  0.3091525343173044  
1.6316891989850213  0.3650205385120859  0.03948166132864093  2.334287559097854  6.524496183448362  5.472590680601308  
5.394816481336419  3.2521891946764603  5.304940937083501  1.0986777168952637  5.35244057439669  2.763516490756328  
5.446880268100724  2.798841196414322  4.848079879771202  1.483175125528665  5.71023869332308  6.538411746983701E-11  
2.578880911473991E-5  4.944073704772816  2.824276767682288E-4  1.7669453318429824  3.4745398882295695  4.359093137169144  
0.946175500475387  0.8450556992556656  1.1234433413728249  2.518329409066744  1.7982983427360677  1.6195610775583316  
4.2737785887400905  2.3246811447656484  9.370416783595686E-14  1.4721384876141047E-10  5.512941347391906  5.547634875741961  
1.1539648694837259E-4  5.2129528337508765E-14  4.037122525954402  0.5812991830334103  3.0252205479872774  4.080499861845458  
0.2635556241081022  1.5554844579138856  4.455499431265331  3.411904934982158  1.2828812159708876  4.255956494386125  
4.546579119055594  3.992080875252234  4.612110887957326  1.1740533866915236E-12  3.057130878023497  1.6182346051229182  
0.9816717968848908  1.3060459943964888  0.8042735203662751  1.964788157127523  1.2618567015607023  1.1364831418323322  
0.9362981315671232  4.792575390908118  1.470499364528901  4.450611505404142  2.7885753752898137  1.2199044278020892  
1.7197967367275005E-25  2.793662432755084  4.90701976167074  0.7147792349450045  4.676100774094177  4.946194095432956  
0.9259310113700842  1.8524982041226459  1.9090105156851032  4.2420985307596295  0.6009925098134781  1.5656941413761607  
2.5650651750158904  1.3055132349863726E-19  1.2126194246986416E-5  0.7753265838796397  5.23643707112871  3.3392397415566992  
0.3365295897219993  4.643033551834837E-16  2.8965818475656246  4.070780684075493  5.536609229298224  2.2911394415800124  
5.297363501489264  3.295365296358369  0.43816358481453  2.3341297842476445  1.613072071964032  5.48945716811576  
3.7191530568156503  1.0946383854673105  3.8543297803864225  0.007309648751490218  5.007983455617204  0.5432670399210028  
1.3794704968166043  1.2057943082287408  1.5320167081704983  5.108375583980004  3.4994298170044313  0.4656403553338498  
1.3781519781654228  1.0792759282632556  2.2004321961843347  3.884911781314114  2.1537420697575027  1.6268645128319714  
4.874769075001303  4.804894258594139  0.9966549910157344  2.8768871637059124  3.554866090516116  0.8835242783327256  
4.558620715702787  2.933236424648179  5.113094148867853  2.476879525615481  5.728853408119765  0.9318468402122013  
4.2853556350155116E-20  4.532808088801238  4.139985922198017  0.2915279096448881  3.8487422385585206  4.698338752628478  
4.043406089259163  4.117555946933403  2.573073964076669  3.060575848884024  4.5350850484593055  0.9344564730247269  
1.1787119807243105  1.7899608305694488  0.8660416384435337  3.273963048506512  1.7662319357782439  1.4393419116641717  
0.577862372878571  1.2960127997275093  0.6529047379866344  3.6693489662977514  5.240414982349563  1.5538401315402315  
5.4856677283273205  3.229433068523975  3.9239141658252663  2.6990787099079987  3.228863649405634  2.1697513084510755E-6  
0.7588518109960127  3.224831927633073  0.4641327107105792  6.501007484258388  4.336761570602642  0.012806094084522575  
5.673252009458747  4.30411962509532  0.21841321773394076  1.9740375317563472  5.08369549868125  2.914247840651835  
2.4626348635304995  2.443847571821482  3.753423174144089  4.446143931695127E-34  5.067791991281796  3.1369192830556525  
1.6318787062824223  0.2706443111350951  2.5384044320441013  3.2248329475790207  0.7440721850001489  5.886639021502246  
1.0416560439796227  4.482504275624494  4.780960593717167  0.45664396256227374  2.0550340707409274  3.9134069869802803  
0.9716064741424814  0.031185799494141162  3.1937024650077674  4.231346320987952  1.7642901192243514  0.783072979147702  
0.9086457523675497  1.507099074461144  0.8659390155539515  2.428036849104387  0.7847347743194983  1.3891839892857598  
5.3771549986917595  3.483358995156377  5.539434214293106E-11  3.432032605653666  2.25393100938914  1.859728978748812  
4.433907975162676  4.724209919144845  3.7132220698062124  2.402541085754398  3.550599356619147  0.3629895963332801  
3.049118858462955E-7  4.769883980631133  1.9532190519997141  4.254194313163068  3.3946066374498747  6.54809616160263E-4  
0.8410942910470607  4.817185757907255  1.8716266325563227  4.871503468024945  2.1065365320475613  1.942414797077966  
0.2734507961633961  5.842287136413342  1.7167422371081364  3.5830817875461918  2.5508754532861437  0.585862633805298  
1.3425708803191425  2.052429791773812  2.720356378350786  4.4892228616739445  1.106289139873406  0.08905037591340487  
3.212159842856844E-10  3.5588889217553143  6.067795723614178  0.37447397560459106  2.420881193615546  2.8961078819416075  
2.747592621997358E-17  3.803294783502273E-27  6.107554010688947  1.860310228153156  1.5706224327414298  4.892822400738535  
0.5634748729758576  4.097725812309375E-18  3.6086318190403097  2.607776680901264  6.802400655759584  0.9674592853657471  
1.8091466386031037  0.9793770343757064  0.993163515461376  3.616218768381543  1.65133933832923  0.9072566394464897  
1.0010554292955314  0.891934481296707  1.1968739360316227  1.4250411516568373  0.8858397000127721  0.9599124384630524  
1.0517845631584246  1.2572523951853245  0.7232730285468437  1.7985309599021295  1.2943869680481823  1.2276527395903114  
0.8686601662624017  0.27187498405013794  1.8294666869195138  2.0277581010909373  1.436490160862021  1.4982722003716604  
0.8164718089404054  2.897164477165406  0.24465856868026728  3.6450986573142674  0.8591537964082681  1.5908800092263062  
4.329756488817497  2.953946727102052  0.6263247847036346  1.940676342180125  7.709526431861247E-4  2.469911429117767  
1.1292259026573463  4.703197167591227  3.113985495631422  1.9790270279539954  3.6260047228411785  4.755772574025654  
1.0652734757051676  0.08655844219164097  5.448698132122696  2.3117962281882503  5.618331029567185  3.510490012433594  
5.3585098804683335  3.59254082483247  0.23607968847380292  1.2177099661585948  0.9216185402977293  1.9699652472863403  
2.4459545896601904  0.007014139231439862  5.904521317543439E-11  1.3368876194607375  2.499059852541028  7.564783848975022  
1.0649043362232011  1.9338462661863056  0.4279194396841358  1.1738536679763452  0.40729146442499675  4.993165490914834  
0.5868174373347448  2.955881869415991E-15  2.4826461677913025  2.415606355480009  4.998259577821426  1.6557582477262693  
7.485922181324253E-15  5.213820865554717  1.6072056165579598  2.3923529252110427  2.8328393577255904  1.3319315189883085E-25  
2.1536643778279485  0.8681319654035875  4.26815233394977  1.7245165669775813  4.754688828677326  0.24735402583094832  
2.141215076515527  3.6657157742157507  1.1243563686593185  2.876029929763218  5.742522290408064  2.7744759739620473  
3.908980917890173  2.827321005166346  2.693061095639792  1.81224429409379  5.077432151464774  4.567439794817799  
0.9696683567526977  5.984110666538976  2.2137507475309874  2.0236373649592445  6.960925422263647E-7  2.354456236968083  
0.34859440275815734  2.6844956634274384  0.3675559008177366  4.168994157840335  2.1188436841211664  4.003570074008468  
3.063540270851715  1.6300659493321497  2.711355331694128  5.012313374199521  5.291748473263048  5.2580085792163995  
1.368241570945602  0.0048875293305620645  5.88589016978099  5.876871955099519  3.4134066536127596  1.83445897212931E-6  
2.9899712200249544  3.828903996262872  3.929875758291196  2.651831559838399  3.756599184187584  4.179042222748213  
1.5284473024101997  2.451713072361102  0.5290068940864381  3.1898354256544508  1.5092240994862094  4.245279541534791  
2.3216516410854418E-52  2.079467096714934E-18  2.9097224554731023  2.9217019493096614E-6  3.579339095235537  6.888008390756285  
5.42330871188366E-17  0.5626121747536227  8.85553060174822  0.35037393509122144  2.296203808200868  1.7170490819901676  
4.431824957673367  1.9732321259211982  2.5857846654521026  1.6134369340620154  7.58726595816072  4.471746518955258E-15  
0.9974124846426848  0.975274378020911  1.115501468551026  1.219597855424257  0.9052838940759346  0.9791817500666463  
4.090211088442039  3.0594982517893756  6.86945051238664  0.004811394326628852  3.8897161883098113  2.4617543468993492  
4.21569399760705  2.3095063339823394  3.259199264569642  2.328379805874445  3.85246214971561  4.800050962917758  
4.179699110386343E-20  4.937426621144822  6.528096876886914  1.5295620587204213  2.275573120136291  0.324588803414775  
4.293653350500761  5.959490001581445  0.0013744716733477198  1.6560392892932772  4.877613974341197  1.3030363203193753  
1.9013068601007574  4.375335980048563  3.389216985527599E-29  4.17561417036771  4.120824419328483  3.486931085286737  
1.9825219386464688  1.2691877155574158  1.0068888812893342  3.783247642748768  1.1176935841455033  1.045411835038073  
5.427601417422889  7.053729650025822  0.7443516920311789  1.6910484787671618  0.7152728325626092  1.8389306757371522  
2.6617780454599487  3.650069720112142E-6  3.3130205178844565  2.2471010329603636  6.855837466668569  1.1356089512844603  
0.8941044838155718  2.7802447650683253  6.522950236401577  2.743070454743811  2.358762608859014  1.9997443547581173  
1.3237227897830341  1.137415265100153  2.2161809041595366  3.946297018216705  2.0850811826904065  0.910256542823571  
1.4329292239641134  0.8411351282641966  1.6154136180213634  2.825326298618435  0.8915423676918245  0.5312744462630289  
3.0827930445059213  0.2899955446190929  6.584286930792961E-50  5.40353160705728  1.7569446332810619  4.887952606355866  
1.4661818581686024  1.4201191401553446  1.0123635424289614  3.1284696467931505  1.301865868499664  1.8781159934962874  
1.799359797543564  0.1964645241164524  3.8097294232655936  2.74096053105152  0.488339114200614  0.8511298638850168  
3.3997624442855154  0.161984537634164  1.2911023900607193  1.3299276519569707  5.491949021934463  6.490458459419706  
5.041859922643365  3.164926750184436  5.050598563046901E-11  1.034237283771827  5.234975410324504  3.426701197431075  
1.5125409261204776  1.634282715421642  1.0873535754912362  3.4468759456587423  1.5039171491137404  0.6966381439210058  
1.2433155191645784  1.1667379051098759  2.3925476110498898  4.306155674128144  2.5593119794036685  1.9603789953880224  
5.4538053907932005  2.699668666692863  6.301128297780037  2.194284917870368  4.615531779250457  0.0022487934114282853  
1.2776371270752924  0.8191518680643517  1.2851253473421782  1.700354622082565  0.8684863978956706  0.8944142256220344  
5.414408049720351E-13  5.903855067234432  0.00611223541498561  3.146452447810551  4.590499127133098  3.3476315459206605  
1.5129384734720914  1.361309021681871  1.7342838134135576  3.895425061188984  1.5192486908814387  1.0150679249256929  
2.0843777376689165  1.0212573995110183  1.766317941221308  3.467883913921499  1.3637982925126906  1.6697990718177234  
0.9173878489395406  0.9306862312366394  1.1148027880926754  2.1155619127025407  1.5832929600106624  1.482995556861808  
4.079750504354223  2.160882484383588  3.1529280887788143E-10  0.81222468217521  1.1114690404136116  3.6529500199817955  
1.8771700259420858  1.3943192673046843  2.6350118040990926  5.375107245826824  2.1059760655659945  3.4004766447005715E-6  
2.538879058874865  0.8185994598522955  4.432725067178432  1.1225187757144328  4.221457035744447  0.3629536786972818  
7.240256543458704E-6  1.3532538027462009  4.487489495564064  1.5847253857504333  1.1258803996726576  4.801320824574655  
1.815970102768035  1.1973944021340301  1.352477693798581  3.84354419626866  1.615470198362409  0.39533750925254624  
4.5583463004414035  3.660222945082805  3.6915842833794152  2.2131350011131972E-12  4.318391176402656  3.1811994801459478  
1.7894336372970194  1.8499267259972774  2.156384540380387  4.283841715033696  2.052846588672399  1.0134590696324883  
1.7464014752457848  1.2800594669872503  0.9592740641355051  3.98993247482772  0.43161393765982764  1.5739850047151502  
1.4435717155457237  0.9247471129446095  1.0550024366005857  3.7866534859061667  1.4004627417560085  1.6165511849529601  
0.686256478656296  3.000765600323084  2.5303588529421583  3.0517363451850152  4.619989245934671  1.5414618905191583E-4  
1.85501637709161  1.1023970675609698  2.4137846552585382  4.057700353337175  1.1800974995663642  0.6988395895469893  
0.6581998586711634  1.023462595547195  2.36358149939139  2.8401333629937264  1.5812566321930337  0.626709000159403  
0.6562325937859221  3.5248265585865615  2.495587515187554  2.049865124746744  5.378567653488902  6.254537097828035  
4.013987960002158  0.93566784726383  0.829501599772695  0.8568007685990661  2.51172318970106  0.8707867113043262  
1.1465168847146197  0.5296145150003299  1.49961015616572  2.7576776254436566  2.411110768059633  1.3549007287777195  
1.9211682816633848  1.6777171119721863  1.099899746395692  2.662346353097176  1.528284079958184  0.684578563157819  
2.7097685247831156  0.8479031864440169  0.3061944878849516  4.09764125501149  2.31498232600851  0.9975847968248563  
5.0124122471485295  0.37593471387645283  0.5690211788625771  2.6058187374609596  3.4417637001423977  6.949600139345209  
4.889145840220068  5.190985370561351  0.7632179198513923  2.0452200957656244E-10  2.298515831425269  4.154727249094966  
5.659652886535927  2.9119418924557325  2.376648801243456  1.425180925234592  4.341498307364287  2.1088860291610136  
1.3917156264702237  1.527152696711862  0.6838440683908148  2.5575127337179584  2.041619838226245  1.1848896012748946  
1.437303794926097  0.9002062008372477  1.3230686632794781  2.7456185221461524  1.6421238498530981  0.5741495357197076  
1.8219389657944691  1.2683593154228079  0.4821956440380294  3.070199052881721  1.459814657199309  1.4223001821280634  
0.9628469353190923  1.0780322815237322  1.101945554010118  1.697596806107886  1.2873244620307782  0.9018219982889226  
1.521283312745622  1.5730570940640718  0.9824279062238728  4.139608441271707  0.8147138438202844  1.3849168504951248  
1.4621039235572997  1.626878284599669  2.0903604510744946  4.0894008519215355  2.596537725006522  0.629092872739167  
1.9064908699308354  1.145989542444349  1.5792160859177635  4.364119964923168  1.1837892830021322  1.4210964562241177  
1.6733204706329976  1.540314830367324  1.1441191447489492  3.3852232976795937  1.4411297197956605  1.171863687704862  
2.3344206406226666  1.5134222836991575  2.403167653202887  4.051118734300904  1.157156353590352  0.760984039574139  
2.9954240254149638  2.460942469824652  1.3345989431484218  1.4060581815073634  6.258289510460096  0.028682496955715057  
1.9667426671133917E-4  2.284378729559588E-15  4.534165299955953  0.8306113012994364  5.329840148018245  4.9633825346375735  
3.3247029154144773E-14  4.771253244093148  3.3610352786071136  2.3170474369525573  1.7935862157582272  1.5515368386485226E-5  
6.150560128092568  0.7607124417922367  0.19829780101131544  4.016886217658076  2.3097586657936997  0.8429001887230171  
3.677577158017168  2.9193707264183515  1.6880282048100956  1.8252731936208544  4.372640781750389  0.8824007874509437  
2.7987637207995905E-20  1.8363355835292405  6.043226363709288  3.9663661147570236E-33  6.793163162887783  0.9141795736077073  
2.448176511785673E-10  5.069964724613843  0.32370408952292806  4.060504430506498  2.9710472758074844  3.866874585587096  
4.936096788064834  6.964065684906973  2.518225385225098  0.02287595410729681  1.1123798672400182E-14  2.3972375930205585  
6.980817248992888  2.8447163888857734  4.1192304150015  4.673314922379366E-41  2.131617451843861  0.004669042061876714  
3.9672980474536144  1.485602899723335  0.9740365351506737  1.6284747828985955  0.5800816343902793  1.5845629713677871  
0.7729341345275981  1.9372846257010268  8.087449059180034E-6  3.9623498970329543  5.070356152098786  0.9548641485472719  
0.4033515843175136  5.2053156118692545  1.1302855585431836E-15  4.591189896991156  2.717012052083512  1.5246589828782728  
1.3292973858232908  0.5558740491550933  1.7352420727403255  2.4885326682267337  1.3681166080279572  0.8433289349595879  
1.3150635396775698  1.851908926110327  2.5193251810336577  4.331452745001598  2.4885344215853684  1.7764287230110516  
0.7639438314449701  1.9804461500474502  2.343507296959872E-5  3.3385001849186864  5.115261300140135  0.7672577644617462  
1.0038428159371646  0.946051159236132  1.160874836918763  1.4857988281644408  0.8726692999890887  0.9759988038436183  
0.9015710954346027  1.0833205240427835  1.2921786867341687  2.896768205751619  0.7878892132412283  1.2616453250583046  
7.077812342682131  4.663823199223896  0.6104555807620611  1.0113748883471363  3.5505943618685816  2.0677476713557045E-22  
0.23222546339667846  0.36589534736291773  3.275332744268278  3.2778788727093633  2.662483359154982E-4  3.983161878348221  
4.068434533667091  1.9391550027324922  2.9380333398621006  1.7569961572703795E-9  6.246977859737978  4.234043721766024  
1.4198219791258078  2.341136405508386  3.1110079254330536  2.984846183981727  1.8251001765492106E-8  5.680743085411668  
7.778599183715761  3.563877267183223  1.6538523109099444E-44  1.9448761691145906  0.9522851341967037  2.656783068864421  
3.0060199515459594E-5  2.752029651845474  4.220318497324828  2.1447715286218236  3.5980131927038883  1.3044595684374687E-22  
2.381923362857068  1.6836233582640168  1.5467855627891964  4.075284528204834  2.4795030736802914  1.5974181435217805  
1.3002368071024533  3.494113437796799  0.969385814266376  1.7913443752240041  5.919732311509929E-6  2.139985657769893  
1.3796956196205208  0.3965642482380603  2.4195358732015095  3.470080026473491  0.6157530597712886  0.818884436866505  
3.990755132752339  2.2553952854409474  2.9042031875634515E-18  3.7556769988156806  4.583674418646745  0.5037569083954521  
3.7329539948120902  5.761280567641179  2.6698981827433  1.0234835846743546  4.66570820097244E-41  0.8240863392110964  
4.546539426272021  4.445451308404969  0.921958877550995  7.957443394438809E-9  2.6389256141183552  3.6454795443074404  
1.678067109710585E-9  5.254740094780367  2.026790258084158  4.2963509215593865  2.4323078112533656  2.220283542938055E-8  
1.5218554606698858  0.736807018627116  1.5239177474901733  2.5910646475129546  1.7664779244223032  0.6476634200788192  
1.9364245965490026  1.025320597338612  1.811190332433629  3.997730472863914  1.8306957851857213  1.3142122993332521  
1.8088345622448279  0.884135418770873  1.347954629294357  3.764344209873359  2.781991961549684  1.594955217775701  
0.3084105210708028  4.017931143533897  3.590617288554979  5.114674475194178  2.3924567120578515  0.17726285616655219  
3.997519001204022  5.554731463146123  3.7076757258886746  4.560616893692445E-6  1.6578880673313479  5.885469316487545E-19  
2.7726836005293047  1.4966277559709702  4.689781694527984  0.041740367010269334  5.325995222625904  7.433742532254046E-16  
1.181943311461394  1.2895435154631165  1.520719737289236  3.481133692422396  0.895380765465766  0.6531235561384556  
0.47245935282230467  4.922499166878066  3.6266757524994935  1.8504893348231926  3.5504902309406  0.9858976455460271  
1.4703929642999183  0.7752190576130997  1.480215234299033  2.5959705995933087  0.9539894496914806  0.6533362746414378  
0.009985272956109455  0.7306664750030806  5.064950703635322  1.480362111979518  3.807945420375779  3.384674850526161  
4.098502507502189E-8  3.3312323839395663  1.014246245649248  3.7438135423742214  4.793928984162001  1.1862332609209358  
0.386307592986182  4.153833451355262E-14  1.634769524773648  1.6111141062078294  7.079446619030248  2.8992873835112563  
0.8872522695179724  1.023850578475948  1.4041440188885137  3.883742531467427  2.1719942562412453  1.1597275063674666  
0.5863177171076912  1.6171366338886408  2.2315219466535607  2.9324151282025226  1.7201640334370287  0.8510999374005523  
6.900079810050194  1.2839899245837882  1.9364248271239108  1.129248664915699  4.897643731258242E-6  0.6490817993141326  
1.0543174851662998  1.5366541520603818  0.6632364947346397  3.031263682728706  1.085483021413746  2.047530514882238  
0.33680006661170475  4.256693990597899E-9  3.4790658394706737  1.2694785801586328  0.4163846446733682  5.2110960278565255  
1.3802385723396768  1.2974440273769803  1.6436170183328174  3.844174138605998  2.6645589179982183  1.374709034382208  
1.7702222406377506  1.1783225540728812  1.3267197564974538  3.994340416875635  2.228486230808909  0.8390881661810288  
1.2437220126439346  0.6924589636409256  2.447626007904698  3.8159505584739604  2.49246106893109  1.162283062965735  
0.9265611655459401  0.8695886832315968  2.119185975739453  2.8743564012944067  0.8900202877053028  0.9567241882436339  
0.9394324432124395  0.8354874819325767  1.3932024614112049  1.7830513052123333  1.8548409800814463  0.9547004534587605  
5.605954508727378  2.831802426905254  2.4215566581863164  3.080434847011547  0.00440525891772714  0.07407206639220563  
1.4283126256612366  5.328759795100482  1.4334319242906526  0.9294039409640075  3.780566947436195  5.031377528414824  
2.923924992889044E-21  2.5892762644835554  7.0838596228393556  2.971320529090337  3.6098674020514303  0.0010283081945488722  
4.150641247003952  1.5310419890974003  2.0381590915314094  1.68409966554493  0.5100683379914697  0.1620156259788986  
2.1735027256518165  1.297062972143163E-4  1.0041418488293323  1.301288810563987  3.95367557431473  4.233119022303599  
4.642842188192122  1.0056287491209026  1.0926630926414001E-17  3.320214054420768  6.05562675582359  1.4162925600776555  
1.6616125901356757  4.405088404970294  1.158735544575543  0.7062503066153586  3.5226400452173645  6.199737797605126  
1.3846736544367793  0.9037604720233833  1.263152914532575  2.313002867763951  1.7022734295157549  0.6730468980184462  
1.0443240021612752  2.7169922036680574  0.0014420378543934093  1.502645042083618  0.3587563959874864  4.425318303622283  
0.5931524632156474  0.01568714627601921  2.1240162531408164  3.5755200492313164  4.693387485590227  2.4676018857413013  
0.7858221603360962  0.8358545827102073  1.6358747425832023  3.0117215794185896  2.3339704253654725  1.5132730771411707  
1.2806304380250941  5.492898821221976  1.3433888520914754  0.8016751368503555  2.82784169002134  0.062316236288478224  
1.0481207539214332  0.8815472131411317  4.040577522226216  2.3336745212936325  3.257007788515931  0.5682524133810354  
0.592589587394947  2.5971476898932626  1.7858589594385033  2.9733498974656625  2.9732313672882866  9.585546156865226E-8  
2.181511217850514E-9  3.6051588449522516  2.1824142050156654  4.268941744080951  1.853842282065376  6.120436752752635  
3.569957744273507  5.302490140966622  1.112871178831698  1.751488732238791  3.8274553287965802  3.0910326212149424  
3.8228457887650267  4.014813408008345  0.10713899506273977  3.857839834257888  2.361372419674154  1.2642634774727628  
0.6399445881972037  5.989276884733545  1.8015338045286644  3.997769237763155  1.972920205463264E-6  2.6320791472821825  
0.44933787764503813  2.588076212031927  1.597147681448026E-4  3.1184366635313023  2.4009065014998465  4.128335799357229  
1.8137856045024225  1.3826099196686814  1.6588629356728546  4.452119184376014  1.7659571716322726  1.4120723923120366  
1.2319331181914306  3.505393170404929  3.5317895676902857  2.713431337489202  0.8118874761930198  0.09795450463748918  
2.342835069092588  1.6831888289354624  1.77408114164918  3.525742426964072  5.663478792276482  5.416878760454292  
7.081606705338008  0.4639440821036321  1.4608308138854875E-9  2.25568177536757  4.566080080095493  1.3943986527828927  
5.139790041302722  4.367815851339681  0.8026335959430855  3.7526734480065533  1.1567660397906998  0.26794921290023843  
1.7414138134463581  1.1365551082088172E-6  2.206434393421885  2.060963436822199  1.0863067210906343  4.035018923458079  
1.0570616830995025  9.428452483460071E-12  3.4633696712451125  2.017046854805547  0.9404867032734784  5.298914259639548  
2.6376644805870548E-21  6.580874153571683E-35  3.2853070613752284  0.7058689627443234  6.01482499585684  2.2118528964573487  
1.1317877830845922  6.513348408177586  1.4239850748667626  1.7146546384865342  5.990194133086611E-6  1.8295452983823293  
8.70774518677251E-11  1.3683025404108167E-8  6.943682562169015  1.3825866356904268  2.806470664287155  3.444004971689787  
4.599473195917382  1.3101103876191271  2.736141528614151  0.89619730773321  7.595379089518686  3.791545391605727E-41  
0.4624746481243849  1.049847383102783  2.992844286154036  3.1798858709283655  1.3830348695542687  0.6622282283354688  
4.5631557879612314  3.461466438201588  7.293877934962279  5.720094281962465E-6  3.8577076433773976  9.731527073222077E-4  
5.027096616780838  0.3049063206202304  1.0963171297398202  1.85845371558351  2.963742838417403  6.028920147278708  
1.1515153624818246  1.512973232736637  8.475584363679095  0.12466901596599912  1.7114130396373004  1.8408893597977793  
0.22920848907922714  5.409686101617915  3.5926640570048374  2.7401300348926285  2.1071676067803544  0.022447323967998156  
1.711601889264416  1.63977643487641  2.351626362049125  6.047630428047966  3.7118305972729733  6.719167878390148E-11  
1.883624067211181  5.893437698780279  3.945671317242874E-16  3.105724447674149  2.7956442049256798  0.1581288368368118  
3.4770419380193123  3.35117579900075  0.10837835708108974  2.542966168342822  6.574581122062372  2.3150759545719077E-7  
1.2240524631120435  1.8460661887025083  2.1523579248180797  3.857534773510902  2.4002453380605364  1.8212866507038523  
1.0756393436897231  1.1595800529221139  1.9611372150953046  3.8680706297638596  2.7275081318594756  2.0563654968115714  
1.5475468169694448  0.9533672407253418  1.1011470798770437  1.989247709403217  1.9706409878845421  0.7757025405396849  
1.6192238580522818  3.5362801021700943  3.9045442771812833  4.344974942043213  1.4567054362029686  1.1431090634019594E-10  
2.807501610290169  1.3002513653261119  3.966184461307538  0.4289777965050895  3.81064230211937  0.007310821042676122  
0.9929261938026855  0.8727570147932545  1.842418265817921  3.350329512661402  2.299830713686111  1.1424043010236664  
1.8377263496226202  1.7912288076789586  1.7591014406163923  4.461515759577746  2.889749016531453  2.023264495084689  
2.9793568432228894E-15  9.856001938220864E-41  4.1147102809902725  1.0514043677574854  5.092421018063158  2.0160083532990174  
0.7365402382914805  1.8161030978034594  0.7313270919596148  4.037594794148599  2.062908157898802  2.158740354736572  
0.002248968889910879  0.9442467956555767  0.8362309530091975  2.9267210124183585  5.664049094924634  7.403129052798755  
1.2116979826912275  1.6795126540313963  0.09461508164835906  3.1800914944490186  3.990240319675858  1.1330155455660107  
1.6404502762381765  0.2801167780873624  1.9094184136671335  3.415101942917501  2.0054911621820786  1.2725957426108805  
1.7499461018144273  1.6383860039889215  0.9225698415619367  3.86799273901423  2.1238337731011114  1.4630161284815548  
1.4165429543837391  1.9369225662251448  0.015576567427713815  2.9597783547131984  0.933611555464281  4.805085723031463  
3.3766807463299107  0.7700325557017754  0.47862257238198774  5.793177955020782  2.2953933649325946  0.7238169154810166  
0.8483190140656783  1.1079953756146603  1.7860165521754292  2.8458148324897645  2.021557506666654  0.5584212341309328  
0.7649065261352389  2.9954259900831763  1.4224528941663441E-7  2.2695675225549645  1.1236374090198054  1.6044181893569551  
0.9026709343631819  0.6611642878538354  1.6133396456354485  1.6886537396361765  0.8751307992354077  1.1140065313710064  
1.5078409601042762  1.2745527789334652  1.6607621153220795  2.8976422610904815  2.718724845973154  0.7070980703539267  
1.3249689939022518  1.3393217944027225  1.3609346706347072  3.001275704705899  1.582932514297727  0.9125768330981391  
0.541614567818355  2.1111902483650264  1.7043517296642008  4.370102971019242  1.4944515151043982  1.7345211435088632  
1.8760170597359138  1.5423848562472082  1.8011700011173681  3.92916398080253  1.9600352987641771  0.139168414906364  
1.9831880624487193  3.777379125812391  1.8502450910748688E-19  3.9499306973901778  2.398958238429674  2.3936192462092296  
0.13955766836357203  5.357660195014981E-13  5.510446663433265  2.930502825777548  3.465718761414787  4.015657314803788  
3.2657449812224435  1.8226523216840398  0.011601789593788187  4.8162473312475385  3.6834647483311064E-23  2.978136713959982  
2.118756575474725  1.360654569017319  0.5896081870302053  3.5812178630204823  2.5962462398279054  0.8603587873227958  
4.592897090137692  4.5280644352483455  4.900620618407872  2.5226407092838743  2.5809505726321844  0.40796881483886893  
4.065107369494197  3.310099853062851  4.300248119701649  3.2192591828452572  2.8409952372389045  3.5369136689606284  
4.8386498828410796  2.8173647363718364  6.5733750481612185  2.696027237104668  3.198768595215102  2.3798539101399876  
2.571018075819991  1.769834351315108  0.6272210704943887  0.7623657510716719  3.1470027354673458  6.621010810447967  
3.8171113098126708  3.044265970550691  1.1520545580242665  1.5630843550067435  2.5073169478688406  6.313069288496598  
4.81708711838681  6.278750732067312  4.549516586236323  1.2235932254115396  4.5127948378953604E-14  0.39555350994660116  
4.4137678164831105  5.078692955744584  1.9082274004870898  3.1664085461601537  1.1921461323504925E-35  4.726598823682083  
3.7043946607254084  3.0369350977672833  1.9792147388866983  2.342000109674155  4.09962067853998  2.568955910758692  
5.178116984457896  3.5157974498006412  5.729547452436007  4.469916140846802  0.8701984415139956  1.6069202630622605  
6.7201172679673675  2.0312868535128685  2.888952899048604  2.307193245844118  0.3630422786292688  4.92907730976786  
3.092166020393085  2.9799357222522818  4.24250319864324  3.972103972399509  0.7778914833515794  5.148666552543169  
4.740703661687599  3.1357599447334454  3.8674862620695936  1.627814746123513  4.82242019263254  1.5629564928825546  
1.614786653548748  2.2303285276407645  2.191876291360372  4.809042687602973  3.446218532155142  3.659225708455825  
3.285514119717647  5.417507682298118  4.285987859292745  3.0981467334616513  1.3116108584674646  2.0346959872705512  
5.6752507369159  2.5842963250760067  5.791403740271439  8.65741540938117E-14  3.270598943423319  5.212615325208915  
4.14640195903502  7.103628872978559  0.7280586540710243  3.2863877215919204  1.653310206708714  0.09685335878234551  
2.4279039686347425E-21  4.879188004251121  0.0838398030360557  4.681389458529006  4.405264962523983  1.2387922164225114  
0.8178459760676804  4.071456728140101  4.635947010851142  1.312473335603994  3.8121076032634504  3.202322342811992  
5.225924466714173  4.967812957009335  1.5653043124235644  2.3071203304066157  6.739754970718041E-29  3.6866208831155944  
2.753532690243873  2.607482837543359  2.957508927974945  3.0024931632083827  2.694246145259674  3.2281923838718107  
2.690960015415981  3.632180332354638  2.7965618637013545  2.934283176735116  1.9377171603906316  2.2991974929443066  
3.407277065471146  2.631656680938842  2.479124215108038  3.329924224510543  2.125352240443058  2.601795244499948  
4.296413778692108  6.7600874730803  1.19663218686144  2.254496135472203  1.5704463344570738  2.5308069323762052  
2.3841581960964717  2.9659920810465006  5.534176753420442  3.56841344567491  1.819766709207845E-25  4.196803979502244  
4.44189173206765  3.693317239378807  5.9019327585073  2.025138206441305  4.030263677905568  2.7986902659327106  
5.150751067280497  3.988995591275888  2.8842682408571085  3.0268769393015815  1.0910251481393993  2.6079885698073353  
4.865951030751289  0.6930058840564074  4.126556299969685  1.0227895676931291  2.875206140381836E-32  6.596169438311709  
4.836688339163547  5.066628188449021  4.291726307800772  4.1352908128263755  1.7790241588069353  5.7333316482251366E-9  
3.2850871573379243  4.374899389940294  2.397004814357475  4.478899588098048  3.001570230855413  2.5617748308878823  
2.2135800364185143  5.251668847501429E-21  2.5697583093409304  2.80288765871614  6.748431482806386  3.7490892496874824  
5.984276121002108  4.9735574220533225  2.1162969633809103  2.670421644369794  3.786279549390275  2.4898148629453485  
2.978677891414055  2.5031575852786574  3.499383435880962  3.05124263335072  2.33358592728996  2.9552879516748707  
4.794561146656638  2.085008616983861  3.0655183289109047  3.8753333429630445  5.231042908865274  1.5203273408707134  
3.1883174002459578  2.14227607702951  4.9243580106321065  1.5497351748879638  3.037434406531316  2.7662864386315644  
3.014618540490705  3.740727825625276  3.384815933273683  1.943437074863859  0.5866210310272091  6.122382714317656  
1.956148859296952  2.659886194199579  7.207925959716342  3.726357769413948  0.18918150231889083  1.1019529680219  
0.4054829423487349  1.5527308016326786  2.650525705758848  1.1821717480378  1.0059499896306727  6.55940548174533  
2.499527602976893  6.105383755156772  0.7944738261497325  2.338842693020022  1.1410887897264166  2.5761430227611233  
5.959903692214807  3.88156817383836  3.894149277843264  2.6168807656065933  2.391791403342548  4.171487078670949  
5.22106649759818  3.8603338664935927  2.3619726990769716  4.20194845060154  2.8374680013447318  2.113240713285592  
6.058766581473247  3.181025395365605  1.7625602127156537  1.4254704960086524E-21  0.24261783179367344  5.456937356372428  
5.56753784432517  2.9308328574656723  3.083035907886247  0.3603966979072438  0.9122257298613752  5.247499213574707  
5.366018569540251  2.6902611285782085  5.4232056953918  1.8880236297339423  2.2203087154842919E-38  3.830005161041659  
4.289140085156826  5.676527481809813  4.291090984527842  3.6622022808123775  2.6752069518116247E-24  1.3562436795635953  
1.6996164674123708  2.2691698247714704  1.9691027227588338  7.724490876571537  1.8708337627923046E-18  4.016190673090812  
5.0837798175687885  5.748703134116462  0.7575255334731157  3.3180261549711276  1.9207657509545528  0.12296771576165148  
3.0375096029668818  2.44749494277438  1.7961302792760283  3.3790475324407017  3.536991864283286  1.3829476517941086  
1.2768362686346915  2.880415699780547  3.9750410914492083  4.59503342674855  3.832621217442148  0.48315630752704253  
0.11251732017966086  1.3631229033595806  5.180060412308467  4.533481700477433  4.404552983523614  4.1940248910852835  
2.959794362024945  2.255723761266281  3.5886522852436618  1.6048377294262521  2.724797614166325  2.9449217384327997  
4.02222872201615  6.170426753344252  5.056889749336402  1.211452495562396  1.1721867301857656  2.535078144182229  
0.27754223422309626  2.5072825686488316  3.024700665116693  1.0136888125478996  2.026525946699451  5.7802769825216265  
6.069049398134684  1.2212986686843101  5.585024478942383E-4  3.8656110460100233  1.77353170299744  6.228887050494592  
2.8979235900776286  3.0279409821827374  2.8684055502787174  2.8686883492754394  2.739352777677957  2.4694463256830383  
4.672229736673908  1.9014528164707896  4.574588161912611  3.151385526325387E-16  0.6855042409898701  4.753935598774553  
2.5713258817586264  3.664791136376841  1.2581703935493844  0.5505628281658101  6.954393964209249  4.845667608794042  
3.6465890320923284  5.095823319301731  1.8769588732712914  4.496509347209426  2.14967222722194  1.2212600867695949  
0.05268358387195385  2.097355159182758  2.6884476410131852  3.7043486108677137  2.938029630296814  3.5692778781846597  
0.0020667847840371584  4.878417281420314  1.6272311867951237  4.370342233601118  3.9437129028041715  2.8846964460167994  
5.657627212828574  5.290306482355744  5.195846454672007  2.590481085303915  1.681260571114248  2.6081311128187643  
1.3528976178490975E-9  1.347130538874  4.82964608424871  2.546588705018157  2.483850931637678  2.14022977725786  
3.217570334839753  1.3763772852577352  3.2777873440898997  2.564725773377384  3.151104527905339  2.190178159639724  
4.263620694174826  3.2978769709941567  2.1628389440057365  2.7512614950023027  1.4518715125132291E-10  5.33594192252874  
0.934131391054359  3.407398166696581  7.929564771945139E-10  5.250676995777121  2.484703860777327  0.9774837627141928  
1.3542513117483699  2.384157144214887  0.3299639458435268  3.211997420422952  0.5046911068735159  2.7732252860658866  
4.3583645252957186E-24  4.052585612628466  2.686160673381316  1.903568983773662E-58  6.794950225070477  5.200192214060536  
5.391592744239751  4.845726360309273  1.3822544772642587  2.3205587968817296  3.2267231367779887  4.278221251812965  
3.6957579947363453  2.8050953413810724  5.52988042311381  1.1247558259305555  3.436130068815355  6.40060592475511  
3.5970038142515888  3.471140588970834  1.1579319526604354E-6  2.081021311203913  2.879024579084724  3.565415000529081  
1.7470985340094343  5.050183800451753  5.672103384821518  3.959713935106602  4.754772714332985E-17  1.2004302974569838  
0.5317978212184149  2.240498677288999  0.17637461957362455  2.077110187937933  3.168900410231894  4.895156737960044  
4.374130100424556  5.598861253692193  4.631229325263848  3.5561310736527405  1.1938596899254088  2.038213657349881  
4.303088309784698E-51  6.413507054478968  0.29752147616739827  2.283582444051337  2.7265211856833425  2.210844191390592  
6.6712370018134335  3.325632344423617  2.0469101176764766  1.4955973773518754  4.323047166269335  4.167310854018124  
4.841047770620254  4.32458077559006  6.439699678339711  3.811930429053608  2.4844454009249732  2.9225062577915245E-9  
0.14568720186804507  2.959559058937778  2.6712987977857003  4.649287150408523  0.6057737057633159  0.734248534929135  
4.833911738727712  3.93137397465405  3.1023711404660173  3.7491519368423742  1.7104474066099842  0.0012217147725480182  
3.863835810901918  3.751033741302721  6.217113790351633  1.4678578671824631  2.24082919612722  2.0884450335540414  
2.62143335017903  2.4452425245422726  3.9904311909377213  2.2378165356125606  2.1851999788303216  2.5246285277838556  
3.569710497431067  3.5305916659820915  2.956335388694064E-23  4.695918625962638  4.905984047494212  1.7122771460063362  
4.86532729274875  4.66380308117062  3.4823242505369176E-4  3.9470156086270665  3.5791458023349163  0.6706176357564978  
3.5472181989185145  2.730033455172998  3.667750673082046  2.115357059197901  4.821117494394329E-18  2.16107423149658  
0.5518747866034007  0.9960113389516536  3.1756725263191408  3.3404457201713016  2.1085690371368657  3.8544729482545503  
0.37386478672768736  2.5135575186924917  1.006119433034512  2.50044454589683  3.1515932358068897  2.669377022912597  
3.9093510732385286  1.0378560390963034  3.2922974120109836  5.032192353807941  2.998869451880777  6.441550477400621  
2.5537969841996384  1.1603339348280328  3.823046605405355  1.9457032825213108  3.715384436034224  2.3391774321458203  
5.446193574997531  3.07677994676747E-5  5.825483992554089  3.936288703151042  3.0971776658167327  3.6604774258260835  
1.8726370157163823  4.552212886746614  1.3801646790042505  1.3810077105238812  4.391256356047169  4.914265480525591  
5.404900872327883  5.668000664023545  4.716116167190299E-12  1.1696343643138092  0.1995330621511634  2.8498420534840814  
4.197755287567256  2.7281029931921323  5.928444764428792E-7  3.2885095772632607  2.3193154241710556  2.014772614121718  
1.618174935458536  0.049133615161695024  3.2970773317973086  1.9113711339635195  4.319654365404886  2.302790982313142  
1.178372393934604  2.0335043013420666  1.520214828022565  3.8974866317604557  1.3710033057146953  0.8225941882659039  
3.313426015337583  3.9814219855040256  6.856835306705467  3.1503353508303476E-24  3.3223751493449454  1.204086309075312  
4.442547755952725  6.05255417852703  0.7142300670908078  3.1638250049539822  0.010714706708140483  1.5518827848770178  
4.790959486338509  2.8614780019915464  3.248776794338686  3.331128341951883E-20  2.4659814542486402  1.6763646105278983E-15  
3.127255866045584  0.9791596403994389  4.857113987534741  4.79820353541116  4.0544263082714265  6.521166295131003  
1.9663573393623455  4.0911744562596235  1.3654743674698107  1.2857303254207866  1.425426178565135  1.6797608554723087  
7.079354812796081  0.6422424431184401  5.6281168723751E-23  1.1598315377147947  3.941763651229265  2.0348749382898266  
1.933117088571927  1.9162320664486577E-10  1.891842641218311  3.0239663074017025  5.574139427344887  1.1839296410857016  
1.1373759318300394  2.4998127378939463  1.6556818009191563  3.8013457379769124  3.5158272075535244  2.443830891813865  
6.557448587905025  4.16730354942514  3.185425423977186E-5  3.108962398497736  3.9034540294598714  2.6495338274499796  
4.597476598522677  1.110212587454698  1.1740472814213607  3.0053529286254226  4.783623706310277  1.554188860717089  
1.693107452048052  1.463287462100292  3.270079369889645  3.8674618408496704  3.378070455751184  5.487299848488605E-18  
3.3554817132366725  1.003594928725607  2.7530178183553695  3.4535525927332578  1.3409733605598986  4.026567559483528  
3.7511078925362495  1.4610817840539343  4.438361632090958  2.884613305471589  4.345004571693472  3.677324652594881  
4.534675155038639  5.209935822354138  5.84936563811967  3.373863884558328  1.1084003228166546E-4  0.7379144275492692  
2.935512767151338  4.758795613739915  5.485713674133038  1.9455813136386666  1.4414342759851944  1.955022704834046E-19  
6.101855073585351  5.073412897098879  1.3575407003313916E-29  0.9984151203385333  2.0198284961873454  1.3182380797531865  
3.6108144541329414  2.5400763981621783  1.1585519816109735  4.2047568424501724  1.127461089180871  2.086831190679304  
1.7376478737919332  5.016233722185065E-10  4.394305054488183  2.4116339010564163  5.287453644304679  1.0360605191964594  
0.5663748023226183  2.299298108929233E-18  2.303705255334946  0.891801255518512  3.2249697449200063  4.861174445329009  
4.901350633639635  3.045291415079345  4.963523731937795  2.7894579118622733  3.055439818091415  3.640486637012635  
2.8421243366884306  2.598455272417918  3.3061476219154566  2.776538942489968  2.532798442039573  3.2164641948888026  
3.5471302266971114  1.4116495378238632  1.6870659553219607  3.1880271819254395  7.847694662002729E-7  4.205566796314119  
2.529502486638751  5.080117878844764  3.7170272802505746  4.402717054205367  2.889031518372436  1.057510362000645  
1.0866347870843363  3.89907914056625  4.421760640513798  4.800834195745573  3.3469944832121765  0.002866216583073265  
4.507660166087413  0.630319735678182  7.632861697884214E-40  5.704964184930695  2.304784791090556  2.08697655151026  
3.5662705709776237  3.7465928086277356  1.7983921741248787  3.305428929330212  1.1754349244154069E-4  2.3963490908688745  
3.0272035019838426  2.207819091207979  2.5442051768934384  4.051969247934417  2.732350449374737  1.2910211579296214  
0.029172708446458466  4.471196428528326  1.3870535575127504E-7  6.460593177169775  2.0785826863438097  2.8586927291636277  
0.2084304471492338  6.722665323858577  0.12296419529449336  2.4718367839389224  1.8226673228667316  1.1612724181494383  
3.813233864685224  3.383998097656097  2.6706511781899014  1.3791487074632174  1.971702557465829E-5  2.7430268535126334  
0.0010744510257228868  4.3689425168159515  4.997450582085388  1.197429707174835  1.8686935169570282  0.9250735264019698  
2.5556203544809026  1.3472473491316463  5.628983422799861  5.508374102072964  2.0401000079916463  9.136371633206152E-4  
0.7747321149899413  5.009620336119714  2.616263740588492  9.979375698149258E-16  2.146181877562366  3.0147837329058156  
1.5153367397124713  4.01368000555906  5.007641517308748  3.366816101936704  4.791727381699863  0.9367990330532794  
0.23601930904530033  5.450588314350052E-6  4.802842862381594  1.9776459954498402  2.485671976915628E-5  4.479697366134015  
6.48191568794722  0.652041966122291  3.0791613224546  0.8859784148524781  4.780805070082048E-9  2.990277689533814  
1.6249252324821557  1.0263641592937516E-13  2.283590532067739  4.1734785921181405  2.509755543331091  5.188040788943339  
1.2479686302828314  3.603147856300865  6.054871788075947E-12  4.639496049754124  2.4090343597865544  1.2789808159177398  
1.652816614060888  1.1640013029788359  1.0866164946896588  3.8398188822709183  2.1594866282217207  1.3422071804380733  
4.667904065806651  2.2206503374198303  0.24322367799735262  0.7853460480303477  0.08804626396659593  3.1520350932667824  
3.2280226259127827  2.095980785115906  3.1930887004777473  2.3251889793372724  2.1177783083018955  3.4838082518726616  
1.8230563673876696  1.3918227442152E-40  3.5170595854047475  1.0017405665672052  7.088880003031722  1.0386076522361218  
4.233617900135466  3.311425016845076  0.07630277539072784  1.5769226824411695  1.0779351479698813  7.650034855851844  
2.76770465924202  3.6488683719678785  1.8335843910362966  2.9439433683466043  2.4178491021435025  1.6798761632137187  
2.1301678674606888  2.689873896594376  4.0792427272287297E-8  2.7468328949738097  1.1797249537333916  5.925281285563737  
3.7123448381261325E-15  1.5053328447178744  0.9164648399135136  3.4180913657379564  5.7314257815049166  5.132954404112499  
0.042834093810368776  3.9187999221335694  6.264033987116646  2.7826821097610037  3.3697059421893187  5.594077894425391E-13  
3.206730354632525E-13  3.7185404303675162  7.135307438702545  7.252552312944588E-4  2.424206596366593  1.19763523331903E-31  
2.178854119496204  3.0641877002538953  2.5277221440621633  0.806257216401901  2.7992987056051124  3.6196207446348807  
1.4545118346624386  2.1870258825212137  3.6475019535865023  2.056849655183003  3.6263230352149076  2.8560627836359473  
0.2574222559454538  5.992748135129466  0.997857431751023  2.0151892846548582  5.91531963613918E-8  3.117693664180618  
5.1797607172188875E-5  3.164715137470312  1.8641430359299843E-23  2.9841728978908733  3.4914921954155718  5.26362113026725  
4.304902256941581  6.04113213503501E-15  3.8485684472610204  4.670006870485987  3.3662878694353555  5.887750563078605  
3.833739785287253  6.384296166109858  2.1303310571326253  1.6558182837969  2.188926832306357  1.6903878238689833  
2.698074508288997  2.703227202618829  3.6686140847219852  2.9530943180812503  2.4895102936843903  2.5799176133482717  
0.6900381344899311  3.637164700419654  1.8374193202068416  1.9072771899928054  8.173994903334358E-6  4.534726779853716  
0.20377904055621612  6.662085738026855  1.579095332403068  2.7972381373138013  1.206740481983132  1.2470077502260952  
0.10162128212258383  0.9593625449742645  2.541578102406285  0.915174912794127  2.6582699013578908  2.6532104872599946  
5.765897679869073  2.8683402101053845  5.406970875517078  1.843103333718348  2.195344133240255  6.748881764561918E-43  
1.9639978735397632  1.8323238206630974  1.7496477224547842  4.875398863223463  3.8666513098873954  1.6826761334858251  
2.8566575624227144  2.0934512668843306  3.0306525031825147  2.4443080760601377  2.580827119059508  3.460781017230149  
5.08134009008913  7.203171405010843E-13  6.079285907085513  4.145206735607487  3.8286808690503964  2.603158376910821  
5.529218770931417  5.316789596968906  3.5116258818310744  2.1889941440824034  2.6338175872983576  0.0733689546944797  
0.4901803573239183  2.647973270876807  0.017625705749406063  4.019280240198516  3.2144540781690853  4.288404303745978  
1.0586335215084335  2.038787397318167  1.6217158947196728  2.34185216091064  4.196906733228238  3.4059917751817164  
0.22280652174009566  4.564189663521379  0.2618833266482763  3.2220617921855657  4.760884689005939  0.4560711846778271  
2.4984316326267644  5.093629991217242  4.869413612759078  3.4521643219175955  2.3032954084724673  1.2252179578545909E-5  
4.703503555941427  2.175522488043717  1.8517583474290882  0.008534104463243663  5.821469851989375  3.8628122136771124  
0.8863833791870921  0.22409803393875713  1.9357707926109318  6.644962466449301  1.218515039989784  6.16694440779912  
3.2014843033775953  1.6091780725775142  3.6378217663200765  5.722536949874477  3.2844582332634593E-12  1.168877871808679  
0.9480114054685763  3.5977000951086264  2.265340548543175E-16  5.520997138230529  1.7523064836355262  1.526153752815402  
2.599714753941375  2.690530256318443  4.755559692719087E-35  5.717345127568954  2.155344541148085  3.4664725158349197  
0.7485409578747627  4.4890272610888475  2.328621234701285E-13  3.6268334307690187  1.5840457852584358  1.5217086253227068  
2.758432146857525  3.0270117866268063  0.9514183199933385  3.2688918272328493  6.213405826968633E-21  3.865567405577999  
1.5988776566297438  0.42977507947894167  3.0622213077195424  4.437756271747416  5.0571338890345645  6.39756858218219  
2.712014854579894  1.0070772547705897  4.2351324078084955  1.9525778820228235  4.12747631231269  1.1613607557338752  
1.5301272871296172E-25  4.541632424684978  0.9758676775739147  1.6863733140722723  5.403934192989122  0.33024793347709974  
0.7748268756699139  3.0797945374491698  9.042600365961005E-35  3.8824242903416817  5.020186762138823  1.04711853253295  
5.373235753825099  3.427225678477932  4.364536656031467  4.068449140319899  5.7547388965987  0.008900699453451582  
4.050882829258206  3.39399056984373  1.3377146062777026  2.078436074955986  2.3450849229419184  3.881023994157744  
2.303612383055331  4.521022512550053  0.14849314219426887  2.1474647755009973E-30  4.905276987369369  4.807877978208813  
0.9824034976933369  0.9619228017581396  1.2002534298760748  2.204349802944187  0.9043476760938385  0.9448099075632841  
0.6897825739484105  1.2003506478501995  1.910020235999785  3.4356687469588256  2.2241430483712445  0.9555555670117115  
0.9429657263772374  0.7861902325364447  1.3128564622424734  1.8899928320255237  1.1067233482897663  1.268732530465453  
5.477491819129292  2.552815474806695  0.7525077595487599  1.5758439664300208  5.696226746371369  3.0222804173836955  
7.3518346835946735  2.331202029180837  2.904301389957523  2.679937944477475  6.159999346566493E-9  9.86744584934499E-23  
1.2558989575637438  0.2895854190875873  4.698307359576625  1.7040898554127133  3.081148969768862  1.4815654196227888  
0.39195012324617523  1.9492266106831508  2.981561420543428  4.514689906857588  1.946441439578614  0.04176395346383087  
0.02464128092465228  2.804070136098497  3.2564734237875057  1.1223485507632367  5.143393421035101  1.995816064285774  
6.074629003151334  3.7645055237118012  2.3980327309068104  1.674069328733373E-8  2.7241054118878947  6.3513730867523135  
6.939594241325681  1.4316446653969803  2.9871922620287212  1.4119677492651925  1.1093158368323335  1.8183423635324196  
1.786265263376057  1.7391095910389263  1.7846139058757096  4.423133503165332  1.4397990425756995  1.8576100521910623  
1.093759932062437  1.2217151865833185  2.27028639929218  4.279961089031742  2.0768123021888116  1.742894047066613  
2.463635841888061  3.625595804221888  0.012137331401805033  5.8587176349520185  1.6328349099645822  2.3462025287923574  
2.608564760536139  2.6163167037058246  4.2409938390419183E-10  4.3709447860835  1.3269656525294167  1.8656805779154264  
4.379278495813273  3.517909174160481E-24  1.6627231060470227  2.045633186085475  1.9817716339301394  3.128480028284687  
0.02738698247917078  3.451019277014858  5.831458787703957  5.149782795088998  3.011493254907717  4.246747790711467  
3.6964282667967048  3.458467103163662  0.4563921494822368  1.5202958127038677  2.598444836949673  4.038587060659522  
1.5491943895312186  1.0849978468306951  1.8521112979513696  3.359878256316404  2.386892319331061  1.7013778556750596  
2.4394558753557147  0.4534458721541559  1.5980688139358432  3.554779521343911  3.328826038561475  2.1748188350327915  
0.7354536588927272  1.7423026506334929  0.3382118651983903  2.9049420325231297  4.189808183721786  1.3852244335192738  
2.3835302054270286  6.947480168005184  0.9777771666047489  2.6728167871608486  0.26599656788727394  1.225138353047716  
5.258340391455858  5.230406465892405  1.7076194344811242  4.4178266209479515  3.578738355452715E-18  2.358589386306191  
2.670108909680475  1.0454606628044336  2.4174446057129777  2.5990352215157477  4.308886276958211  0.6186247267917118  
2.2465577692688656  2.0319568169854896  1.8967093637005583  5.486220064535809  2.271877626583196  1.0325841956978952  
1.1185001865627204  1.776437178709685  2.586236387119301  5.422355037243265  2.2897036498934047  0.5114499945387793  
1.5094683941024132  1.866326414837435  1.7337388758621353  4.050749041509103  2.1676639148935752  1.854392756576364  
1.219656475409317  1.4111865955690719  1.6916119507930298  4.446658876794038  1.7161686240135299  3.776596630348781E-11  
1.2340868477662168  1.8640998225069125  2.119191540773917  3.820680929972714  2.2444943560698545  1.3957472070348973  
1.6259944180225978  0.9578941011569685  1.1381954717621072  3.638300893258942  1.1438244467894794  1.2051597586885123  
1.3717171695884463  1.2072447896369194  0.9823304603444466  2.814336031968547  1.3150297538979105  1.1298630750150196  
1.8749781893639454  1.6876374362984636  0.8483115134146371  4.054673447113267  1.800858477908623  0.8048223096744251  
1.0764809482015034  0.8454581674833845  1.4715082823925874  3.2072374677040534  0.6418699270014507  1.4693078786893405  
0.5156190109006346  3.148735322749592  1.1638028726279792  3.4635529914528616  3.7428177717345528  2.196137655826545  
4.020900795682579  5.50429866988526  5.732661301965395  3.3008666341281403  2.8982819222320455E-31  0.27368564715844945  
2.438904610368469  1.5136198319752967  2.7389411067083247E-23  4.543349604903635  4.7428767687972675  5.546506377850871  
6.876455047952169  4.193726203211972  0.9743069412970393  4.320546395270222  7.16665433766656E-7  1.0601669990561147  
9.511341297380047E-13  5.174396342647799  5.156873787193215  3.4044310784598033  1.2731433214783956  5.260011445638815E-11  
5.598179418565552  6.474269965558484  0.3654030077639212  5.22932088412011  1.8110669283563592  0.6020480786485853  
0.5021932195083221  2.3871763713251486  4.362447606201924  2.5017248911079326  0.29363899533384513  2.4117670389374517  
4.003508277138112  4.7754553383766964  4.050015732612151  2.4449802725945755  2.375454064465701  2.525310597913404  
6.743693047789889  4.717274361614292  4.549215785962166E-5  2.16378883765753E-37  3.953474808054846  1.0086450749128941  
3.6314518136183067  1.8755652148956952  1.6734771239171726  3.181034902541354  0.3586280568985391  1.9481650812925992  
0.8872326449551825  1.551409353084501  0.24361329760552225  3.088951098904772  3.605392970813059  1.03536750481494  
1.3103037552530674  3.095089186515321  3.7527691880965244  1.9552648426919408  4.420531528325259  5.492218174756918E-5  
3.1179925889542446  2.024852435347134  0.29399889708857607  4.4006461569610735  2.2895516855298053  3.762418651789113  
1.2098807571467995  1.1329076682987107  0.5332775882942083  3.231321644581461  2.2814181039079853  1.779866834266572  
0.7680465710417982  1.7916274818347966  1.9508414789305757E-6  3.465066654593316  5.318023413564569  1.259804090771526  
1.5358472929153129  0.536576693684345  1.642871411171622  2.9742475795512506  2.2840333579198715  1.5596678375370217  
1.6618523416743618  1.3674334495448672  1.07107631813429  3.359862009914898  1.671467178286884  1.189729535879436  
5.419270780440818  5.279844813938664  4.191740470904091  3.0206055397549667  0.37210071453180793  6.356584528596988E-7  
6.127166754602803  0.8383965034598605  4.086769349994701  2.10399338066832  0.008854803972562636  3.0475748278672783  
2.479189215408125  2.766416164708763  3.562933555539441  2.5722026887645537  2.808291900450634  2.667257766638714  
2.5486799031640333  2.8942031638393684  3.1080651280613885  2.724878730267303  3.0255453835249936E-8  3.3982151466427593  
3.621611297881828  3.1687613112254693  2.4691574006876684  5.156058577919585E-9  1.0426585106004878  3.9025218146473546  
2.6408395555427124  1.6674823650366424  2.5097939154416067  4.075784923768494  3.676838829875936  1.153095905892321  
0.8567388737191847  1.6947956851417052  1.075212040679006  2.1731010134148465  1.6020518412555267  3.168611216034292  
1.216651991744858  5.010571797643858  4.657091146171194  3.320792153736112  1.131272708625607E-12  1.733409987906528  
3.558573764501108  0.024702536370458848  3.871817659359745  4.608759014704439  2.3661828273677408E-15  0.31794184739201037  
3.3819490237298924  3.902322074084294  1.8661727146563882  6.764065429024412  6.501507237041191E-4  1.016754131155312  
6.999314278515251  5.560904993293137  1.390913099434428  3.2948297182229203  0.977716384663258  1.5522750180625047  
3.122543789147362  2.2412077624478326  2.779272392748883  3.3026101524682465  3.0835004199497145  2.473411689366855  
1.3516848334909375  2.265165291021944  1.9594051589878236  3.898585616203096  2.8403459097882826  0.2095358521593798  
0.9364488136833081  3.0614202940214406  2.477430732968048  4.944002108961592  2.6159864173773038  0.6745123597059204  
1.2011715608459568E-6  3.3522435973743874  3.2589871461966666  3.1511503003937174  1.8092980443871383  0.20129776775177122  
2.281405040572322  2.3911290199186594  0.2677675256053181  2.572428744372467  0.8574412047670685  3.7707623369909267  
1.096803505165756E-19  4.957160882056207  3.297030320313338  1.2885006946977318  1.7706331633680243  4.081524855038881E-5  
4.250117126635916  1.5757219665184232  1.4186209828670602  3.600086296979908  2.3039881964581324  3.092160830873198  
2.240995540429577  1.9050510205751914  4.032106196072776  1.9112073194138128  4.364379094378851  2.3433444138136808E-5  
2.55429674195567  1.4063330425586924  3.640735300815704  2.9110916202291945  2.5388897866698708  0.002193843808289045  
0.029533784972892125  1.8459211868393706  3.0689880199147943  4.116571338187035  2.1418153573823897  2.7665645752119215  
1.208860588956033  0.8017783211077082  2.365996235166356  3.146712557243642  1.5496417142921814  1.7646622928075326  
3.274248993643461E-10  1.5858611150138953E-30  4.430923797984805  3.6381645852055384  3.74958346734055  5.833351085709276  
5.535303650165924  5.816397426799364  3.1948596697947953  1.1492303404565873  2.8967652327067968  1.8868208161544437  
0.3673727333388132  1.693667736368946  2.9226950326253975  2.169508991523838  7.367079882514071  2.085198669876501  
1.0982260580275438  1.9492296797036606  2.492931617089222  3.914876139886085  1.6744023032548296  1.0780381602959166  
6.927797268432374  1.562686439780509  1.3511345598975695  1.4602832497443592  8.912128205632914E-17  1.512419251644686  
7.019841599884939  1.0997015347288166  1.4328332585960775  1.5772440582207892  0.36166151047328876  0.9342003402051997  
1.060708580709742  0.3622547122062475  3.719581092037026  2.4501769851457884  0.055713884259519564  3.099803298520422  
0.777707788293451  0.005698221004948253  4.41066680013101  3.330036059025896  0.38761697239672627  4.609067105751748  
1.6354375214218577  1.40393603564114  0.9406758482041496  3.869338724343209  2.1401259951377463  1.8936497694701226  
0.7155459009462054  4.0738841389162745  2.523108382111151E-4  4.299058176183313  1.8435168016486934  1.6728549658118157  
0.3555683618408786  4.6714011214088185  1.3528976125192676E-25  2.5330101648137227  1.0010435614053936  1.5565457398411893  
1.5585717418217757  3.317220188920146  7.13054194602993E-5  5.010317616377927  2.865736669034496  1.5513326131938534  
1.141205770804819  1.9315843279491511  0.11553578457394709  2.586738178756124  0.9854996353155492  3.1637424704001345  
6.26962853587696  2.7765304506856134  4.906944410835447E-7  1.4809711437581747E-28  1.0389042672604783E-20  4.345591387886074  
3.142387294138206  2.5269369863573883  3.6661300211228447  2.2374617169307287  1.7428505939267078  2.481999231441212  
4.170211825668033  3.3753913844235267E-7  5.396061914043393  3.484525197451559  4.5022297915335425  2.1527103722641785  
0.6438092830782733  2.0506881390158793  9.890537250282005E-14  2.2635596130143654  2.17157869028354  2.899303448092707  
2.885577887646982  0.7551502287688296  4.15517838774428  2.814710227137865  2.7020890023503856  2.748509286113377  
6.26512612299717  3.229718898615164  4.1771733738701595  0.02625754415354535  3.5128061394152614  2.08603112208224  
0.5966871277662837  4.740111507390899  0.7332329171568366  1.5681175911308152  5.05549334250755  3.6207545395903273  
1.1028229437358439  2.157920092455395  0.31892542154183673  3.3328396986510516  0.7075265008556766  4.61624311329351  
0.8158791557607792  3.2208607909197813  4.2035166002678715E-14  1.7737535422183697  0.5531154209182007  5.774614180735485  
0.5907144725172249  1.6904009424141806  0.06878695554735374  1.7992618042743582  7.892671357199016  2.9404160704199453  
2.003392130302925  3.846816478158979  1.618770821573691E-12  3.8310400940934164  3.087963126862468  1.0853273774091103  
2.038950823205805E-7  2.6885424060562215  3.2415579975676505  3.8474236360346903  0.9948792640463676  1.9692393940773043  
2.4309181450340938  1.5471731582723764  3.772162257565083  0.3819765280504742  4.418268522191727  8.854713453732724E-10  
0.004987709507960878  2.6482743945093925  3.2783495819156903  2.9161823628035908  4.463091401681155  1.1586351323861352E-5  
1.837530925591935  2.6099342673315853  2.3173637906329514  0.9490821401650061  2.266187287825893  4.668769776959118  
4.234274299439382  2.8455974378566904E-11  3.8570857412717876  2.6164564236208068  3.952486737687328  4.976713048636889  
4.138778964337053  6.156441014309782  0.8368270892862121  1.121945262048275  3.004215904633064  1.6453871797046389  
0.5990346548875267  3.4890847827827725  1.1170482796696521  0.7874666475520561  0.459652809240529  1.689828863845663  
0.253768155368456  2.7064083460763784  6.08000447485979E-11  3.4272471258859367  4.426474529353314  3.850483184877189  
1.174638511747798  2.1637403809708005  0.006778232792305497  1.9144031351671955  0.5734605765437346  4.7560858529285674  
0.003611610315489647  6.085952614918084  1.518657699323302  1.0539581785101477  0.8612338349065655  2.423200930043964  
3.5167376809741384  0.19330301712380932  3.7489098454575913  4.910742797945602  4.613982617322529  5.553073265126911  
4.331292643961482  1.743323495901568  1.7624431970716021  2.653672285045357  0.6679637439018885  0.15062785237539048  
3.0810490325317392  2.6777616176558987  3.0895805414456188  2.3023606009806827  2.685046695429128  3.2088974390864946  
1.553262111475696  1.5772375604705826  1.5843223742955912  3.2718027014503934  0.6028551100198496  4.9215596042599605  
1.6807146958128645  3.5186268510737877  2.801560992810853  1.5078058738622504  1.058838378102671E-36  3.7027119039719687  
3.4772385819829444E-9  8.31452289712426E-24  2.556421865537274  3.197568518577686  4.364187894924528  6.069499917162992  
1.3967946284211941E-11  4.483748869080887  2.404829132011677  2.2028263829824466  0.362843480184449  5.239737042790794  
1.057147209681873  1.2262611545111382  5.624171386793877  1.8835430980987342  0.5995815639285432  2.0793028159730302  
3.1875928478210955  2.8197567891696185  2.6340977807757198  1.7426182020825962  2.1771945785744324  9.297664068511962E-15  
1.0024084113077565  0.9321957845926099  1.151060211687882  1.3043955713648092  0.9015841883977066  0.9603954799365022  
3.386039438244283  3.4108653391560653  0.5662167297957247  3.4708671618288642  2.1826514617089434  2.7126067250159593  
5.588000264608156  4.0439601602948905  4.72376245997613  2.30188574622693  2.412003531535303  0.9916889293753965  
5.610261663229899  1.1740337210127938  7.56014544317769  1.8888470697658362  4.1920173496742034E-10  1.879856235591391  
1.4845514820450509E-15  4.033278961008033  6.866678179447956  1.7308369193455533  3.127885986888049  2.2276769243272523  
0.8970285251399075  5.497953827229138  2.2702633347777823  2.727964121862914  1.1871263496934463  0.001810378052110059  
1.3234419375097692  1.809828821089025  0.4514766890240911  2.9197376301666673  3.2127189074857267  4.525520484620679  
0.82281622396638  3.2124628281290395  0.4779575728712288  3.5523859300095504  2.0881142506147885  2.4931050478948107  
1.6420049881155856  1.3844584156629367  0.7448544006341866  3.580115459610465  0.6338727956030008  1.6664185344394804  
0.9979092672485924  0.9727625769485331  1.118179197439375  1.2318690499323421  0.9039879622886154  0.9782508836034058  
1.267686887274786  0.7845145412702564  1.440334946521806  2.173604719990657  0.8033562507585763  0.765855972102248  
4.401606231766456  3.806445108111193  4.262379748128899  0.6219147181847174  4.04289378677482  3.207712842267524  
2.4789290556718577  2.68093503958472  2.051970794598218  5.744410883776044  1.5584097240017452  0.08595665520679648  
2.2026478595933936  1.605106763301703  0.003153945826984332  3.9904070912289193  2.5052757530799545  0.9821170251442407  
4.674463967464729  0.1444083677623139  4.118624232888343  3.0328144321473625  4.2026811623999505  0.4002128289981852  
3.172966159242715  2.2222098328598547  0.3002918725888826  4.545411047257757  0.5192844597826958  1.914831986656776  
1.9361182645246686  1.9420302737582054  1.4690105630858366  4.0170419463842  1.6670160990849676  0.1415810727160821  
0.13916760444804974  3.1004427898412033  3.4570670286568146  3.082438619807067  2.3191518884528697  6.005332946331241  
3.1644214320387363  0.9602054429628065  5.0670377907619907E-20  4.409946250929814  1.165612818888434  5.523014791284766  
1.2742665495329313  1.5881684814762185  0.7785318433145777  2.92546423501389  1.9104639202669171  1.2150110088111177  
1.0900818163473245  1.551102652528799  2.202187452883724  4.3511134775140325  1.3164113355871259  1.629517633678273  
1.017658675847764  1.9008064466209191  0.4436722283250395  2.6558049159230066  0.6401618863223334  4.879269491842431  
1.395475620186533  1.8000499184999723  2.361821923844853E-21  3.1798230291094356  1.0529222215026155  4.546463903392203  
0.3611403912079095  4.554997759689895  6.529823543278508E-14  2.7180831365893736  1.367878366704999  1.4325446477650945  
0.8527772164668012  1.19141072763222  1.415849718775911  2.418443338255138  2.1065874351359546  0.7836800841017759  
2.267473984839623  0.049528719175528174  5.840657149139443  4.8528339072924735  0.011910820326060884  0.6503592154710737  
3.2063245408181347  6.447279206463078E-11  4.694253452222455  3.5432670853872192  9.813983191633118E-24  0.3780916640300883  
1.51924755702301  1.3196001627132958E-4  3.8557686235457687  2.8619363313975397  0.5133992879535288  1.0036339857777854  
1.5503999401355104  1.0418927323676643  4.430430250070923  5.963021547826421  1.7328095346026948  0.6119723045797547  
1.6850576136807046E-20  3.8552990414002903  0.0011548587552460735  1.2370209061747206  2.4069985218841543  4.936909655299725  
0.16644993529453858  0.015278134524521479  2.287246709628933  3.617351081443991  0.8552445458190728  5.9248210983347755  
0.05815936993021849  6.2367716636722755E-27  5.295963621994875  1.5528747208621674  2.6661041728303743  6.809724043521313  
4.491032709695847  5.986694387752056E-17  3.4618694501640896  4.02363311503551  3.371790037863445  4.987015928232928  
4.740891128993131  2.9622033990498986  0.31620771328179614  1.1294331984258548  2.350815401567507  0.37882600807126465  
