3.8522670894360456  4.063144670452193  4.279778115487076  4.269114557252189  3.8108332479261167  5.013548961262735E-37  
1.9873514879652974  2.874093642783309  4.560946087638772  3.2930867399285013  4.663296121708716  3.4204759693030984  
1.2195897976072574  4.529842970403835  4.9500899566021745  1.713136630043815  3.667919962939651  1.1490254686706518  
2.30445654779112  4.806531096153808  1.876174954253038  4.67105054113276  3.370654715630316  3.505642739069269  
2.6803521331727382  3.606934234953174  4.329717746192203  3.539214929825502  2.293738850043605  3.083875732203603  
3.9254108883205703  2.789674751757925  5.602096314791899  3.717316468734546  2.8973900689182055  3.1042355052742825  
1.586114727593172  2.892395400706365  2.921750457433972  3.441229201566115  5.017137357234683  3.71709334213033  
2.916006218540467  4.4728843765858874  4.323671543437337  3.284828554556322  5.1165992010302315  3.7968970086696383  
2.0879065176963145  4.0080928371365925  4.2237474970154745  3.016637611253291  5.511474071098572  1.4120042591513895  
3.06505647351042  4.707528742468087  3.532519693376487  4.101188672121712  1.72884100898388  2.742904464425163  
0.9559235737186318  6.085211036416195  3.2941886965262226  3.6655582396622566  4.393644328443982  0.011773317676734557  
2.5143219931612872  5.052867840634364  0.19508620308245958  5.417401808973872  0.9823741843585176  1.4918332156521494  
2.861217481106114  3.742493786848943  3.916128898864017  4.775830899518954  4.178189111424479  1.3468642327726945  
2.8563257471302097  2.151517726929763  4.760349121648143  4.3149946742233665  4.2566884317010985  3.7404638492716056  
0.6411876510129397  3.588014291495652  5.273700321771927  4.173489817462331  4.508882749701086  3.590979078955926  
3.8912683687258727  4.079456345940008  3.5592754996819016  3.739530065791376  4.2194691650145435  3.972225247837957  
1.5832696355707045  4.052004107230478  5.600198925576574  3.6327796922735685  4.69075150811391  2.9587595415272756  
2.3043202970046726  4.573528867663881  4.475130550377111  3.5865942577991157  4.963942299757853  3.6079899704005696  
2.8202961773047575  3.2232853665682133  2.9824737889881257  4.7515309908659376  5.649782602381443  1.7272163256680038  
0.090855183152091  2.643756055110624  5.310635794147051  1.8466280858728377  4.877084849169879  3.2885232500651007  
1.816743503103413  3.205483463214007  3.3483438993597656  3.3406386564022594  6.209324693753966  2.1200045915292764  
3.2269903841950534  3.998905105157558  2.5852869515968204  4.492883983643184  3.5341732609489904  4.165819247722561  
1.2957594072999397  4.387540628160522  5.206582601998912  3.672082188186391  4.9639463363560665  2.8597532625660804  
3.3126875130121953  5.312326779419381  1.2375396945766068  4.805965083641456  4.101877759143688  3.122138935320924  
1.385450479616852  5.649509776683298  4.727564104918272  3.0882674142210056  5.405376598690519  0.7932945843493977  
3.050642497415414  4.018859088104805  3.9035682602965998  4.246208215925152  4.152570277528131  2.0931606524239226  
2.540927681231337  5.579640126410819  2.173878883438038  4.914413592269335  1.1402727323266904  1.5591809646780384E-38  
3.6567600710599746  5.4207374353222715  1.1347996235861214E-43  4.91993259041311  1.803877469832952  0.44289771198891065  
4.4086315412904  0.007705256858258883  0.8027212403533295  4.749478326377693  1.6089120578806302  4.994160053930221  
2.182687408085645  4.629103040715761  3.8254304451716  4.590026369702083  3.8502629705214835  2.153577052469224  
0.01636865456711916  2.7383940284571775  6.643140608055156  3.8752796730232166  0.8132225723675394  2.9744425454884933  
2.2332155979748927  4.029575477708563  3.6422716144255247  0.5387389928487779  0.2126257693130708  4.433173609124589E-6  
2.9152758083664323  0.9686913497645973  2.916407445119886  4.6118604353519315  4.404258101985246  3.5726537145041486  
5.605293162796806  3.7011531696751954  1.3329536875550319  1.3688005174257192  3.4222574273730326  2.5100613632559563  
1.596728950386213  5.115992478134831  5.108694063697088  1.8110524161071628  3.6408177732181457  1.2972689670305626  
4.687508809065201  5.974909684983439  0.9771435902509696  0.43019380148043507  2.556302542500025  1.333932024063162  
5.234882441204865  4.311559741296672  4.572633189954796  0.28224190494962  6.028699329050894  0.427182495647778  
4.384578204384068  3.5933408631959396  3.240202887105807  3.956857239095057  1.6462620213400296  3.814909876733453  
2.3161389297596777  3.8548296396029245  0.9153828131780478  4.100882612112847  6.339134480396405  2.8676200917707657  
1.9808867614532735  1.9522455549139288  2.721481685525138  1.7507079370894123  6.0157294673807336  5.067247678249364  
4.793651787126393  3.890412835255666  4.232055061527621  0.7656533127494151  5.605540523363826  0.9162541870784531  
2.1649163133454867  3.22295911391593  1.2533409844116826E-37  4.971440003562447  3.699711835089096  3.128817518352659  
0.174512800133892  2.8320869454417137  5.861504987770075  0.6088795644373124  2.4155648815592228  5.409239526480294  
3.2976644970642104  3.1715845219812646  4.641286813869716  4.058020422123152  4.71082335757398  3.698551513212577  
5.576302304015596  3.25157312296551  4.798069253678548  4.421007220020668  3.017902561999983  2.4673259171637185  
3.773768057182416  6.261323251070507  1.3498307004825666E-52  1.8939717220083598  2.8976975096260564  3.438448273438288  
8.204579121403299  1.9750344913930515  2.373587371640875  0.29261905559439066  0.1139210702307656  0.4798176845999722  
4.636402345363089  1.9785811804371471  3.468049247067885E-24  4.079584094366728  2.351500884914778  1.7996081911146518  
3.3608275484200956  4.813964171404216  3.119487693275545  4.662392896052445  1.1286345037177399  0.46113600665811755  
2.21679504354954  2.153299064115221  2.1352137998993506  4.660245589861  5.980048547363165  2.2912321334481014  
6.469058517341403E-22  0.6419804303099877  1.9888992113001005  5.870949213752864E-10  3.685709285436601  4.94718774155026  
1.4801189147555174  4.3715467228835205  0.5512854387851519  4.8888217673718595  6.131962981842406  1.9022834994053073  
6.479226746336167  0.8766662851052222  4.751557753835523  1.2679974299913822E-5  2.0581388267237246  1.030553876654059  
5.608360400075111E-190  1.8692852601509002  1.6685082180450819  4.119645048229857  3.5238717129664954  5.000765400781854  
1.223279548804264  4.878923735646219  2.8943897711253967  3.2800634821502284  4.35022230814605  4.360110541928602  
4.879432019582918  6.743633483203424  9.587958203019697E-7  4.957596436661725  0.46249142115768255  2.130948724428286  
1.0525446381795338  3.4912439542974068E-25  3.7844977495217558  3.6146082837356364  6.4035561882778165  0.5114391334315328  
3.076689342571137  3.990841413691136  3.429745457579465E-16  5.181551950914123  4.3853947062611915  3.185041026350976  
1.8757143741630462  3.243205058576842  4.52913454849952  4.056531057606925  4.972681442211761  1.4525793915499887  
2.1828452852814966  4.256983789920365  0.205761757957349  5.3916056805408665  3.70208713471871  2.372358604619742  
1.9387549189046291  5.388703974092047  3.313967255221435  3.290565192794685  3.586832224920551  3.8241237703542423  
7.079921777803832  1.1281697088918403E-7  0.5486363727072826  1.4738698435148807  1.279267616226599  5.463495945973085  
2.3444051095045806  5.693485367692354  3.5534793090782295  4.144623031462263  6.144316850814676E-25  0.7259221632336307  
2.5903545030977786  4.96500036443249  2.1602564316273324E-50  5.607752234426227  3.04897059147386  0.8416833416016715  
5.042252335055062  4.424684326901381  2.3551334084871702  4.5314014640352465  0.6203932367265541  5.489905653144176E-69  
2.9540947360433187  3.1038691014484203  0.2506564206013375  5.161748079230219  1.3654126660115238  4.090150016579461  
1.2815333674143876  5.88453769025594  4.884341812150651  4.772458935620936  5.115576154240042  5.689418250004354E-18  
7.99715689046096E-23  3.304401627583108E-42  4.228604542292253  3.2662894833236282  4.092572432202952  3.384384662913795  
1.7127831162992522  0.7198924201533942  0.9726567098108784  0.8309092020730723  1.035451438840731  0.9827928257627456  
1.4765836554859177  6.250671211570667  1.2485285487340148  0.6604762846966556  1.1456180493569803  0.542318314823066  
1.3191479408142985  5.087277327509874  2.7527693169729086  4.426964748416498  5.428311726921193  1.9852956835076676  
2.1073213214893007  6.991830069338465  2.0874225138877374  1.3847270184294154  4.049121461673336  9.706127764162665E-15  
0.018988476167124672  4.406561786131262  5.336794163036408  4.334981966010212  5.22194691202824  0.6395319165795638  
7.560102435965669E-31  2.2097922507464225  3.6792116365091445  4.1279962109210754E-60  4.060840872928204  5.834204820052951  
4.081193802360303  2.890314261451848  0.8545299959798343  5.460254221177847  1.3421292782512353  1.6014709097390283E-102  
3.6083386668749364  4.804827564291067  3.4536667754161927  3.7170868804890266E-6  5.247639436110298  2.767200486225166  
1.230156390256753  5.520048706201096  3.478780343528351  1.0735183810279979E-14  5.669300476912793  1.187371475593975  
0.5085234375476346  3.5192221528324206  1.3476197145623625  0.2546617058013388  7.029141302655368  1.625632326543282  
0.3949326866083221  4.839206702016451  3.3459457422300574  2.8949745581621906  5.624695755949881  4.213354316576989  
5.024555013816005  1.9396850897000386  3.9249666627381106  4.296131904541671  4.5822845245763855  5.329834404555841  
1.7839738248685246  2.686422255734926  0.27839575363111696  2.204287697507048  7.162308695606035  1.1352414269990803  
2.128665371514962  3.0397996497935362  5.249348172759589  0.5272148609230858  0.31345655832262104  0.07792076256810135  
0.5632172836755565  0.5535840056069169  1.853898847457043  4.542207943689004  4.862699159891785  5.8425543271472895  
3.3145048386049067  2.7037698615095103  1.993329264489025  5.087831168627484  4.705294632488083  2.1979388792437895  
4.74507733716828  1.9317063678476591  3.878270616729771  0.05852883956901602  6.262416960212615  3.258811766184671E-6  
3.783545940664595  5.977980722154336  2.722892802152044E-23  5.197943620336379  1.9789955424402388  0.5223034780918272  
4.900881202029475  6.125264106071688  4.02619159991271E-16  2.183535855067378  1.7736627136587213  4.4228738393323255E-5  
2.4932038335225934  1.1676833438281409  1.7038031772395297E-32  5.513266123244633  5.74881177616355  0.66771392303382  
1.7288126680016962  3.155215633564174  1.3388432207203036  0.5219983333900883  0.38632960507375713  2.3559760176030893  
3.3487027635324392E-202  3.650840631908019  3.1592492412644506  9.925340098008329E-112  4.33857034757861  4.818711740629503  
4.217177190286077  4.598188768810322  4.663460267707403  3.859208917763228  4.465101233394868  2.9508612366169085  
2.980205765051346  5.1717854983157165  4.178185928000965  4.0438850107895465  5.031190497375225  3.0488250932221064  
1.1714907206094387  6.172763290212476  0.8525016023564918  0.6156752033178796  4.093626648802836  0.8239615111920766  
1.6952357854575095  0.7032800441135579  1.0064579909146334  0.8171620927002939  1.0541043891962238  0.9885841667577565  
3.9570556548332114E-85  5.04183467705526  1.6369158621812347  2.2732145971374047  5.342585056454479  3.724654284701894  
1.6578473378772391  0.469672036050842  1.1953161778547159  2.161213243860366  6.041408380276101  0.5847436153762948  
4.301328493593399  1.1110394454146628  2.3237244256878936E-23  3.98230661407544  6.233161927042528  0.7973764148474874  
2.562253070264139  6.714164015629045  0.5234403178853136  5.18892448011531  0.93624549310606  2.307862717010717  
1.712257789347986  0.7194294287160815  0.9736254571334935  0.8305136560460777  1.0359787476574656  0.9829506216057768  
2.380205137435925  5.969225666111096  3.189500802728656  0.4871747997986107  0.23439712204379293  4.030274349154195E-44  
1.608309023021921  2.671708273993468  1.6041911035842595  4.70338838289198  6.912808161140252  1.430232565029584  
1.5926071261577175  0.741032148737525  1.1701586066431175  0.7391408340879431  1.3616282095397505  0.9508285282173529  
2.2575776296285536E-10  0.4725791537574773  6.210815685038757  0.7537740430089157  2.2019549302152392  2.512410150531975  
1.4135637413734878E-16  1.0441904311632125E-5  2.8036214185587083  2.6134071052948583E-41  4.885850665022536  4.85885182837401  
1.39558066329742  3.0615161349772375  2.9276736266563357  3.6704722275764157  6.2979278462888875  2.757567975439771  
3.3471642615920274  6.257478121641959  0.08194616794911842  1.8181307373081181  0.5705237947170061  2.2343579039013592  
5.9125163678745665  2.3753126527981375E-10  0.48047345810014297  0.9326707670828184  2.253300161766788  1.1225944029762724  
1.7143517183321753  0.7234918714978817  0.9645351621825723  0.8346777801049277  1.03353954787813  0.9810108641342793  
1.1161488667006048  3.0960979513276867  2.834922014030893  4.571871833694779  2.3792791530466086E-12  5.130163953704072  
1.1071297542864258  5.34902180878593  4.477400447567524  4.874351490024489  5.968649369345342  3.958637169303195E-33  
0.802513978692519  4.4761575061893835  4.198722423357053  4.847713741642498  6.129355111761988  3.1426345715894314E-7  
4.57069475854902  3.0462797032782047  2.1486148437377226  4.9412114532158755  4.05576044981635  1.6788355549098775  
1.6906098344194975  0.745536096157092  0.9444124968097547  0.8376433245076964  1.114477616036921  0.9643529029072855  
1.6785571553927559  0.8645706805368962  0.7362799854896188  0.798494556219747  6.733063872308922  0.5659275816872473  
7.248662860254197  3.5247320963479476  3.768162890727521  1.4389546279470027E-9  2.8542395324954647E-42  1.264466819896243E-23  
6.0493549767316575  7.524595998782446E-9  8.463357625063619E-21  1.042161255048337  5.631972145040455  0.8400046283860602  
1.4078146838121158E-140  3.6955273619376015  4.696977513302085  3.5507144217764863  2.5539945503950303  5.255007366373771  
0.4766828858237166  2.8403858903210475  3.894816306464831  4.312970990285506  5.6035474905804925  0.14437899851000316  
1.8482699426222287  0.9752767283381006  0.539244616854871  2.072162786539657  5.9191760138574665  3.619743522131533  
0.24107078609695462  0.13576961946136612  2.111254211534343  5.029763572461003  4.249456934187588  4.1719681094190655  
5.842998051953927  1.7946920450999337  1.6957320179267275  0.44282231486755824  0.4624520753688941  0.9440662682801306  
1.9834805179565564  1.6013689396580317  0.37319250063408  1.1195863766851013  2.334260445537948  0.6706780984757511  
0.9154585707684862  1.5622123543031288  2.833208512943226  3.8114001671050426  0.5240103858416579  5.336578364723359  
2.500838298388643  4.6750245122646845  5.106069343380859  3.9694525255526156  4.493410195921479  3.3383559179410467E-29  
2.1424098028913954  5.791958571665653  0.1442407078204105  5.067666381518725  2.036399063297017  1.912627419233875E-11  
4.1406526505118535  0.66428916001396  9.937938711425635E-17  5.043277662318707  3.4359719173132297  2.472456013482286  
3.0760745659014574  4.413406420166509  1.8729967942850847  4.6544487844289355  3.470571199146431E-73  2.5167145841331084  
3.840507691496588  2.2107806600304563  0.24023935968836893  2.0387737785613833  1.7709135164759018  1.0527672795808711  
0.8517509263531952  8.203569524228165E-22  2.7635566128333147  4.56536281833104  4.334447397520395  3.1691880622512314  
5.865333204958555  1.1438585419322848E-99  1.4974583239294957E-27  2.4221401225145196  6.442193613320255  0.8307642356279572  
3.286532189356534  1.684372650674808  3.409385905991848  0.6317121155708119  6.012770844620258  0.7435054145886044  
1.3921988798913445  0.6086305570062485  1.1785845677379605  0.395323440124575  1.2097437980718992  3.5904475850479693  
1.7088300828775902  0.7159558591223367  0.9807104017059273  0.8276020974814331  1.0397235190206529  0.9842060491310755  
1.8072178657239186  1.3855809365063434  0.6741220338925767  0.9557798753357599  1.5479390206572308  0.7946510948036632  
1.595688029323947  0.828329044498673  0.9085663162526694  0.8245760470223747  1.5625276103142587  0.9306715281130546  
1.7582935098416244  3.242940614322797  1.3881583172594736  0.5257498034395546  0.3486602725135763  2.206259402413086  
1.5222205993963218  4.374179425391836  1.218771554070916  0.6923787380712932  1.0425683175551457  0.6353320766051576  
2.5870622803261956  3.408941938888443  2.2676095404929937  4.509266541335919  4.116414606583114  4.378432518818377  
6.192261290607787  5.654845346803901E-18  1.2852616860749204E-11  2.5109279914980416  6.1397856735118745  1.1934207866437814  
1.6966002881754825  5.232762802267013  1.2870689572285576  0.4329790485024544  0.9001681212987356  1.7570858059772274  
0.7236004072322391  4.287982950543615  3.23312155688278  2.8311807462409  4.8851148653781635  0.6857877859314873  
0.9623676746910265  4.56500538188721  1.0379106133567495  0.5467728834513718  2.88588987023854  1.377833229664672  
1.3012139335073278  0.9403406228791884  0.8268685528862969  0.6851208965006647  5.692896436656642  1.5610228807681956  
2.699736495965037  1.741425289843319  0.3089689744451022  5.727461415051695  1.8705835519808998  1.0791304367326517  
5.894514120098395  2.4873753768014453  1.9131866573702263  0.41881580628702914  0.4331386243795957  0.357920503961169  
2.177183488859149  6.205116801804947  3.1497614846063478  3.7563402489176597E-20  5.087634452091916  1.7640200770232224E-52  
2.674123114707222  4.920937161336521  4.143105577232952  2.458713820214008E-23  6.317266945875282  1.0811735103203666  
0.0031357837681050666  5.0054539032344705  1.6817847125659844  0.1616227500885099  4.4563896975627015  2.4018214421081225  
0.9815278721642947  3.700078020713855  0.996819104638624  0.5023558005994269  4.687475118094884  1.2100480243299285  
4.460125596571381  2.59300595160771  4.0710613339420165  0.5830354599123355  5.726544086352984  4.203900441229366  
1.6627817157558598  3.952509660142348  0.2017503634794126  4.0796469168097215E-18  5.114497433054971  5.294112964809227  
2.3930948611285006  2.417950587871644  3.244125472370044  4.173918584600459  4.933453057920621  4.850492081284148  
2.3918591723066642  1.3615284517073347  4.1853899384398554E-5  2.908798256390918  4.5110551661755505  2.504781058445471  
1.7551054824920023E-44  0.9018709005106516  1.769186516566891  0.08645527476122365  6.698382217417928  2.6294996081731403  
3.4947632132376554  0.8814474022538306  4.067293742829166E-8  1.186900138169806  7.951183810019812  0.4497413047886333  
5.766239277164608  3.3786323661353235  4.678069721523592  1.4972576245849904E-46  4.950620239624406  1.3112180397313704  
1.6395106084142699  0.8758278731153999  0.8236316360429463  0.8721624563250887  1.5056376576977968  0.9064581335467229  
1.0740842018594748E-64  1.3732966183722306  1.7041215854960272  4.637858639788764  4.4871067750831  6.391640229979558  
3.3479153442120846  9.535293465817839E-23  1.2762134772777676  4.698517212319468  4.774170687458376  3.8961555102321577  
2.5690018896284372  5.0571671068737905  3.544617609865564E-42  1.082218343922532  6.87888575884951  2.7050392614425E-10  
4.011836110818704  5.312614508451715  4.890706452160998  0.20887297489247017  4.331335285265728  9.716801641663829E-31  
1.476860988818645  4.415229931906149  0.7634600040633045  4.052539828394787  2.6958058734951837  4.423086355925811  
1.7127004306932747  0.7201053618528385  0.972251593238944  0.83110413657299  1.0353722382365367  0.9826679493210043  
3.6189363506007015  3.1810390832476987  2.3884203049639052E-123  3.0806520725422875  4.371303616482947  3.9430487371839456  
0.8386662705823269  4.208766273920368  1.3451690894213435  0.34557609677926077  7.0628785665104035  1.464798652978541  
5.360635574628257  3.795269234181472  1.0400285232384052  4.078219856253462  3.009068138118976  2.086924626077347E-7  
1.6615550426642185  0.6768827024872796  1.054792223663509  0.7952723069602057  1.120660085379054  0.9918737166455177  
1.710937058179813  0.7142830160084392  0.9805217632646551  0.8279264439743017  1.0413278888566229  0.9850976537859254  
0.6301361853571851  2.9911900308945425  1.2871108124554316  2.396247588295221E-22  1.7663838603847317  5.709574097963858  
1.70024477119311  0.7079965139756652  0.9971051613914824  0.8209195202856967  1.0486545079987548  0.9869695035851761  
3.7738697219531003  2.1282898505670342  1.0288266850001997  0.411282438140601  6.218285364347841E-38  3.1088837804736027  
1.2147099733190843E-131  4.437564194696294  4.875691355300097  5.4410252648226694E-93  4.21217644862921  3.294793330442727  
3.36569332324966E-68  6.311060897857612  5.10385301996141  0.9389090082665189  2.414142567940963  3.0721401101615586  
1.7073741464969856  0.7145437444841445  0.9835340796385761  0.8264615177578887  1.0413213074535028  0.9846983900012249  
1.668842662469845  0.7218034398704601  0.9798266051615939  0.8029470885266353  1.4072782861621496  0.9509798697349966  
5.845068587398458  6.79913560465673E-36  4.5888150922293365  4.33414917369993  3.936683205544597  4.683154379727108  
1.610261747175889  0.7626302088264638  0.975624399642352  0.7977894257273263  1.4667745858726635  0.9393593715360766  
2.1063497405630343  6.563785925976046  0.6836860330233483  0.7104770266489038  5.420477038676535  6.342018069489672E-55  
1.652669272103589  0.6730264047881804  1.0648237864564671  0.790047473219387  1.1395910903224191  0.9914191655977298  
1.6012408609916011  0.6800332024753628  1.0850862180645187  0.770498159081716  1.3595893020739709  0.9691285738610653  
1.6231751971754522  0.8491744035147538  1.2080148900679084  0.7203965777566925  1.6622311690245897  0.8953914434488947  
0.9643394674874372  2.0084737112700215  1.1165863774323472  0.8869522402513513  2.107708606628738  4.334064542015878  
6.575612701044101  1.0040473057636685  1.0918098604592288  0.7081270993184041  1.1732206403352263  0.7883361252267966  
6.285361041930751  1.805395729125794  2.076669685422928  0.3843722371602482  0.2656370250392787  0.560585139368941  
0.895577634358395  6.218215555080486E-14  4.403985932873622  3.7736273598101047  4.188147657780634  1.9161405860388263  
1.705479534925054  0.7129476352177524  0.9869885360552465  0.8250373502449623  1.0431224840980886  0.9852400380000282  
2.755367004136769  5.046432704387782  4.865268659239899  3.6151236436368  3.6205893237018536  1.0692880803575957  
1.7135308600617352  0.7206575928853147  0.9710892036776281  0.8315558912009239  1.0346331139765854  0.9825143713258025  
1.6208543345285753  1.0831461121182382  0.8046360813474325  0.8788550792811909  1.7455322477452544  0.8500622679966776  
1.6371267402358654  1.2307442920068306  0.8676817792197771  0.8561526319204564  1.676712634872075  0.8175163362454845  
2.2152273990755975  5.385849076783783  0.8894156322038236  0.8110693170048171  2.1793756890597873  3.245970741436701E-34  
1.7948483182259274  1.6962650368377632  1.0919483610647214  0.6999632084872812  0.6911378332715552  1.6582324066159275  
1.6298838817641292  0.706038734450558  1.0257160296512673  0.7919424604565944  1.2687840069267102  0.9651996269380585  
1.9679485914864983  4.708891801612474  1.2393720195186362  4.621938103320026  6.288392386021347  2.702919313401054  
1.0229972260171596  2.1056227309368016  1.1454477746820426  1.228045753436575  1.0217841091519377  3.4902629915363823  
1.7045978801621129  0.7120408312280235  0.9888316260249257  0.8242810798560751  1.0440965366432697  0.9855690776843846  
1.5421393101948466  1.8282560065064843  0.8426720757550734  1.1627257810727105  1.4866642493029623  1.7748614081710385  
1.3010490677499102  0.47348476238806975  1.1579618937480982  0.2374543678287367  1.3439113646469467  4.793414791464141  
2.185877686013228  4.558383097825317  1.3127128650599933  4.469112621863574  5.312023431157881  2.214871663119917  
0.8006841136352068  5.648487150250998  3.5089843586214307  3.7678348748108195  4.974647408757717  8.364986236660796E-21  
1.8884097973466736  5.699704252890764  4.221642715479105  2.357471450787235  0.5350459992143486  3.7665830961105256  
2.4759099600036847  0.5190000932085699  0.8386582179151733  0.8407240085029927  1.4624290876997796  0.995155921372599  
1.713508045793776  0.7208380732482127  0.9707521900603746  0.8317120181606587  1.0345368883019261  0.9824172259634874  
1.675858645849876  0.6850321951569948  1.0384145404513725  0.8043498770615685  1.0821022064725005  0.993982141370275  
1.6730684167662528  0.6875148259199783  1.0308922691027909  0.8059837891155943  1.1007381138873877  0.9898480435109555  
1.6988912233030002  0.6964221346728613  1.014513180261592  0.8136881690895665  1.0619319678511452  0.9919225655656768  
1.635037125198525  0.7051830048624508  1.0273850145442036  0.7924215663336137  1.244344954506862  0.9679114385844824  
1.707358544337654  0.7144161586010902  0.9837903967807883  0.8263431690331208  1.041381449388976  0.9847653409100999  
1.6983708494345908  0.7063167044414386  1.0003849299533973  0.8196179052640282  1.0506701062600492  0.9875250820621059  
1.7139332225968777  0.720946198148528  0.9704603481456123  0.8318094396687667  1.03427286262405  0.9824266319500978  
3.899392807367975  5.905606090985475  1.7002773491455975E-44  1.2879646074817113  1.414451304777462  2.586852521136593E-10  
3.7427669805105976  0.7574170918220374  6.2178756913888486E-18  2.412807203665362  7.7544534415488  0.6743252960905308  
1.5028254824166225  0.7629721986959962  0.988886496786888  5.657870743569461  0.8560754616644609  0.8476212890025913  
0.22437182591057842  0.001121673791551035  4.294322619546694  2.9327077701976982  0.861360944264378  6.132042970995569  
1.6203058564578645  4.626572006715999  0.6641678753959438  4.400307059049623  0.6442008866437569  1.6603394751883174  
0.6546101002798967  1.1191700959078157  4.942150515702972  4.860654889543745  6.432727951386576  3.596111218372251E-23  
3.30331712043418  5.031546271363278  0.8310250456219672  4.632453645464799  5.437318881138039  3.5913403976913743E-9  
2.4663491860498366  4.469881696829313  1.9254619304650267  5.508033920805624  6.334496126785899  3.816602298621868E-71  
5.299657385415895  6.844035218841504  1.2374273162117948  0.7908814011934757  0.8834426706105685  0.23033903762368554  
0.9702041993794365  0.5302300163732441  2.8255166385977413  2.8044928632545254  0.8997007790400318  1.0609466543028903  
1.7331674360665046  0.9022025862125531  0.6836687870686097  0.817399776014539  6.7229704249195015  0.5467555677875338  
1.523378976231873  5.682720469794439  1.8262426862511296  0.30747224460183664  5.908324065760326E-24  4.27199373901911  
1.6613546821379996  0.6705990287912991  1.0668240093672041  0.7923642081921525  1.1073948358223225  0.9973206860909034  
1.6531603255743066  0.6584358943004979  1.0914097738087616  0.7835152365310118  1.1126285208896187  1.0027017189605933  
1.6529700210286256  0.8760263813496431  0.743299129084122  0.7978456330049352  6.7123721163129035  0.566764276194543  
1.6535635997318643  0.6685172985008297  1.073970739659878  0.7878805337362351  1.1303278003574573  0.9943715036203099  
1.635982565294231  0.7829821749379257  1.0529516556398881  0.7813557312235467  1.22440875341242  0.9443913512132645  
7.990920386574873E-5  0.34328919442091904  4.117506654103099  4.45517382271857  0.6768423212397431  6.013074083493607  
2.8578700083352007  5.090854585113058  0.4028349267244658  0.7810668508268546  1.561702806971066E-15  3.651072880135863  
1.90056596665228  3.254536836822792  3.0910956536723933  4.722294658126729  4.9742603723166825  1.0731249429399419  
1.649035218991808  1.7734197938538698  0.5276117613970929  1.9822298807914198  5.981552092744582  4.55556486943546  
1.2283061563003826E-44  6.1037889420559575  3.56487415548149  1.4479686435568737  0.5011962181404014  4.326654242321445  
3.2380202278396846  4.5890619406639654  3.0990604837371847  0.29184134645997944  1.203380854904006  4.8422272221398996E-49  
1.7065902938843462  0.7141159696722915  0.9845333733147383  0.8260624402737741  1.0419160040710977  0.9848046552965  
1.3616292022924334  2.6671303730293574  0.7245582219729211  0.866262788604231  3.80288209487299  0.8554161938287748  
3.3376136130894536  1.9247272256419494E-5  1.175781552253476  0.45854179354554775  0.7052856416394768  3.038731534254269  
1.2068387766509707  2.956051402163113  0.603885002387389  3.2508093397333973  1.3359179907825887  5.106027589555676  
4.147027747850253  1.952702891576299  1.9655535004228604  4.421254888538531  3.4723312617183564  0.3548682499979898  
1.8056209947601127  2.506659504539751  0.7547904594010252  4.930669459342894  5.7527064004779636  0.2007454247666915  
2.327360828536903  4.279160463131139  3.912719762132188E-7  5.64139781422812  2.8960598349806665  5.14158637609069E-11  
1.7158147363633809  0.722388024191463  0.9673768579523849  0.8330549080631422  1.0325219861613704  0.981971299313916  
1.6189059760191742  0.6390315375626662  1.1334973184435848  0.7672748442347465  1.1881257612813134  1.000189931684884  
1.7136133215350267  0.7207164817089351  0.9709620374701784  0.8316068659284229  1.0345589968837248  0.9824966299142792  
5.219809187922769  2.644892119115023E-25  0.5129896898090256  5.162363440302774  2.1843729197964237  0.943765588751834  
2.910912935424171  5.8957761713643055  0.8126509497295924  5.257536586720648  1.2305820844036623  2.5675488837819697E-36  
8.617368618351552  1.874340900167118  1.550409573009897  0.5459797098352092  0.471868606830712  0.568282215988546  
1.7054617808410961  1.5110721083283738  0.7586709524802266  0.923118922064429  1.3799093872485386  0.8053425440638211  
2.512232290246384  1.6563199904745873  0.17910951348209464  5.733298281452296  2.0626670583832425  1.4633136599258378  
1.7136587169498156  0.7227778513081347  0.9852138985111971  0.8256782474465538  1.0322158184109502  0.9817167277954236  
3.8567271752513754  2.0367633079017478  1.8178473844733696  4.00669160597324  4.065001441210124  0.2113753110903826  
3.796696981649932  2.4372875532154907  6.041330913898879E-60  1.0249048501079885  5.158109293184204  0.1192303455033908  
0.6059901602790488  2.0743243544773285E-9  3.632688225988098  0.16314839783785987  6.472352601779285  0.9559711784712054  
1.4421592490449657  0.6137504665536363  1.133809436499525  0.4162652357582502  1.1662690467282653  3.594208483305104  
1.7096209859283351  0.7174049750397553  0.9774907326806053  0.829050793748225  1.038656693457533  0.9835451363806736  
0.1671306906569591  0.35559829987799707  4.998516964672216  4.654500971052934  0.8801769221679433  1.4777311730912976  
1.7024502932413639  0.7395156142242673  0.944853597208293  0.8415245074584943  1.0774518150062364  0.969515318083075  
0.5581992685083675  1.1402504579381423E-48  2.3976039606558053  0.40570541472899024  6.443301218922137  1.8189053446494348  
1.7121021803399108  0.7190741892291377  0.9742945144583034  0.830228262258597  1.0362761753754148  0.9831074581954065  
1.6327200925406715  0.834609338739561  0.8657138525337229  0.8531045796490272  1.4401828617154926  0.9196880604264244  
1.7154974783013808  1.8923430860918151  1.103263563341163  0.7109845952114207  0.7033641462718816  1.5295184630683742  
1.7088908946993024  0.716213226731163  0.9802672406234263  0.8277890642792313  1.0395207357250378  0.984087172412258  
1.7142321526911082  0.7213000301169079  0.9697526886010736  0.8321031825786271  1.033913630377996  0.9822913514671139  
2.2335613281176796  4.027348789353651  3.6450616986490085  0.538765564187926  0.21206198772833335  5.308078241159372E-5  
1.1725170429723246  6.646122036417938  2.5486018361467924  4.660184322508364  4.417896166271305  1.8967435455307083E-140  
7.533122639302881  5.682646090268037E-19  4.454957549164632  4.679266187680883  3.480455455146356  0.40561754867344413  
1.8470506204383168  3.438413963801088  2.0602929591526915  0.630733491086845  0.6037376824782577  0.3561683220297026  
2.721994830967205  3.656384173619194  0.01770505718181604  1.243601105436182  4.177068383387417  0.0988769475415745  
3.944127697108382  1.483742395393157  5.23951952544708  2.681537150150957  3.728589621820137  2.4771467879227598  
0.937739468541661  5.17165897381844  0.6688098733056198  3.8250367177134477  5.862480783688566  2.005643120086431  
1.6734117797760857  0.6812075683814631  1.0497582125595641  0.799845963810583  1.0796082163271234  0.9962595317408697  
0.9553822673770899  4.422242533579309  1.0247670024246345  0.548765240920283  3.135961145225888  1.3644485337663157  
1.2536699151546917  0.9248420517538877  0.8636111944358902  0.6287523781742967  5.550711860277293  1.886654221251603  
1.7142174162103763  0.7212867410380462  0.969780417076252  0.8320918365301903  1.0339286079831038  0.9822959326513085  
1.5611469861837002  1.6829832831515517  0.8934363578455938  5.540300564354009  0.7402338089855619  1.0438451363451948  
4.565324053405886  1.3758877603457933  1.5443838320521426  0.5824127022259823  0.5166388263072236  0.726127236320633  
2.119812466218525  3.9540808060740558  0.4530463371371426  1.0950191070410507  1.4019298153586468  8.520891115753319E-4  
4.824479130421484  5.312108497042411  2.113488059111431  2.8507281205354746  3.136328612882468  2.534260539588882  
1.401380628038633  5.293434191006429  2.941135713227325  1.7475485043000002E-53  3.6068333186655046  3.4971629002485902  
1.8537183379805424  4.46311600232071  1.2925070768520797  0.49903292100273394  7.46702199833948E-13  3.285617179577703  
1.8415181642522993  5.87817765334056  0.25630138376683403  1.0307984038699352  6.1172214212042375  0.29235642465153844  
1.0289867213640587  3.749124812227944  0.9654752368353041  0.5264283881626571  4.657136477178754  1.1508128163887863  
1.7134534404273658  0.7193611249168295  0.9733468110634398  0.8305725327709714  1.035519233642024  0.983154622248876  
4.923178728938988  2.0537733856720277  0.2917097419581728  2.0741746560353036  1.736023497419956  0.5360748568249072  
3.3071204988809857  2.826994175258916  3.011498355030141  1.9312252578154894  5.628675642231055  4.607779827371167  
1.1146810887051397  3.0736516040079533  6.204430108697337  1.1865059666440645  0.40733010589596025  5.3155768525133995  
4.553546829431199  2.200233522779061  1.1063231739189099  3.54546000267557  2.4231409671589237  3.012788068906461  
0.8811952629080998  5.545693695171214E-9  2.266627177902704  0.4698737386382718  4.42877342081348  1.561044934384512  
0.6397985053656418  2.9251438418901307E-39  2.3335192287320647  0.44474109131445017  6.528638966727784  1.6733593988762456  
0.36136682940758075  2.0623336665945893E-5  2.637587604211512  0.20321173960834646  5.951752745410453  2.1934301098421365  
0.7915202397936018  5.862668632098233  1.0313868937832478  0.5818140579551234  4.453609537065008  1.5596605981034217  
1.9545372162540477  0.3299457371510615  1.3980217151419427  0.8518779753241996  7.4640284974833735  0.6890591854816918  
6.325166074430494  3.131091833044671  4.830364534338009  2.319442393187112E-73  4.617976447175543  1.0381130287344997  
1.694751250789553  0.7029329191610543  1.0069138950963363  0.8170190689281948  1.0547266211886692  0.9886596364707875  
1.1500139031329633  0.5509438630417165  3.6578768028478126  4.612781347590958  4.9827642722637275  4.581451011494715  
4.297767407957687  0.3538060283581599  0.6473827849573787  5.155700914057681  5.716550519256106  1.3243525742395372  
5.663889077716762E-44  6.479489647786384E-47  1.9687028994840332  4.789713914273201  5.239243037682962  4.145779003116458  
1.7027417115708168  6.008160556670553  0.6300779266705022  0.897096955519109  2.8692562859871606  6.291529577668563E-9  
7.4348251876277756  3.138641271361425E-16  0.21423813487539545  0.9931527936284306  2.9389717369997546  1.0528531560327792  
1.665088055678957  0.31516448005128284  0.12870393090322504  9.241174506238912E-8  6.304834734317152  5.744841066860144  
1.5098318085257931  0.9253812725823648  0.7296642264534583  4.901423192287394  0.8696955350686879  6.07001192459336  
1.6173945621202697  0.656959602866327  1.111772792945195  0.7707797660795181  1.2227733278517676  0.9893963353374486  
1.7124529174823138  0.7196199041329073  0.9732325704312739  0.8306752677969986  1.0357711516826285  0.9828826089651076  
1.6993035408216914  0.7067733507201069  0.9994560701533374  0.8199561939180018  1.0498978700945094  0.9874421134739169  
7.095842272412746  1.6141538694195583  1.0123828809200652  0.6893553830502157  0.8678405760468019  0.6687089485454962  
6.523733832668641  1.4305033234905307  2.051725559558531  0.4215629504595703  0.22299976207383687  0.6950409513057104  
1.7199152665226896  0.7375509228072236  0.9498393995732034  0.8440663024357662  1.0413796996183997  0.9728955963514925  
2.128726893977077  5.358141313813339  1.1129859349957851  0.7913109293622117  2.594479721647179  0.47838118726086915  
0.39377629081888776  5.911174770920626E-14  2.701992473547421  0.20569626158166315  5.953496664274816  2.0584108717040874  
1.6958859905206554  0.7036654035334835  1.005952602328563  0.8173055335145206  1.053375143790727  0.9885174861691949  
1.8846682172255673  4.136763797156212  0.09820177856259835  3.61278383023837  6.265739800085647  2.097868178985534  
1.584904766153005  0.8190397332169439  0.8100002320592108  0.8011755647012068  4.7970739078098  0.6964315878489451  
3.192788030442376  4.116603015996074E-13  1.1911178125597097  0.4411584335657147  0.6132140282111085  3.163063974403351  
1.7151711236488127  0.7220949820168407  0.968077095652214  0.8327858117039014  1.032992659308015  0.9820256520464106  
0.7194623489749323  4.334343732720028  1.2162143159412804  0.4343787748775656  2.9804096107197426  1.7385956817450048  
1.3025355531290914  0.6775343775083926  1.0533424788044465  0.10813490207398323  1.2588874865906203  6.2387900995695915  
1.610833634728524  0.6475650853728125  1.1223260481794088  0.7679851250988687  1.2314900657124301  0.9921163416307379  
1.7862067102370902  3.1725310117579912  1.2637298373745525  0.5532933969171071  0.34967348571995444  2.353745753115909  
1.7431989769932428  0.731074785091616  0.953844154453789  0.8573310935742026  1.0146948313663666  0.9779889968868678  
1.712280447581441  1.066939958948301  0.9553814665137692  0.8469967742096962  1.0131337429602407  0.869497326350539  
1.7610231051392664  0.9741016010320105  1.0018449041525634  0.7851983010743439  1.7624761087511474  0.8631533427648591  
3.1307850902312366  4.002329159385052E-5  1.207005222081758  0.4311665447067056  0.6420374947093163  3.2041365213783473  
1.7193825212598202  0.7250979066467155  0.9615574959689294  0.83540761652123  1.0292226693258375  0.9811187301442809  
2.1909904087523113  5.627129121840728  0.39332568919306365  0.7861255189562734  0.0013982486506123127  3.7157249468327587  
0.45891986364234716  2.815815871571463E-23  2.4917882079233156  0.3450337840519532  6.505817284938462  1.9836605989189413  
1.5202787950916221  5.95115410372869  2.917537767886251  0.5931441570518908  0.0013893136787705629  0.7382743133308898  
1.5907972194194584  0.7563102985804102  1.1515127781517622  0.7439907979370948  1.3510313254214834  0.9500414917018922  
4.821667963557687  4.764718965141133  1.6042610396024826  3.080850489128819  2.8707689373797143  2.2807218324145895  
3.8034929198805294  2.027094787506166  4.711948116776783  3.4255390383214834  2.7389467452796574  5.26693931523884  
4.572904357784749  2.9305480409219067  5.558516080835392  2.8173545197143284  4.553121345359693  3.733730525795659  
0.9647734883907777  2.5937255531544157  3.5661922861524173  3.508248688485079  3.324149409252632  1.5532551672854427  
2.190109679818129  4.139255048266829  2.627562898076477E-4  5.7571137392184895  2.631432110041995  2.9087182788564365  
2.4309339208302627  4.910456069915965  5.495792300946544  4.678331286805716  5.687245255653708E-68  0.9934527262925291  
3.444396195287305  3.048616402318817  1.1328927132503122  5.215031869228136  2.45505636767573  5.781333238007064  
1.966047304821599  0.27357386092501296  2.997634924671037  3.9493331010149673  3.883106304767251  5.383869802614688  
6.860063869803921  2.7040704831771696  4.5006664021142795  5.005229373064822  1.3300040043048509  1.2915093786902836  
2.926168141200413  3.4024468783692856  3.8469284668751267  1.6299613483030475  3.7695378608058876  1.328355801343396  
3.4590416407223774  1.803714710710794  2.9239739167802385  2.897524796566468  4.172745239705945  5.01958341656014  
2.446834537662293  3.978936938288671  4.035209396662044  4.444224074486756  2.790462392042525  2.424923842804629  
3.197269834442461  2.4068547498217296  1.7629229755662095  3.0628761213483586  2.9714078198085834  5.163485702182578  
4.019466108991951  4.240195314054796  1.0378289753201153  4.86576443706496  2.0755620775709325  3.3544773556025786  
1.584469591562744  3.9576595808347017  6.45617469694367  3.540355611727974  4.263267951194439  3.6763593064873015  
2.9428754815243465  2.9621631354825757  0.2572491470212685  5.150055038747871  2.6194961879514103  3.548202065336679  
2.838011975744231  3.3317863962811853  0.6701841121666808  4.50713440258511  0.39395171702907694  5.709321918001575  
3.0752753101217998  4.118964181390179  3.7390347270558006  4.719780362447396  1.5537818844570397  1.3261993260301088  
2.0428526034155476  5.175579422163365  2.4531843141450405  4.338710897404764  0.5642786834166335  2.8809445715157698  
3.982919203973915  2.5771198718887014  2.8117337499146244  2.8087577565788138  2.924588214344265  2.4763427997570693  
4.456923969316468  2.86216881174683  0.6517361338180284  3.5718074193733167  1.8034109194084316  2.589896982531004  
4.4990754674086135  2.4795844658318194  2.51344815388548  2.5946187056428047  2.5031290347657715  2.6451502464205445  
3.6226210426202377  5.575118321948854  0.028612152665228385  5.183401428848825  0.6841211399772305  2.414510299614125  
2.712938504740934  1.6156822480333104  6.221392972531636  4.001113627840616  2.4405277634533227  5.887518831809253  
5.215122389234992  2.8402558299624006  4.7559065145528745  4.231747955231499  3.110559662857547  4.158795937450878  
2.960461308562197  2.3453080211989836  3.83186366694545  4.3220977657249025  0.9712522017259657  4.651198078245854  
2.0177509300381717  4.589118185562938  3.431921426617369  4.235868518091464  3.045304977468878  1.38519762001231E-4  
5.402241086830744  2.0361051060282556  5.23190604854029  4.152378722003692  2.207528964141205  4.200342661974283  
5.242040942970884  1.9854828495000396  4.913740879066594  3.9089521873054025  0.941280025935513  4.829879954913344  
6.476299110971351  1.217980029983594  5.304842029539973  1.0537721871977732  5.02358726686795  0.0019954839269978202  
4.014365172961049  5.569153381847576  3.656742220256888  7.293900745573143E-4  3.6859021246858306  0.1884545484170041  
4.055444958321937  2.352884260113933  2.993904740714757  2.4949112270091156  2.859082137978821  2.780051868450605  
4.201271240308769  1.6283227903781663  5.5247561483301295  3.182836392274676  2.6334359841990955  4.3664728785715345  
4.23667475169881  2.383169727431034  4.870800876734773  2.5895877996841756  1.9912907149674566  2.404782682644318  
2.3633247374978197  3.491886915680723  3.2158684950617547  4.230023559345129  2.8234089900696646  4.112302527079904  
6.829053331469548  2.672371171015577  3.6434923389735205  2.1458277740126115  1.8516672157509022  2.1575641031296384  
4.089298188879348  3.172094204244377  1.4969118808743907E-4  2.584201480867381  4.119287326653866  2.1883895572397162E-107  
1.7962120780746298  5.102952163980039  1.498681760196315  3.1360323097673706  0.8946313088355983  3.9596451818942273  
2.3431424416350395  4.310501314743851  4.335730070596015  4.546746293745574  2.768151367404027  4.905885106147147  
4.384360611100149  2.5796766581315413  4.851684296256493  3.8809019315390785  0.627193758490635  5.530330976991851  
0.0018775885869649273  3.4385459129630433  3.225802709969382  4.895586690814185  1.5256941092825917  5.622541769684527  
1.0905273953709578  4.385227613229353  3.0053566849160607  5.078096885990966  1.8272246337906726  3.4947360146102384  
2.5642503288824217  1.7006231574498223  2.320042893515822  4.365771130015506  2.6219287595006655  6.3806481776263695  
3.639666486302428  2.4536961364641545  4.661904639398981  4.079030741384444  4.437614723135667  4.0783942487063065  
7.261589090345602  3.2712505620804837  1.979114581546927  2.5409921441992505  2.664769357608963  4.270513536584715  
3.6200500090696774  3.7092276958773454  2.285731704098151  3.2870432901608906  1.3243117366545445  3.827174068993565  
4.160991365694532  2.153519659071385  2.820579410458184  2.5815231784081396  2.8179101193839293  2.3594518852143054  
6.711533384076021  0.5347444982350664  2.4483009569612806  4.522770317516114  5.454719450094235E-23  3.306621899467673  
3.805466490398143  0.7427630945490763  5.845583940162618  4.096729656836379  3.4199453985757677  5.558368362258362  
3.2795475282267557  2.762174764805153  3.0962758580703924  2.631331044733036  3.217560465670863  1.830225934919439  
3.430768699328464  5.3053000235930945  0.2211662746940269  5.107490707788576  4.924012829306553  2.6887178455487217  
2.3263798824961697  3.2050377651997324  2.4620678306911503  2.388844884863913  4.067364180279334  3.1900878118905213E-69  
2.1195583956511226  2.556077737578414  6.383531659704909  1.3916314680896624  1.8137104854701858  5.4997700779510055  
3.8255483906865777  2.4881246865350906  2.942038228443375  2.472080370166973  2.7084588385571493  2.6830497417423533  
3.6055060268617827  1.3181895891510291  5.195841102298459  4.074776117301439  3.1030755617971972  0.21878751388550693  
2.637443859732397E-9  6.0241978031348244  2.4188044806456395  3.063406261061184  3.2410667072514765  2.918505036175478  
4.168268834661252  2.0125509383703934  1.069394423533282  4.753494216611479  2.122049041438432E-14  5.907087701527802  
5.422168146771164  2.008094664984541  1.6547632672555703  2.715505774879716  3.00376602967454  2.3725495220182515  
4.063085899426033  2.568612615299061  2.6692531639689996E-90  4.322107295410829  1.66096907705448  5.991111291442807  
5.241539419606867  7.061971380660312  3.151947784312114E-32  5.418386809427855  0.7626550795940205  1.2880426550201984  
5.396508690101008  4.702207153750288E-41  1.7122825677515077  3.152191734608352  3.2145140264220085  1.3553581745362167  
3.215044022651354  3.3497186750370935  2.558466193135269  2.525361832635234  3.182705909931643  1.7681176288081693  
2.801661880076607E-5  0.7783844021527949  6.213560737413424  2.1254542493450046  2.47283208159026  6.132855522586435  
1.7338764010334267  3.7466354103505584  1.0982588492853405  0.38782398935287254  0.2623467103994769  4.3338727052029675  
1.1175622308361237  3.201293635086656  1.0179079824983543  0.6026824119733142  2.1529249598187925  1.305076214784702  
5.370963402484112E-93  4.0664925221456185  2.7494591021757073  5.203711215246877  6.1763937857382105  2.0249682448122046  
3.3952104189939605  3.633195146044095  0.3406682535890121  5.357802348017834  3.6700101718578853  3.896097486445972  
2.5982559372823277  3.005486737683534  5.333000736680752  3.3159104876578946  3.553080811986587  5.951219385643663  
3.8264379472360246  2.913794352980094  3.1673977774468326E-39  2.359115062981084  1.0642066611385406  5.2057132590722945  
6.337668646602556  2.3279147335639037  3.771952813768327  3.843117951350368  0.49847232290538707  2.944634198339599  
2.0677267489401023  2.669178562105866  3.082920666781264  7.323413519720595E-5  2.156678753443705  3.23045618211348  
5.02818730436731  4.726270402028706  0.6767815992684191  0.6148424306888053  2.0623216903750423  5.022184136793984  
1.6590442441404403  6.252136037781775  0.004527964296865299  1.215478032227745  4.008542251629841  2.0355841180328674E-10  
1.2326325585754672  5.789628290437899  4.4089583761952715  0.3483069282679966  3.6147493749740156  4.130575199391287  
7.265568355005726  1.660911218173862  4.439966871984212  4.77652059902206  1.997259063376729  2.803005499718816  
6.475109238296828  1.5559658088269008  6.1238795618025E-24  1.8921475175306925  0.6562154605547172  1.782039559779875  
6.8587334600417105  3.9806492519072805  1.6182938145818753  3.5455186219551664  2.860686429147499E-4  2.588014600664361  
3.0258651795360567  4.248258644926198  2.3933272313563876  4.745183405276601  3.5029390310619024  1.8781129085971122  
3.8453825791126657  2.2523782452068937  2.6567449472467204  2.6656854894291406  2.9520519309464452  2.4314080272607916  
5.881357050883525  3.984607812839998E-29  5.861713393964724  4.160288089312934  2.691807645903875  3.189711646747093  
4.920943181754903  1.4140492568722043  3.063735196182662  4.6478906163544105  0.5992469855374156  5.625243949027186  
5.328526820332406  2.5299454365835525  1.7405852721616555  0.7534150569267319  1.666543489880313  2.628214520660465  
3.9725680260630587  2.3833226161001373  1.0402798364592096  2.605350308626473  3.7525564797804263  1.6956620629172292  
1.6816759272328299  1.1691761033978563  1.4462830416632269  6.603451813539128E-97  1.9499650013259897  5.46511179457886  
3.4706646964988477  3.538240184195541  5.79690888933639  5.116592085257513E-65  2.1167465797686313  5.793217339677046  
1.9323811671087496  3.35749615935078  2.0740218361584466  0.06746468039965668  4.739344462049625  2.5480979499239385  
4.258450129012329  0.3780955625010027  2.8847886204584494  4.851355237825351  3.824214876517746  5.488290700691471  
1.0687254607593524  5.011484512863025  0.45615865213768864  3.9174745344920363  6.240939141704949  1.8665436738840055  
1.7302039791458614  4.272565621582694  5.736420888330276  3.3624447337316594  1.8701770480218245  1.6793106876002517  
2.270066239671893  4.709708826547884  0.3052016880474367  1.0168202768860075  4.11107038739327  0.9988742538801239  
5.460232709064318  1.5248886651643708E-12  0.36637196845793474  1.5590484093955352  3.10671558646621  0.9117395418797456  
3.7544509942260795  2.3103958777903193  0.25874944930021526  2.171284985497766  1.6870356838550378  0.9589740152555821  
2.1842506686287564  3.7760992328794  1.4288412849951908  4.867486063700013  5.078248940680366  2.814344325290261  
1.187886206738177  4.585256511105849  3.5169548735662155  3.682429244055069  2.110656630726087  1.9243483589726864  
1.5582861897081346  4.832222447494155  3.0165451225980395  2.9855649875699273  1.3893231327547766  0.310161236785769  
5.42209571230767  3.178052100327753  4.587078218585243  4.322799497074446  5.010591051157766  4.446764508772272  
1.8332105023080771  3.6005632783259247  0.5880074981524971  4.563301337751305  0.900344132603789  1.647242286716508  
8.67580436910352E-69  4.247044393723258  6.050880016789063  2.04782402792874  5.791753247232647E-51  3.1613295390994436  
7.357875567824094E-23  0.6418885744173288  1.988905179739042  1.085527787713222E-8  3.6856843914436834  4.9472269249430365  
4.266783217869889  2.3301233340310987  2.638332725919961  0.7563600808847718  2.953874215714008  2.492341308042159  
4.037787024852365  2.620616862943928  7.981793924890588E-93  1.9540620343378696  4.932573291587556  5.898794923630347  
1.0098932030902975E-89  2.7176624856114713  4.8356313216075435  1.4185334867833657  0.6113977177638031  4.351776201902296  
5.846365656438452  9.460839182551842E-12  1.8409089844983293  0.6133983314754419  2.472267916260079  1.0468151676366653  
4.372234758716528  1.638020674586594  2.6935211378510115  2.4372328908718286  2.588597274221567  3.3591790859740067  
4.574803984455364  1.6674219617405288  5.11699002003876  2.910265937858088  4.560042902447153  2.2162804714752182  
4.6416988805427035  2.565495860543754  4.11278714074683  4.036070409652963  0.36512644841055636  5.872373251333156  
3.033473608303531  2.7716562231886943  5.120941918705472  4.646150945071526  3.104199237490335  4.952068145274757E-61  
5.534105279136342E-51  3.832486568343124  6.552698477673612  3.795686872580319  0.11214933329167387  2.896104197715076  
0.9525063494620288  0.5469935235623947  2.9354603923479456  2.7519167340478883  0.8613568688511454  1.0538526170276479  
2.265129175567402  6.334889429880153  2.6647762003324766  7.294763977418607E-56  0.9377378315428593  3.160692707527577  
2.1481880035887695  4.827743270346502  1.7568179353168536  0.407653424139633  2.859516988306271  1.6623552750952614E-71  
2.6782796512710174  3.206931243873529  6.480140637224206  3.256503045454202  0.6718672011511431  4.390857163718438  
3.8388548175709127  2.46998453117271  2.9045193098548734  2.5207586854810056  2.9228715105441236  2.6870074517391136  
1.788981275587857  1.063552344902726  0.5368520887851728  3.5818401765088272  3.013352766086379  4.275595922700624  
4.536228758431217  4.156059307138688  3.7717283471561673  4.164310298239169  1.8630813105195835E-74  4.272179288524482  
5.4459665073379675  2.898349653502702  3.1961554333274975  4.218860327904604  4.111513121191918E-4  3.876183866045046  
3.5648452236235544  3.2814440777857845  0.44989450010379956  1.4146178213426828  1.932665421344813E-46  6.006116742499846  
4.0752181653523945  2.591529709855731  1.2421211725353614  3.0172444822993802  0.8781959374595251  3.1320200902416837  
5.556103491008705  3.314229272717899  1.6917432665218135  2.7718842315726224  2.4813274976970825  0.357718457514447  
2.6299646493750597  4.590054263688863  2.3912153198102217E-77  5.4078987611327625  5.938713975463044  2.036360337176102E-7  
2.9372358520865984  1.7298755778413835  0.37279818991362884  5.399491936791505  1.612657228337332  2.91264296808534  
2.823535450463993  4.70223661244283  0.2988534387864473  3.1145245149345095  0.9873174327348601  0.9830145507910769  
1.3941049365003194E-18  0.24198465379173165  3.6586261126891486  4.6291414255798395  2.4642003801358445  2.1064351405905946  
3.477219589561849  1.5674695797475162E-103  6.235941447002016  4.025048236910068  8.696639989179374E-108  6.0447578888851945  
1.5246773924543524  4.022348542712368  0.017537718744580356  5.481734290427601  3.9257502073517148  0.31876336478440503  
3.942398652519099  3.7020864119669556  4.9255832056866815  3.220717309869865  3.7463948865967094  3.5643077885846366  
0.5496616614049735  3.5110789534187993E-22  2.3784450891845386  0.7306823661838105  6.40554374926016  1.7644666990405882  
3.2166951558044595E-17  4.191479902126164E-48  5.009569912517813  4.694093878662503  2.0788584070535214  1.5655014867805592  
0.07744348662000375  2.5225450201502046E-28  2.7157635947267416  0.1651885290953315  5.102935757019598  4.8855028928685735  
1.7762253179829044  4.349558711805544  1.3251139886359886  0.41421764438197817  0.10165584228219154  3.4459623112739295  
1.68826423733344  0.6970925335595936  1.0174804567048874  0.8127657880639891  1.0652045547531128  0.9902182210177767  
1.578299530689241  4.408258942792727  1.1403872049312536  0.7238032241864699  1.0815150655848556  0.5466638957899342  
3.296405766378748  2.5462758757207915  3.0000273394009604  2.399931635955066  3.0269656791707917  2.7513012922579776  
4.1410308300794405  1.756916472728942E-38  3.255378032416557E-44  3.9040792322017626  2.877396836049734  4.294681747594009  
1.8748303585354162  8.251561375629198  0.4470780678731315  4.387662643740287  1.3022457446641548E-49  1.766458693544605  
5.15842105441013  2.360719235275576  1.793115074391197  0.7320557342046699  2.505580058205512  3.155109223095605  
1.6230463830975579  6.526139428359512  0.31390856660076427  0.9896317944089978  3.2483098983329004  0.38012856572459625  
3.6113073739828534E-19  2.2691583396397297  3.77358741645265  3.125595145952071E-46  4.054735550886088  5.741527412927467  
6.560583250113596  0.5940978727685452  2.748178423257773  5.28995458882297  0.4959905739895716  0.7484266843705315  
1.8590237551108442  4.2931631053733765  5.892752542556391  4.0560172405063435  0.3793957696942308  3.6077290558269734E-105  
2.2103851348657138  3.131337185500142  2.355646145886344  2.6555998501385476  3.46827688570946  1.773206791631609  
3.9239637310114595  2.381592714554919  2.5904941747324397  9.261156723402825E-4  3.8589434862829  2.144929905339019  
0.32485687048588646  5.714462965599139  1.4857777736475979  0.3615720622416608  2.9913784287218443  2.2647044518601467  
1.1200137017957257  4.642122771694671  0.8715465165108434  0.48587003723927646  6.458050209878234  0.950635760610925  
5.404885633497762  2.3294750869237113  4.871159061684793  0.8559501880494351  4.60013799918799  5.071355541595296  
3.707562795483761  5.6802090924759545  0.8827006959246618  1.1497763364490017  3.6600644092989283  1.2119408399051488  
4.248749697610151  2.0953228323712048  2.9078492644346317  2.533308822183657  2.8866424593366706  3.012494451889429  
2.1131204448116877E-37  2.819797185225624  1.7208444613471234  7.530802245418657E-15  3.7689413052924174  4.6886825178154945  
1.116001420167499  6.115644557058777  0.8468036575498271  0.6914164423848241  4.422347891431317  0.9046062863147564  
1.0994390462353434  0.6950102127584475  1.112844613155801  1.1461821902121203  3.8404126165199517  1.213095744337461  
7.090173124392438  3.8666339588535052  3.468136570396454  1.989985296022347E-53  6.4171254840085925E-19  4.019383800171078  
5.226769621581637  0.8450892578737329  2.819934925439722  8.422038437250316E-17  3.086305079139824  2.6205001478175096  
4.231782582604294  2.4755982330652544  2.5356878495027475  2.6690036601794342  3.343877432546667  1.658197985936328  
5.503042229122593  1.1437035323233365E-146  5.788451895606552  3.889236979664275  3.309602077852317  4.214251466501885  
4.105210597715535  4.489188471789035  3.4912542043477854  4.717471554363859  0.5790716071900128  3.3317544885065753  
5.202994051168303  2.246000741378972  2.694881747162209  0.38303082315242293  2.976252641009768  3.0362449930345257  
3.4003846912138362  2.733455296003611  4.0533699272779506E-24  3.017301707529872  2.860046456099674  2.7227668670206233  
3.4810562543296983  2.8452587182292364  4.577410076156322E-24  0.6256904421474783  4.420508710269448  1.7401283363704858  
5.992028877639005  4.370890820761409  1.1568396165898305  1.274714349568677  2.260082740462392  2.2502086118419916E-7  
1.3998681357673004  5.6970916266615355  1.689622277846928  7.209171858063923E-5  6.679236804486542  1.0736099626259934  
3.9657227782015876  4.6732407564026035  3.4636988140077882  1.669209295502828  6.2049245173701575  1.1051013718241462E-14  
4.346903042066923  0.2571985408559713  4.95902916834193  2.8221617063700024  5.08426117083877E-119  6.4699748864669875  
1.6104873354472262  3.4544894590087614  1.626994466214481  0.4089246508450852  0.25897058575296805  4.369023798849094  
0.8945381997644176  3.6165512116008918  1.2301440069911298  2.1983548040577807E-8  1.1546047578599246  5.630411364660856  
1.759320677953168  4.266499518968687  1.7590631029901769  0.5238838862277829  5.318808002008182E-10  3.182206192332195  
3.497202493110563  3.8897424378685  1.65948283669272E-17  0.7643775241610834  3.824819568046407  3.0772013446456388  
2.0257896440176233  2.8591809368157457  6.747029472635354  0.9566017228866645  2.0941404266065344  5.780966300514314  
3.6283022784694006  2.8028147915395643  2.5271607794297792  0.6756825073744079  4.051490689391213  0.2699056061666941  
2.8564621442876814  5.718878613666547  8.100060276954622E-5  1.9780903317449159  3.592637896211681  0.7522796417187956  
1.4441009480160237E-14  4.728084836123997  3.22526570150026  4.000037109637292  0.9673797045088471  4.559622510982221  
5.692498044991605  4.377554993818317  2.8029221080090707  4.575943866958182  3.358704315356396  4.708878368907193  
0.8002550935344713  4.719840367603232  1.1536578439896512  0.9830268438999967  2.2226932752374275  3.32981209752821  
0.8135014927839588  6.9589845268050325  1.1608868124581975  1.4269417268580402  1.2045692819285092  3.7595580510864353  
1.6482116776985423  0.6661292309111888  1.0758933034845193  0.7863949302256835  1.143398620221305  0.9938271113062769  
1.7141020500096715  0.7211796316057841  0.9700028523939097  0.8320006525030275  1.0340478609237547  0.9823333478171958  
1.6490225946112451  0.6610671937153312  1.08480446139285  0.7844189526229537  1.133734971524331  0.9972612345226834  
0.8764348432527189  6.311494441323724  1.1487256529014693  2.542321892204141  5.141698843096765  1.8674013573823296  
6.4481637674467125  4.5056700756839705  3.449548116128341  0.0063187770405583425  3.547764804043866E-130  7.763576384460724E-7  
5.359445190240508  0.23917109315974708  0.24510200812729896  1.5200574479014144  3.1395417379505197  0.8422200547115576  
5.368293665942588  1.9584999814802857  1.161852272899999  2.5607239902714496  0.05105117087383152  2.2866456944415727  
1.5949137521902932  1.2892260425882194  1.4031872579711906  0.1637404580956557  5.897122277632721  5.269595469159125  
0.8919978829406325  4.659580632088646  4.93773765600507  4.248980337412433  4.582823580921332  3.3914766106106384  
3.07392728115909  1.1102324245987192  4.038500805786301  4.610414158138044  9.340885065658972E-67  4.863028171150877  
1.677183181259051  0.9164361000596745  0.9437708248375268  0.8383416824866177  1.133454652143658  0.9108894641591143  
1.7943915376382322  0.8778901091280822  0.7467853536249418  0.90734342921189  1.5784683755035578  0.9129423150744898  
1.5408954209362928  6.0796633709487296  3.3770493311614356  0.47123910058421714  7.017021356197645E-44  1.0424578841138739  
1.7864322529714587  4.300276354472756  3.143958795345812  0.6930280985222076  0.04303147047331048  0.6446595387336264  
3.401739518580459  0.14268740183251932  3.893377321317419  3.7326900320954524  0.9907706456833212  3.114913860938686  
6.606056817585765  2.9249609305066593  4.512063628171898  3.6666183756805593  4.10378149368317  4.285567479737829  
0.45907048932491845  1.245294324284571  2.370075839258212  3.6544216836653494  1.815843727589007  6.743483659230649  
1.68899793799515  0.6978139985312046  1.0150457499326786  0.8139312971313944  1.0629795394145118  0.9900813303085888  
1.204406417443606  0.07313024135467616  3.5607611162073014  0.5420037426238011  1.860149855270698  1.2314575243389239  
0.35004815323580735  2.129346041313926  3.0012608823356617  0.10502557478872301  2.1501273211430587  3.315510235884858  
3.145366164732515  6.3191475901969385  0.6058249759761153  3.5844101355624494  0.5146104015363951  1.7057658093185926  
4.63507462161243  3.7176773013878357  3.9576824434776916  4.712942427486246  1.5887541742190812  3.398698784981532  
1.6408019559195144  4.9068625414102875  3.4017239150966208  1.131574319340445  5.194280480540276E-4  1.4626922973140866  
5.824490180698594  1.7564494874033695E-14  0.4525428684598517  0.941096313053518  2.3926210063642284  1.1087092687938152  
6.070393180649875  7.331112460950235E-24  0.5526140936435487  0.9073315923957338  2.0109988071025464  1.15200013323247  
4.318760572048265  0.01798995896381498  0.7704420660073104  0.8533167071827473  1.7433054672424988  1.1910007076668603  
6.020741914402187  9.629713712412997E-22  0.5273496513638191  0.9177221954810153  2.0783616907474145  1.1394644551831654  
1.641616715300127  0.6830333381997736  1.0529916841385478  0.789269995118262  1.1873790570066127  0.9822097105910038  
1.6927652850473438  0.7000782251997241  1.0127977031910127  0.8145451171457262  1.0572461070520074  0.9898378782055127  
1.7006897026297958  0.7094981795403273  0.9924889747251857  0.8231513618612724  1.0487845913077545  0.9860681194839084  
1.7148110618721548  0.7220444285142756  0.9682597949202115  0.832730720156774  1.0331867841493563  0.9819975739142709  
1.6835371806277093  0.6945295841531329  1.0180139588200987  0.8126565669007221  1.07654559676522  0.9898984086725254  
2.4328988823886744  2.198492622686222  1.1967255788325345E-209  2.8375248147107857  2.144122206894845  3.929582474354291  
5.520812397304072  1.1081388264632064  4.9703417205861  4.684462198284295  2.536867355019502E-71  2.8873605347586406  
3.483031585418338  0.9613440661137898  3.269698881993374E-45  4.3258665993292755  2.2108029973256116  6.492000677442995  
4.200882384466655E-20  2.6113723623944423  6.023826896426135  3.6279852729753745  1.7288469559346068E-210  5.4830478883794  
4.648374070617762  3.7863383297563455  0.22867861579463192  5.155526902768239  0.5317127097705453  2.315815347739342  
2.7708503088687166  1.2527490714012575  5.7210743595805615  4.0719486220077155  4.158808481782572  4.995835181565261  
3.095172837571654  2.0794363410718386  3.269608423161208  2.337756331915759  2.783103429515119  2.797495607022401  
2.5693560518995566  2.868412773059608  4.722078981696347  4.589249343548017  5.585470351529907  1.9853651787950044  
0.6198049377591737  6.330507452495913  2.674628677556847  5.158088018443375  1.1490166756504141E-126  0.6451794736568004  
0.9605477720655323  0.5586093359187757  2.9186634307136914  2.7617957339381296  0.8527698187359769  1.0369332817413164  
1.612890292236471  0.8415146906030373  0.786914142791317  0.8087412399297538  4.797653852508757  0.6859683407239102  
6.100033696839466  2.2635945957912376  1.2203937251854065  0.516985368592978  0.1413412183318399  1.8665956674952078  
2.6224883940346464  3.173929575851885  3.9832485480794984  0.004398524672675265  1.4009571162512753E-41  3.2116926000879418  
1.415766579057636  0.5740878680694033  2.223085124909165  0.6290529893687649  1.3954367738883433  0.9886849790337718  
1.7002933234031408  0.8768786353759668  0.716188204576529  0.805830428942515  6.726160979650499  0.5586672350295927  
1.7133361785408678  0.8254177356885167  0.7309786079460137  0.8536629634566156  2.9163114210892376  0.7802682796394759  
1.7194820399069237  0.6696900029825541  0.9510907846067174  0.7857562270683872  2.915355678784228  0.8143104023311626  
4.0819371247093095  0.636110920244213  2.300254168897631  4.517716339020908  2.3728246757890147E-163  5.9472392829850875  
2.706671973287376  4.2727559953283745  3.7760350686871393  4.966372276068759  4.635131638702978E-100  1.1137519519580623  
3.8828164663247637  2.288803296455626  2.7291767697974647  2.7627980727601633  3.028121301918383  2.593446456461425  
2.75719809896893  1.887789368106238  1.2536209923499117E-31  2.3159088636777123  4.333555285366511  2.8959640391373425  
0.9137066838093959  4.217749577618913  1.5002291324122863  2.6937720484404717  4.456628180979683  1.2218493558589636  
4.947774482915937  2.1411662711570685  2.131995234626295  0.25367093693243514  0.1385452580389303  1.1408644382832092  
2.228691481470748  1.0893963409235443  0.1916959034456312  3.1719191532693816  3.876664565387966  0.5966613938600671  
1.5444333753883872  2.689085908121815  0.536410764423265  0.3641912021241904  6.724594257876677  4.114239859312434  
4.924604143770652  7.000654066879748E-64  0.5663541909547868  0.3351235720143574  1.5555610156063786  5.442119592619504  
6.146649091461615  0.24289892999938345  2.705920003695017  2.773955737146757  2.1120428919527973E-41  5.7224379710022415  
2.9589454091059952  3.2863978208496625  3.2777512004877254  4.308119675666629  1.4894095979420638  5.1621958551264  
4.825708314111472  2.150210849066092  2.379596430978348  2.6958209270456734  3.087827123265776  2.407710267161155  
2.738872016617475  3.7250911626207572  2.9725102951675192E-28  3.264342740625273  2.6275301212112874  0.18784028599464875  
5.2214119263508785  4.7303955626595857E-11  0.3984529871329333  3.9073866255296084  2.684710578219956  1.061875098979714  
3.7557294138542865  0.22097630298382182  0.7181482823962224  4.114434827151208  1.6749809422143371  0.959038644369877  
1.2952262035707458  1.9498672730257338  0.852414259753515  2.771530850563259  2.034451148273756  3.5951945876548956  
1.4879651165645043  0.7642966397187148  0.9932979079885077  5.658048363612441  0.8508639627725372  0.8478418742862682  
4.4663983749735605  4.168787613960517  0.4157154430704806  2.7205753001697985  0.7614576630783211  1.7500504101016108  
6.546281041847861  1.4068266583870461  2.0161146200182185  0.43203603390153295  0.23584564386202675  0.7047592730597967  
4.63527137686239  2.3271728805816805  0.44854210036935577  1.9195172726799452  1.2168925977301832  0.569924912785326  
5.854310360866846  2.51252393753134E-25  1.6654705658954099  2.887356687572742  3.4216238027117707  1.050321333809971  
1.757695370920283  1.025711886812709  0.5461155310733115  0.9709787043509513  2.5229463597527193  0.979214871891266  
6.364482397401223  1.919673814743047E-64  9.868467283799603E-60  2.619035249398461  6.017594242007316  2.466107773849039  
2.816350543777507  6.0880346202339775  3.2893311065588984  1.8028975300342875E-70  5.377670562336552  2.1501447370765569E-38  
1.2756185884104507  2.794877220661902  4.797194760495011  4.696637410071441  5.978873647835954  1.8617659215152152E-14  
1.4381494841606333  0.6160593817999149  1.1321002614562787  0.41704585586696696  1.167908837224135  3.593556389054238  
0.24197437054299947  0.4193394197195334  4.695687547709374  4.807105453975901  0.7872470897088101  1.4187688945039434  
0.14265364367528877  0.3077682080292701  4.943763124573098  4.671386991778615  0.976624516041088  1.4870289797812772  
0.8654312582263853  2.836950591026456E-26  2.3070300785008  0.45474624393837887  4.39409218641959  1.5708056933552215  
0.5508884731212931  1.006067321534805E-40  2.4013895134495957  0.4589737341988206  6.422506658488015  1.817936171502669  
1.6255800470134683  0.7850908042860439  0.9260202878195941  0.8251281685470068  1.4118104873966173  0.9336468467783341  
1.6809707566344196  4.428649355256824  1.6265020437399134  0.45108151723626333  0.08138436209077357  3.249031810685998  
1.8641929569709175  4.590528205588964  1.2203247388096188  0.5308974403626696  6.364358454766999E-4  3.1756356838340167  
1.8297746501046421  4.261737709516222  1.3720577485724539  0.5354697821595477  1.3078130191781424E-5  3.496671496383778  
1.1033317289386697  2.9000702751271534  0.9878191103921052  0.61331562326606  2.696049881067878  1.2906634497806009  
1.426658129268632  6.244453819955798  1.2777094159292715  0.6492077030667224  1.07456088078264  0.6303251250087412  
3.0984094719569737  2.6684309916440596  2.437228315719447  2.6688992105893687  2.9429539812152776  2.7487054870091567  
4.740823892207402  3.6591816738463243  2.182963630405983  1.9096256071473259  4.142020945044015  3.9917509350386395  
2.089283123357824  4.063544494766746  0.12704651820652488  1.777156811020985  2.484154011918726  5.754862868582959E-16  
4.478891185866543  4.0730292246825615  1.0808179839571486E-20  2.6398112742273114  2.7080614210870455  1.10341054831983  
1.3104216672273674E-44  4.780726119310151  6.225162795940279  3.6661374646953098  2.1077904435346664  2.1394502429600237  
2.6361375489357526  2.833998322343036  6.808291579431493E-18  5.171790232003032  3.5688737192641065  3.876610334456778  
0.8053287917291679  4.5428562420429754  1.1702880933493127  0.47065580631384446  2.7163246044046248  1.6305188137682805  
0.48196639304795885  5.829876526932986  1.325534842158379  0.33490268387446037  3.3666739297167063  1.963592701058342  
0.20482937231548082  3.551108482913404  1.5782251393747813  4.8466243525705525E-21  5.471258929815668  5.385598773490198  
1.5840769527350258  4.395588716999146  0.7203004720141738  0.5051477901003291  1.4197271280807078  4.2052213400203  
6.781722271572716  1.8403960255976684  0.737901032916646  3.297301709827103  1.7109609707612388  0.5321402427053492  
5.922436008903831  2.470393838060642  1.8539477490646126  0.4378106006305093  0.45657465477168446  0.36467256396782605  
2.1651299325530986  5.552602616200133  0.42179364165499145  1.0384782493331328  2.0379494064250783  2.6830006856063003E-35  
2.77360875164321  2.59059389189573  2.468366312225848  2.818276706954603  3.159497919228228  2.5810254660084366  
5.248172750608024  2.7917160933501446  3.784027876718273  0.1622274244603651  5.201165550861387  2.4077299241579633  
1.3859970768618912  5.282445114861548  2.4689749562956727  0.6308162002826146  1.6915515180875118  3.29459344008973  
0.8166720936091406  2.8174061285224936  1.2485783694193409  0.4987190760573756  2.7248220349067447  1.5691213443895837  
1.5238539072089108  2.878094249965917  0.6523546511961092  0.6595665607182083  6.68185217661003  0.5544877909124926  
0.6976449276327206  4.323519870780593  1.2321545156859197  0.4271270564337547  2.969397594277944  1.7757379049572484  
1.5866965977668108  5.195153512331182  7.795948708282625E-10  3.5613136910518293  1.8914895098281823  0.46062645054139356  
5.315869905907267  2.3565493164951916  5.314107765693463  2.037594304603862E-46  3.8359154422500166  5.61941059509798  
3.0054440244733756  4.65468861250422  0.20919241065799893  1.7022445379847628  1.4155215965890693  0.026490739765020043  
3.543425200334027  2.6333739466466644  2.9336782644090342  2.44849123175051  3.0679582565229526  2.7301633492426576  
2.315195100116644  1.2265425314655654  0.08053198037667769  2.942615538086521  4.526411485896559  2.6329242873092005  
1.2465649343527874  3.774487823771486  0.6700408368767538  4.8710258821393895  2.433516520146948  2.279584431754939  
3.0400208671263123  0.026206947302025545  1.1382695902701543  0.6775969652905665  5.7499852784105645  4.203418953191396  
5.6843552201866404E-30  5.419558523121387  1.6725939544330015  0.09539622053077196  3.3154046639782653  3.7893420547891767  
3.5888666351520118  0.26228831048487117  0.7307655888960937  1.5843512842516063  4.575999298237324  0.815692803152185  
4.993101307623461  2.699688228065027  2.1077404631458037  0.09685314710089281  0.10053472119867482  1.9916854254698049  
1.6722772497067129  0.7935194628670149  0.9078121577936434  0.8456913581099101  1.193883196622714  0.9470726206028969  
3.100313374333732  2.1899451012897106  0.8739775713006308  3.21213161764873  3.957155730977967  2.3787369930120215  
5.650123864217284  1.2811344451039068  3.599178953434694  4.763618022113802  0.566282848733709  4.319296340063588  
5.623539177827321  9.934689784370946E-73  3.963598979160698  4.737438253838851  3.1372794715478647  2.894634850341015  
2.1488253902112806  4.455763568343025  0.22731246446646358  0.8982812758850993  8.198272466248424  2.786851696867079E-7  
2.7458882951193084  3.0359245859690684  1.2205492024519127E-13  0.9283386394327648  6.5111071329376164  0.6400048943453924  
1.1479976868733934  4.319355546447934  2.078424557486231  0.07864522068636667  4.25694202372585  2.536658651710623  
2.9406843032917496  2.57835415588419  8.622912229820144E-18  3.0691219915315746  2.6758669052323896  3.093559042644014  
1.6573235914953615  1.2364195722397415  0.9526186748453315  0.8236672797837794  1.5615864432751398  0.8072440027635345  
1.6401939417429547  0.6567578445701108  1.0949294066458548  0.7798640606270758  1.1524619637937072  0.9967412134601801  
1.7145017254383093  0.7215302614429568  0.969267975212258  0.8323008022837596  1.033647979081399  0.9822140452779358  
6.016481475373734  4.8072050140775735  1.246572506979736  1.7819012974006445  0.1711703948372933  3.5285499649093452  
6.840227824105942  1.223029786988246E-5  1.1206182478839608  0.30620728605113184  0.08344318858676375  3.8365408358981714  
3.957412633243425  3.819273896171168  2.3514280898955867E-23  1.0415422220963957  1.5326359283189648  1.3108183600141727  
4.081535711046553  3.544593891401751  3.500427022721698  8.118595945415783E-39  4.873112798970768  4.111356584082336E-18  
5.697213010571573  1.1403771946090286  3.373530317007484  0.07740926111721787  1.1938187824413139E-14  1.236640749152824  
5.095003340262708  1.7204610164907737  1.9241684392575917  0.4346753649794344  0.4834419502601174  0.6185738581202769  
0.46961562814250846  4.848799657952179  1.3295412128310657  4.951584799264679  3.9545942805258663  4.416707826876831  
0.14811732090641458  4.780118733727331  4.692467707271361  1.0169655779654323  2.6623952789569056  3.9496390551093894  
1.7124363823125563  0.719627349111182  0.9732219132062568  0.830681394010807  1.0357744139535363  0.9828762412211592  
1.711119738178209  0.7182962645289108  0.9759553820103104  0.8295544335475332  1.0372042238573926  0.9833584294166569  
0.8559142669680666  4.290465642966035  1.0973946206609178  0.4919495984425215  3.2527956066772354  1.502529456281499  
0.5370123187551156  4.110036461106527  1.3536383379293049  0.3063242312842519  2.6437124833722745  2.6394041001281052  
1.688314121693485  4.560273106632784  1.5120142996169277  0.42423839269478325  0.09402030246297619  3.186239656181957  
1.6361448837061519  0.8398602971174718  1.135851716285112  0.7553894876022194  1.1703475637578757  0.9259128766158039  
5.651917882200151  4.296421604546169E-30  1.0753942239710523  0.08084488274568394  8.44243790173896E-18  5.632529683802427  
2.764587883318728  6.566692618499573E-34  0.8872931122076746  0.019101408913074623  0.8728941869297633  6.92470237964644  
3.821983363155406  1.9611783639569969  1.047134912326115  0.40588995975453296  1.0004535904109334E-39  3.071519214712238  
6.4452164046491225  1.1331924993484227E-39  1.1215643959303654  0.11201690233398735  8.704134415250177E-21  5.12030108483359  
0.00614252167677101  3.8996991214470333  1.3418389775586332  2.452139207587965E-77  2.794092732250657  4.805853715486676  
2.8186572965919114  2.376735956127211  0.6893031642061666  3.2943070266930445E-33  1.9007848206228428  6.437824152531685  
0.9446553875099203  3.5093928289910976  1.195825257757137  3.197241777516264  7.603602808465692  1.3369238361284868  
4.316505369375108  3.237968257549587  5.897919830784868  2.905387898149362E-55  2.3706651483214083  3.2696422541522328  
0.24743540659380622  1.920553724719948  3.07198966566263  2.3978868861892937  1.6803493407296983E-179  2.8875773757664622  
