2.0880834186095676  0.7672565326659153  2.5608505298850015  4.779684409724828  5.172527211682845  4.3748472470682485  
2.4096521167346174  2.8229586430096387  2.2134743098196012  3.9774669381202563  4.1490559258601465  3.678748448144984  
0.6808870194974704  2.1409450186196897  2.3259562930420166  3.952504985481657  2.384271972138461  4.988849653683538  
3.026679217912826  3.714290594169571  0.7988557468360183  5.840136970493997  3.615134730944161  2.0916867941406103  
2.471604930013661  3.7078127334877307  3.2745763553089904  2.831957134890833  1.2609441863636128  4.5923921461141886  
2.410800970719457  2.8449431380401164  1.3264699380757836  3.9256772113954366  4.871013815381881  3.4727993671185686  
3.319395509359714  1.6229831714053846  1.6415780774197515  5.219949730902014  3.474360067272167  3.0582618619238486  
1.7634226475360544  2.839338459804628  2.3752032127918428  4.7763045184955155  4.738440273450531  5.040759174665535  
0.6367593636026058  2.2294778880273967  2.1567472966741525  5.0689903948263355  4.859786689451842  3.5546679712407028  
2.4578136464770237  3.1365320701376316  2.3603331253660187  4.257204306079996  3.1706378039478205  3.832063110366407  
1.3482343339230136  1.254243278526285  0.9026664438982256  5.527887608570322  5.143939793696096  4.9759934516231485  
4.303609034898305  3.972777775496834  0.0023350401147660127  4.639938799417066  1.5825335226121742  1.908051606681787  
3.246383624647107  2.573263221769627  2.315654954055707  3.691615202827019  3.8859411806479045  3.569636151815323  
4.35157296124616  2.072476506698382  3.16069195094418  4.200932094713213  3.520321341394495  1.910191197912633  
2.8854355250366948  2.278825780919042  0.7702260427967959  5.102294172251008  3.517086991455039  4.553138062225021  
3.3581542305039638  4.218057393553136  1.8030177422015545  4.169988809230589  5.266262888218001  2.736909934506025  
1.9295580802108616  0.9238580757388464  2.62304212161364  5.397410637440388  4.830164649073142  5.352201828598124  
2.7667699398711725  3.469213338460166  1.3929132557361583  4.814301208670896  5.0862839586840005  3.5956956834770204  
2.9949483177787948  1.417081481639681  0.14959966037926126  6.797931494011281  4.727872853043715  2.9333080525923028  
1.7398093607959713  0.42383958200899957  2.2491220589421235  4.220222018195812  5.217545759383379  4.037233894208195  
1.9688444518412698  2.3243018047369546  0.5359497816265415  6.347700794650941  4.275144439829852  2.241450778279639  
4.709503313045174  3.321145573192941  2.197693925416562  3.1770011866448358  3.19382203955943  3.859617208912754  
1.3118493767220878  2.1554296390956895  0.3287014330184912  5.975651082491656  5.6277107470347385  3.600981551643583  
2.4837710268944577  3.3129045635795276  0.5287959019180849  5.0385090327101825  5.508716444224692  3.6934883452959544  
1.0725798332523058  3.4559325530226763  2.1227170053305993  5.777177667521574  4.949622197416208  2.4808679858995046  
2.5408536976279206  2.7745748482213033  2.506666864645444  5.159840445626012  3.464676460421539  3.8768916498362516  
2.8208673748463156  1.159488631248003  0.8117522229125353  4.944870085818543  5.127354434728253  3.97550423945106  
3.3879445580508265  4.4757136901725865  3.5846437850181747  3.432870245169494  2.044074351125965  1.5462664598009492  
6.903406167789165  2.2101987054642707  1.7290046349937547  1.3952988520416518  1.0627910091250212  2.6183442101470056  
2.1654844459442937  3.617809663911522  1.330668162718409  3.551139005508288  4.389538222284548  4.04702223317364  
4.171770815968765  3.1179491038506935E-25  1.0594567919003632  5.467328679252885  5.355626332220646E-57  3.5600509675586456  
0.2417351253717632  5.701309340844398E-9  3.0554590672449446  3.0115040873094214  3.359123364567754  3.387080111520511  
5.058416637906685  3.0146605032155347  1.6567468251498347  3.199193909843974  3.852707047000605  1.364624938578626  
1.1307580189087996  4.615062928430699  2.612998538072925  2.2891803152868238  4.2852652069804185  2.8100918690872136  
2.089656476278408E-20  3.8581029786599803  2.19104264871454  2.4632532682556896  3.645682515080108  4.866354207022878  
0.027984573859900354  5.419645970799979  3.4395363525662064  2.1789337551035395  4.614952370366226  3.6054583619220084  
1.5808786637980528  2.7245856724130353  4.123138021765344  3.9058297192493994  5.366374518843484  3.9142466381548564  
3.8562218278628166  2.9224719197560898  1.679610687760477  4.368077438353517  4.010734693554021  0.5951176024131345  
2.3587680823724604  1.9234412943138244  0.20839202669253082  6.820920519965283  5.602162350082452  2.227189788875199  
4.16021081476633  0.7355676970925026  0.8572961904930793  4.984024427343276  4.2016129783263  4.585483163028235  
1.5764503352244497  4.64438492782334  3.442561742581411  2.414198467232265  5.133632443087329  3.3265721817244787  
5.078171414175714  6.277220036703876  0.6339061391292801  2.1873608142707184  1.2607917333605814  1.7633849009950493  
2.1652451188023893  6.52967315212717E-22  3.229955500005956  2.6108619249615432  4.288760812744763  5.3491432183006715  
2.8585529698732426  6.493398495108897  1.3479812605545956  0.6011083908133803  3.9160441398825814  3.995437629158864  
5.137611395106019  3.5356120458884335  5.655824592890676  2.237932617545628  2.923647256917584  2.7937191286969334  
0.23702735061408664  5.0237919405815585  0.7533979291125235  3.2120509224451097  6.012572600495261  1.6057009428222917  
2.1698813129847148  5.586845634059869  0.25169634797490864  0.02877931311909025  5.655540307166928  0.23871993378741835  
5.74083017886121  2.4309923653841015  4.3860695915888925  0.019849975538965284  0.9222274571808133  3.2300588374955002E-21  
3.118212647417758  4.431204469737916  3.1380847785311805  3.1399546411277925  1.3715775001044423  3.6636478959159926  
3.1980416161782097  2.568169169839737  1.3590226497550297  6.239273332548672  3.3260239452256912  2.7381919473606033  
3.334607017180847  0.1715163947474091  2.4972281011984365  0.5776106028469971  4.964844862807538  3.027312368009867  
2.6803295920356627  3.6062888059464027  0.16810663351080593  6.6238494736478915  2.761254248107127  1.646276599739516  
1.2610372443617712  3.9739032894068207  1.1301133363396458  1.3235053881003567  5.31420214747316  0.16770798802649264  
3.127924031664923  6.49474612675876E-50  0.6763552374844759  4.507214758978262  2.953574489691118  5.59360107620499  
1.4213459313248507  3.680749195903013  0.7414968672008099  5.148751430620617  5.3290937353693115  2.6705698036135788  
0.7580816686441625  5.9238293008252265  1.3010548501045758  4.189473026341217  5.969152236583401  1.4020920250680238  
1.735411001507816  4.685125784614598E-14  1.2922713173705056  6.832288291258526  1.3145684407911804  0.5556927953356133  
2.9903495863133274  2.2458228014097488  1.898260169571365E-100  4.9814047725759165  4.897533719248723  4.134532526325004  
1.881779099643719  0.8850653029618853  2.817263731280582  6.091250436228116  3.6816004882203126  2.7606725149304583  
2.078935123151855  2.053862567090684  1.9291734486712735  6.27067315475366  9.186166303070898E-12  1.6391397266207082  
0.9145383696171867  1.9471182422906606  5.135450081810888  2.7051538826694213  4.735673292759817  4.560883067513872  
2.0838013257589703  1.7349833331984597  5.179130108429735  2.773635665894522  0.7624739747788677  5.370399228632621  
1.9267401554029104  0.2264068849820541  3.062493582149122  5.620458844034333  4.178837424449692  2.600964045457246  
6.162928035814532  6.3928753010487  1.8903633491771803  0.12161526838868612  0.9592570486782322  2.797492391679216  
3.59642330902012  3.856548145291487E-21  4.315677830781044  4.909698009666705  4.2734150620162435E-45  5.214868404214385  
6.642370108228629  2.6377955575633383  7.819356656301852E-30  1.8366956016494065  2.962009202708876  2.8088215030129753  
1.5759484773478256  3.8577905311805463  1.6323980500793425  5.344118150735813  4.172906840853357  4.1601992617539  
3.7435751559706274  2.0622390704385987E-34  5.409115022331723  2.710463690409421  0.8816945133700861  1.1401460268780859  
1.2539312896522585  1.401328640154466  1.5444219465247426  1.2346541843988692  1.019657835511408  1.2833017149343966  
5.630665232419734E-46  0.39757648219078934  3.2581624866021976  6.402587079709505  2.6695681983542956  0.9517550078502329  
2.4052026009207776  3.96758101214812  1.4624123819208863  5.091622620992383  3.116098259149531  3.8272756394196303  
0.07254427424013211  5.440485119842965  1.253022669008906  4.430061735104318  3.343533254952483  2.883533166364748  
7.850532870738851E-11  3.584435113938826  0.9889582167130622  6.294603345553425  5.5334053072308285  1.9619327637316786  
0.6170086787396067  7.832064276749727E-6  2.409108399153664  6.1648646483194245  4.078214332370105  4.902368054426297  
3.909278820496337  0.8944179722128738  4.887236362776772E-65  5.567424363470528  4.943417105561509  1.8915165528079483  
1.5206483833662865E-8  5.1126868393469955  1.12145267919415  4.404364785560348  5.407818896777969  2.731800647239378  
5.4079063550082926E-14  3.0579111691524816  2.3939564605613226  6.254354295293438  3.534757273080124  3.628482732434897  
0.6907504417211668  1.869481171027626  0.331371346903852  6.999198319947742  0.7222438877193011  3.054999158957803  
3.6469270544136774  3.0405542687890987  0.29372249518304644  4.840186686962446  5.036453028268641  3.8813272347929444  
4.61960069538818  3.6829989280756257  3.9649883304063  3.608717897510904  3.6299333085368004  3.542427758944523  
2.659975036124979  1.9220994532832958  0.592272526467982  6.060414050546763  4.143371680764657  3.311278599467721E-31  
0.04195500335055941  1.9951797816116506E-39  3.4327516244374534  1.1123481802842548  4.777156051824373  3.209076255338498  
2.9001675527786253  2.5986499535231573  1.1975814211309695E-4  5.477766635421509  4.869121417422457  2.035401549358663  
4.884857227578956  3.1314507266402227  0.9306132937075033  4.040039470653407  4.160221798365339  2.98363100478354  
7.922399378779658E-92  1.1221326540697936  5.960754132668432  2.4714646917845995  5.581409854477219  1.5529008995421532  
1.8469627450201114  7.179128647563792  3.137727015579169  1.0997155046006244  1.1988449936629405E-10  4.239098784315733  
0.9623975514558888  3.6605764037669677  1.7357223083534767  4.807322568331617  5.528857736457629  1.086200059996271  
5.142048780256465  0.8166182704872126  0.661144755390772  4.506818609448836  1.4006565505019226  5.724739933151898  
1.123627533413039  1.741273643986695  1.5783055355587534  1.9630645397832485  1.2459840809097935  4.023662038463051  
3.2604161690785394  0.2562129330606203  5.1756770470685584E-14  5.948264650924668  4.258729006204653  5.265638131501882  
1.3231840654062537  3.5441608500879758  3.031070016327275  4.707558850734279  5.44595488486895  3.6705594862346844  
4.748246138088962  2.075997997643854  6.725962431467715  2.5721924407848555  4.540638836561668  0.0012081648996258014  
5.000827088535465E-41  5.660851306851474  2.076999731402404  4.227001633698373  1.7365648533862874  0.26254235516161134  
1.4233054930077638  0.48423809564027726  1.6862195166592882  1.7881340391787033  1.6017304178846725  1.5273346981423865  
3.7348334655092366  4.853269672766085  0.8365421342380179  6.295239650782421  0.8974557662799569  1.051744168951071E-21  
1.3647572306301152  0.3008772207063984  1.369425127686986  3.7543398812262567  0.4250393288883499  5.0320965283205945  
5.033498628214362  0.017725896746995488  5.258964896308318  2.4605853911930624  1.4669789855536526  0.01647360359162523  
3.2771854770857405  2.705712453888681  4.3396986678513734E-9  4.847861523484876  5.802138260420751  1.503229404262802  
0.3897356484943061  2.1641535561142597  1.5684574281578492  1.3092931027408836  1.797622172453569  1.8586886679871688  
1.028238537133603E-17  6.128609434618284  3.3466273107052364  1.158913052541798  2.0495443475817057  3.489174155381223  
3.4645429409454587  1.746688832241156E-13  0.3856637620167379  7.126755231479142  2.892793236257184  4.368744777712181  
1.1911342416113504  1.7558582640314786  1.9408722298688856  1.6848005802453085  1.8894575342864908  0.9127436374705195  
0.4887175634020686  0.38947376703449377  2.3939291042412236  0.5436332243449424  5.056307080253728  4.851762247705546  
1.4242143759304082  3.498752955087678E-28  4.0332393131285675  0.9283132132643845  6.206966361257018  2.9143968264923568  
1.713535952937843  1.9404436205239208  0.8057035677514062  6.873219674933176  4.292715045937826  2.4803424556789193  
1.9400332772030338  5.282913112042879  0.5673240026283016  0.2714018735377802  3.9719720731325534  0.39983064392966855  
1.5362505308811434  0.904105160871934  1.557869893220249  2.508927134535661  5.365623074874812  0.9318997065682594  
0.8658562203715657  0.9673502145399241  2.176711482910834  1.7374433172154813  1.239475968324759  0.6615704883551288  
5.2522868140833685  1.3083101850051448  0.787625974792215  2.488297519574847  1.1551659700765406  5.500369467473542  
4.027110983226052  1.2411741006521355  3.477285159530654  5.5819679430327485  3.587867764617604  3.4180821876127667  
3.244395939245731  3.1828770636697987  3.158081189852401  6.601212611450086  9.803749505778742E-8  1.3294908640566694  
3.8465763731154645  2.8550671613092233  2.869954533852441  3.7571505006892116  4.036147168279868  1.4464974200190324  
1.3130649100096772  1.111129107014525  1.4353337154928933  1.9626921624018054  1.1353394874856888  1.9114794814470237  
8.062087415751716E-6  0.6241876502917546  2.617084120580682  5.504038157552781  2.53668325843402  1.0600645699869062  
1.6161776522642746  10.904972149789192  1.2042161668005944  4.5249568443348745E-4  1.3912084801103286  1.1438889394922105  
1.5027620808736006  0.49028744432851445  1.1068884324920514  4.243709848430901  6.5313665389792215  0.22456272462612603  
4.396917228544975  5.004369306777359  0.3382884402668765  2.165912309316633  2.322654277088398  5.43080560445453  
1.5966726069025252  3.695781575334158E-50  1.0185948005286367  5.852212833646014  3.649406517299292  4.06698452705127  
2.815471213321367  0.14543239056139565  4.810099002354951  4.389147840895434  1.0674891785468685  0.6781609893518632  
3.631851787703609  1.5716178630052775  1.2377696543187586  5.84124467850997  2.178680836464416  2.843512972171664  
2.3592494862646918  2.3229461695861096  3.49853870211271  0.6141555877004402  3.8852039442895534  0.5119795215053771  
1.3160623925331798  2.1824599746546522  1.0257660175734913  1.6303490102879366  1.0502827644610515  2.2740904777417716  
4.6774360632123875  1.4028854332565976  1.023511961522156  2.4219460952377805  1.1621567944108269  5.69442552278598  
1.3250234891365786  2.588494965574146  3.1804281371341263  6.142934163205386  1.7025212131377072  4.535157337355901  
3.822677876399632  5.975161600979157  2.488085200835884E-18  1.5108570866319073  0.002687999322353369  3.9938594126823626  
6.429799690886474  0.9377203810957826  1.2173986246494326  2.9583343517407497  3.198610662109596  1.3107583373090975E-4  
4.571114246471934  2.653961656367083  2.6724836173726216  2.802516928011566  0.7177952567318301  4.19077585309842  
2.4994163205724034  2.7178722062266347  3.8414924126633316  1.5269287921330583  1.84743806930048  0.185505029908664  
2.9496422310100123  1.6411987249872553  1.5886739180363019  6.3702788518042  1.18880625723041  2.8406205818751733  
4.92326906451448  0.4333409680173025  2.78317656670697  3.6165203783085516  1.1058857905509412E-19  5.831721487608584  
6.114418752505099E-33  1.0118206226534188  3.078994907246233  2.4896427270795773  5.588068655689714  2.4092825146648686E-7  
1.5955191079832596  0.4111558168242053  1.9041600591023442  0.5462208512201973  0.6504437089962825  3.5077108750182977  
1.5097240590875454  0.4256974730343382  1.9959760645383504  2.6835514321125498  1.4726484304566434  0.8613072021319103  
1.2611745119250937  0.7328319781910826  1.3888193644741387  2.2195893164855893  1.1944672248757982  1.2654895305010787  
0.7260570565711403  1.995955018158946  0.8727365653172542  1.0888210950197637  1.410276322882757  1.7398867832409428  
1.2366917413098497  0.7158559941437814  1.5781473454977661  1.480460916922566  0.4055982963786319  4.540716761507864  
1.3803053260074451E-9  1.350065141133988  2.2313105274898986  3.72160004648904  2.12680319902302  1.6864518799028825  
4.48011959334256  4.223820742704523  1.116128071436835  4.219399964384494  2.4286649182291837  2.9615600995861544  
1.798622344203116  1.7556130812959382E-12  0.8565306053414163  5.058445788335716  4.998714901910763  5.588645575807724  
0.6137906768336246  0.9149152533295899  0.2837198453359649  3.9990719444933456  3.897258707487652  3.8622051676884004  
0.822722380441761  4.174571194568135  2.2574347683969833E-46  3.8995265752521333  4.1963667128688815  1.951045387976579  
5.71517624144694E-16  3.8157038356000244  0.7540643295279018  3.9347687538294234  1.566208907948837  0.8988137905825119  
2.2720947658428257  1.290954355092076  0.7201897940769086  1.4711207353041778  5.249481732003571  2.4782144997685718  
2.0923861297178146  4.410804386336372  4.384151163906386E-14  4.376160875320175  4.714191585815769E-27  2.646151707553473  
1.3797420193634458  4.409200042351048  0.35936390688393904  0.18185419002731446  4.765034087618457  0.5934710136843533  
8.501469202318061E-47  4.943946123146712  4.596091562623243  3.1291335012545916  3.7291110238549736  2.4445571330136158  
0.9112358797240465  4.1608419031695245  4.4646080634962395  3.100403387713561  3.8241259972515786  3.953110357688412  
0.10953814748878614  3.714024814060547  0.33103446836934514  5.970975611901229  1.1517392088338694  1.3937027324188205  
1.9769821711962164E-12  3.2002294279790893  1.699711521586709  4.471596344931128  1.6905833001620716  0.546799662392939  
3.81126179653405  1.319980401785301  2.507948368253222  4.5011435001064255  5.107559245792753  4.304604693646672  
5.723514642950555  2.2761879553393326E-117  6.28235011832691  1.3795828587626229  2.419294003560735  1.3235815439269298  
4.937048645687223  4.162704311637151  1.3014623145456272  3.3638144467415083  3.516200026304313  3.1616069009136445  
2.7052552327242148  3.4604171533868495  2.3928984567176377  3.7576947609998363  0.11777494361549451  0.450560671849322  
1.4947764331509903E-49  8.519088342241873E-40  2.159852507244235  6.680818156608964  3.8525671262186227  1.9434045898398368E-38  
0.014759045133881162  6.511480097171185E-4  3.7266923285720845  4.732933760868016  4.7248280500656845  1.6583668187070682E-7  
4.826488262866189E-8  3.507258414400974  4.05221024747436  1.1727034839451496  7.2223020744538555  0.3369939086268692  
1.2654776662476004  0.5187145717054155  2.023150193215143  1.8713367615452947  1.8082159676878704  2.143295439291595  
4.355939609108385  4.394353489169634  4.196372779104372E-11  3.449317128549879  4.498125403313533  1.2293281617146243  
4.497621408854584  3.522968208381856  1.2446882244603363  3.6753160661663236  3.4625841399660375  3.4520421693540273  
8.769353365391022E-9  4.752300007405549  0.5026905455791685  5.39580321545096  4.414597235192307  0.22299116182189754  
1.1912380349690573E-110  6.610858743648947  2.51622448219377  2.737924396508593  5.951922755754447  0.45919170610196663  
1.5915053461910118  5.251453325062207  1.432054686731664  2.3780864539807847  0.8607121828196062  5.867222748018687  
0.7583698049328476  1.0970017178738891  1.8490400682975598  1.274646023328578  1.1018617690543493  0.8136857447887004  
4.259680995734283  1.7959307856182296  0.9483013470646383  6.423403396643298  3.6256716324190505  0.15450136770099573  
3.054672564993567  2.407274291669836  3.9385158146829015E-4  1.1475370921684263  6.847325678991919  2.0193100080505593  
3.8635813122139555  1.152662323033024  5.30161526460546  3.6058097682722297  2.2451415359238126E-9  4.415215175721576  
1.0735282754552198  1.0609973103144157  1.342458150734319  0.7975233640053043  1.2133055071488874  1.0113709428124598  
0.8829345969226203  1.8523003287031816  1.1557489042806053  1.6677143950369642  0.9600309610701544  1.2143472139187341  
0.44335074289964715  2.13497086770732  4.145936280687103  3.267216579612469  0.43820954356268865  6.380698121595287  
0.8595647461354231  2.1812802823012194  0.8692144306606685  1.2719818874505369  1.425172624171826  0.878031806522563  
2.7739861743755116  1.1317682592945102  1.6298914953892523  1.2101535557509964  3.4573034650303143  2.200931583485669  
0.5933229766292458  1.464961757604255  0.7341415730510518  5.058378352149555  5.175955003822506  4.965167011136163  
3.8094761268789677E-31  5.440115589559126  5.063439317689746  1.9787220835901577E-57  4.873638770533152  2.985900294153869  
1.2392330278422352  1.955242272032452  1.3918441115892897  0.6930574351923392  1.0947476259372984  1.4601368275303575  
1.020533493224315  0.6141083445139037  1.7608887547155185  1.5309613332061651  1.1897794927955603  1.8385882516052576  
6.23527025144264  1.9005445516009443  4.8450573852468315  1.6480782693954081  4.637090642520472  1.1037456796405858  
0.80252400022756  1.7738499848911342  1.7684486394108345  1.6874119435326245  1.9259847523356841  1.9593637084602993  
4.990463446266761E-75  4.665020285914944  4.710871261513731  4.809967704376408  2.3350956793855207  2.6511267569810347E-33  
0.9198393422370291  1.2831945287222535  1.266208421657133  2.1527001928620937  1.0041813986347203  1.0209072156691572  
1.076306366731735  1.0044471457531867  1.410200328795959  0.8905435535252656  0.8161759352703132  0.970271540180642  
1.425744523433834  1.875451717777926  1.4352936836516705  1.172403939934171  1.0413316086184186  1.4790130432206268  
2.5963300151617585  3.7453548129182064  1.8896376196209301  3.3022336218797994  0.8019641246209898  0.9382403796832797  
2.2052728158502024  1.2385500208818498  0.6261138532827274  0.44736404594574625  5.331965274899686  0.45490290830601643  
2.1293045680368565  3.5139789915259336  0.3860669411707331  0.0026739731234605474  4.89016812969453  0.5889999392510435  
4.293238743138012  5.342093061228527E-43  3.279657728748005  3.221890166229108  1.1323531745231243  4.415937659527159E-6  
0.6253174707215021  1.5163500667708676  1.4545720212427704  1.5946429443805301  1.159284529032826  1.1724765593871407  
2.4643209567343223  2.347029667582228  1.5155233539395319  5.075938645436359  5.416989688400368  2.837025461564992  
0.3925459679828755  1.8159879747017584  2.151089993564747  2.008149577429639  1.4226792351716953  1.7201450172567982  
0.873276091131779  1.5196505269120666  1.2295217533446496  1.169770675135475  1.3471518547913726  0.7605660731632684  
0.5810181819704957  2.011611691161976  1.0413556396415282  1.6034105024251162  1.623257764501258  2.16685942437416  
3.205740888000272E-5  4.468378603261526  3.4518591782120764  2.0190755782611696  3.2133063925875547  0.741324898329259  
0.7691053331697193  1.416343570063092  1.356963385447445  1.9310244884572914  0.9346674982589326  2.23313748716175  
0.9930608852752073  1.62487083457973  1.070089603644617  1.0408595175675335  1.1495701355834176  1.2761750343208544  
3.312322362617607  1.8638648584680684  8.353668121085115E-19  6.998072932116461  3.82086208056757  4.034344025885594  
2.264975663027856  3.7786995937524606  0.7457659251860501  0.7979172198438055  1.5941789122786327  0.25199988925377154  
0.840716044086243  1.4721437302920972  1.1894047928321703  0.8830012945405125  1.0122702426385246  0.9870432091687136  
1.128503573473882  2.481434164679252  0.7673065288275042  0.9233931070943506  1.3605066063116593  0.6896137321168927  
1.7058950432996076  0.02563336830899075  3.447807627358706  0.3097782503489852  1.9625007528488256  3.7383898862032794  
2.112054834700317  3.328550802322784  5.682785360375125E-4  6.220310414491795  3.6644335371219023  2.113374497752262  
0.8902619132242484  1.7554055206961119  1.059491774245058E-4  7.45925374191246  3.6350325533339674  3.716429353982678  
2.0867333559730628  6.954527449645376  3.4786455545219206E-15  2.160118990241137  3.603303621441929  1.1042069049727803  
1.1608205810590926  2.0100078657515863  2.20612809525161  1.8102881677980334  1.8468007399662747  0.6066472880532743  
1.107893009655675  0.9778828640219889  1.3253124713761713  2.126487761225782  0.9807221326315516  1.9078436685274933  
1.094769636020071  0.9892586955338996  1.3385729205618118  1.7926831762594322  1.1132988098026302  1.886883332094679  
1.4996070845513778  1.5163003887402788  2.517337359993647  0.981419701012468  1.729804441504667  0.7170228177645122  
0.994765672054547  1.454803888481594  2.390255414336881  1.7449122159575068  1.7681797947881044  1.8310761672330054  
1.2607118264814134  1.7978809956356039  2.3591902315554205  1.9823675631152144  1.7837353999729295  2.2139597777502154  
1.0312076555747673  1.2563960450858036  1.2366794262719834  0.9997190708583825  0.8706021298311686  0.8261201938934638  
0.8571343255674164  1.6670195168910977  2.116878056624871  1.564888824069417  1.6895113950635472  2.025473886413042  
1.14605699561088  1.7535793083761055  1.806949798846333  1.0422588325430864  0.7668311301023525  0.9312833465801275  
2.8985608223220094  4.35998672299377  0.7285354443398909  0.6756725485039309  4.6639955578900185  3.749809894989254E-4  
3.5908389107425616  2.162713550989319  0.2622151284034574  2.2432550731702308  2.099478467428287E-6  7.36423655146948  
7.2792075780246925  1.1420744981946345  1.0319567673343841  1.1430121749226243  0.9065699536245395  0.294255300638163  
4.98889703765938  4.542877432756305E-16  3.8729401903972738  0.95686706144865  0.25628820018692505  4.822777186918451  
3.608282903872684  4.985653677237148  0.7582821956674854  1.9672671622843043  1.3500149818358478  4.206280509796285E-90  
2.9828311833691443  1.4109434493234925E-17  0.10359761239878346  8.156295864081319  2.4428713942949094  2.2747598530665933  
3.4618235463580564  3.6517250816909756  2.357813291697066  5.490295298957793  2.4649414248282486  1.1523993428608726E-24  
2.8545645872542984  2.14713661865215  2.5979330427746845  7.584786538441473  1.4900311717349246  1.416557242530497E-11  
1.3395704387852656  3.5739079290621234  3.747610762789469  2.681412397483505  6.102665349213017  2.678551764213753  
2.6453903560554406  1.2503906510037517E-9  1.5427489379011767  2.7334408603832574  0.8556461987712638  1.0846962933793614  
0.21098880847241905  0.5370032286474521  2.535567509722409  5.8082043990785035  2.0130028012284993  0.13354427751908732  
3.0676921252457214  4.3988663157847E-6  2.052649920483121  4.3630553245258765  1.984783669233716E-58  6.489296787776037  
1.0152414837835813  1.271990273194216  1.2928595039921393  0.9087672965096519  0.8484808982263624  1.0424065104440359  
0.9817220634705321  1.7525011733156208  2.2597775749311717  1.7424053019747299  1.6968801098395925  1.8895635757676021  
0.5998080996912862  7.999510773117223E-6  2.434594381371971  5.194493360381446  3.7524507213722353  8.71411871550217E-19  
1.0854409457135479  0.9271738247259194  1.4750463213350304  0.8557971574077444  0.8014155377636766  1.0261267960861171  
0.6854019302543367  1.5701993855258605  1.3180835238913835  0.9900756523725233  1.2216364568383709  1.3720812466154848  
5.70326765576938  0.8254137334121997  0.9219190464137637  3.316480309701071  0.28436870018407073  5.714248532615314  
2.3768111127501768  4.1433928122082095  2.3716954571201552E-14  9.159642190825998E-15  2.8296288418886624  4.949534014300909  
2.2336403185576486  8.105421851853741E-5  1.6389111368837785  6.009922828427105  3.666505279354723  4.057721539865218  
1.742207326040998  5.2676358428978105  4.670370316646543  1.9595117295540683  0.7299238296723083  2.912554216769906  
1.2783727409276369  4.211412434661222E-19  2.7034700007422687  3.183321225734574  4.933439360584051E-9  7.082876797400728  
6.1116801794215E-10  4.536850723733283  3.4098008597427976  1.506714717871204  3.1783539310310696  0.1626221757385132  
1.381298865958217  2.339620058460135  2.4072804494777937  1.6955008443862465  1.7427167180213738  1.4364570364472775  
0.4647612050598173  1.9616278653338397  1.2422643383032987  3.7280323323831994  1.4791501433064373  2.1022397195486295  
2.824979685771274  4.622572835063876E-7  1.4439117282053595  1.466165844008482  2.9907116217403424  0.9049531825721921  
2.9062394200986232  1.041353128312286E-20  5.459437385412644  1.0616150951267698  2.930765601007695  4.096027661653844  
3.329925302054152  1.0148216035073703  4.9942522996302685  3.820015055564127  0.5617630901998979  0.8887376054809596  
1.6548764958671487  2.1242856735833615  0.5588028364003405  7.142343755373079  2.2092389324791752  1.6714395398114246  
3.549188619970595  7.726980736040603  0.5264872938162647  1.145469925017846  0.11124027336678509  3.072531139485046  
0.7029063054180681  1.0470247740983125  1.8269294151806061  1.6781271702209173  1.1662720058425067  0.7137116285046261  
0.7228519374694136  1.2808536099191703  1.4940694286583416  2.2909651104792657  1.9928125775113723  2.050625462063747  
1.2064888583777196  2.2247665396709633  1.8690169686334976  1.5685624719044677  1.348441346049614  1.9037298525425501  
7.534938599471239  0.6661419479259915  0.9852895767069205  0.9317839760225325  3.2024279551139956  9.939298746646827E-17  
4.896047109805074E-6  2.9186154026702953  0.8652353304202834  6.670283677108609  1.6483189932579  4.446228247351039  
3.313936055090559  5.408504400314146  0.41371801005603365  2.706412191494145E-41  5.37443174706179  1.9831383263256178E-31  
0.7164908668612425  1.3423709354750402  1.4336080013758488  0.9852684954777093  1.1316502025872726  0.9537549413204727  
4.553199907369239  3.0892463497396734  6.078924747258081E-60  4.044115417539982  2.386386292343961E-24  3.310466161797737  
1.6244843866238503  1.8929852678031527  2.284699213399459  2.175105744350357  2.2463163028862776  1.8327907629619369  
5.068322343172913  1.901413813210991E-12  1.0913882638552026  2.7355953578450105  0.1767399613181058  4.771594093645067  
0.6236151322148501  7.351657158648068  2.092887044408739  0.9093638927020075  1.3457898144500648  0.06781922650840547  
8.062424594611597E-47  2.5390327593862265E-33  2.4857088717334954  4.881128365630037  4.211501413051173  2.861770871422433  
1.1539489827308484  0.9560493627945713  2.4539921635628534  1.1158643188559976  1.009000897092926  3.5093939665904124  
1.57283582978228  1.6396662261130892  1.7576099713986666  2.5767806825043365  1.9740789712473827  1.947323934131638  
4.110878645310435  1.3803056719092329E-8  2.129064327539292  5.287252743221934  1.0232750016643688  0.785913926733881  
1.0255776508893615  1.33118706033153  1.8953063704729873  1.869683789754182  1.1996944764673139  1.9458739149783404  
2.6116672546952033  2.6935691948915662E-25  5.490029969979012  2.777419189694405  1.921585962511822  1.8001863627944002E-20  
1.1334514648856056  1.2522284023842278  1.2980736013209608  1.1134046380556049  0.811112202934741  0.7740916663168209  
1.1609302232681706  0.683234199518972  1.485541421585226  1.919036614545658  1.8440695127278814  1.1749009455098258  
1.3391626324785417  2.7115407368100937  2.68835081790521  1.7775998215956519  2.6584540464958066  1.1256162501337277  
1.0698580689117791  1.1765327478431697  1.5727120619352033  1.8367509295965725  1.816091537457156  1.167923197240437  
0.7280741196392637  1.8858658580389682  1.7090184960629247  0.8112705672195322  1.341777039773657  1.3005134186629632  
6.09426510289662E-18  3.5609074150350293E-47  3.9707678746877484  2.1280906794006786  3.733122523584278  2.5309405414685924  
2.2230692597590918  2.9376989537575913  7.653566144461019E-40  6.080014756633859  2.7571716139408617  4.580994216358234  
3.1045039635508025  6.431856260156126E-17  0.8253707270043784  4.723577188076047  2.7419180417763616  4.689380535766381  
0.19104352131686092  0.63306338509471  2.746408488658815  2.465203723064494  2.6078958771928686  2.0661580590294957  
2.8364233822592517  1.7177512648565636  0.1590610407780894  1.7381411743432524  1.2441762483608214  3.8177903242066735  
3.939610632931547  4.094154343437533  2.5238354085275585  1.195741820058663E-28  5.245564368974821  2.5416976063736203  
3.8426827566245536  4.386693304279165  7.527411239858715E-7  5.475361539475926  0.41807761055749404  3.3793903564884786  
0.5971280666030453  1.9125241620821485  1.3537989810631654  1.1370298577376097  1.5672137321148336  0.8384910325228443  
2.4563846127919337E-9  3.2919582409503523  1.4030958818482835  4.363923611159856  1.5552498815183737  0.9655395136317814  
1.5192826222452953  1.116567791792579  1.2513659026373023  1.8657020793028718  5.040302776778036  3.182471881885516  
0.6921836399957398  0.9761781005935445  1.8751092562495772  0.904227448389157  1.0956944516078733  1.266171933665378  
0.9142795208013668  4.496556948293512  0.09828698424627563  4.846134227710917  0.8170465182965017  1.727143594688848  
1.2222883597039713  3.1286421885113556  1.59611164498571  1.0921234586812718  3.4149438883139864  1.2086584971776908  
6.602277315462663E-11  3.063473076450001  2.9064315270788375  1.8937981630579535  2.074259907850357  0.22242422188186595  
3.1390413347089434  5.037875383077193  0.2542987204658532  1.4524469195682783  3.054222889729885E-13  6.274488420555966  
2.009685849436489  7.597027860732202  5.887396212829733E-57  2.0886212662952004  3.652080954088625  1.3731012263075828  
1.3714630699608186  0.678976603833879  1.5522310438913263  2.020286478228597  0.1869386851710753  6.418213011282405  
1.096631428403276  6.127506959476262  7.016021112470821E-31  3.0789747046596987  6.643263326857274E-9  4.433300895250572  
9.800847979064393E-14  2.831595675961043  0.8389525797159922  4.9141368013226465  1.566549109559457  0.8886415711967934  
1.10348009820815  1.0804709477117838  1.5442409211629176  1.8090749707031801  0.7992020092873771  0.8823435517605205  
2.691659920061419  2.9118082521782562  4.248152790902933  1.570677029977393  0.7520258412181797  4.975438816057259E-10  
4.4941854502868805  1.4540147626164623  1.874673422114111  4.828534542684796  4.546433737112278  4.220031346126194  
2.3539591588011772  0.5569950094045808  3.327448183590687  1.1439185718182535E-5  4.936145108553689  5.131615119640455  
3.905910866336101  1.8662863741373898  3.649019645572213  3.0088776821373  2.4086044762324224  1.4543557575801902  
1.8719266184728798  0.5843945883979114  2.812789973005553  3.2579020322822556  2.251208500179376  0.6228417761896666  
2.8614474179566987  1.8552746999552572E-9  5.244558634075215  3.028684240097123  1.7561581808184599  6.121004542176758E-11  
0.7667875838134837  3.0176604809514617E-12  2.7485918078140767  2.664364495897585  5.81551658379914  0.4230610727066395  
1.946747548038858  5.30129799985399  1.4138082340503264  5.042258961676689  0.2098059978994916  0.12696163086726214  
2.33518901677199  1.615307259488037E-23  4.304073582921926  2.3538300485926045  5.248668297937553  3.2717178925407933E-22  
6.813810223058841E-11  3.471791668942618  4.017622718432635  1.1862672124492355  7.235399796366325  0.32239068143523064  
0.9471428196557234  1.0794121286138776  1.9145669322079977  1.084977404823281  1.0969857000357714  1.469043877223492  
4.579027727846318  1.3120749603369024  4.540004119556105E-23  5.400342857799956  4.0838604021760965  1.700750850953077  
4.199851218650416  6.469336678717195  1.4480035676962721  3.225865609250512  8.98316674785226E-11  2.3961361853664114  
4.497055255926265  5.36087467188408E-97  0.3830350861811326  6.219314062003667  2.002912461358001  2.378280339235202  
1.8067192364969499E-25  5.905212925460244  2.371743605340063  2.621332366936573  1.958236340596097  0.12188697702691662  
1.8737168853123787  0.5349571865842068  0.8099940648164445  2.2419353881179287  7.010004686377329  1.4160705525592268  
0.8743298937045744  3.5678652423326338E-96  3.6690722822356907  5.96079147242174  1.684957818655954E-97  5.320574014337664  
5.2775258178743885  2.7764465544018195  0.03830396937419497  3.107613361717531E-17  3.820359137196882  4.74529287112397  
1.6024929547106304  2.4155077993755993  2.795618385152297  2.0338829453933376  2.1799608841777967  1.3289334374533084  
0.8903902868079306  1.3464169335080058  1.2456419043263163  0.880462511606331  0.9703082753082133  0.9718235003424922  
0.9098810761433908  1.4724679570218615  1.1144621488712787  1.328724702380961  1.405206067165991  1.822180959770175  
1.730496922755194  0.3494691809039201  3.5947666745520546  2.0900016435453828  5.317176384358983  1.1525284113812  
1.552178586793422  4.628555530181435  0.28174441733200845  6.917414730832663E-4  4.3927885380800324  0.7780819453504898  
1.014307411349773  1.1622689643903812  1.3030724270328649  1.191072493345658  1.212925081678705  0.7972663671384375  
1.1027957389926457  3.423367512788718  0.0838384250412086  1.0324556071816973  0.8978193525622723  4.630574413838339  
0.7491328605145322  0.0013895531921671231  3.3044033274499425  3.5207552493293734  5.364443236144033  0.6037800219794346  
1.071354263403938  0.9355750045590118  1.474404703835925  0.8483194634441119  0.856084922405154  1.0291979672946758  
1.9478843854413057  4.025046098033761  2.5425006831154673  5.325693040986088  2.1526079148811776  3.9994750821912692  
0.6749009273747076  0.2873078403799529  2.1595268088513206  3.983377450799482  2.035113360430229  0.7550263826550917  
2.0324641970544906  0.5752071074848285  1.1318584573193844  1.055812040154459  3.6291267111389995  1.1644725066234414  
0.8546516732944622  2.3069840794721546  2.5850973854085892  2.384963099377137  1.831644881747574  1.129171213707551  
1.6025726988418196E-7  3.754914377873164  0.7478608071807679  4.073306894258327  1.541727432375911  1.1058654211548389  
2.330778555923168  3.4572020270797776E-13  2.9900458492955453  1.308002986329054E-21  0.5392859822389062  6.2935332763212335  
0.9332335506558226  1.1968194187390282  1.3665260125876226  1.062788325798199  0.9021185483777365  1.2050378440389802  
1.2303398308093436  1.7600463154073842  1.7716937917621292  1.7193671778464443  0.4829096431424059  4.013603860645973  
1.0707061822626338  1.3476837636986243  1.2522687063535487  0.9087585763500874  0.8739177658131028  1.0112508422869488  
0.9942803582320707  0.9562631674955967  2.107868901649508  2.512165536097753  1.450537543885577  1.4341645816567685  
0.7572019283929249  1.2833466744302675  1.4270893039666115  0.9135883545047099  1.3178175155930614  0.9932423384382083  
2.6613516687664793  0.6391568082660747  1.0952089955762456  1.4391213174372333  3.041536990360272  1.5293128832950196  
0.9558198778787078  1.1643952315862995  1.5224831248353576  1.711198549798194  1.7550219688892275  1.9819161835662105  
1.6894010894053895  5.0087313066421215  0.6326438416380271  0.007975580312960322  1.682050385355364  5.70208216487325  
1.4604825372115806  2.5594678759359086E-34  4.644651501028859  3.2796458958254626  4.935209999518118  6.538287701804685E-32  
0.11460330965578545  4.142081468405176  0.6230073718176692  1.6797300792463028  1.5711363435003955  5.252839387229422  
0.6990926260589783  2.029408324203688  1.122335175026403  1.022880504656886  1.0700152153232392  1.4600984576739564  
3.1096803218325393  2.8138869544258647  2.050254797490287  2.8084530490553816  4.006078124526987  4.754445271926861  
4.4219285931344245  4.743004868948466  3.6033920054064428  1.931206624065522  3.658844395215565  2.019616309161584  
3.2593652906348463  1.3442343834259014  4.193108724951905  3.752169065093126  5.521876175020371  4.217373284658702  
2.224155958783783  2.4219227083646353  0.17410382420390907  3.059841980573273  2.234235717914638  3.686702601063181  
4.733616246101659  4.173735568251735  0.6155094599444568  3.5217631902742434  7.24317587409621E-21  3.644795445419214  
2.896759916125547  3.021856055251652  3.256371653847208  4.259861435586532  0.8894652582128897  3.354401793336654  
5.384527149187748  5.215921651844661  1.6003471772953541  3.5706656601623554  0.7576361686927124  2.5830492955045457  
4.86173554514444  1.1789163353508783  1.131496882447228  3.48986961196493  3.7494327728427255  2.0800696225923216  
5.135062875206114  3.352907139365864  5.454019644676357  0.9496550420259637  1.4455130435264798  4.925407923643432  
0.9412412407456129  1.7630469310918346  3.269945841983859  3.74369113284064  3.3626117015572308  3.0209467633094604  
2.569488910663014  5.405722022475693  5.303407351004677  2.326956531736792  1.9854583162130384  1.8765496843524743  
3.6834397326592714  1.2585297457343938  1.0195108295914853E-74  3.7872817833462173  4.2496577976259715  5.741119126904763  
5.196222346730599  1.3431816468229334  1.8322747838786837  3.7315324730707182  2.8229180696012928  2.79401939626764  
3.9166518546367697  4.244441672547393  2.465686246250381  2.798614344328076  2.3524342476410744  3.7444468750405937  
2.208371025978242  2.627935474980762  3.8535629206794613  5.263926377977908  3.909646717321547  4.146931400717213  
5.0841627866908565  2.058836938378329  2.2521893508307955  4.906250066669629  1.4669940009015519  0.34035879858034335  
6.46703845121108  5.171582515499437  1.1573312368476854  0.901600960586325  0.7244492475472286  2.6821726369397254  
2.632503318986133  6.5894443054727025  3.3429357690019295  2.5606881111033313  1.166356198256458  1.9581062049099247  
3.3707407250914843  5.078600117036884  2.361813948321613  2.7355685853469316  0.3608457051975634  3.3305564067950217  
3.098742464217971  2.7601280481448707  3.118943578344778  2.6816477597237514  2.449160272363475  2.7245199052932056  
3.556169212358056  3.3234975860339024  3.67857559717729  1.6835378746932825  1.9856583058617878  2.300631537165648  
2.663140400147486  3.4349856554261864  3.4358524618580524  2.2403400527816184  1.7205355102902682  1.977686598615396  
4.206969381763941  4.057790614565876  0.6961161118822474  3.7913530951202974  2.523497898607275  2.760529161901828  
4.5441525033412615  3.4121735329761353  5.386853333864691  3.056773409584968  8.609755103578527E-61  2.3820494094085216  
3.855905529385015  4.613738834521932  4.117772595778667  2.429141114272076  4.167235844787315  3.3361900474769883  
5.241459606985005  3.0411204337445663  3.12671299986388  1.884989415172042  1.1901136811791024  3.3771783876980868  
1.9877409994200808  1.1591508520924632  3.3574958690754975  6.1030091407450655  1.8732703487885196  2.338767309089813  
4.765071895800073  2.527909215721161  3.1176966151284833  3.008595409338557  4.356753619634377  3.4810112739819123  
4.267462721043102  7.0257946168200505  3.7297279874855773  1.8750254424569668E-129  3.497963759293051  1.8554818606778842  
0.3617405766021676  2.9560458129219196  5.168205621547039  5.365061851558495E-59  5.899741921328499  3.001634723325138  
1.1850162840345126  2.954990233856247  2.973199202901006  3.852119241884534  5.0125014382062965  4.5729602285374895  
2.607451461227262  2.9870879078093613  3.362693414502609  2.38393257855871  2.486446137535332  2.3750965489752667  
4.039489235560216  2.516969523487644  3.378567026807506  1.5436760970808454  4.508564003603657  3.678029399817773  
1.5054202476199454  5.643517125075584  4.170911949392601  0.29028211400974846  3.0253690600929843  2.2822016269085283  
3.7742192586331456  6.89999233446384  3.065287150957462  2.0610480478365973  2.6818435626589635E-143  3.5291495007695604  
2.2408446445621455  4.420402110171078  5.355945283082546  0.5022621982948886  3.273815078775984  2.171835941474816  
0.9181438936517535  4.533159413133517  1.6181885216228595  3.04026698495934  0.6777794674787199  1.8950742256068365  
2.804628683037638  7.529779166083439  0.24732062930809295  1.4469803467487612  2.041123205254977E-33  2.7382614209219196  
4.948419726449642  2.4615007347813753  3.067749407137913  3.1527286494670004  2.5294240774273353  5.245906094333227  
4.184561545250349  3.768648039996481  5.063336637377569  3.616616838480871E-19  2.6006395896060353  4.309055467157191  
6.517507337350459  4.080319951769059  0.05573508405108841  2.1974983946534477  0.24034788036763405  4.330151227243898  
5.647307292579838  3.311547606428848  0.6222505953337863  2.7178557846546996  0.7576910095981362  5.09479042156477  
6.400555105966355  3.3144368309673804  1.028828722541251E-59  3.126781860239584  2.0774592660617928  2.935643713977278  
4.2669508561774006  2.589479625845813  1.2160466327511081  5.062010252182821  3.441154679112316  3.7458306947950595  
6.3174727090098735  6.079861504658567  3.3319424559051685  0.27822383505762666  2.1812907396860957  3.353423434590353  
4.439334314599215  2.0219777304654434  2.4866262126275917E-11  3.740200960615464  1.2487892992483502  4.593530004300981  
3.127994176574238  2.723042829105017  3.640250157529076  2.2303649121327687  2.6326301499041325  2.305755565917418  
5.451605422269084  4.187422718321673  3.3823372539784495  1.3698382759591627E-113  2.572060837601711E-7  2.8943992617622216  
5.230938143001953  3.729880317492082  4.31251918751758  1.2640899561966827  1.2754671006394476  5.051189814686778  
2.333195409471725  2.591084170426159  2.7021646139926503  2.7588596803810415  2.641513410972287  2.9567032418328467  
3.196353174040673  3.2857791035558077  1.0675736533337474  6.682027793174804  4.178873768189575  1.258907588982254  
4.0823370521614646E-175  3.6634522139312353  1.4641090546758173  3.1586402773350106  2.293429248231966  1.9923408034747998  
5.106311307195545  5.457848293203663  1.0511930515405261E-57  1.270460487120191  4.123002973085588  3.8857030087336173  
2.902287300740601  2.97110099312657  3.7423754850128748  2.1219161398648256  2.5566449094787194  2.483122025476432  
4.619234341693327  2.854853473925463  4.815167155463414  1.2867770230828637  0.2808118075629271  1.5934524741484177  
8.679893782222307E-59  3.531839154614309  5.201890275875844  3.419118084044496  1.8090829244086184  5.469995866775409  
6.958521288515316  3.3046650823284867  1.8962115375063493  1.9794671457283968  2.4173502670702747  1.2053372834664673  
4.036772271499325  2.2928796378711205  3.409411433412332  2.814166490722142  2.249424043985956  1.9702113513125732  
4.860225075162361  7.853557134283704  4.047578195728795  8.270687680906546E-24  5.2651186468345594E-5  2.066438980293773  
3.1583810798715155  4.72459741396353  5.318684259628279  2.3701921436235347  5.251321643108911  2.9726137798691417  
2.9842221663803064  4.303172232204763  3.6374299599646553  1.6004649296142743  1.4523158751301828  3.220707660883789E-15  
3.804217381677988  1.3736982156069237  2.8271446332475225  0.9437366529184189  2.728765195406468  3.886973298550325  
2.7139733445840366  5.626686082482368E-15  4.901253913683831  4.337286565515163  2.1256422552175597E-5  4.207775990585845  
1.6228910989946967  1.2025672947545774  1.3290531813745812  1.3521858455657452  0.13588804817019262  6.098890679685383  
0.24922281419770895  2.9953290438573137  2.033538129748873  2.5377850935036674  1.4069123297204382  1.2243775960506968  
2.8924377990365464  4.249116957255919  0.72259237840106  5.531313000756958  3.8019075577497246  1.2833261942790672  
5.289829012007204  3.570489711165309  2.4655056467653238E-33  4.607891416990381  2.749390010495394  3.013104836601262  
2.9929750851057375  4.937466074414502  3.1156116512773075  3.514844001898739  3.7284771888389225  2.9241422527371945  
2.3957144149610032  5.496559657273952  0.5060310838732496  0.9940342460089008  2.497122961653333  2.2864458496844957  
3.1204239398500766  5.628021433443892  5.701797457080231  1.334674438707498  6.831812252317136E-10  1.8167411400409106  
1.5409374443419337  3.102286503318005  2.0605780325549756  2.3192918448505715  2.5806335843557595  2.950696539919522  
3.980610161122155  5.47024732159186  1.7261811825407449E-34  2.5556177216665557  4.234195752908352  3.680475853299143  
1.0696255343890253  3.691007034147297  3.308144669455787  4.517544699030329  0.011247366258389629  3.0765631037136596  
1.4990795240295114  2.2466363126399655  1.1234069106195566  4.3281904401775275  4.656349881579733  6.076285667353873  
5.665720527340403  2.145204940235936  6.16355017275378  1.3616371955063467  3.2336618416968212  2.6838029481212065  
2.7885411354730043  3.2164031211690394  6.39366235846588  1.753952032844724E-122  1.1793858127886548E-49  0.7778490636776361  
4.983082526369787  1.5281320322259933  5.714536308214674  0.3617624420233212  3.268351079068502  2.7858494262768523  
3.451542548165348  2.064590526588887  1.257297414996363  5.051478934950762  4.054397180927334  3.1143858314360906  
2.9073331595218654  3.1680738501625205  2.8926784400637304  2.2250250881498643  2.4859749034385685  3.032775815374036  
0.48808600612362263  7.501210407388075  4.078140251598811  2.0579423866436515  3.613506716100753  1.9197134750233602  
5.795515201027338  5.944096105030277  1.6211590748752698  5.999637198581972E-14  1.2566039842403216  3.34678364311837  
2.9900658065314323  2.501898642280403  3.224371213917277  2.633718347943615  2.1921252700991753  1.9528413274091285  
2.8989320930802336  1.5328741791441964  2.285861557479061  3.5055392841093327  2.4197916414474574  2.7329363257444843  
4.781374407535926  1.8575268678043453  0.6336842945886146  3.3860125068248323  1.6968810913905068  1.4613110014376818  
3.6443964248665943  2.8957949223775232  3.6167249731794535  3.5655146862805362  4.013652069168668  5.264208884573813  
3.150723935627945  2.7867148723553097  2.1759361775389485  2.529347789680445  2.6911588456614344  2.390048579787942  
6.404474286443382  2.639107953088953  3.5185670710935693  1.8038094748099232  3.6715073736526476  2.674204131522524  
2.5738601009257445  4.1371624030622  0.4286813678837713  6.182386907067635  3.1160532639251834  1.602344619801148  
2.222534377363633  1.1974532280777432  3.4609871313194907  6.165894015692433  1.3312541754199483  2.2744383237093104  
2.2714312603851408  1.5719696880585161  1.8259007556909808  4.349986863315092  2.7966084211154665  1.1155150515831318  
1.3411158834115067  1.96430303572829  0.07765545494667973  2.5034186667973204  3.901966888093064  3.273644292765192  
3.374983049407874  1.6385554969369247  3.8273122584273818  1.5930848058965201  1.2967608137191842  0.5877446439914281  
2.887323094413711  3.129555899474134  0.8956433853720858  7.456637301097549  4.089457777039642  0.1456801803731642  
3.1670695873939705  3.753047907670168  1.8326158717462944  3.7645015252204033  0.30491536663179886  4.542333264027966  
1.048736064422441  0.5005770544021999  2.021582630330475  4.213092885553351  4.6269563407519065  1.2214030748653055  
4.74416499595298  3.2529558782889505  4.3866602949517155  3.9177698878958434  4.186163299750551  4.696935971242245  
3.699984921234243  3.5640517230256514  0.832760989388259  2.2395444655035255  0.11233328214032194  0.5321276873776083  
1.3456321511634055  5.760095245726999  5.71878833417504E-46  5.264733093867785E-19  3.645987105811753  3.9966953759634922  
3.434648588474869  0.1807226499648004  2.7362130519761676  0.5902656020318233  4.856331208267219  2.9112805577563283  
2.8974793214800205  3.6097788316014694  3.472863242258978  2.189991835379938  2.7701714822446863  1.3695823758585757  
4.208056163512493  2.635273806421262  0.5504191689744413  6.366541238033421  4.524850575167434  0.26605847791727294  
1.2925579248357821  5.537620918796872  2.9020007864646005E-8  0.5480397767488613  4.019978407286765  1.3405363460146644  
4.731236408229137  0.19358768952934086  1.2402835842137638  2.0160770345584043  3.953012722265818  1.2603815275082415E-49  
2.955522682337156  4.117762086620649  3.1070104990781857  1.664381941344759  2.1303665475408717  2.2024514594029037  
3.488298749312645  1.3795402607582266  5.266301729599987  4.002270287312794  3.211335024429517  0.207606178299375  
6.263544159344287  3.7294265942214357  3.9696773663324953  0.34596929619687095  2.665575336602203  2.9833664505899407  
0.7692270312027962  4.849284833108276  3.491059256515032  3.5861142459577673  1.738044242224965  4.246994966478375  
6.150325500157795  3.6275219183935343  0.8123456260053334  2.1353787847616776  2.0055886031812487E-6  4.282104405653805  
2.1410825960727515  0.00907961682385998  2.0279389239862833  3.4632796923954245  1.3140550986723623  1.5686213791787165  
2.553076894546884  3.3784857275956752  1.4015327622379403  2.718090520771817E-7  3.8771488211791874  3.094386675196739  
1.2275160077939282  2.3920900835796624  0.9054788214197395  8.728701580156997E-24  3.9822598384292474  0.9357870034332856  
4.048135565704199  4.833198092869119  4.114217303503522  1.250615800039405  2.958806259287992  3.9322749289086896  
2.983775610667618  2.609319065304003  3.2122618847334476  2.3750597608722037  2.615396993396172  2.646556818208727  
2.962719221202551  3.2172784353863584  4.184073689029299  2.0657732915342133  0.1781840956909624  0.5659912685929019  
4.031712695273841  4.7534558698483975  4.326245945528201  1.8810237432686443  2.0503771497580012  3.6379594528005286  
3.929455709180637  5.822178393624737  4.1733106336491925  7.116726290230095E-24  1.9382406780248582  2.574874098307518  
7.4228427342538446  1.6232384612035968  0.35201230933411876  0.488206426354603  1.8497389737732346  4.9267133375065875  
3.1191159838121703  3.099407148634449  3.7936369206860086  1.5083735431276721  2.2303829904544954  2.1199371651662093  
2.215520095996501  2.6202076358994884  3.3448786823346097  3.10057618567083  2.0931514039044665  2.2688041843090287  
5.859366530236903  4.760655720734116  3.0566954801557466E-14  1.1644229767910024  8.570578485735134E-43  5.335419970308586  
3.7996264838458376  6.051221273617582  0.0040299989971615165  2.2745411535031863  1.98912440678173  2.1647464220586117  
2.0526894653742347  3.416944068948571  3.4989225434641926  1.6841933339580133  2.50029317093797  2.003169571207827  
3.274216023422387  2.620582644642477  0.2635180240416897  5.070005094500518  5.237096877355772E-6  2.1134399638206993  
7.403736154546683  2.933451100348533E-8  5.409563773839855  4.373838228253871E-15  1.4015703881573323  2.7337634609238646  
2.960812876827496  3.775144122977906  1.3800686267736264E-79  3.933513818382262  1.2244169033314898  3.535615656051347  
1.6460389388277799  5.53605779478071  5.08006512042924  4.00586859193607  3.871324733271675  1.4072926046842853  
2.6477627069367697  0.2993211511655999  4.6368098312784936  3.824262675492181  2.183548510658144  0.18530831454809288  
4.898475370520306  1.1777101255238955E-22  1.1941545441933483  4.330734986875892  0.7513564286175937  1.1365258078874567  
3.9574840051534457  1.7384116075316054E-20  6.16898473151914  1.1963267051548703  1.588296323918726  2.16776152333881  
2.08218885535559  0.3376651960857888  1.6608651511496448  2.3118611961905446  9.018724371039327E-7  6.132029094419093  
0.6918421509252172  1.5801600888897978  1.2763350012299217  1.3267017794950682  1.3344048053320905  1.3843486350593603  
1.809648099550154E-13  0.9072176278112575  2.632266567340125  4.12132390733622  1.6298848880459733  1.492046118308195  
2.1467543170445516  2.8615636333423753  2.703994458426641  2.429969242614891  2.5448290735198857  2.9164871578715985  
7.1597483059716875  6.248437932635029E-99  0.34860527150155446  2.258941076539654  2.7237942030881364  1.5548748253974403  
2.901105305255107  9.180962163836307  3.0831924174426  2.390613748630276E-55  9.405626566428556E-5  2.440686382959533  
2.5888869356667668  3.7803562013171823  4.068769475795939  1.5198408872164353  1.7895076593421342  2.1104538322907644  
0.007852827346833638  6.4274882592984195  0.4042867576271129  3.6318122846549077  1.3915462001996601  2.3183915222455247  
0.3300853137103507  3.8080778417198746E-10  2.8691286356078063  6.101008582564453  3.9663455254659294  4.808476937167271  
5.9623812892690475  4.274478336207828  3.6836190176331742  0.6846620637722415  2.50710170037792  3.3704226134953914  
2.9331194093471507E-83  1.3203856559200295  3.368686420826983  5.37257295209131  3.473513481238811  3.7761352284131924  
1.3425710896168876  1.8466655857976153  2.1920485447929283  3.847588191792566  2.354828164645153  2.7944530665802683  
3.399929110116224  3.278947147077682  2.534124384175158  2.098335053873164  2.6489840037291503  2.0630220657329965  
1.2069174694103257  5.374266999313683  2.7645037570109676E-5  3.674710229441059  0.12769007506055716  2.445114816181448  
4.486266893664453E-26  3.192857412933072  0.6267888824982976  6.74955693983716  2.1088104670606604  0.8748095852833466  
4.222575776218231  5.209857300307589  4.171467411803889  1.4995986627525066  4.264624929462404  3.7241763169910986  
1.8587606083909574  4.711882760942389  1.7826843477640184  4.287993444416637  2.563896336711655  1.917522605279784  
3.1601460478229835  3.5705479072196367  3.395112420870827  1.8599347715915853  2.2684073184632485  2.094054156822837  
2.0892527243615344  4.590088458924111  1.3926669453547555  3.839615152988309  0.0012196284928891311  0.19507098107317825  
0.07683169275161879  4.063840050750184  0.05071359360573873  5.384274574545719  1.0943570197475583  2.1115324382408946  
1.3898710767996252  1.310988364186998  1.6923475434959565  2.6830638977826538  2.5926636591645758  4.744785723280235E-13  
1.2632071164850398  0.2301241410803139  4.099157056582785  1.3361033805295648  7.225976468266055  2.5055672320667877  
3.6976467242211553  3.118164312413891  0.8800325557243736  1.5232659373361526  4.223564866678507  9.524339629232177E-4  
2.3708317163627575  2.2879342010221646  2.9129690279453815  2.8417430369683445  2.7694929143122997  2.9601264316821645  
6.32103618803157  0.5263327785778259  4.48771299424765  1.5765068713148909  4.2423954177251195  3.7644769728140353  
5.23067259886739  4.586941943952076  1.3158328817606353  3.37139160207561  3.322119259719501  1.2964705955038882E-54  
1.8887927294740192  3.6810080956162063  4.4984634870971405  2.2454316810393586  2.28040072735866  2.184555647374862  
2.8390879056810028  5.5345384476675985  4.302089141943393  1.1288478031510558E-4  1.430256338641122E-7  2.345442841861729  
1.4573760094696278  7.17176753075719  0.2369428137661947  0.31749502963389103  4.227615939499109  6.349765344853457E-11  
0.36432374813554813  5.996303052447248  2.2094869991696977  2.908244645907022  4.199423783777393  2.1030602071804134  
2.1299329207325517  1.3906635250236634  2.0292823040196905E-30  4.8269573680397375  5.402209017843475  3.6745194208473606  
3.946512451821984  2.6756641137580024  2.9434740485688766  4.061837419384179  9.314068486793631E-34  5.9154499770072615  
4.576925938256241  3.384047343495266  2.3568417834957267  5.977762654765748E-38  4.504641065432233  1.8003154507980978  
0.7194274028552889  1.799630925352575  1.7049707742521387  2.7490064231319296  0.25987714365195147  6.060772335052181  
0.5968861658217444  2.41667187879467  3.7019116963808045  3.107386968741057  0.9731054660194965  6.107569061418408  
1.062633430012025  2.1505790218373497  0.7443701969642843  2.835618237471836  8.310414106334707E-18  5.859980474585638  
5.079672675982071  3.3816071530096163  0.4425675985764015  4.449580901252481  1.1318516403148258  2.0083145278523915  
3.3430385719039077  1.9434502506804845  3.94161071792421  3.3028453176075434  3.6731446423725695  5.6289388096478294  
3.3597169831874574  2.1040452282307816  2.4785270369933405  2.518865382080788  2.872372246640951  2.6344240216189596  
0.007950224247816398  7.285720397632731  3.9332058982345277  1.4271928468999477  2.600094811547713  1.2549110616475285  
3.2853790898258994  1.4287120326681984  6.071716784341002  2.185526649572621  0.580833703911468  3.646666007618131  
5.063415751815166  4.442740266455388  4.420178713230879  2.3427249639760066  4.693114353385719  3.670828610545998  
1.9742076490716338  5.842973286995849  0.635704690324929  2.599492734578154  1.6459078094078163  0.016358502735388736  
1.2280831802673398  9.56438810447558  0.27645782004369646  1.1692589880846267  1.9775797521175127  0.28036844475740735  
1.1198402096200915  2.0982143155695296  1.518603440768037  1.3211318019558045  1.0947657513841698  1.6044215226762701  
1.456065319390786  1.8537602561644015  1.5680985389542725  2.1239546489761425  1.8847242765792747  2.1136741216545802  
1.2469960933209658  0.6575386238477233  1.506934720787317  1.1740481310250623  1.646024901250445  1.5336398401848899  
0.2889769160265023  4.863695531493628  0.6327871526738599  5.623441024085052  4.428146641420382  1.272507545417048  
1.489251074844141  1.1743628656759845E-20  2.818196808076455  1.763198947969682E-52  5.2850356885765315  5.8594292738120055  
1.8678525025025075  2.410250081219353  7.327886445366513E-8  2.1922491825268  3.3301830383370397  3.4125642334687516  
3.2228524104072074  2.746519237832908  3.905186818292917  0.32335072469840287  2.7474985545544883  1.8227924090099765  
0.5448259624369286  8.350159175902284  6.997934138728389E-46  2.078567359079357  0.7284421475955074  2.7139307884704706  
3.327916489738118  2.9549746589514663  0.6186242198856964  6.072778026996866  4.783568587513938  2.6428264120797635  
6.052087764071388  0.6337310416035047  0.7614322771374662  2.649041049912684  4.502959046342113  0.2755184018329787  
1.4540117620842978  2.4682363141912234  2.6149962440168086  1.3831101704894129  1.9582807734130578  1.2276260321109225  
1.0521455967954583  0.9207330885132833  1.5073455665818711  0.8340916810878132  0.8171088714931922  1.0668730877980093  
0.3545643051883888  2.520330194941423  0.7423842065709424  1.3948301898404785  0.6089326272057748  6.768348658763352  
0.1591622216058442  2.7472289269625985  1.2252679331386989  2.0920931974860255  1.2128996026169303  4.293509741641978  
3.5634181465851515  0.9862875383156705  2.8532050299119427  0.8398099138827807  2.322928688521295  3.0761210500408653  
3.3755548607740664  5.915954305690113  5.3979322856877605  2.893379168887872  3.617645212684301  2.756736576226854  
4.531286242738004  4.695302125275896  0.8989256302442146  2.028008929998049  3.0669494309718837  3.7892583471544555E-184  
0.7198843218012084  1.8063530661980698  1.3008108499191822  1.5491458179799042  1.5007871788284528  1.4010316782636278  
1.1517523013112771  2.2276997308901727  1.424875650384299  2.4425503502487684  2.8458121022327845  2.347653969825268  
1.2100821586137716  2.142184436914612E-6  1.761462688824324  3.183796652454751  2.3904356513141822  3.736042652715982  
2.5488688135013255  6.808681702576772  5.011540676159463  0.8497708299236142  0.2302864710461146  1.8672728469200817  
5.627159384102742  4.258333294123643  2.5429744111126853  2.020586111117792  1.3984117886888454  4.468560469084157  
1.4914491360243076  3.0257885925122268  0.5554385367386869  0.8974991675687143  3.717473879075333  0.6414713793252115  
1.843402549960384  0.002518138032804762  1.258337713101317  1.9946510799153443  5.546269955971694  0.953533589565334  
1.6397822093424044  1.0095243324649388  0.7736838491830583  0.7437124468933679  5.6188702541886775  0.6107190713599742  
0.8344847537124682  1.5919985467652553  1.0373440408441026  1.3298065031961799  4.0356332816991936  0.41048345453583496  
1.9184883347955297  0.3942918469016477  1.0497065664467344  1.2395552783747668  5.519385076766565  0.4714729198993733  
1.0572406702884756  0.9783559585602567  1.4460935994472908  0.8625206650324142  0.8261819133451948  1.0101782477300916  
1.0550192885820038  1.1625438178241982  1.3025517209041382  1.1556653191910164  0.8695270722959003  0.7509186784973032  
0.9077158976578449  1.3047460591726063  1.2505998881312763  1.3818601653090246  1.1645214995895823  1.6141009485436124  
1.3131372607504597  2.2269616056229165  2.2804209919921634  1.438827406148113  1.681963447165523  1.3905829623084456  
0.6309458532750615  1.2549333064648918  1.868983126130088  1.6816930630984666  1.7033946951113137  1.1929856164968569  
2.1277303412613975  4.090906601130695  5.127737368474015  2.0640764492211676E-54  0.19619119161495888  3.276200453157311  
5.354897697369891  4.934308248181712  4.717332907251719  0.712256968636381  1.7685981627215872E-87  1.2328139626203936  
7.96276787748845  2.9077316318843938  0.1925453208474529  0.5887721680056912  2.1920826907715907  3.584099761617924  
5.300938530029842  2.738799157645401E-90  2.3826936748912715  1.421335457808634  7.133151320466455E-155  6.106811545500367  
4.1421397811015535  6.49232732639632  0.004732764446666616  2.0674280789954103  3.555814760040076  1.2251529418853147  
4.455757183819865  2.8193539676197914  4.302411965952339  4.751435716161063  0.881074064790345  2.875498525555403  
2.195434287337177  3.4861520404920645  3.0076826770492606  1.8040923506941107  3.301062911914558  1.443627061041006  
4.141247639121806  3.2076437458991407  4.586365127124861  4.358522417722836  2.075085268480672  2.5226282393925053E-34  
3.9630474990545883  0.008645006651921954  0.10419957325316699  5.038728091880154  5.782728811752256  3.5177331147669295  
2.594367788198916  2.9257050081058914E-16  1.5350430821788854  2.814453547548916  0.874744447216953  1.0557752515663161  
0.11612407262011093  1.0776119820188415  2.1430868209132243  3.8767552019801736  2.142503790377502  0.9186743641878936  
4.006340757762925  4.014630989177634  0.005701609175467717  0.2666327054008693  3.5622857065757305  2.415850059086158  
2.1560133040071916  1.1952933215212653  1.077662273367603  2.431026964167449  2.1699680354153315  5.389433490690358  
0.8495880288725376  1.2422762200159203  1.4248697927080662  1.8699017957551967  1.961633461797991  1.5848391416143885  
0.4111473266755481  0.1702219114907357  2.4962946116039713  5.631546430636838  2.4703029498405353  0.8425107000621034  
0.9084203110419921  0.9308489594528144  1.4477789295168  2.2759166998729037  2.2657674034861777  0.19912320863349595  
1.1864529963153758  0.5111079029203687  1.4696821416089354  2.2992905050719945  2.2317038563827136  0.34734422577198953  
7.977165470281789  1.7685390821718119  3.162021553497736  0.5084343138509289  1.8736775333004164E-9  3.9161535440046302  
7.383559980937454  0.3728887723137038  2.2317247561655273  1.4674027101714639E-18  2.096961897793238  4.432587032871256  
3.1632059275684963  2.722900400047906  3.112965397406788  2.60003523914409  2.527555286029634  2.439330561224915  
3.0138549885766324  2.874164919002565  3.155186496395006  2.7110330988121976  1.0430947601742195  1.9486779085167214  
2.526357701223058  2.1901159170348214  3.4769690550635843  2.437758205755399  1.1511482048248036  3.23540094840246  
1.4600858867517552  3.052720669805168  3.4982849740712485  8.157340718770875E-7  3.4815668964607887  1.6422053895932078  
3.7732606966381184  3.083101936802804  4.150679584461098  1.2403100432788987  0.3424792459121442  0.2559282938346818  
3.253292669436606  2.11361316704856  5.586559337227421E-19  6.740620809109043  3.8343245257015313  2.018065207485791  
4.635667536228082  4.27874621134221E-8  1.0491204777631657  1.8889973550209755  5.013099230048989  1.7336460729189738  
5.933739144997995  0.329152748619775  5.433655502688521  0.13260761014451156  2.455792016117315  4.241160186450054  
4.094908977853649  2.35120138772658  2.1302214186073996  4.029006118639688  4.744115922579577  4.331327092684388  
2.9909998691157984  3.0760520592750753  3.468568555419193  2.5164449445457038  2.5084657478508148  1.6962252665908766  
3.426461219931086  4.008733759514305  3.331263261136933  0.0010912859115272055  8.566939392703257E-8  2.669587359442339  
5.210007327420038  1.3618513296011696  0.8484573828738581  1.5640789033988136  3.9795482572608  2.7543972089052687E-9  
5.025147154648636  0.8569626368941695  2.4395768388945385  2.0336980465330803  2.13934699984319  0.19230237644989773  
2.3421748160806675  2.469401139661262  1.8825339442308484  3.557256578847924  0.9179945054345454  0.7290730103725915  
7.266659583158695  1.1600655462380958  1.0303522688546272  1.1501516661283724  0.9038659492932312  0.2860438013957038  
2.362764152565076  3.7442724572130293  3.817491515985378  0.9437944370571891  2.5697873824551003  2.7691042954683476  
1.545926647947533  3.4185072352414636  0.29750623685998906  1.5364375601525153E-7  5.197680972394688  0.7941031073178185  
3.742328838132725  3.59915869548445  2.575632560212662  0.33921705132246077  1.9479708860232416  0.1437923805881237  
2.072117799850901  4.68734272872099  3.8816392533477275  2.1906654699562167  0.12567301438049303  2.844375871836757E-17  
0.8556212863289266  2.1890638277784773  1.665053307333664  1.9032002103998025  1.6722792114616263  2.0728312438667906  
5.728316559832654  2.79684663346305  2.7891767842099373  2.870221774517216  1.51921936370736E-12  5.630339069063942  
3.425211570409874E-46  2.993148058663136  2.878078657016546  6.597806220676594  4.5914292906029335  2.4063504819638397  
0.22975412560522956  1.7088244185797556  1.7818583325320234  5.357994872347982  4.844559720132778  4.973148516741835  
1.7603844986000023  0.1257285513561544  2.9250330839595486  0.861981390320773  1.3920270131041392  2.8693978337282715  
4.643386403092296  1.1161394206534392E-14  1.1410948682885405  4.740568518334924  0.9304508629138469  0.8503451452369339  
4.386871723655805  2.8402692200299805E-12  1.1965158614755724  5.116927980800813  0.8043616080733996  1.0976597876923386  
2.2788582539264484  3.756723228510511E-7  3.4312165078708317  2.6007015106391598  1.6807094852779567  1.146606359316462  
2.4679532844652714  1.2637985944073998E-17  5.085247448602165  3.4346614540355427  1.812724501648181  3.911500893270641E-10  
0.8495147807007539  1.4711439264769182  1.5552789474417272  1.9066232997595902  1.5420451847807606  2.0783211090997873  
2.121365824422266  0.8262814950126999  1.3088390147393898  2.894023932091953  0.34489291355438945  5.870357818551996  
2.0023872477132563  0.9317844808693165  1.3782730503921148  2.006436493490076  0.20128953760696094  6.213420771190442  
1.7384850937487393  0.013647205046198183  1.7247967464448493  3.0820483776504317  0.18514741234141058  6.1520742415152485  
0.3348896523846651  2.5676615941137855  0.8595676977760426  3.155592679982453  1.3446004928560993  0.8207177123583432  
9.423198646622662E-35  0.7416338600157849  2.857911861468971  6.038260663924379  2.330816466027852  1.9706012817939373  
2.618506682603946  2.8804071788131025  2.654426284638118  2.485591093260058  2.5859429892231462  2.4546438793137457  
4.2822040593349175  1.2062091485650426  5.8368928617190274E-33  3.6210640740886078  4.826795694652354  4.703252111143938  
0.9354027465268676  3.346824058160841  0.06293974723126025  1.409891135804203  0.5285524464357502  4.1495038631297785  
5.072481118772441  1.7375640508362773  3.6666682035898357  2.1978113855481167  1.4815063589856352  2.9194931197277705  
3.491125788387862E-33  3.2554745514279317  1.115581795251235  4.918322850471527  4.798762681966634  3.8421888586624227  
5.87310460477986  6.242509250993592  0.2071640822422896  1.2406633264064595  2.4749343584297514  1.1075926448568805  
0.0023943439463008946  3.6313415830991835  1.3815569911844978  4.07741906944939  1.5552666098699006  0.9195125137532769  
9.45155363765753E-6  3.7168851396710556  1.1947628879877752  5.967453301248726  1.5548365038643315  0.703075065465299  
2.4936216180461663  0.033175188561428134  1.7401001203006445  3.494591667688429  5.271363846974581  5.791298199170594  
1.7290140297381804  0.7535691592302615  1.2503355857646008  2.183503444251407  1.3360410110806804  6.362090671436138  
2.918090113879357  4.958553467797661  3.2136598961193457  0.8699811692506926  6.648371182001034E-12  1.8455506731660087  
1.5321376206230342  3.974991254333744  0.4554129735116264  0.4952507540865088  5.0415354532548955  0.3186643921939372  
3.602093241221493E-26  3.849510049332513  4.146553340504939  1.8495173513921779  2.8595800710363837  2.5192086177936464E-14  
3.154935091493881  2.4914839897053414  2.0557265727910448  3.088373018160704  2.3809395379329703  2.587980808223469  
3.8807202292269882  4.631598235687764  2.4346639007537454  2.1728863992307708  3.563929084847731  3.2156633593363355  
2.314452853475678  2.842203597715638  2.0767468011451125  3.4851138660768615  1.7644705828698408  4.2016766510447034  
0.2843668104712899  2.7304300839713282  1.9150140651545031  2.9852441878775022  1.8559661672711625  1.9361985155535475  
1.6824323145173482E-19  1.5288020125659454  1.8440710963318008  6.201886924568536  1.9183615772341724  0.49006275417245776  
2.4202744129186214E-11  3.592821533481882  0.8839495620286216  4.176949265067772  1.5659451776227011  0.8999997393670078  
1.4288412650905689  4.812584101644449  0.8168868120779584  3.929293346908178  4.265261989429667E-10  0.8126864558064439  
5.3883273384566115  4.345806017879694  1.8568663061623967  2.1756783224395106  4.182031367531964  4.024528543761197  
2.0759377733603444  0.4523118089228564  5.346136603397704  1.1123757265213678  2.6867156864459596  0.8283554590898088  
2.5834533360191076  2.68554974612929  3.1563866875704165  2.62891463038735  2.634827920458006  2.4338266877343715  
2.272269422278405  2.9684798782946715  2.868165312321721  4.05917090990748  0.1763331867060864  0.7510239870496656  
4.749979398999875  4.376686374316203  2.1089608014384225  2.844480728854695  8.969068662669829E-146  0.2537297074337129  
0.001282860055563739  2.6557649872255618  5.513929985651279  2.5040013385121687  5.01400698071133  9.396797166230063E-33  
0.8157768762199789  6.999531273849179  1.5655596051292129  3.325712616429318  2.1517847495644453  9.71623998865559E-28  
1.330619923087792  1.0069604898615132  3.6368986517046773  2.7536541575669866  2.270475049407227  0.9102466726100685  
0.3843856904994465  1.0312061358633429  2.223957994236526  1.9580099150692236  5.145450720015589  0.5205550801667423  
0.6370729940592262  1.3408438520032722  1.9252071323625612  1.0279599263911623  1.171374988939236  1.051913123483246  
2.3452099619186484  2.736671861203623  3.6850810481207996  2.804423233614977  3.20811275062844  1.1199554160542595  
6.839760422743182  3.8236062463013143  3.8587697490436286  4.518320460822677E-17  2.044103103016505  2.3951731005736345  
4.911976132585313  4.0079041799016353E-16  4.133551407927423  3.775063967189533  4.2446415612590735  2.6397471604457654  
9.386802440780601E-17  3.3883359259476475  0.4863849110156733  6.477133509666122  5.064966177076319  1.309181089575151E-5  
0.13545887617179228  3.024981724928283  0.5788253325523977  4.976978217835059  5.258105674004465  1.7839336809925025E-13  
1.4610718642914975  3.3448077751566934  2.50010837015212  3.4365935486489447  2.1190321973572392  3.1061893611204403  
2.46464591882647  2.6347561524964287  3.4956731250156934  2.5658204982655404  9.213934226523822E-39  2.7681542791914295  
1.2002127156859415  0.9578444739555382  1.3284727746768334  1.2937845696499504  1.4120459676699104  0.7096073479756335  
1.3767846692074335  2.4083079828928082  2.526753590706998  1.182694686616868  1.6654191850630675  1.5840469547693277  
1.3404436346974715  1.9912646598489967  1.3603722511072538  1.0100437713090074  0.8862589300575422  1.7717084942615735  
5.1582412000686  7.814369808218613  3.3086520805399244  0.515314485731633  1.855291122336745  9.619643362026467E-4  
2.617492589058928  1.5370234266588716  2.7012675533117907  0.4855377109223456  4.95626815032258  2.734541825829883  
3.005650314915166  4.520209026284831  0.7847284596240476  0.9347317312807336  3.211943232986917  0.3155037000282868  
0.34026312931902686  3.97493870264235E-16  3.1144871216009324  0.9883949050534289  5.728945381432772  2.566834041534341  
1.3715775839360282  4.264788173875813  1.9993693777918242E-13  0.07637398521036742  3.461142893850256  3.3257440708162633  
0.7553693747355006  1.2773737518145376  1.398400601694433  1.6578848678507256  3.964175822976339  2.7106367346301825  
5.018546058250016  5.174499945799086  1.8923059104781017  3.5836064118713176  5.603770060917345E-4  3.2121332788087007  
2.243109797417173  6.636337932913393  1.9658374384399204  4.71953806571988E-8  1.7623370585469027  3.2738540451025337  
0.9710129989195252  1.981064534278798  1.6553862759814857  1.830634594106058  1.972396270705302  1.514364798749837  
0.9317998259459498  0.9876996934371162  1.532207510919369  0.9240397258871026  1.2021536276012807  1.0198148160107943  
9.158505505848477E-7  3.755527649058647  1.0714572603303714  4.022694781573963  1.5703387280234558  0.8677465078225368  
1.024652731865722E-4  4.077050615057004  1.9749283971821174  2.777371829788804  1.1298270256698524  4.035029790300914  
1.9329592805513072  0.5077262882723188  1.7491990354875686  1.4320133669364838  0.008848015118181637  6.453837213802018  
1.022762825874775  1.1334692519431582  1.3223869857695192  1.2726929817711574  1.0735492328830336  1.007038461020979  
3.7072050447869884  0.6568478617186763  3.0332915669388893  0.7614730343995121  6.09643511531228  0.10950154178751462  
3.9582459358976636  8.819464130164094E-5  0.9771803663102205  1.5876146738840606  5.621865767376632  1.589123060301082  
2.256622026285201  1.8840769654663074  1.3251770517617516  7.31856825132007E-5  3.986978157593509  1.7076495368581124  
3.3848533253716218  4.264642678606581E-7  1.489879561167357  1.195072735306156  6.454671344577769  0.8288418324024261  
2.590766568453523  1.5329657893591009  0.6256312777028495  7.766305623592958  0.36399435510548306  2.716452703993668  
5.618960559789459  4.931267192021523  0.32224295318655566  3.000840590916162  1.8337398877455247  0.7361720205755744  
5.491117054613222  2.2658480488569457  0.9868123264100538  4.340578091373227  4.865880049945633  4.053445923027659E-60  
1.0540344787431826E-9  6.046150578652361  4.95496472432907  0.43993853374430153  4.128911623121267  3.272361821736466  
1.5882592306536132  1.610073665511225  0.09663535169530436  0.6949284957361292  1.3281648828765475  4.563168969159217  
