5.178699872638291  2.4932675767074794  5.273394000296614  1.8160004295516634  0.5377077164067078  4.997282630335476  
3.374192049465013  2.3169829745280763  4.72659124540583  3.196335346531927  3.9453416091990476  3.2412458227061367  
2.394723120217069  1.559564871160839  6.377527616359427  0.6145849704299015  1.8946222571174463  4.102311705032577  
4.748014712968383  3.450392896475739  2.9015801337647416  3.134399600809956  3.555860239346292  3.595532122929875  
3.7470529087230062  2.209771258529591  3.695185247622411  3.209587858690501  3.3511147676647606  3.2143411549641763  
4.580105712133084  0.00704104533201721  5.468212664748888  3.576497192418791  2.93811604496001  3.1905319766326334  
2.7750913356694643E-6  5.931058445143002  2.404727693237017  3.9281662633780323  3.2024451252877615  1.9637924213468279  
4.009029095776102  3.042899477739365  6.248666434957052  3.399734262146698  3.2199156912556677  3.207591749163767  
2.5682713655298772  3.4314556146043094  5.863638583043075  2.9635155081409965  1.9063441143055107  2.953765587397408  
4.546139538343655  2.774630816445391  5.761161881917329  1.950724519104944  8.341551914930195E-4  3.84213067536683  
6.143782007834648  0.9166256127460494  5.343997027476109  1.986033054748647  1.914430321625936  1.81846904029984  
4.4564573511293455  4.577032196080056  4.61636693491064  1.3149391292648125  0.6138265762848103  1.6529444728512903  
5.024456910080595  2.162407352644498  3.94610536152978  4.27300448028578  1.4903060328670064  3.5061799500794772  
2.5289482579133273  2.4200722939719874  4.188377125676146  4.244568774605886  2.6113392414784364  5.044033019062642  
2.148073879701869  2.7849655790912244  4.321384440611349  4.179259606743657  5.358090955975466  0.005683831320418158  
3.4127301151846834  3.268419878018981  3.7028636177431222  5.2822454346372325  2.836373226765634  4.644330011422325  
5.327855269966324  2.7932741200199467  4.608408524559944  0.8049379381114672  3.9201498897851788  3.412650349873997  
5.240592318447862  2.043497834887205  4.766877106386231  4.545934017815166  2.720099820782313  2.6970898705040356  
2.07661717188643  4.779266670811788  2.973791834095493  3.039035697949848  2.5793756134309676  4.916497303325422  
2.4462435950027492  0.6781851620953467  5.855949634818468  2.6164678637743  4.704188750656772  1.260907575095756  
2.1321978023578088  4.641915311663216  5.291596449534858  3.0734121085921227  1.8249611141250741  2.2789997599171423  
4.340878498076043  3.9951827549701755  1.37373310776387E-25  4.531933588335251  2.9523739184657702  4.504607062235516  
6.715459665914599  0.09020171124861395  4.975064773470385  3.719616724547428  2.465014332112041  7.708296899339635E-5  
4.361082633012427  4.022867331594034  4.7741942924507565  2.894314199300966  2.8429163042140817  3.6108619913132727  
1.4272047818532505  3.3349725309194906  5.881226642495272  2.8419304154006118  3.2283080461598  3.3830321765115796  
4.253951551130522  1.5591108642539069  5.206166356611312  2.9117765789760264  1.7163252941387732  4.39859028288713  
5.184717918891965  2.779705403046545  5.069041389881301  2.0916061529538634  1.0356655608438764E-6  2.6020359487223828  
4.274157500356577  3.155411437361046  4.547402455118889  2.3968036044120575  1.9345944513299738  2.2714313836483915  
0.9042520742278038  5.812232829196019  2.603985072550649E-5  4.415652999574896  0.9326503019868968  3.305276556542099  
4.885650367934432  2.1320997735356295  3.5283064989894712  3.9657931631384766  2.1856125384389027  4.097465527200542  
0.020732557959208104  7.874295021240698  1.6245122272693227  1.130301993072021  1.5800357288873752  1.657885802484332  
4.305082926017925  1.2631549735073114E-6  1.7944606323687633  7.963698411048671E-10  3.4345554085848073  1.7566172709800323  
4.474830587817977  3.503856406548733  1.5069690215681069  2.1393951171598764  3.4250422146656296  4.231311877398384  
1.6584076358538278  3.4978195266036742  3.7201548190747737  2.7676118735911754  2.87588403028159  4.423053974875782  
1.7615491402763803  0.12677938599002442  6.998195796640291  1.6731451274737448  4.880454567870451  0.7525443250956143  
3.434798060899925  2.696009234915355  4.90038846404324  2.796195325201969  2.4364093356968173  3.7115955162198286  
3.5100698905916627  1.9352267982088638  5.978910714647985  2.276952876510444  3.041963635117676  5.7747183666971615  
4.0268506767529  1.9380958807929118  0.14619611375373506  3.12318268319432  2.9461954042583884  6.694932529514543  
0.8524478278520851  6.7376334663126975  4.869626752349644  6.481109493264226  2.9084445402844957E-6  0.01898998995557828  
6.290993189739775  2.099512216760676  1.8564634118939822  3.6063028693519867  3.8262806132834317  2.4186546449232836E-7  
2.3173647651311393  1.1980698156187484  5.1425611867002035  4.007219097702042  1.8133623016256415  6.084248850281224  
1.697966203099162  7.4895990016243355  2.1361761992383843  3.578880350203277  0.07809454848801171  1.925256547240529  
1.4861475456866762  2.3904637349629527  3.172778433944385  4.436536865264374  5.526570040863353  5.160588491548768E-5  
3.7270249059136575  3.8916305502092032  4.4769113207995135  5.316229914440229  1.0203587369707467  2.1082186546667128  
2.5228827116104386  5.5813002955780044  3.2954466694657594  5.080450351984648  4.365938904365488E-9  3.8581987178911152  
4.577141182392916  3.0939325800325563  1.2005428191558223  0.6708106090570626  4.318998713832792  4.64918942356429  
0.12163894645703294  0.35138039426002815  0.24285015237319135  4.2051045640638565  1.593986624845107  6.2901110997067455  
2.56992102167834  4.798192658867904  0.005732654068602813  3.5288293458235844  0.6298112856038071  1.4802692289623434  
1.5538949087932232  2.4804324381218232  4.698737460044987  2.0997930825781803  1.0705424381169573  5.496397981749451  
4.22206077558902  3.129525777543916  6.420622549205806  2.7363887250481618  2.1137604630373796  1.3187636926010082  
1.0118821219531176  3.4014930784332917  2.7443948353739844  2.538344287639927  4.9733171699466405  0.08983863534073501  
2.724533905554424  5.476145738471243  5.391453961280036  2.1694901882206152  1.518554810329394  1.6269959655342914  
1.995890923729229E-4  2.7927005945952583  4.081941531081073  3.8157773856648336  1.1851522643791332  4.4581283203803705  
3.2092371104354958  5.5820297885791215  1.3695490710992082  4.9112253754892885  1.3975917426503925  0.1891545943082889  
4.946147208851619  2.322983597924583  6.467694105953496  3.3919090034638315  1.160668433877604  0.9424528858040835  
5.243408122100222  2.5805562490308414  3.88215090773126  3.5158559273400427  1.393024968049968  4.163371003102963  
4.788888912406246  4.169198651594561  4.299994271738887  8.613569740619203E-5  0.00103033946974872  1.4916914708623694  
5.904784891621232  3.3601142492782605  9.258118750802067E-17  3.520690985946722  1.432594265737739  3.416968665064897  
3.692708422244212  2.9584161628992414  6.781012475960037  2.739465827667927  0.28752134155657416  2.9736790144707994  
2.0840183426678618E-7  6.051565595849635  3.26779433990137  0.3975134425592741  2.384827976069965  2.305531224563349  
0.19292408055521237  2.8824717558989374  3.5742952441038565  4.997050907645704  3.572685566490845  2.285925308658361  
0.01337067463413019  2.0346357334363847  1.257836030152508  3.4013061252943384  5.9078371296612335  1.213824014037038  
4.153843763341733  3.622209603246281  4.269183966413005  3.684205044508459E-8  0.9547822169058394  3.552186755606079  
4.303086595220752  6.558052560310083  3.306740583751468  1.7790228918312048  0.043671877268755724  0.9705834735599906  
4.501305991934801  3.3403297448759424  5.475738212218444  1.0397450808492745  5.782813402884418E-7  2.281877493685004  
3.7439448508564883  5.453333630754206  1.783259875725871  4.665854341835635  1.2691511043026822E-4  1.9309581343914894  
5.60816709031272  0.8412507183905947  5.574937648871766  5.329190280534944  0.5220806996903375  2.9744624199493646  
0.05587649718124628  5.686449573956409  2.590678682424124  2.4952158815107754  1.9398326018336658  1.820298234332018  
1.2146138831824536  2.761295875893219  1.425376990535888  0.7792711756102606  2.4328069842442672  0.9317300919292434  
4.117660690566282  2.1618578014691834  4.273714197098468  9.854574563510521E-7  3.411410746224149  0.8431908369310928  
3.786675482808178  3.1017963783418976  4.967855175470155  4.271344159894992  3.9287461969340374  2.057154328766143  
8.8435321044853E-6  1.6899198947329006  5.0403421022115715  2.5446441347178874  5.291239908685037  2.1245710607597954  
6.305633251279472  8.192236679984404E-13  6.075084095191919  1.8715701968963465  1.6514255936592617  1.532226445628212  
0.5992757285958801  2.05304784018165  5.313109741627582  2.0717009195656506  5.106203293549086  0.0015442683482779003  
3.6662065068277117  5.51536313413437  1.8943299089384187  3.2941428341150725  1.6736656976825058E-5  3.1636381764448456  
3.4289830051515725E-9  1.2646335402030344  6.252544264400748  2.220584782665402  6.182770027251072  1.9802421266380923  
1.1019251438140882E-29  2.2707909353036695  5.063148416038177  5.054803443329  3.574023194279883  2.2558348798174414E-4  
3.0330773663414883  1.365624056242976  5.167216399866273  6.167723419961985E-8  5.594887142881641  0.34362923277747526  
4.150498727316174  1.9958690086735782  4.4564933140114364  4.961848331535779  4.776850657974357  6.733956641578617E-9  
3.574946238707962  3.770256621686989  1.5400415887609546  1.7638363738727347  5.43235570080349  7.103766523833711  
4.084897558171801  1.6862332051219109  6.730049414807587  2.1568963221330955  2.0646216285745016  1.0529944392450032  
4.349125682438061  9.566649329051898E-5  4.668702050387475  0.5566795329471644  3.5267832458706696  0.8361150454067949  
4.296358337164304  3.705941757966074  3.2796559938169807  4.935713425276437  1.017179731807893  0.3970832295658777  
0.007831124780165174  7.909638602844755  2.8405574787342607  4.4895040984979  0.005250784161537455  2.58503406082842  
3.9291466694643296  1.2327312897630022E-11  6.411549057216782  0.9520552130167985  3.728743214966368  1.0764052398044486  
4.72039040330685  5.574638823540877  3.926192222698004  2.1255758302457552  0.8569716684531206  0.0054423331200185296  
3.595845209792143  0.1969296471524415  1.9428154169192782  2.8629763809844695  4.038654579854937  4.585341841486524  
5.149174231189778  6.861280073649749  1.2708765260706012  1.2868194889191054  3.2114374408373773E-9  0.6693270308598464  
1.8561728007891027  3.5625435158138794  2.3634835271778143  0.4197631805994319  2.640901691880825  1.1571467320834228  
0.0052448457093285635  1.8266447842731892  3.6333080937431954  3.038175170867042  6.333828564261178  3.30843459437429E-38  
4.412884473913408  3.3693862470966334  6.0213001525183065  2.678503081351508  1.9878510444791928  4.0741821947664585  
0.3671372551546601  7.574844348179916  3.5017786639882216  6.527288141566366  2.966085379786302E-6  0.8876185122510343  
2.797509014718562  4.466773073363492  5.445256896214553  0.5911918065836672  3.0040332833776064  0.9325784782020032  
2.3671256229520488  2.306887376765846  2.6477962979217056  2.3374868739625567  3.5892877549531264  0.7002899588920594  
6.248144438948992  0.9760160562001188  0.005722617040029245  6.600388957595076E-15  4.861770481991062  2.9164976684229837  
1.9220153601210777  3.6707702321616567  2.145233477971918  0.3825079346581241  1.6321948651349747  0.3204327054015267  
1.7225730644818231  4.9622192142151595  3.2042197439606355  3.9631066309739005  1.6229807014068076  0.3781212199066004  
4.227833494925865  2.316278452355138  1.8150329990707819  3.2810805489921444  3.6453128786610534  4.634126740221548  
1.071109313828202  3.694150005737943  0.6946737967952551  2.4369888066331162  3.3152370308997337  1.0184567280495878  
1.4178291342699787  2.086921711760192  6.1313560594481675  2.9548256519813973  1.5034206020347851  1.6257716338490318  
4.452366047815042  5.081187124939803  5.904055831354933  2.57549044184801  1.5741889233017132  0.0027834911668425176  
1.7655980329862189  1.6839357543911802  1.2001551082840916  2.78168631185049  2.4837665295691242  0.9207251880461294  
1.3340126394763905  0.8117951618019857  4.79363714161367  3.8146271411403077  3.2448425133212613  1.2941692875277072E-4  
3.1636487060525753E-6  0.8643027065141716  2.659274820584697  4.441401917222879  4.3149200885893295  2.004204645512902E-26  
4.094554312343001E-12  6.424267801708399  3.0389521847469423  3.4465680347741094  2.532510010045858  1.4145746829428054  
2.5039115976689597  1.638847748299365  0.06972458940350508  4.884809906402143  3.26174220912583  3.705851825964338  
0.049089803342741246  3.8660630632963824  0.9149031199015514  0.9843526828965697  2.5231907253774865E-7  4.068080509600211  
1.9593129323835563  3.023364567991134  0.6267666833952737  1.6425949200565517  3.8058545929843866  0.88400822092214  
2.0491966961151973  5.831196506342534  7.186128757779028E-13  1.776911776848045  3.791769469502768  2.8513041328992856  
6.1224672466171235  2.8332613875970743E-5  6.538956266310355  1.7706128290733856  1.9844253212183973  2.263751385171311  
3.98495117788803  2.661239771552078  7.769115444468844  6.787017694889454E-15  1.1165420752174645E-9  3.1624024763995267  
4.934368981451471  2.8088346103854596  1.7218657912745752  1.140508700690803  1.2514351316082444  5.391042114612855  
2.021358738747457  2.926135541029047  1.73960386793981  1.3562835687134578  2.9289081692603247  1.1765523852811892  
5.373746090043435  0.13959560522932551  4.280411418407175  1.7291194949748772  2.3069636126372433  0.7678784566089975  
0.3599256514470603  0.43547669226334607  3.8829276041369836  5.128722578393327  0.013824205936513302  5.103192710797203  
3.353020082692546  2.1869104849333953  1.7560611939593969  8.278513228082627E-10  2.2149690597045154E-28  6.266121243828324  
5.511197627261672  2.8714504362239937  7.53282919297929E-13  2.673459112020726  5.667771147451619  2.12120667747969  
4.271989203580649  3.0608401226957684  6.455890918585344  2.41000870589172  0.2257159125273486  1.04166625843936  
0.02802705696430458  2.5020529491321235  1.7651981225274374  2.493898650825133  5.199988533156449  0.33446541895277965  
3.7393777456355477  4.344601452914776  1.4451976072254806  3.84985980277152  1.1348298231683671  1.060887756716981  
1.736037451199146  1.2056271068832236  2.4665762065565264  1.0338574093737893  2.519125295667538  4.558378238734188  
1.6482676877889777  2.0902621765743588  1.950741592894034  2.2782297592512224  2.3074349251724127  2.157605350065644  
2.2735013881400916  5.388244892720486  8.975892569558691E-7  3.5652923572741986  3.403419348464598  1.2993133863753157  
4.585050452176223  2.448787826158294  7.146639423492342  5.905482581662048E-10  1.6489886232683826E-8  4.323889678144341  
5.07753521955142  4.651128560597129  3.2053969019268997  0.05819987791945052  6.225310424818025E-5  0.7399643816389105  
1.5310115880252697  6.564171588263766  1.7131116735668719  0.6877589861960854  0.10277850517166981  3.538735423201421  
5.182271365873054  2.244592915423104  3.5019136127260717  1.9060816756025563  2.5038971038143125  2.0779611103589004  
1.947546923764157  2.9513751795237106  2.364250730335129  0.7497354448624474  2.770577141671123  0.7694125234823025  
4.356688784649934  2.9759057304282286  2.675818104734544  3.0051729676587065  0.6495737356990816  2.4888468459279123  
1.2777763189740787  5.756992246537547  1.8800296302895503  1.3607300466799808  4.708796365123796  1.228656205014733  
1.901495036310258  1.3737214418601478  6.167068335120909  3.6177886874572738  0.7376328092139566  3.559129815197879  
2.4261351404581593  4.424440179825467  3.7071567473027414  0.9389910092659237  2.385928226321521  0.982218630548616  
2.151107213074609  4.109860155613662  2.9458561370493173  2.9589090459984986  1.3235831867599737  0.5496001489095117  
2.5033123963903665  1.0023416977005288  1.9719299975872946  2.519328905691804  3.064329504443742  0.6190209195463194  
0.6317538446778963  3.8459721469671764  1.2433207150951757  1.7594132914792349  3.7900665982600548  1.7252155648739347  
0.8512197109679216  2.6844174002292935  1.3435098854705212  1.5512206365490966  2.7978670465796824  0.9834703405053854  
3.3236924148137708  2.8637186123673746  2.6500983144824  1.9531061881675567  2.922418733436844  1.626843346020801  
2.645605736137771  5.3412868624860135  3.1190880079345873  3.928779404236127  3.1833504133171604  2.8117250288738154  
7.274513856517006  2.0194208577915798  1.5586674284214017  2.810934363833995  1.7717967281725135  2.8466188616824997E-5  
3.755284076746278  1.2825548359088323  1.6722170889404158  1.306144605051261  3.319566044526987  0.6751758316551814  
0.9464017814661612  0.5732715563179913  5.745111950291415  2.487919931474821  2.968637466208323  1.1015279110933256  
0.5439442492804533  4.565751157409488  3.309014365804679  0.49059128889836195  1.326459703263319  0.5103603698011794  
0.35466814426641713  2.674432851016071  2.457979231270768  4.254017786752594  2.8499407083447963  0.18485768904832095  
5.293014953219132  2.4356023885446123  1.6099895231602046  1.9915990004907678  1.1785760979970576  1.4342114144528137  
0.6403358022866986  2.027579557065012  2.3058750388708016  2.7740939645413483  3.578641563605441E-11  4.334653586748384  
0.4626689327351766  1.8110861518793133  7.715297146600585  1.0335859231605804  3.3458430320204045  8.142554665028667E-5  
3.8900026524960922  0.49782259475827045  7.515144990302973  3.1725257925618795  2.7468732257345865  0.762760762340865  
0.0023955068347481486  2.9385090264361904  0.040538063927332516  1.0376358149986082  6.3862076694216805  0.8279200991462666  
2.3058183975796016  2.164778336180391  5.3070591423003215  1.3360911793984438E-9  0.6173904134455481  0.579224614660628  
1.875927186705592E-4  6.80040946250938  2.454944749537784  6.889983375542831  2.7926386315880727  1.2667710615101075  
2.0709691342697996  1.5014880300910638  0.34479085525498476  3.9434115928003486  5.263325396403663  1.3492038047300536E-17  
3.428547828568675  4.781489191052654  2.2169836893786123  4.932353550385757  3.060873375638597  3.274148442717116  
1.484709888812139  2.6179984878216045  0.06781421657284835  2.5831419860786236  4.460544862324825  1.283029399886373  
5.7384054347470235E-18  0.924198630626346  7.099263213086358  2.2097842131020995  2.3178309663816847  0.025342455530324322  
1.9504387189893543E-11  1.3351331954734105E-7  6.501959457682556  2.2600537280360378  1.8825623568157028  1.2018476439869898  
4.6810819470006  9.564092301026823E-4  6.413883955568347  4.3520705627609795  1.5628458915137582  8.465292714531004E-7  
1.5330391733187125  2.2202506759708904  2.1120347188689452  2.208368990313236  2.59617668023404  0.7457797348046621  
4.144155776837556  4.334215156537154  1.3044951584103917  5.080578032760409  3.492040621008093  1.6838749226111285  
1.0677334833374723  6.256971584980181  1.2069614654141203  5.086082809354832  2.26803211327463  2.956886398833729  
9.350670422096686E-17  5.411481352751886  4.390678175908378  2.1828285983470574  2.8279558888436753  2.561076555696419  
2.9472788079758754  0.21890754713519292  5.055087071860459  0.0426869874417373  7.174806022489138  1.1019005878509194  
3.690933703860939  6.705428668211874  2.385826512619421  2.418722386573331  2.9251635956548343  1.2751567972290807E-15  
2.425589627143252  1.4588351746995352  1.431975475318838  1.72555798197896  3.5545453672660767  0.7593058291713856  
0.355099565461347  5.952556788634579  0.9734551705991112  2.958058940477842  2.8537004323167183  3.128999049845372  
3.0656163757337316  2.345304173197596  2.6779365645914965  4.965005691461276  3.9854372344130113  0.056660668006461225  
3.34563939925639  3.1459390716621183  5.317303983547203  1.7914006079858547  2.553136436886005  1.544511327207305  
1.2911927807342645  2.1773109608414574  2.1817628533179727  0.6405692536388422  0.8024646672258533  1.4913807775823547  
2.715549031845652  3.8608690200342584  3.337438427218859  2.622398911518714  3.8484023044764615  1.5924522983885734  
1.6548565518642833  5.261018337714131  1.8608046686121313  2.9848862090395945  4.123120169047856  1.0094227977507925E-6  
2.6651839011835916  1.7019837510673181  1.711747425430799  2.61338879526184  3.893118833702125  0.554011876760161  
2.115301416742958  4.348982554716568  1.7319739028635381  3.401361644274831  0.6822747779266065  1.6283585818375323  
0.9041034380633308  0.8162184396476072  6.291096824249104  3.3172179476026873  4.516890650606693  1.0498066336766843E-4  
1.538553473351064  1.015775991242942  4.311112009036276  7.524923222391066  0.8954471503059267  1.4964278722203663  
1.4975480786097872  2.0728025389614353  1.4640409468295925  0.6308287142630566  3.2666498355373084  1.5266567264182387  
1.0275075183169022  2.6607978473225904  0.9023290756112943  1.8929436687771333  1.9533509594232914  1.1675357508923987  
0.012353161602054989  6.797381154421258  1.4512004896051638  7.281412951267959  1.8488951760414182E-17  3.367585161788207  
2.6235487935515827  4.185950666986644  1.4076882521184573  1.8715312454053201  4.405836723097753  1.2535095624790078  
4.50783831054514  4.866651363476793  6.51885781309349  0.09034368050560876  0.9698485216990047  0.4554052086938997  
1.1378237995336626  1.8699878916986863  2.8282318410504663  1.3912115921574957  2.5105704650433536  0.9710548652508292  
2.104656601878461  2.079764858075468  2.4437429045130195  1.187825517424451  2.911917351706564  1.2167063816107977  
2.1898825203937236  2.57760250511787  1.931085265886955  1.0793835391149804  1.761203222660218  1.067710694697599  
2.6882802473080893  3.1633254476139907  1.6638207310508148  0.16307664113512435  3.3802319573684643  1.2356165074866226  
1.3808676488499296  5.157031110643432  1.5008463501463236  2.6000247218953207  1.764487838687317  3.033765175389647  
1.6573460448521249  1.750641657636881  2.5804949634330314  3.725855474415269  0.6157218048459324  4.023456394337598  
0.08378055481998997  3.3319511488624767  3.615362903103226  1.565780462405565  1.738440428568542  2.2656788341723373  
1.6028698331819347  2.2014067843216596  0.6042814724415652  1.027150281040989  1.9225966501914402  1.2476245047825247  
1.3176977021107523  1.5536884283994796  2.8078251210080807  2.700067537783637  4.98717873846033  6.121929963748529  
2.0582934348323247  1.986425527447276  0.7750210060572155  2.4427478163401517  2.9252199464003357  1.234430986190455  
1.0833101736927397  1.4873963154152305  1.180096142565597  1.195467273138492  2.304654022331755  1.1130987741470117  
2.405016429440107  1.4124851940573981  1.3189712911037759  2.641183858939453  2.279472127332283  0.9152270755894982  
1.988206164654704  3.6981159334024647  3.7100818834660383  1.9637057982291861  2.0080180585741796  0.2195834710430295  
1.6549380228352233  2.360966019224873  1.1690503307300977  2.2106255488633604  3.316610601472871  0.8624857530035724  
0.860229768739748  3.404777435103803  1.0902131971319378  1.6822542425184233  2.2598490653758807  1.3714275994791028  
4.099581613189612  4.911128481335363  5.778143480898187  4.131034872916416  2.5462540319186866  3.606397615956083E-4  
1.9228648414130862  3.4637248683885478  2.226481277097264  1.5237242298105698  3.8085147433857935  0.6585309677857989  
0.7348957069082176  3.395147281180135  1.9773200398303021  0.8863611842009189  2.9105786544379053  1.056085453362753  
1.852511105597013  4.115074427253431  3.840618048139619  1.6143016773031904  1.3083499253940787  1.0402026266923874  
2.397970744383284  4.22922677996593  0.9766690975121635  2.3298990554363637  2.8662766334460197  0.32118621568716454  
1.6633644413923333E-12  6.388852147145365  4.580499592358441  3.472948365094091  4.850401711401388E-15  1.3428881413334752  
7.035501923074689E-5  5.542301632862722  5.133733982139023  3.7919960781284945  2.095932012001808  0.7166866580378576  
3.057193071418619  5.787107928902425E-16  2.3892023891933414E-12  3.337584556996728  5.3619838084297005  4.360911757998499  
1.8033550720048357  3.80535432814192  3.5180547752519695  2.0528624324746385  4.427112094921194  0.3663916076484788  
0.8991551177601551  2.598131866632922  1.0481616326941074  1.2063589514759787  3.9434926354695685  1.3467493310804808  
1.8628395504854363  2.7415417460627887  1.3469554958115557  0.7077950806330308  2.5164661003088935  1.0926349962466124  
1.7280300423795278  1.4095819519573667  1.3890781045498466  2.5945469697183796  2.7112990670666943  0.8634925234795654  
2.2411551113056207  2.4921199527664535  3.1722181408285324  1.3417500959709416  0.9788169248801795  0.9871877114944172  
0.7065257788327644  1.6609971097573895  2.0413573981962627  2.060924905562371  3.021714304456076  1.1918545949585704  
2.3316652851466957  3.1622542946633634  1.786082503685375  2.6295968711483715  3.9999626495074754  0.9366790937060031  
1.2221863002244688  2.3440040594891873  0.6430682772863944  0.7071126218240166  1.9196518137495289  1.3168509544679696  
1.993661378229641  1.8693537886167777  1.5347311552196818  1.8244615029991926  2.842741456463085  0.8691062175913902  
1.624759084533865  1.9023669724585694  0.08721215700384595  4.990247326410889  1.1178564694612414  2.9809617640086334  
2.840215009776829  5.9538232801552375  0.8860968427066863  3.2708760248656232  3.0564037550030085  0.002329876152314075  
2.312177320398289  5.3972411826725075  3.4739274664716455  2.516454353710578  3.059482066559856  2.4553290017459237  
1.2627186271913333  6.4635581150358705  1.2191751226082554  3.6493065564950498  3.822000684807275  0.4537204277436778  
2.1817040512201533  4.655387981897753  0.9060887887092607  2.8104853494918203  3.1537077729670657  3.008046787314373  
4.7866743251940775  2.2813131468442847  7.237798207275357  1.2529731806849598  3.1888692679470044E-4  2.5427516220837677E-14  
3.7188158767057793  3.66722454255641  6.114050979777792  1.0115314727075527E-20  2.5267961350484467  1.7077239557902824  
3.398314512458582  6.200976929634821  4.88031351966268  2.010235233203647E-9  1.0680805614578204  3.033828932496643  
4.173545221463187  6.736847748957775E-26  3.951308536947763E-5  0.6127620617310696  2.248037973804296  7.694153824467618  
1.6206272685388257  4.331508995967854  1.8129317096234256  2.97089063730697  3.024647847791911  0.6568116367985272  
4.702912118207401  0.8726643595100347  5.076959608726688  0.47315038977326784  0.8983004231879519  1.379401800956238  
0.19239669390013936  3.060492137020227  2.916733192222666  0.7195435241697048  3.1948019395586043  0.7267927615844919  
0.5669498227558302  3.0380130957933242  2.0587896061529434  0.8834770006183988  1.1237742147324838  1.1205190724575786  
1.171316615926612  1.7979905684292272  2.4274367656490483  1.6289016888768328  2.2432404359673583  0.7573776456289824  
4.596160299776599  2.766653720432384  4.335045575091655  1.3443198904098161  0.629798387179134  2.6086947023746054  
1.1226629776391146  1.9849215421820205  1.0350035664603758  2.448727364495803  2.1580839085860615  1.1674064506083526  
0.9953197887626746  4.558153246282533  3.318190452461023  1.167825437364451  2.8072144984941994  1.7493818063413826  
4.405229318241194  6.994518394056044  6.118008281682695E-21  3.3087425579255765  2.861726308213398E-10  0.5004297525708248  
1.8624356814551055  0.12970304576495906  1.9073969607882282  1.3305155373860085  5.382307203877082  2.0386926590203927  
4.60063160858531  4.327948235921885  5.491492403048035  3.277930867917979  9.209473701027945E-4  0.7139833586781019  
0.4319860240021259  3.4576079955296466  4.3534962623749545  0.8999040656133027  5.078684402196564  0.4066189697943042  
1.492570342819283  3.39043098561187  3.5666334855279596  4.0302425814986975  3.7086850958011977  2.1440532589458922E-16  
1.1330042303035504  2.142685344424703  4.229589809535907  1.8202151442369383  0.9057437635820742  3.9115169105493917  
1.9307741145938229  2.729507106926615  2.2030722941106715  2.341960289073706  2.409395803748462  0.583222097962172  
0.7281388321208233  2.86042113592354  2.337841143857627  3.2709274549123966  2.0372956536927194  1.1662154851137712  
2.0081137725139095  2.2261456243479834  1.5845845824933775  3.479199493660236  1.0835650176071059  1.2218455013340532  
2.0753374791177612  3.675554779767457  5.427966628709511E-6  4.025170643810323  5.023235947121099  0.09770877721895814  
1.0544350416554604  4.914764735247134  4.206358187739291  1.220678692336616  1.4267985302818884  3.0924272261408006  
3.8464756260103106  5.577209606327728  1.3777369400999518E-7  2.416301223841945  0.09089082628782552  1.601833806117104  
5.078245810572337  4.307675857141222  2.809083279942356  1.0368109626738247  0.5779244196338553  0.30895932696571704  
2.452624028498875  4.485146471560281  2.20336218541968  2.901487215213335  3.298620695005837  0.8129486154307766  
1.8371725655060576  3.6578611501438965  0.4899146531456805  3.033276041160711  2.6773462793122005  1.0966812012730651  
1.8342965233843578  2.916702287448865  0.5945491779612325  2.6561683429428866  2.281259949596289  1.1088660478152486  
0.3761274740957421  5.509787794625789  0.7732480808186883  1.3194584159755562  0.8225279377552153  4.723273539655451  
5.717357557870664  1.1059025883301958  4.887963697695187  0.16661586222839958  0.0028854929014044866  2.9870698961849445  
8.285255713708111E-9  1.8273964948978554  0.6795815624857743  4.17901493317715  3.9127833339340015E-12  5.708134982146848  
1.5142789414755062  4.187929364201969  3.2121047658505635  2.0419592025579463  3.1234446200700723  0.9509156878285252  
5.102501633673128  4.089101277919337  1.7994005722145232  1.9423247661725727  0.4225276764324383  3.0361503488723343  
2.6923218330155003  3.0287811438746184  3.224674690047706  2.8658398961443985  2.848219748490778  0.5458403483411003  
2.084885211994121  5.326517671173234  2.363891830048437  2.7713904709285218  1.5443446542164179  1.1804341307934103  
0.929561402195541  5.599091761924026  3.5495689143108606  2.7974833811699544  0.04853555984948457  0.6539479390274963  
4.195427246950099  2.206049949690056  6.552638343409115  2.8372236597538802  1.478810567347013  0.23709756871421003  
1.1007534399664927  2.196052566138373  2.355816541161325  2.1328973476827735  3.315692013533337  0.4273673716538964  
0.6792604926485583  2.3435816575898456  2.356753685026101  1.4603075678956174  1.418603649783914  0.9662166717761647  
0.992102081410063  7.307617542587929  2.1318819724731286  1.6525227723942026  0.6474222994869313  1.9806475907972587  
1.7626698938438519  1.9628638873877537  1.6619398219343864  1.386819515211394  2.6698772155738943  1.5462806716159119  
7.11042867349902E-5  1.9139402909855379  4.257866443185377  1.582971922067878  3.121057365196488  0.2903191337960741  
0.9083531783508195  2.992529219211576  1.358703161555726  2.7281636599041805  1.795320541110027  0.9931337498560096  
1.1513813201736534  2.5833074711704898  2.182854337741794  2.0613542801784304  2.429627577218212  1.1593414239200188  
2.1836160774065116  3.3569812752934776  2.7736049778727017  1.3378428858132232  1.0131781046645196  0.8205082710963464  
0.7030471748616488  1.3501903466294243  1.7803085513421726  0.8940915027768342  1.316741586312257  1.2631913953500942  
0.881571979700685  1.7179499907349869  1.3762060351040755  2.037700505803412  3.458176400128497  0.8088580558161634  
4.419086895850001  4.671991643616981E-6  2.3661804106835542  0.08966901703115845  3.5375743654163583  1.7400452765062187  
0.018750986750903656  6.508192438247679  4.900596211353914  4.444637946114313  1.7152650086831829  1.281755892732704  
5.362607371735862  2.031317796433645  4.104477200885079  3.39576538355467  8.249314935780468E-9  9.554978159490124E-5  
3.02671897774352  3.1254722136698523  2.9842878780393027  1.6032891988838853  3.7547354932018604  1.406833278563004  
1.9244679590931206  3.679085668797336  2.7816029011533128  3.200325056621191  1.7836350367876792  0.5902677019164452  
3.252397977819153  0.9181436871279065  3.1507691821931783  3.3094472771845584  5.330010565565024  1.3011581900330534E-4  
1.5116623792713135  5.482343457535391  4.984633863096164  2.33519152469301  3.110546751725283  1.7550218710382612  
1.5985782453287565  4.67836255899552  3.427274468880804  2.228626449497409  3.1206362246016837  1.705398168006473  
1.8572888633926121  3.4445751436254235  4.060728307444071  0.40268999558328056  2.747519638080416  0.07937045919624303  
0.15064640954766195  2.6323028520117244  3.3612900347041412  3.878458643716495  1.4444754703022757  0.1645145828846092  
2.270745608241463  3.033613199618528  3.359786023872605  2.0956287038172077  2.0391821865314457  1.0884292620420637  
4.687545995869979  3.1602056878543885  2.502257313247016  3.4065854707808234  0.027254734681385194  0.878266370646314  
0.7479354056350065  0.4058999048892261  1.1573206779205227  2.0601136677228595  0.2165938968487723  3.5925812859823667  
2.301740011390247  3.55729652363426  1.8974668921515663  2.442398765546797  4.871599663932115  2.6106069802422844  
1.5534398905562754  2.3434527088455783  5.642724209294007  2.4998920063546923  5.305044422821155  1.4961630493133473  
1.6507058204089426  3.569957543822318  2.5891396114881355  4.180003200481147  4.567011807868337  0.3784394253966619  
2.551787880660749  2.5817972867572085  3.7411146391626002  0.029806565591738114  3.3716643164308437  1.8669176632302333  
0.44927157087816694  4.454906028886001  1.5666045467977392  1.0335481466609997  6.553748412100954  0.14613367260209992  
2.1907508728243106  1.761186234719071  5.7872356322203995  1.5244386856103742E-10  0.4260546154959199  0.8281255025728406  
1.7754829524922873  3.291945451388941  3.0860841508651737  1.1284655127446275  1.1991993102006189  0.7228901127150357  
2.0414038821787  2.132891047298623  3.385221240515794  2.026702150806175  2.7279386457858976  1.6344999283668133  
3.838617051515019E-5  7.428313942381043  2.4785177094317996  5.737288308710551  2.9886006502912275  1.4182492595131349  
4.223795731459898  0.42415288029217063  2.503757400739668  2.6029885776335333  7.068445581698246  0.059480559725397654  
2.426139520483222  4.7380939632395815  1.4874342739987438  2.936070953160242  0.738701476177161  4.0470574982244605  
1.5056614346129227  3.677335155743365  2.0685692931112367  1.360701270792474  4.076048314434552  1.4765674763351933  
0.47545765941807155  2.496830900188811  2.709831601653366  3.7112424771909174  2.2764180740213846  0.630094261319073  
2.77084387444137  1.1457540567890354  5.7758626186073325  2.6270557270113497  2.141694360430851  1.9838261046934588E-7  
7.597632519953456E-10  3.5972408135166574  1.3985108613153408E-10  1.0378228963332639  5.868249954546461  0.6915109684323547  
1.505991968328471E-9  0.988953966322504  5.7527527097828175  3.1180730431130157  3.4398707267397595  0.29945688666918185  
5.12815207439038  2.0077401800727077E-5  6.519135955197706  4.260964392309805  1.029746008194993  1.4000993833802438E-5  
0.7863551079947388  4.09590010722825  2.5698979565925177  1.6543672687468394  1.125302107851843  1.3024630958358523  
3.4645623846525186  5.596800893925775  4.355323231782499  2.7857354857497088  1.2775863760748463  2.392539882953309  
1.5781229952607136  5.148095168448929  1.0046890461306697  4.719166113031345  3.279291611612413E-4  3.0918224012182582  
2.8353916602865934  5.367469789228088  3.8962108466775023  4.784615223766975  0.05290856084763326  0.011016812149159573  
1.42492286377966  4.353928181377141  3.4076185492578976  1.4016190359805414  3.4504249732683565  0.004319585082826409  
6.703737434311242E-7  5.72015808312262  1.6977931903153696  2.1245305177545615  0.04386002579804219  4.51136222381006  
4.412154897183076  5.297389939885869  0.848801608040118  0.07287479797189453  3.0467725195256032  0.384958342474312  
5.224293192214468  3.8056701203916843  0.06619521732986242  3.71703499299297  3.225235401208797  0.27957124754729606  
1.5205524504906651  3.479708077324982  1.8688689637283415  2.0623701541351407  2.0412579857657884  0.742481006211052  
1.8473461086463634  2.21545113393593  1.6695365782643368  0.5662274528451056  1.7014927855682864  1.058956293640241  
2.4256002214962624  2.3319957994868337  1.1027332927641222  0.8191686405555911  3.5011685388691327  1.045242481394711  
1.2770816435528974E-4  3.670221645518059  2.471732315892272  2.0072421498969244  2.014962405824698  4.582342448120802  
1.5747794174937504  0.7405240222986011  1.2010070997609306  4.645745287422018  1.4319196135001977  3.8503579462013393  
0.6927260153188816  2.7157401755057142  1.6741428668836744  0.8359290669523932  1.0181814047417974  1.3226495813231351  
1.1080826896591107  3.2200649905024656  3.5793026963903847  3.9293117598151968  1.8530760729545919  0.8789168639098787  
5.907114227427279E-10  0.6901109728043273  4.430944844795676  3.5672608610040752  2.5839401852735033  5.923967679996399E-10  
1.8241236895798432  3.409529113378201  1.447477829516521  0.9684476927612914  3.717760945497173  0.7804672571624853  
3.5989269842140077  4.921933551077578  6.7493466636155475  2.104676320647536  0.18775694354332143  0.011883770128558131  
3.590037081205972  1.5173455207013486  3.2675675501361887  0.8603949994770447  3.394878211849743  1.9223604903299163  
2.6945489771947124  3.421294757308734  2.7522490203676244  3.2264475227926197  1.5073673334901687  1.157121001735515  
1.3307323065093568  1.292821168502694  0.9497969897799132  0.9466857983409274  3.4515698075758876  0.9916994627712195  
1.6466139654780245  3.9321906596407707  4.082398831252014  0.5294342954543669  2.173540546766001  0.49483660765166787  
1.2832795488989075  3.848831030195895  1.018935120669669E-15  3.5003052862324338  4.246954972639271  0.021751660459084412  
1.2182523523822524  1.6648022188003408  0.675032106212889  0.7423232058116118  2.2107660467489847  1.385133526099733  
1.4103143342780844  3.145113682082001  3.0459489956800523  1.3581529653579307  3.344224641015676  1.983597615598064  
1.7024513243258068  1.072235752721625  0.8324678905072945  2.26129843878039  2.1788961939946043  1.1701401002201315  
2.225949341175991  4.4560051166588845  2.2498013721538714  1.6794123710850688  4.328926138372215  1.6043203162797577  
2.778942489352091  2.560343904948032  2.597990985816287  1.9049391709281003  3.721664697742978  1.332933638807541  
1.568935764772339  1.5857367227207706  0.07241171110292076  3.5539825747043103  0.9268716304524437  1.411659000219228  
1.9297146687641802  4.082268824034855  2.9039293742645627  2.361745421539827  3.340981026334428  1.1577740614596692  
1.4206555583851481  1.6021117682310269  0.0371729563486264  1.514711159256596  7.727263226223334  0.9167333188530863  
0.301175605733769  1.5530523600979167  5.174752926522469  4.006267201588171  2.865171815836075  1.0742706316464087E-8  
0.011097426806669055  0.01627562603620367  5.5647505132167705  3.250320559485005  0.25884785765710827  2.2636314084575924  
0.7579692109054443  1.8176162397137547  2.4488189360725925  1.6364780028415418  1.2216959770130065  1.0831961860757655  
5.800431044113485  1.5163248188592526  3.4614339058763184  3.861762978062896  0.4469669714295683  4.441674704276714  
2.2650245953897974  2.4004047407771583  3.15202883229064  4.361266834462065  3.456009838532698  5.458578908459548  
5.587598664619827  3.643069893442414E-20  3.930059328560306  3.0800051563360067  2.0529772114770513  7.777794912911897  
1.2209833394246694  4.382640445432015  4.813654606684262  1.4202566115289013  2.142974820848437  1.2489123999813505  
2.8458678905614816  5.93279223006246  2.9224907297388976  0.9696098623112531  2.364356519658469  2.670376380705606  
5.944044317362342  1.5190757520214921  5.879812692371233  1.5466553298938766E-4  0.2127547550187545  5.052434601655037  
1.4744705067402113  4.094336883051367  2.24631226860034  1.0408013289129017  7.252580374507005  4.140157132469902  
1.506286842106704  4.537751369348939  1.304518334440571  4.921405985335567  2.9915749032420114  2.435168422646369  
4.38353233743956  1.69940619311884  4.861568958495392  5.9065360594644494E-5  1.0281613095165925  8.759712630043976  
1.1689250758939862  0.6478864885634539  4.095010092449294  8.939736302577501E-8  5.3383943146771795  5.501987919141598  
2.166297602931823E-19  2.3409512771305394  2.9869412207541064  0.3293225399301302  7.98730591513372  5.399904687002953  
6.623508729613667  3.4138655487938587  0.8824327498400626  3.6906446293484043  2.437935654376536  2.553501632750486  
3.922524211457621  4.703102353550022  2.8082553148488403  5.320374253199929  0.0012947822335078495  1.309876899273205  
3.7406816483182137  4.920313522558824  3.5405302182370866  3.604200717227895  0.017076766518516376  3.8197278789620945  
2.148645447958282  2.543287447595703  4.734971363706324  2.5812438677002185  5.402520328521504  4.84204656794956  
2.818545718278535  6.083840439648038  1.7080810830929014  2.8934834929788544  8.490370521317222E-12  3.153475532247913  
2.019522926683701  6.497389851824184  0.6707912224684903  6.9523855712733775  9.833752321409859E-17  1.690421516552135  
4.1678541431067915  3.107717581301411  5.173458403814586  1.4099266618751671  0.8379054816908925  3.682072888968154  
3.4416925391771453  1.8664320887320234  2.93810061166699  0.5327388638129223  4.9510394014833565  4.45817098061351  
2.9698221026666007  2.213781096790658  2.9031549565673505  2.4055056627894476  2.513403030154287  4.383838724146077  
1.5539449702866512  3.1211853632855098  1.8040833650635049  3.280812882263965  3.7473657146517434  3.4516839379310733  
2.559693702142303  1.9243760446823912  1.7901529333125277  2.428350123115275  3.0843125645295077  4.498951165099779  
5.234027816234278  3.999787175372758  2.033538507783572  1.1926303667249767  3.1067792655964355  3.2827612246740565  
1.5342398003261293  1.861201488927337  4.191624750437369  0.14693601324594896  5.36731465771295  6.078146453483057  
4.171006488963019  1.8029849191514455  4.067765270366171  3.995565178419941  2.8622003733759764  6.364515288050225  
3.124634321188683  3.710013260382803  0.9375025740858557  3.618719236320994  2.2043500076580576  5.50057794670853  
2.225417724913314  4.449619111450853  6.148416665961821  8.400386275991842E-8  0.05346326767837808  4.033251309818389  
4.301744019869499  2.6805951315207066  1.9392875792078226  4.551258429790192  1.4292301031704189  6.447372564847437  
2.2916761160160974  2.406837818188515  1.8344579182675615  4.6978458075562655  3.3133746126674324  6.890301719286004  
3.818682398379608  2.766113326599889E-16  5.419180155423532  4.1080272766386825  1.7436007757870708  2.1053643357745897  
4.573057314048973  0.30453088887889296  5.997142169269258  1.655511858667664  4.0123154382678905  4.834225891143856  
2.3955094773162933  2.0078898950712984  3.016227283596622  1.5083488658507185  3.3845859913861  4.664175053902306  
4.675113856361289  4.912534112556729E-4  3.296913113579734  3.9359229384989325  2.378145825751197  6.294380630082891  
2.0767950826509587  1.604927378958204E-5  4.119978189277458  2.232894732919624  2.611186943890257  7.09750386079499  
2.525259516898886E-19  3.625214654173524  2.033383674967762  0.2530685941623673  6.42705905044468  6.418270682659695  
1.7597934724834619  5.650747992641212E-32  3.168808600746962  4.970498586453484  0.7366261928045961  7.494507170751049  
0.16632672343725743  2.780093337597109  4.842063479582146  0.10228545344242625  2.162461317280487  3.4212830348684253  
2.9540056242636696  1.831779195312613  2.335936464282564  2.0182000945089866  4.61225354674838  2.978757043749756  
4.138734837576622  4.677410516446852  3.1846479643677004  4.140983238774504  3.118860944159766  3.2062712768078345  
4.249988631062236  1.43039063155356  1.6781389783863316  4.709177672046641  3.5547934288812812  5.110038747015723  
3.4250776642950553  3.211101647759458  5.531314725166799E-7  3.720223894563809  4.992415268215513  2.6192765606143698  
3.9043331911986394  5.2732489344448865  0.04853431645992065  3.2166665419381557  3.7401798588517456  1.7356885457704538  
0.5035628612652114  4.358464581146065  5.749702605295708E-10  5.893211007466749  4.360134620330082  3.6411200104880175  
1.2121668149566964  4.070274643967199  2.3844115033065747  5.312923882381503  2.319157394473631  5.915378655889277  
1.2430252815717344  1.5570211107536036  2.1246674849419813  5.278931488481803  5.742823337263969  5.975930421701637  
3.626565199013646  4.3896831345159475  1.2266938443050315  3.5598602471309357  2.038013906487375  2.826191619897035  
3.4150644331812994  2.1946544206312315  2.234351543586314  2.5404502191871554  2.4743374740796313  4.0396738355028114  
2.162031860296524  3.2208277593512338  1.6695087172005578  3.1219764264652095  7.199254237610339E-5  6.525414726509272  
2.6357740802041474  2.484457557273854  2.337299564652325  3.512567150745103  4.028317929416869  6.3253785032408745  
2.891343079871022  1.1833434941876955  4.125872945086092  0.9824315638516528  2.5474950807215544  4.087765356873297  
3.9463763692092866  4.960782988010728  3.46291185718752  2.5783731120687903  2.468594296235331  4.734963416681178  
1.3880368343859646  1.465046093689098  5.216922153277448  0.20982213746873674  2.0851313858223293  3.404849167146921  
1.3157241726400244  5.125992359721559  3.794893070658412  6.750523948017832  1.5081149171599049  0.027778766607574175  
2.7671159963843492  1.730249397703852  2.8095777327185436  2.423443743672808  2.6663977237154874  4.507654332024618  
1.5408625556242475  2.0988776972233474  8.843700655701569E-8  0.4532652733186029  3.382107314658084  8.356242007155386  
6.127772119389738  0.6545435364993364  4.770054167140496  5.955539759635288E-6  7.422757314370737  8.402814301054294E-5  
3.9271390711111978  3.0463697495252733  2.702973053342101E-6  4.288600371726283  3.75573732142443  4.117142056588044  
3.1058338767904385  1.7280355402909966  2.4428927490198804  0.955200246111194  3.038898513692145  4.958402265544632  
3.075358488321404  6.725428554805348  1.0043494523374041  3.0598550292720335  4.60305081468246  0.6789278123578741  
6.016990728722287  0.42821263550251637  4.810163539368944  2.1058676741852187  5.95599231727302  2.340289447855791  
2.200662215676992  0.05380316728652964  1.2181304332416525  2.226235537506571  1.190016281630506  5.653947574790133  
2.759879122092221  2.687581375851186  2.254417813778455  2.4513599259033887  2.8399626916186724  2.672777241178836  
1.2247687992110898  6.096857329168046  3.899630998447874  2.07850926698551  2.5291097153292834  0.8994672665864927  
1.5551705126748312  4.751998683440536  2.520794742300714  2.2916867611367975  3.977057196804181  1.128089821806882  
1.7489139041831407  2.2125136612925926  2.6959007238089123  0.5760110396492566  3.4316277056027094  0.45262820623407257  
4.568224611001424  2.241577550396095  3.4555637753859654  0.5574979596999843  6.848646626355763  3.251027649571249  
5.591831627668493  4.803840023683281  2.1234065592662525  4.0110815827747  1.9855143233313721  2.2851312434800652  
3.6563911172276797  1.2780081159115655  4.267844580205601  2.6527524639137705  5.824157597132625  5.135851009081559  
1.4381882613243322  4.0581764371327065  0.6512296497881835  3.2307521665983283  3.7374079721508005  2.943293467940376  
0.7645302509511316  2.2054321986536474  3.692774639774252  0.0010501091582297984  4.287153149796586  7.6120272268286655  
1.9828618100595923  2.3605707769342117  2.3896905640191486  1.8750699591679256  3.957328084197063  1.5763687780123046  
0.970726486248644  4.875116300310714  3.418204245601057  6.511661901320155  3.24552389344187  1.8633765558310995  
3.1893319585186637  5.16386891420225  5.463326135299371  3.857621497427258E-4  0.04263832005825404  1.6920984748782029  
5.597710809032601  1.978505961579994  5.083425827375515  3.4138408538708567  3.8681212110504526  0.9605384870597955  
5.360348466103768  0.6488914609231872  1.9430156779583503  4.0058582111870855  1.8166773652241188  8.814408133969755  
1.1917971293375667  0.8479793309379786  1.1679849218647105  1.5662359674363204  2.5703789620791313  5.239749970024067  
4.749034681030967  3.9041406738497413  3.967515112620048E-6  3.4289085504579053  1.064477113813071  4.026467978309569  
5.040894183493133  5.2215513166720315  0.524211779267932  0.7883377027068372  3.0196213909538248  3.261177976665121  
0.9662241293777503  2.757374688635614  2.2790354493158427  3.3066941692364265  2.213736460196188  4.081405539627516  
5.527892537068928  1.3690541647776117E-6  0.616227332403151  2.705506702045571  5.677178819296844  4.446786570516433  
6.333387803003668  2.0883938646217133  0.005052268530267324  2.4192390143281366  4.219390888551671  2.7173648860433595  
1.9662466858866305  0.0014547247061104168  2.7351721993396327  0.4279194255346294  4.730078650279015  4.568045978701138  
2.1146021350116198  3.6338874849474334  2.7748245772319837  3.5509424128743343  2.0517117720338347  0.41094922869409334  
0.30948115570720136  3.6897834468332356  2.0705812506295604  1.7824598691541982  2.611823915163484  1.8606344793844698  
0.8791372596031787  0.6860116759130821  4.601331552564103  4.393806732143994  4.215124161444133  6.280275881918601  
2.659545380979463  3.1088111791764788  2.9019122218162807  2.370586691034426  2.116742701494296  2.3778550517380697  
1.8738877376196068  5.323473682588108  2.009481683207486  6.0575428950562715  2.7063610955525133  3.9704219012006687  
5.9878678115697355  3.7377146185752403  4.97353814503904  1.5088557893866985  1.1704988313755957  1.2578699574181689  
1.4703304199275835  6.140018384548976  1.5027895659465924  0.1608912010910723  2.739448632019763  2.236205788986285  
3.944594829707882  2.205871541578087  0.74231599644178  4.083789720281471E-17  1.5736328854006667  3.658860693855807  
1.39960174797195  2.65424913022731  0.6624281471124344  3.2582652269667673  1.5783351628180131  1.786532950468593  
1.6683909457485093  4.168478930393311  3.339553521717642  0.9831060158049699  1.8092251315016348  0.680708080542888  
4.475743746754467  0.005802613592163614  3.5342706500533136  5.3072313349882474E-8  5.466946427530855  3.666294562331236  
1.3708216208935116  3.1857007542914086  4.62709063328017  1.659802221630101  3.0837113940332737  3.7519644860038683  
4.287543395903939  0.6627010848058528  4.098447723930993  0.42903194967584635  2.7433565587791504  2.292286107181298  
4.686111579246779  2.0924692542476735  4.433624799203184  4.1544083603529876  5.2009894707742355  5.382150283561389  
3.7773647490185747  2.6409194744853606  3.27438022538482E-4  0.06948448209144706  2.4441017401536778  2.984082976821484  
3.1951967331312816  0.030902840851206658  0.7996075026558943  2.141936363919695  6.579859862897924  1.5484542473884935  
1.1847008505517753  3.2646315461058575  2.5241471432494906  2.5910209093823546  4.8609962913205  0.009960438913509137  
3.4366439119176504  1.7647392232656056  2.0190469897408145  2.624701563295048  2.9797960350933814  4.219049486044688  
2.1773030440018624  3.76854975005696  5.462570505899501E-16  0.21785128194914347  4.388459119632088  6.508134986213192  
3.4443224160646153  9.209308284495418E-6  3.375596990614494  0.5256114845038651  5.034455932700903  1.438094874773621  
1.1968397564827917  5.298607438004513  0.03147029738879972  3.4605052420335065  1.1072542008346429  3.4513519455751274  
0.5519612935980664  2.7802676309179075  0.116073473128204  2.8326866774021147  3.77239762072209  4.7971260289155095  
3.506231689706688  0.041686051369918535  4.817271006425201  2.5194864989157884  2.658649361712036  6.475136804810337  
4.513095614890033  1.675178405754168  7.24663602408874E-6  4.579635409691569  2.1462171359655877  7.147718769629034  
4.879615243479214  6.182493521611656E-11  3.8386623534187723  1.2126466426752907E-8  0.01524763552815738  6.363964799342433  
4.655473753352216  7.321511839926069  0.22645604327597116  0.5504994408110508  0.45750093196716757  0.8824360558300521  
1.5257694771451973  3.857938583766571  1.5707180106498742  1.7804410896614835  0.8134065528233942  1.3968590618935288  
2.9471821727503684  1.3482253768210383E-14  1.2968159481710035E-14  4.984683152765669  3.704499944606159  2.950641971931654  
0.13265143049772288  2.6981130025323396E-4  3.7912014179297255  1.7185171327012594  3.1714968636600713  2.5101771614612787  
3.9420384771034294  0.6616965121276409  2.977137323378168  2.715047467285552  4.847245406358918  6.455901452157877  
2.659480291587501  2.11134172270364  2.875051191718227  2.3789685468756625  2.8940099632603644  4.366728588483347  
2.5530060349686043  3.8537575275119416  3.0101608459744287  2.702321292483877  2.3518963385434053  0.8898062724482584  
3.910621289671659  3.0588425797452943  1.0827745992376563  2.890297737447337  3.219430654160212  6.345079120235973  
4.605784378024393  0.9129557263584522  2.6537648326021928  3.491615245031236  2.679579690564128  5.631608596501571  
2.308261697234549  0.41709729685230873  1.4547096961925188  3.5986568675908406  5.846638830932181  2.5160346084239467  
1.517432558300148  2.393223174626213  0.040417582437887366  2.8739538025811693  3.904798545566675  4.150113198195854  
3.64207086384665  1.2402366261196227  2.1126642858412428  5.422322126072608E-20  3.088981361612959  4.342243896851397  
1.6967979826050645  7.383327525773279  3.2496016650800055  0.08323757273724966  1.3027629361952884  1.246596251414163  
4.721757694544433  3.5607004110879426  2.087666526735249  2.296638843068985  1.5313680117880033  2.498324165772062  
2.516490206712326  0.8941504214091627  3.1439556742483417  0.0019444508635704115  4.207663893913362  2.7292814389626665  
4.909195388053796  2.5565721381179096  3.9038090692312166  1.3296430799855092  3.494829413098552E-4  1.3992947161774787  
0.8946643011999711  2.1217029522332127  8.519628004971057E-16  1.7729275920766423  5.762605289414808  7.043933713286555  
3.712068478903114  6.410790297668896  0.5709793890367358  2.392067039459997  1.57206881400032  0.8890542704446593  
3.1293201144639244  1.6439788408801974  6.684878276838154  0.939637728841693  2.770357937304312  6.050453621740413  
0.38099055054863884  1.6048699859912507  4.612966721395853  1.6039607936785931  3.3254070419725013  0.35535070533246194  
0.46319307998758763  6.576019746914785  0.9361047658397351  1.6583405319835023  1.2207461586378672E-10  2.3986103591569163  
0.2157451961521737  2.2641379658988523  1.425508612006842  3.338786256273765  4.824277631034671  0.024390827410683703  
2.377379234168009  2.7751805624705153  2.293507334134599  0.7895889139402285  4.359360034897719  0.9999622354453839  
0.6519426718370603  3.145998131260577  1.8144354231809294  0.9377579161812098  1.4182597194542548  1.1244084903795035  
3.070397151151394  2.087585303256998  3.4745173087241072  2.9169295922484083E-6  1.443843395367244  2.067113372328967  
2.46862529568563  1.9953161768372965  2.3644768236751075  0.49158857649800614  4.089160765262306  3.999042007636215  
5.796770365510759  2.0404471329495424  5.923203284801185E-45  4.558549099938733  0.5511845852898779  0.04353258910534782  
2.8025843412969422  0.8579768673135806  6.278450761119402E-9  0.34968686671295796  8.611444575986424  2.3705740179780967  
2.690905413887899  1.4552438466482422  2.937511421983232  1.38944885614219  4.233778630867205  2.50323158044865  
0.7208103779210348  6.074643763811548  4.024179153311201  0.5752278467779379  0.8157188740852355  0.2672440668659235  
0.1347555690223933  3.351790398654459  4.1605604365441975  2.8736931460995296  5.5037526316039305  0.015663241472704155  
4.3459446953816245  2.5601631921887393  2.5510627779550874  0.46600787903454716  2.51666442749592E-14  7.0586900153074765  
4.952649422883984  0.38478202962146685  5.289805779773598  0.06817895192917245  7.730999476286935E-11  4.538414147068526  
0.5050194527116266  2.872423682600157  3.9296438287927007  1.2805785478900975  3.6297458661261226  0.545917547532403  
1.976343777444297  2.900962712503938  2.022665044693481  3.6409068353578165  2.42238451138966  2.739627083646968  
0.9677439206869566  3.790873527127994  3.586324984930918  2.2945856613072135  5.089763001769869  0.28589891522434757  
3.566302691137693  3.182939004862617  7.036618461026292  2.0528484474443664E-10  0.21020757595982645  0.5360401513594971  
1.3211012917958913  3.065628686056014  3.747532661522498  5.392071624633912  4.058257914935103  5.719983729548434  
3.777907410193442  4.905890863444608  4.005089748745613  1.0322811949404513  0.9011553591086318  3.2361280089704074  
2.0963339106517704  2.005402531287464  2.6983544869660636  1.100734455564063  3.8641059625144045  4.901093326104467  
0.0012720557509255065  3.779490179916906  3.99699701524095  0.5902213729750437  3.655992847938674  0.10314458154698639  
1.4675936596974934  0.7534394742123921  2.9511311953563952  1.8659684992771744E-7  5.414626911429152  1.980161201476832  
2.155237697784067  1.1981091239799633  3.342110405692643  1.6005355523599636  1.8757402284916405  0.8160552534591231  
6.0358059617535496  1.8163853219795192  2.72420704957622  4.689294178570041  2.98007642768941  2.597918239067911  
2.7439122480374976  2.7613017508144124  1.2878522393702048  4.84116231082411  1.696779311218263  0.6102722705472493  
3.178493471891373  1.5509236990578468  2.5136501152712065  2.6434382054768277  2.8174995311294486  3.8116004236616394  
1.2498749041211161  4.125631224175931  2.310075395240651  5.6912917809854795  3.7688892564394725E-5  6.306469248252602  
0.592617356729924  5.400994097738704  1.7681357104201456  3.3141305110064794  0.735817086545013  5.489086624689696  
3.2765201480159605  1.069805886732618  2.72607306964886  0.5651748222898543  4.503432006280229  4.279935522803405  
2.4468510664765293  3.391974024510029  2.487938867058913  2.6623355572909513  2.344834271459115  1.7720349313819868  
0.031454659080714  5.894749323511159  2.773227305124593  2.9150358073072247  1.6706995812875674E-18  1.658505263589008  
1.434715215035585  0.8111713913648361  5.773173903120541  2.253972577097205  2.414613154323133E-12  6.347688959923059  
4.432276761285066  1.457879169122417E-8  4.919241498379992  4.727128197137166  1.4421899198914336  0.7279525427624683  
5.080290203267809E-6  4.060700318201149  6.718461722086403  2.2270134670959107  2.301414895998274  1.399919421275143E-4  
0.9083944720780657  2.823329214209207  1.9656856983923856  6.233425211189602  1.4332643280661052E-7  2.31343155227193  
2.077188609360353  2.9569350160182877  2.47935954617978  2.7004181642215106  4.575531574602841  0.16629578562657052  
0.9252066505089006  5.793096101946288  1.4937875997654173  2.5017298983833416  5.011065059212638  3.9437174238485836E-4  
1.861105690760864  2.9217014554379537  2.4254174189449826  0.5584784526914333  4.730807157705959  0.7943582040143311  
1.8391178766441165  5.1385394215204725  2.3144296208981414  4.190691700348587  1.1001568344554127  1.7088911982781927  
7.31430295907498E-19  9.325893922473678E-23  2.389162866467511  4.0666970696482325  7.761838474743913  5.110457898639341  
2.6878305457199545  2.7889053856924524  2.4377648759026767  2.4142055905865085  2.6697149744038535  3.022110510588638  
0.0051494659916823575  2.412177086609179  5.143366698162822  2.2852206088877076  1.2972437991947743  3.078084608784107  
1.2200645350621835  4.5061739216436925  0.7000682692362281  2.0195439535719233  5.854505992911312  2.163643452988149  
0.8385937967410588  7.613988272969105  0.8128411879739371  7.312116123991173  0.12253475756795183  4.038916757553899  
2.346601129793249  2.7999250257257486  3.14562296025794  1.018213280676978  4.9423741298448025  1.689450880551636  
3.528083978802812  1.990960265098678  4.959359754643324  2.3135974108577124E-13  4.904343653745384  5.285677300181374E-6  
1.1772397773328618  4.368167067929414  2.713588259465598  0.7094665972138935  2.1988298919049143  0.9920606920100387  
1.4761105834494803  1.7286792893902412  1.5760509113116556  2.4855668007528666  1.7307899991338527  0.9936080009906665  
1.699234918856597  2.4195590907749462  2.5112900826935425  2.238778269394525  1.3732094272856268  0.8185052242860597  
5.980685870630199  2.107855193214405  2.181569277159453  0.7729854168131474  3.1095534112855168  3.5196514197540614  
3.193645205045424  1.2665514174702501  0.04329488077469511  1.3432709421680044E-15  3.5648823352290404  6.299539336673356  
1.89272529674908  2.346670884310887  1.487430461344744  2.0068142744129736  1.928165412330946  2.7695646897951716  
1.538083109196  3.311218764955222  2.7226620501889503E-19  3.3874549235179168  1.4122569846746817E-11  3.3563937765029457  
1.4705050326764226  1.3528839932030419  1.5237553135101722  2.4083074942670337  5.3935221182729345  0.9481977793568189  
2.2779499131469225  4.572875712304539  9.515898935914767E-4  2.498068977454929  6.878773479858658  3.971116956144071  
3.7709973452516508  3.0151575080502973  0.43564773265861234  3.1762517419338177  0.9340378426192408  5.145080073628406  
1.91121717650002  2.4780423770434226  2.062446050565756  2.194049200623422  3.3181989051580794  0.8492348311998005  
0.802732730873862  2.931638154263166  1.559592964702318  0.8260879183698557  1.60540658164576  1.2978426918788177  
4.2369352607664706E-5  2.242988005625563  6.573380311073724  1.8169023654837342  2.547652643103573  1.3042302024210526  
1.5436048976759347  2.017632375813895  3.7024819544752434  3.183078073921487  3.2121538034483192  1.482441720535201  
3.3925463531662188  0.14999675007401267  1.9386056844265875  3.312541684218066  1.81524852251923  1.487179404791932  
2.104301076169059  2.466682741878754E-15  6.042812791615064  0.5841622445607643  6.4584501290421406  7.674132325116782  
3.1299671547097914  0.7243731655955552  3.8337217488064115E-17  2.8345245972697493  5.980440142426292  2.9537723477223987  
1.7856751336933367  2.298369766978441  2.120338178708929  2.146644717068332  0.7737595054353386  1.0296676791793502  
1.2964548889839353  1.4566339477793577  2.1987719875539598  1.37624607638987  3.6457987036037656  0.5597985299935866  
1.9132668622461992  2.373092549093331  2.3133743854953197  2.3185630075327994  3.1368263580334275  0.5884905116108811  
0.00623722975361959  5.365186570434648  4.9952927387350465  1.8917886316460313  0.4047736228922044  2.7293652657281884  
0.871731239463663  3.7821705761419326  2.2141026844193585  3.205521634263297  3.942800214276821  6.4559113834352955  
1.0927120643711508  1.0393836125200996E-5  0.4015978540747349  3.677130420402981  3.5741496925037928  2.83371547258311  
1.366361932331292  5.236828778386619  2.595218605706387  1.200405914086488  1.0608183597648912  3.2114056162334337  
1.2316283091767477  5.721393920179987  0.2957590179113254  1.3587908524344257  2.5629740503637137  3.2010753592132786  
0.4885663691294362  2.693927916692197  0.8468977863882  0.7376920929344698  0.2988593400761702  3.2129337179253277  
1.3834606163890546  5.219394744708653  1.439373343317512  2.7940332891516007  3.486806772174961  3.194879860594024  
2.317611261050403  3.7260453921107795  3.6522842303836076  1.2290442467925968  2.3284226301506625  1.2430205208550396  
1.0435799242151722  2.7895816275449232  0.7412222136244074  0.6972425124206989  1.2293247138478574  1.476522386188086  
1.0577026685054873  1.3510459455099293  0.8576991318445385  1.4597815325871444  1.7992556647003486  1.364752341454867  
0.5547340042179445  4.06761621178971  2.315771176741408  2.2357130501032705  1.2813640690852643  1.0152713514662506  
1.0958144344104332  2.4234794113356317  0.8795935312453184  2.216812127253134  2.8051116981265305  1.3718698393256092  
2.486858321203464  0.48630626123659526  3.2838638208823228  3.6990776326036956  4.088476126961882  2.3203981506208464  
1.5130908130046452  4.086659405769985  1.2831709851626898  7.841897212862425E-4  2.317792833745719  8.33469361515874  
1.4108059090208136  5.37001499126032  1.2442498034452532E-13  4.631603720602861  3.967367780150364  2.5616870561841667  
2.4708907283678077  6.003985639371419  2.9227501963680837E-11  2.939003462874941E-7  4.149613608049864  3.5730760056050603  
3.5009157275839033  4.506282697361004  1.4495249138141895  2.4053203518776947  2.6822820721615073  3.122639562439249  
5.752722408495952  3.25782379247237  0.2120768145345889  3.506851418886366E-9  1.6396185114541606  6.245497150098413  
2.3016888571609933  0.3676615768009626  1.6856433455485134  2.9237665708953213  3.148645958695704  4.197574325463192  
3.4214976037195477  3.998944310685124  4.155899179405831  4.405123398768402E-7  1.9662859041852145  5.830717342345115  
6.459394428098744  4.1968397405916145  3.7401618997660897  0.7239354000844644  0.001751015399422202  2.1186235153283985  
0.8885936243001693  3.047483485115184  0.8646370661659715  0.6782369738669048  0.21931652324117692  2.4200618757017067  
3.2394613963653853  2.08719074401325  3.8960844944404243  0.9832379521855973  2.3305255146717747  1.684160371747476  
0.5457967585631383  2.926322374854457  1.9067949842769403  2.990196337828872  1.373191965506359  4.587492306305992  
0.3828508251973049  3.184475118685113  5.026256173543538  3.9394724427360144  1.0996649754240826  0.6698862204473734  
1.1363787367801144  2.4444456562898855  1.063479299909247  1.5384526172245627  2.673954085093907  1.0527185288503857  
5.030058106793707  1.1706305578916192  3.8784521244035064  2.0458064761857558E-8  0.6382489475494028  1.6247396135771737  
2.144890945910401  3.8698997662384  3.546576384300923  0.8049440414796946  2.546711411501204  0.6852964387157814  
2.574688068588983  3.150601671765918  1.7652744520449923  1.122375132184307  3.375823457136165  1.163572996843862  
4.824717745110895  3.411436206361173  1.4416099421639436E-13  3.413447537931672  1.4615207983364995  4.9364132413610005  
2.676049647551171  3.696531075389556  2.3341172591378805  2.8394876169257532  1.929999407696885  4.688671014802777  
3.1392582878310002  2.0185391689692644  2.7892343554953047  2.3043103971686665  2.6278029358963275  4.414161621913772  
0.744720380441336  3.3412325895192776  2.7900106766010864  1.7652427170765728  3.389919869874101  1.2928489915105157  
2.9787220671747714  1.895942556626155  2.1988050903636664  1.6427991228761738  3.3399401674897846  2.136094144498498  
2.508505937162941  2.3852666220600662  3.103562706734266  2.901417199374638  1.7375007725894491  2.772531382901253  
3.0014470157974853  0.8717558763700834  2.842749435876282  3.3427235660789645  1.5474440476595936  2.152525078598654  
0.5689494235537995  5.500790636458004  0.03082902743055825  5.1416159496619205  4.044575182462898  0.9112440795395192  
2.794635885139591  2.459889560222211  8.830916288945609E-5  6.155938103803813  0.3261798510997244  1.1623278181010466  
0.17637986336660144  2.8520660730125273  1.1874178998952802E-6  6.586890559849233  4.629866202663363  3.536090905483229  
3.542366168468873  3.9876225048219536  0.01903925190356706  1.8567353320043483  5.887318644877783  4.54870595167689  
2.946525913293298  2.0388333983059135  2.580800618827434  1.4635431435005521  2.726708941929973  4.821670216305064  
2.4418459303259543  4.8101576071598355  1.5285770196722102  0.35839778824810853  0.7010714318329485  0.9282174930511334  
1.1131030305012881  5.080242028475443  2.4090713528644145  2.094023866227852  3.1251551061596137E-7  3.2429116934427413  
2.128609812260756  5.494242371450225  1.850831304396018  3.2291093457745643  0.18550999314352096  1.3221561929955878  
1.187064091550979  3.896159316578642  2.2156511858919683  2.26577403073215  3.0586327441237064  0.6233653521038857  
2.6604946578360367  4.822853412273461  1.6905616408427455  1.376019179371605  0.008806768825359886  2.9753773884661268  
4.017487493336819  3.250290890531204  2.2707445529238943  1.3949973440819634  2.2236502820255546  1.0470627546841116  
2.122784666085233  2.9660330853735846  2.85303197634222  4.540652856207956  2.3019880423018355  3.1973826915557573  
0.9815380045137464  2.940093493702136  0.1539268376526386  3.0260662333513952  0.132239799068755  2.872059005376224  
2.5261627666627318  0.0012843390964684487  1.3711557388412232  0.5198456081956341  2.7463591165924486  6.1588724083413995  
1.8687855293949431  2.167834335197348  2.5647012344057862  1.4260586904974064  2.0868618889879453  1.1145335454272223  
1.8987508856090152  5.421994988410645  0.5980832421377472  3.66262091958566  4.690407312628356  2.171417676626027  
2.7955417274066674  2.413276245557417  5.6889862200363694  4.104033226089726E-4  4.2502288575819955  4.692041861205011  
4.856751080303729  9.299379158806956E-14  7.110144819055139  2.9260466592828522  1.0058657576626617  2.1783598384435994  
1.640217481433847  2.205476381651748  0.6990831625999874  2.6329562387237613  2.650427193638757  0.9894881396874957  
0.8154480027304454  7.2007538908127176  0.5896958998759262  2.3889351224742157  1.2812905248330533  2.250474666722511  
2.0697435567031994  7.1860646571975675  1.9873159536644656  2.7306214255207553  0.003727591472359486  1.4176348187863341  
2.048585600725677  3.666409028847552  3.238789842688252  1.073691791561399  3.2109330389247153  0.9748756733460725  
0.051670561598816986  1.9306524924722883  3.121591029182998  1.7978692376234175  3.8010268815026733  0.8650296947053899  
1.1900880617427283  3.214247361304806  0.6023807128029461  1.9099738006218103  3.4934708561367023  1.0083633992532295  
1.5204883984889208  2.069390177500306  3.5937245492443775  1.175603483311436  2.616948061152598  0.4767790663704968  
0.3443914526441277  2.7537247497960045  3.1156556046206494  1.001406136157956  3.688707268204469  0.7097669338542552  
1.5608426246733043  2.8692876334784634  2.521052110946066  0.5263185772900923  3.194643497720962  0.5586452695642486  
0.792781711852195  3.574879987703312  2.206695024013541  0.6274733913125776  1.6855565611917076  0.7822692478404347  
4.202544080974331  2.1464131859258164  4.62297882775361  3.8812228605544415E-10  2.6672613780449326  0.9886076904221355  
1.8341639138555093  1.7413499694099785  2.2971666601556224  1.4827982718227328  3.810339497325926  4.514113295848152  
7.029440679269903  2.0000224946035314  1.037214586801055E-8  4.333979625256741  2.266491289871305  0.003350816014281499  
2.204261681591533  2.3246827870159845  1.8028924922153824  0.4961476205796658  3.651459946683782  0.5877292799236385  
2.7742980493915983  1.3014897955074167  3.4758104022706924  0.5277367064980703  4.10784364304163  2.747384778515374  
6.227579180815021  2.6239133451407836E-20  6.7908579476372175  1.4802440096975586  2.8856066618324485  0.11273897152498755  
3.689447408008049  2.991090370606658  0.4493335966397984  4.287486375574029  3.7233612723530816  2.6603615464934465  
1.00234039523318  3.249061576892318  4.576927770811588  0.865635469871953  1.7172034320773906  0.22327306004761338  
1.0323279465150041  4.3825012643407755  5.606408705574909  0.01158706951714171  1.369360752183692  0.72052622798627  
0.7189559601745408  3.681962697034094  4.155987502470541  4.837270082696275  2.9599360824723546  0.004512959085386011  
1.4679484435198324  3.862326904125696  1.0975732967953653  2.5956008109062707  2.41954743784566  0.8815578751818474  
2.413069133407088  1.6651322811777332  2.1229134456105614  1.246144299380978  4.023600758643689  4.490052148783385  
1.6092172419710864  2.0973936136614717  1.552411862924745  4.587597809096536  0.3389315618785526  3.630122896551193  
0.952647244464554  4.652467790994635  4.116742592618835  0.8381363624763589  0.9869810225948641  0.2857542519034818  
2.22830186605941  2.3356507999457006  2.6059973561136123  2.0258832783501206  3.6356480524570323  2.5940612090376804  
2.2357208537616744  2.0902404322481973  4.313043982001596  5.1167812947618785  1.3660749413537856  3.2560719165883016  
3.287667604086649  1.3079088449077434  2.5689855715766168  0.8710569979719264  5.096253494657788  4.105767650269309  
0.9486735338979654  2.492775553389242  1.3858712001477944  1.896178407958558  3.3850333669481354  1.3817304655958509  
3.837171981273168  0.8401052751394972  6.516829550715242  9.077979601271034E-11  0.9997997441867337  0.5378782835604816  
1.5728502910166056  3.798670415576115  3.6578099391997543  0.47206228758471314  2.931946755224799  0.12131293745787988  
0.7694689246165995  5.226136796847086  3.140020071537029  8.985468153758259E-8  6.470349251373424E-7  3.2429113799254075  
2.2293816454692177E-17  4.011774077329344  2.4862774701839636  6.419574216399114  4.625637580816929  3.701777909222211  
3.642510558897613  1.1364044560481226  1.4778106591958475  1.8410459427514474  3.357526600614184  0.815158363498145  
2.871039187749792  2.624148833121763  3.1844982657645575  1.1982469279167627  3.0767664405420736  3.4194659186455905  
1.5757248090727327  2.700331599911967  2.183748413438389  1.2404898379051987  3.9069400320613252  1.0194730480618124  
1.8955347504364992  5.0237562328350975  0.8668843582807874  0.770832235136375  3.8655032067181714  2.4467591099588533  
2.852702173742134  1.778773581004221  6.694844780576723  3.5115108769265393  1.0163430361887689  0.2145391842981638  
0.1512974569170071  5.197060008822934  4.184204315817255  0.33099812738553036  4.305428359897236  0.6560851575231776  
1.4769015658113471  2.5275232779147925  2.216403215325882  2.1946894228751708  4.215276587500793  1.7397188610200982  
4.107825118568471  0.06306696109206018  2.598097872237651  2.748055178683872  0.05064399981760394  1.1224499689294205  
1.2156445490361407  2.0939717069585604  1.7440107737660844  1.4069425589193798  2.4922006571751387  1.6238187223698217  
3.1683973194632222  2.351289132931757  2.673866186198629  2.7484967410399  2.7689405926107162  2.2470253371666415  
1.2250812788649637  4.333021032692243  9.967386129214447E-9  4.500557298682345  7.927396963414343E-25  6.635168082316631  
1.5889086824860104  4.449575312853826  1.8402442354709736  4.508692119262698  2.892597288717784E-4  5.905357120711444  
3.5319385814941555E-27  4.639940577869062  4.677384360532095  3.506520954067812  2.9124327401830885  2.068478167908441  
0.3725550948615516  6.0954404897079035  0.022238381755064304  1.1388631373855358  2.9646723119664156  2.959763113696136  
3.2553478181634063  2.170018438557983  3.5998103652732327  0.1873774778586048  4.103669051284162  1.536682070205765  
2.59862955880231  4.173037550859239  1.7918840633243056  0.4883494762216373  2.725322654022414  0.5764594860336061  
1.083359450684429  2.3192123675801675  2.3143157916735393  0.6223484354976738  0.43962992547629415  1.8806922176915954  
1.1163373748408827  3.5203537111726773  0.9945725015972788  2.542001906754947  2.333386713777137  1.4271543374237317  
1.725298887639254  1.3121246719468023  0.9362805262586805  1.3405083026502085  2.1180886539675905  1.2282205592502942  
1.2764617139259533  3.5603524818613916  2.551365331430811  3.9239241601893227  2.3316774480596285  5.2019239064497045  
0.460743855330145  3.80406199505673  1.7044233302279383  0.8764465962753826  0.9797437813166712  5.074070736520854  
1.3175231812252413  5.435816412869276  2.2174200475596497  1.7424242785246375  2.6262313241212194  1.2030218829814245  
2.725699379179655  0.9254642991001862  4.472453077304418  1.5220295222056384  1.4937851905408275  4.6725753870887585  
1.1527508655987666  3.4961827296832384  4.108234672068841  2.4349471991272624  1.5113551154935174  2.280305982882699  
0.406320627905918  3.2670226019634985  3.4998187243532213  0.7990557794108726  0.33815173452645697  2.842738475190822  
0.8057598879300466  7.82295297030343  5.186492249786472  2.897273547789422  0.001128122695162646  0.7131664978917263  
0.34343057633426893  3.7097032778061156  5.28458113514129  4.10947657483447  0.011999335437846636  0.07080328524017263  
2.3764264095799614  3.6798442128041184  1.06367312871947  1.8460670340975052  3.5560023034065518  0.7708016872415339  
1.7411465603203116  2.9819005746273892  1.165087209961088  1.8891590301664176  2.240587793202078  0.9084348149262734  
0.08712291846605925  3.11751627758454  4.0310492160633  0.7709601961151833  2.4725332795224757  0.22911708744453443  
1.6145520392140853  4.46937522120913  3.432162369613178  0.7919183290325679  2.2499315826808792  0.08728353574359274  
2.312148243095997  4.178960150631471  3.154172029595311  2.9212338209451953  4.124022826059514  0.527273975519683  
2.2447811603464762  2.569057797819888  1.4875634653431684  1.851501280204396  2.7116133055039393  0.7578176390821649  
2.8887420712106753  3.7207283470063373  1.1889287835475817  6.1002594530593965  2.5324152341645134  1.2371091208325897  
2.1927855891547243  1.5410104140720429  2.7930949946240547E-6  6.224285598174918  0.1987076286915456  1.1872404518220214  
2.559105049672984  3.586096161220688  0.6259968381755899  3.2902842726171744  0.7816852055568497  1.71725993365847  
3.325469133211459  2.8264658039249446  0.16141001320835488  6.090131970033721  0.4907395601455349  1.6661467656573918  
2.205661621216912E-9  4.7485758394073665  4.912777767773937  0.3843819520434212  1.700126240001166  1.0628877268918566  
0.5374065123399191  4.737237395204146  1.701234195199058  2.540321644352301  4.405653133075639  3.227374482748211  
9.835062069489408E-23  4.954113527959976E-11  5.175066337745841  2.5307175284872745  4.468490053711901  0.6516595737847507  
4.056551972162002E-6  2.298236573923809E-13  6.270571818047462  0.7692108271025618  3.745112037273746  6.3233029731739245  
3.599544436929348  1.0181588768071663  0.12962509962985821  1.8287033182585923  3.2811173051061058  0.8804349964875944  
