4.201137633958563  4.867296600802781  3.083807807366671  4.09108866546827  3.730267306068863  3.005319143645875  
5.342741435179646  3.4607515168982887  3.0920892376889593  2.798506491353587  4.372120504048389  3.57121581697563  
2.4196403779483546  3.8169800174051933  3.0862691662165904  3.0794705736713603  1.895316589885758  4.946806204567435  
3.2633222051609123  3.8190618196230455  2.391546693002169  3.79292328839351  5.26837690661376  4.2592582537971655  
2.3725725161721574  4.1046099890600525  2.718188823630233  2.718264957514457  4.198239777875652  4.576266782577871  
3.945188571363521  4.869788461488146  2.1311060051108566  3.532775702702959  4.090100768438297  4.1450462492268  
4.887215186251329  1.1606632876268035  4.064655550968419  3.7948153160356117  3.6984014720057834  3.57147540601595  
5.48339786598733  4.128838231648291  4.915694157254398  3.1540591692296793  4.11526275433173  4.047598803451307  
5.498724544924883  3.6270980148729337  2.817678454951335  3.077035134228068  2.2506984834246846  4.673800305022476  
1.6427228087941956  3.9740214988528795  3.0630111517442433  3.672190953560802  4.39548832078759  4.526809007412964  
3.6542487455225587  3.8926484389748572  2.9823141968974225  2.9658976759862234  3.327680421162312  4.64120859081884  
0.5989035105686513  0.5248768858444011  2.2054683716670587  3.9106093339184937  5.91654463553321  3.3199678518074007  
4.814932225238325  4.077378917709654  2.8902071681666  3.230314071207628  4.179078108981081  3.207385054879466  
5.153928948208579  3.525280283437437  1.9577258668632098  4.273580983575723  4.380874117860808  3.5911565206159257  
5.451610336618104  0.5145728732202681  3.1037677509764485  3.288894444445705  2.3354824954143125  5.496962159014234  
4.065712350127495  3.626872091916901  3.253946881762377  5.21367601888344  4.238191188152976  5.240727462161492  
5.577861106257225  5.145140604044868  3.934792266709421  3.21857023815354  3.4097407765994454  3.8546665951533354  
5.39591602488949  4.607147143192021  3.4070962863697973  3.8908757265310028  4.256877159488675  3.821791437298743  
5.378471304968343  1.99670327416365  1.7481311925917844  4.414089894116256  4.663054087264025  4.3052115051510516  
5.513148104726411  3.5998474943517036  3.70506076281923  3.912291506285479E-38  2.173346887144645  3.9107165953962064  
6.288077891482094  7.94825088914783E-155  2.6717629698867666  3.838973455379412  2.1784670259542156  5.063972511261187  
3.680944078839731  2.9611118646233465  4.600264220457934  4.480211581157696  5.3879273315293945  3.110294258209316E-99  
6.271785261862483  5.9934894673129  0.9159925734882266  3.3615238500420928  3.247722634617485  2.1277016364190567E-4  
2.8339562032136913  2.5204933180226146  4.131711256194352  5.076704007208545  5.345589821842892  4.814904218239804  
5.043009388673044  3.346319034290203  2.940508180859539  3.994776929538021  2.4065282693508903  5.397352835199937  
4.060280786077556  3.404312308857631  2.658023922538964  3.853460587165993  4.386842279106482  4.506454480599676  
0.7226879636913931  3.3120236857586693  1.930320483185247  4.505442342604493  4.089855131016808  4.6047913965871405  
1.4730961211115854E-80  3.005396963839663  3.1039192769157227  2.8419717654393977  5.048969714211231  3.837368286786531  
3.365829484415973  1.5047497139564485  3.4977784815617934  2.6760942860313017  5.5386000778890185  0.014477945658198143  
3.6836945692157212  4.170810881240179  1.6899094798835095  4.3146725338152505  4.218122989751357  4.3842858071007225  
3.550368767314483  0.6198253103140935  3.3915477087637074  6.606078540352942  1.238105381218429  0.7453585230140721  
1.1924129311781557  4.825396142173511  0.49245614607158017  0.9535201105720305  0.7821740602464285  1.4319445109284958  
4.625826067952467  2.0476778950739973  1.9427757302338513  3.8829222192489428  5.638324496909595  2.4650441343868734  
3.5023657917244826  3.2924753364559103  3.1124218443472635  3.764259573042316  3.1885924964273302  4.287976422653321  
4.613049626060958  3.7738212410717757  4.405764062363123  0.8279238168653041  0.2694219100891717  4.971230405164865  
1.2367387805684982  3.860465651739729  4.7427725024530725  3.845924835898789  1.266085386885763E-75  4.687948371173935  
5.574848682206461  5.198661681536141  3.599869391779794  4.906990020845351  1.960952655105957  3.799259398812198  
2.4953073109157184  3.733713845988515  1.6702150211131435  4.691807047274265  4.61648694096305  3.7931428444718733  
5.437517748640635  0.6889360923574132  5.171905152053406  4.829603745302751  1.3804564904708465  5.020606922537029  
4.5684013695299175  2.3224078099212275  4.957961306268806  3.344903313935837E-76  4.713266664450102  3.06256596814716  
5.670998822374222  4.63782460681826  3.3404992226144987  4.408669620826516  0.7733212823336697  4.522504968679531  
3.0847464029105156  1.1649885047755956E-37  4.156496186122624  3.278145047982429  5.492317542512777  2.2551577551761612  
4.7935256803951  3.4513675743886263  4.8197470050204805  2.6577064353135893  1.6953882402319584  3.581032217589243  
4.93860539171201  3.3317378187284348  3.60681478748988  3.5513186483038943  4.529446217721628  4.737851176160462  
3.1368024373721184  2.4476337672913104E-9  5.539615013350601  5.855574289721899  4.690241001538498  1.3244147677501439  
3.501954301036979  4.954813135716092  1.1742137107655102  4.30650557317798  4.382561567759407  5.411089533413288E-98  
0.990255087633996  1.987635596928233  1.3926613312044083  7.263215541181789  0.5817834408299262  0.5008029424070679  
0.8929960547718963  0.6095707441735585  2.0083262632076377  4.3488289211397415  4.619344216825289  0.3591199091920312  
2.6058350769561223  2.834541602401932  2.3043747483526884  4.669094486581402  2.6332605942677656  5.205550810736887  
5.978258491893091  1.0391686676006766  2.1352379746853094  2.5506254227631806  5.213623479689456  3.0015725602046675  
3.735095347645015  1.703734875887356  4.2828638201136595  0.31982387042903826  3.1045012755848016  0.21386205755506  
4.300749285900041  1.1201841534517169E-177  4.317860248950611  3.3469064068864887  4.162004373262974  4.703163717282441  
5.113778265629993  2.4569800526591847  1.3363596026635556  4.804482010460809  0.832523221552657  0.3461978873274472  
4.816453017601914  0.32846348843739104  5.246835903091119  3.7059489957695395  2.335596979960013  0.36383147163299295  
4.251826116193084  2.995017417488579  5.123831577045031  3.360970032116141  4.164668411301717  2.9168140640755977  
6.318475321765864E-97  3.7194137963787304  4.429436976357148  5.69780222086983  5.064839490186576  3.010179395627745  
4.3079051961239285  0.8019166715119731  3.4279372140000346  4.858778950936655  0.9735612273029413  0.4754009874369028  
3.670121113918339  0.5980104710758107  4.012557736539046  4.386401340517685  5.755971668967692  2.150910068504029  
5.1047844384535335  2.9596211332787448  3.9735535431131086  3.0640440637661523  3.808312932153042  2.959170030272065  
1.7988118884531363  1.0956545223935779E-70  1.5892693076088973  3.440557183814241  4.738002478247112  5.995355387037302  
4.194602156442985  2.989226128239211  4.632792881069512  3.363051723360293  2.220071441074485  4.272024761387889  
1.1703259011383372E-84  2.337604000822113  5.411191450879992  0.7168674773479238  2.1617588866452624  4.8425400349301375  
1.0484106013516918E-5  3.887619609278663  3.8903810267227845  5.404788466036413  2.040529938861766  2.2117284308367764  
1.0134137006471533  0.06835486639217389  1.061419712503209  3.835675541328905  6.392354973686159  3.538447124056085  
6.41198175076674E-10  3.3021134938149794  3.1603657012880397  4.005529677118285  3.8075395522276128  3.764834513169656  
2.8478024801221906  0.5577246420712282  3.5203927732447964  4.326652281789857  5.735337644052424  1.49905741765619E-11  
5.998603558634907  3.8482588161523696  3.7265290403618323  2.9484000126128342  4.417990554925005  7.687121370301327E-137  
5.408646278707118  0.42597995203904776  2.8590258729516678  4.489460694852247  2.0103773001974674  0.5067977145624077  
1.188016235353526  1.2610168130199941  0.8199727315925933  1.0534500396891602  1.3602333341240809  1.0391364961315805  
0.2998913535122018  4.064533523215959  3.071988989762402  0.7835732919057578  0.5533262420781846  4.021361644937362  
5.633361965486744  3.131159529766728  3.085822522418372  2.2028889819336372  5.083287602885681  5.016690148530214  
2.1672692706589256  2.394671592496692  1.711900277122045E-15  3.548876788268268  1.9216498179241936  5.987940858894721  
5.812885210663742  5.595276984495882  1.0718482452795484  5.0906102203185545E-68  4.014230551252358  2.43412072528386  
4.2093288952376415  0.8666602110858888  6.481325342922252  0.6624019123031368  0.7958098449916281  0.9015840775349155  
0.4987122432099131  2.6737240751170233  2.3244832749809587  5.606452413944751  4.730900531675669  5.33886815417564E-20  
4.687629079027539  2.131195148245449  4.166725847492693  2.1078776452883618E-145  0.6863717137862261  6.393568946148899  
4.80011514909942  2.4409278232152403  3.5198700864583867  2.379451512117925  0.12848144697469105  5.791917956564586  
5.413520094547238  0.5255264953546229  2.6543177808215836  0.09804969221336067  0.9094956001436086  5.637787846539973  
5.680447071103761  2.2933911510867118  4.741135512325395  3.9571966158714194  1.8967708482560877  4.859685436806296  
2.2073335681933868  5.098438555103725  2.7375210776440264  5.2894275591574536  4.897316961994593  5.206465474530501  
5.1645843463918935  0.34841971359129154  4.16610982703085  0.19638417663425586  3.9664241133700666  3.439332524616656  
3.0394785526534442  5.183383040537616  0.3760941860101642  0.806159300871226  0.5097968138999722  1.3805531413248504  
6.407344171186641  1.5676084218872317  0.16498178417455167  3.797982059246245  5.628912518563737  1.2492124981445378  
4.785987144092241  1.578564788097464  3.707493045477179  5.729714013351633  2.422470227583677  3.4287755324968128  
5.344670148603365  5.959998454916878  3.323435346561816  1.2815810483378058  1.115988803821368  2.1963176834334712  
1.2794183769621348  0.21415085880284043  5.514095124499172  1.4633486881851174  5.748000847462328  2.8277623760659445  
0.6904801991996822  3.2612066395584427  3.3466707924271653  5.063283053059171  1.474308869814607  4.999702591715757  
6.858475986914645  0.5365252791096182  0.9251008995542432  1.6846830067973921  5.651153731416704  0.8904267575217953  
0.9934037785101679  1.2251273565671286  3.3180661798042967  2.2399489620758017  0.9844407445672952  0.9393371158517518  
4.847013596912354  1.8178408159551642  5.664435801279373  1.9958240763422501  0.8693098355086925  2.777983277377799  
4.762204518770211  5.483377185410753  3.5025831728654144  4.693587760118997  3.661263165054197  3.949264151625148  
4.458517472913798  0.3001452008248348  5.710993748571597  5.885759366051469  3.8246389651545347  3.864421884325197E-6  
1.0542595479853154  0.9641583874051497  6.075170141032979  0.7843368586141127  0.9166001486582503  2.5269311274117476  
1.1880162353537163  1.2610168130165176  0.8199727315935755  1.0534500396896473  1.3602333341228483  1.0391364961318785  
4.150643578996832  0.8963177518706954  4.325921061429348  1.542940680924271  6.432049153777026  0.210176533667875  
5.974324860909489  1.0500682551386482  0.8533949778018862  0.45372739175532617  1.3728495306454  1.0024534401770635  
4.919063627119147  0.3580457383660908  1.4074703004370444  3.719876786452309  4.502227280243287  0.6608065707909279  
2.4203174721248697  3.7920635921727475  1.7084158076787285E-35  4.40774589385958  4.917195628374001  3.8865598225812876  
1.1880162353532668  1.2610168130245807  0.8199727315912935  1.0534500396885187  1.3602333341257344  1.0391364961311789  
3.3114016470091913E-99  2.254731875646836  3.956544062128055  0.8886661668342531  0.5642031561510841  5.382499508315754  
6.553471440704667  2.7846109429096558E-241  1.2963042507280227  2.8532015654045244  4.35464042241048  4.199946253494563  
1.1880162353498624  1.2610168130871735  0.8199727315736097  1.0534500396797528  1.3602333341477746  1.03913649612587  
5.767896321495605  3.650697127629861  0.4510368430595908  0.32853925227797875  0.9604148711156976  0.9571999940188113  
4.801350881136105  0.9237022947000492  4.885531011912832  0.37349088285325466  1.0246804247114627  0.6140291971829492  
5.612373970355574  1.266010174654036E-85  3.861572564529444  3.793300641386729  2.515468670994151  4.531223790448448  
0.9131535844843182  2.824769372131307  1.059284646914619  4.924816358081612  4.224113861823233  2.8424854590652816E-24  
1.1291173906128582  1.1252751532531386  0.6483480451871426  5.1562965279645345  0.9284904197813959  0.9840716977678281  
1.1880162353496284  1.261016813091487  0.8199727315723919  1.053450039679149  1.3602333341492898  1.0391364961255047  
0.9532495724118134  1.865083016880908  4.755847599305569  3.870271284398255  4.858226071815686  9.400460880464772E-14  
6.255581810600429  5.935698417293559  1.3537471612054954  0.22545186802807005  5.13023050346661  0.6641321294868189  
4.680592500873806  2.068566950589566  5.607573636625836  7.535763265167676E-79  5.6496668936932  1.5899176502663732  
4.0571885105117556  3.208138974290721  3.169761114876285  3.951107728835757  4.762709830926124  2.110324749959689  
1.1880162353541408  1.2610168130088624  0.8199727315957411  1.0534500396907178  1.3602333341201223  1.0391364961325382  
4.2207857348102  1.1689806290794353  3.990240391541693  0.5193644907743614  0.8866725613553214  0.641804544729483  
1.5299883129519098  4.1809587971417725  0.006738148061945223  6.786582171705466  2.7271374018807703E-146  4.40684411129351  
4.777927744622897  0.8822902540203135  2.986882877221241  5.761364181136671  0.7692387808043862  0.49090449786872703  
5.955687295453904  1.9026524706982528  4.613553040131259  2.8912089200917706  6.0001557740300235  2.6089641321477036E-70  
5.733757651871406  1.9135067813831574  2.9530891385409808  2.4955567881202696  3.5440482322506632  2.695515412388335  
5.087654285681661  0.3160202723670216  1.666023621635673  1.9486463938259915  4.152331212725033  1.477751778782041  
5.230828159135086  0.9948248091322294  0.9031049452148694  0.15872974343275942  5.541488759171846  0.9465705031912055  
1.5834535164761119  4.090206633653933  1.6640931368316725  3.1725633594511105  0.7432364954759045  0.7116198869193553  
1.1094511554955202  1.1113207896868622  0.8211523268826018  0.9987787143407961  1.3244945794739005  2.549176339418583  
2.1153831677393262E-90  1.318221632741098  4.926464093608708  4.073687283983264  4.260708765430801  1.6551985894507393  
3.4118593589230177  4.51740315349957  3.2782602714644304  3.567778641973548  3.6772740857762556  4.521899126042284  
1.135121915835772  0.5826505913567473  0.6668316024876927  0.8228113816866253  5.719498783849935  4.074337272451171  
1.3212422373900505  0.35146732028076977  0.7748392639170808  5.302182927261871  5.468756082252077  0.5374310933304405  
1.2209578011482105E-25  4.124542120235497  3.8274759749645524  2.6069675825019867  4.674066876810627  1.9750163788446837  
0.8192421906259028  0.9022264462545991  1.8700452449730351  3.1746536808571677  2.6349961829831265  0.617357907533515  
5.16256019705212  1.7425140893087678  0.4537867980320641  0.10892125266484909  5.158599471285852  0.86499303275413  
6.7558234506991  1.0396591620281979  0.6909962029640089  9.980218644753292E-11  4.655313032013079  1.0046562333704578  
5.8116032204811825  2.9890539615767096  2.938158264289683  3.2528666683738905  0.9962051006005387  1.356011684916974E-106  
1.1499546880350364  1.203078657515258  3.3111558409257698  0.9647305696704819  1.1517377487623603  0.8875688629236633  
1.1880162353545451  1.261016813001514  0.8199727315978189  1.0534500396917463  1.3602333341175148  1.0391364961331686  
1.1880162353466344  1.2610168131470825  0.819972731556696  1.0534500396713586  1.3602333341687447  1.0391364961208318  
1.188016235344196  1.261016813191319  0.8199727315441866  1.0534500396651674  1.360233334184454  1.0391364961170344  
0.9933147523906111  1.2251207521741063  3.3175752179769598  2.2408499939763433  0.9844380963161777  0.9393099674032472  
0.6018023088612211  3.00157604483693  2.2485320348977096  0.8600282851587354  0.7188086301694856  3.0391417150076023  
4.288096847780658  1.2936483442251998  2.744668783699588  4.065839443392069  5.480546199621003  5.054954505007694  
7.250972499964966  0.45753633461679  0.69989040187096  3.738480417622136  1.2493645087640879  4.658146775720479  
0.8973791773966955  2.8737542930011544  3.413568380249993  1.2516918274816797  1.3163413209619685  3.6381392081291586  
5.378060732089189  0.727508727982783  2.292780729680572  2.8095947745233736E-23  1.7617962867411239  5.363443917673855  
0.5225932806336997  1.0243146646330579  3.743502048547192  0.8872655765829885  0.9952932243627909  3.1685981217595725  
4.692619920064108  0.9655207669444685  2.4497389880314375  0.4186352932198955  1.4367949828828652  0.8181790894575334  
1.183366108973378  0.9262960015194883  0.6602579019202003  0.8992400784267985  5.391486828266058  1.9087245921920255  
1.0657544599375255  2.0865077709101283  2.9164409746360014  5.223028202174728  0.5258137914888052  0.5617208108889288  
3.749412688233511  3.288750417576561  4.9069742909087  1.0565445169910335E-5  0.5754006156939885  5.2406082745894995  
5.080891202875616  4.150785787575716  4.141667263525303  2.5282156879425854  1.449988883890431E-12  5.463434116484021  
1.0930515082051087  1.0600548013946975  0.793999936695474  0.8726658651216515  0.905066278640647  6.205570250133218  
1.4689578724741417  1.0377478757654386  5.460443888710718  0.8207464204220747  0.9262566612502935  1.3911982006531367  
6.205347007655711  1.7094609466963362  4.294753334443828  5.198091906408068  1.4169631101564824  3.1472316607806494  
2.826083359873179  2.0020077678431347  6.614087760435041  2.089172423283074  0.6484735280539187  0.3516410751854373  
4.217543742050758  2.3812958751799362  2.9600870536805752  4.9776129738044705  5.127097545268048  4.598024736734154  
2.0056105363202477  0.543834413410798  1.2918115944826565  0.8708088408291763  5.016345440734034  1.7650499730367974  
5.820021769602369  0.466169486471817  3.191324713159495  4.9379559606943825E-40  0.9293839856207075  3.5602105395666235  
6.192584468814809  1.0191913691793646  0.8316904859238315  4.5888591312219E-9  0.9615857330355626  5.548889784909994  
4.645775837651654  5.175869485888299  4.424023203896751  3.7939356607776236  4.739949652305414E-240  0.09374710484883149  
1.1880162353515433  1.2610168130560928  0.8199727315823877  1.0534500396841067  1.3602333341368642  1.0391364961284941  
6.264818440328493  0.9066025564211623  8.362603846315852E-138  3.59708927292614  6.149066113182637  3.4654598000503163  
5.32198282383887  1.2620978492760455  0.2343973663309094  4.3314258253589255  5.274045785986004  2.6668017573904987  
3.8631982450754148  1.8645393901535419  3.7516767818923697  3.8432025509234577  0.26336519111026957  5.9513506113535035  
4.261370182359285  5.3777619727365344  1.5343313803332925  4.330113365971006  0.7310645804663238  5.336974640949887  
6.654798585729939E-30  0.19879850230013846  5.5734108567200815  1.0164123312828848  5.629508147782748  3.7108765645610333  
1.1880162353535184  1.2610168130201127  0.8199727315925591  1.053450039689144  1.360233334124125  1.03913649613157  
0.16619924109467046  0.9259377545219961  3.1194838339700848  5.166109677497674  3.237493177207678  5.545956978556036  
5.7742190208926445  3.1205069468136104  3.3771435269102255  0.44276555471478  0.5692627498875543  2.630326305480933  
4.521174939813194  0.12672431205279028  1.849067723457975  2.905558046443539  4.452734872319993  5.2411129716860065  
1.1880162353546289  1.2610168130002541  0.81997273159818  1.053450039691921  1.360233334117008  1.039136496133297  
1.1880162353499812  1.2610168130849468  0.8199727315742389  1.0534500396800648  1.3602333341469972  1.0391364961260559  
1.0924655789947404  1.111759115325799  6.205186643919752  0.896047393276757  1.0029402593356211  0.962666765088891  
1.1880162353526333  1.2610168130362167  0.819972731588006  1.0534500396868895  1.3602333341298356  1.03913649613019  
1.0509023190583953  2.333557894567467  0.9629209333537034  4.122616653442534  0.8634791591986316  0.8229490663663004  
5.533919173345607  2.874329873433719  4.110982184989868  0.4121241192008277  0.1483563511562257  4.83546120223239  
3.0724897885223212  6.250741663026012  4.4225325960697335  0.04140232635451744  1.0764153458617494  3.95849453210644  
1.1880162353362445  1.2610168133512225  0.819972731499275  1.053450039642672  1.360233334237736  1.0391364961045244  
1.1880162353494588  1.261016813096791  0.8199727315709352  1.0534500396783892  1.3602333341506765  1.0391364961252227  
5.1260311056440955  6.6558183351280245E-12  4.229480347626097  6.244870942394771  4.940561881579995  2.4061557420728686E-82  
1.1880162353426982  1.2610168132208024  0.8199727315358942  1.0534500396610238  1.3602333341944055  1.0391364961146825  
2.0879272486837097  1.1984706980776916  7.016405852354358  0.539561120894144  3.175597375319514  1.1632401738149651  
1.1880162353540746  1.261016813010048  0.8199727315954052  1.0534500396905524  1.3602333341205435  1.0391364961324365  
1.1880162353514376  1.2610168130584405  0.8199727315817319  1.0534500396837752  1.3602333341376063  1.0391364961283236  
1.1880162353366965  1.261016813333764  0.8199727315040314  1.0534500396451838  1.3602333342336028  1.0391364961053031  
0.8906097692511439  0.8333992150279185  1.962220568033407  1.081622066919024  4.364827286235324  0.9714813148422469  
1.1124162703247058  1.6707395653192685  0.6215977850642714  5.150925020167743  0.7155967989348724  1.0542519131393209  
1.0212484660487118  1.6115815925061312  1.073597432003228  5.729444663075806  0.7852910065751598  0.6925789846667951  
5.221021878549149  0.9684606757708092  0.5434967318948386  1.8707244950926527  4.143879315808648  0.8175967126931802  
1.1880162353541188  1.2610168130094832  0.8199727315955703  1.0534500396906292  1.360233334120291  1.0391364961325034  
4.629762892792465  4.8678525600047635  3.209984300992583E-63  4.21750527612046  3.266244378594629  4.1546074543730365  
1.188016235354203  1.2610168130079866  0.8199727315959938  1.0534500396908386  1.3602333341197552  1.039136496132633  
1.188016235336912  1.2610168133342394  0.8199727315039825  1.0534500396450854  1.3602333342327924  1.0391364961056033  
1.1880162353498263  1.2610168130878523  0.8199727315734187  1.0534500396796576  1.360233334148007  1.0391364961258145  
1.1920984745512848  1.6374986306449353  4.876142597119162  0.9352049154333897  0.8808078476367459  0.7932320547223718  
1.0591779632213019  1.2014973812137906  1.9971585991611729  1.3751955797274602  1.1817170305443427  1.0194702039412196  
1.1880162352830488  1.2610168143458262  0.8199727312186028  1.0534500395032536  1.3602333345842996  1.039136496021441  
6.3608504026581  1.790634385989011E-160  1.3749108598075326  4.016119520350632  4.395178918521495  5.579127800611656  
1.1252559129145776  1.5376751316169814  0.698239878168312  0.9609478791156157  3.4130760908098474  0.7450390100095097  
1.1880162353508796  1.261016813068522  0.819972731578881  1.053450039682365  1.3602333341411954  1.039136496127455  
1.1303165048628976  1.5292575491912532  0.7317951264579353  0.9926710124729292  2.032200134651954  0.8784070614828512  
1.2036778833298014  1.1920633219353527  4.203284026468268  0.8643981723986205  1.1839824848198481  0.7447753486832827  
3.6201951614976973  6.107971574841022E-14  4.363700764187305  4.325254270378209  1.1795916605322097  4.586244945400104  
5.26165604552266  0.601177370491917  1.6927039206303969  3.8371552739989414  1.218357625719068  5.790881974997246  
4.008563638920488  4.203491190210181  1.0713663872973094  3.6244736228972068  5.207865889344894  1.772911515375597E-91  
1.165368933439288  1.1441462178950466  0.7641203620296336  2.3366259471307305  1.1953136300831657  1.030837856237455  
1.1880162353539296  1.2610168130126782  0.8199727315946619  1.0534500396901842  1.3602333341214798  1.0391364961322098  
1.188016235348712  1.2610168131046091  0.8199727315686126  1.0534500396773383  1.3602333341547321  1.0391364961241056  
1.188016235353971  1.2610168130119401  0.8199727315948704  1.0534500396902873  1.3602333341212174  1.0391364961322729  
1.188016235353824  1.2610168130145791  0.8199727315941239  1.053450039689918  1.360233334122157  1.039136496132046  
1.1880162353533574  1.2610168130230395  0.8199727315917318  1.0534500396887336  1.3602333341251622  1.0391364961313188  
1.1880162353540482  1.2610168130105186  0.8199727315952722  1.0534500396904865  1.3602333341207116  1.0391364961323963  
1.1880162353539832  1.2610168130124195  0.8199727315947486  1.0534500396902151  1.3602333341212294  1.0391364961322875  
1.1880162353539543  1.2610168130122035  0.819972731594796  1.0534500396902504  1.3602333341213124  1.0391364961322507  
1.7127527828603983  1.2289638605851831  1.139814923314336  6.371073295273504  1.6085679491031164  0.5026136994753183  
7.3085421814320455  0.7529680919078638  1.0810383597600803  0.2508637188457424  3.552700969365999  1.1880228504812391  
1.0921599086152045  0.9963293606381411  0.7673281999032302  1.1110984548253018  5.811951388416119  0.6462049905996707  
0.7527081554854472  0.9856547699330033  5.53816035622103  4.920526145151599  1.590252447914489  0.3753431105255077  
0.2887014685284939  2.7076803672632597  2.8337137850084346  3.063268942304011  4.699267469248668  0.23788869338885701  
7.222874620111585  3.788033253741485  0.9268598595359139  1.0328672853177373E-54  4.4816658616035  2.0725486393871412E-209  
4.090796053375678  0.9376818835695377  4.606723156953318  0.16158272147955868  5.205875882634398  4.077574149922697  
1.1683521681678776E-230  2.234416482685643  3.796319711331068  4.7739067917222675  4.8021254325941305  5.387321752807507  
0.8873677564308872  5.551271509837351  3.915114052247502  5.58827639738633  1.2901689038541866  0.5183164168548527  
1.087516616015914  1.0399766134258832  0.7308786157005281  3.6415440028842765  1.30741263811221  0.91564481284341  
4.214613588614399  1.1703453725093462  3.996690631491506  0.5200647656435187  0.8857152966316231  0.6411980194842801  
1.3036747317209967  2.5735471955553195  5.876869490662729  3.8223415341900884  9.024605536907873E-91  0.6066978857319613  
1.188016235353283  1.2610168130242947  0.8199727315913746  1.0534500396885593  1.3602333341256263  1.0391364961312046  
1.1880162353521473  1.2610168130451012  0.8199727315854956  1.0534500396856457  1.3602333341329682  1.0391364961294351  
4.57262393142281  1.0956118833119302  3.4450776242828587  2.932025115675185  0.7446263382117956  0.5892936419325026  
1.1880162353540598  1.2610168130103117  0.8199727315953314  1.053450039690515  1.360233334120638  1.0391364961324134  
1.1880162353527344  1.2610168130336468  0.8199727315887186  1.0534500396872553  1.3602333341290818  1.0391364961303557  
3.952357271857747E-182  1.048003507222345  4.850053747322225  4.9684349999973865  5.636521580704908  4.882196434627761E-124  
1.1064038534211558  1.1814642127454487  0.5419544105880839  0.7776995524181197  2.5904388829193925  5.324121254129913  
5.197073931753417  2.0039409124975585  4.069427140825887  2.8052346129662267  4.925116246496408  2.2780345043482004  
4.3129265747045125  1.3177807396560742E-106  2.7144316410558247  0.6461346571173022  4.17088170658321  4.694714279843961  
6.23194315018161E-189  1.1022335599892894  5.726657040760675  0.9507152505759157  2.420064674741666  4.631014004291445  
1.3543118186578393  4.114332024110396  3.80660690426507  2.4781202995927702  0.41937201502038807  0.6380569679851241  
1.1880162353548596  1.2610168129960557  0.8199727315993665  1.053450039692509  1.3602333341155235  1.039136496133655  
1.6015548306676655  0.9043216677869905  0.6549636242624489  0.9203786443532035  1.7853936614755967  3.553985441850272  
1.1454208147088163  1.154766516734476  0.7124441222764437  3.6627540542859993  1.0260978938093697  0.9992879550532999  
0.732917055661641  0.7659883349365606  5.213991778344972  3.8852070044072153  3.2865508921076234  0.15646133464071685  
1.248697185606877  0.25391854155609755  0.33178608061298326  3.9650408144903664  3.979400482140425  5.39495871865634  
4.637883708854418  0.2039879265751095  0.9104232228835414  3.815405691297025  4.683489107084313  1.35256763640334  
0.9691516696237323  0.2440917398875804  1.1028825477816517  1.0607590780519387  6.319775027316571  3.875535264012566  
1.188016235355817  1.2610168129775259  0.8199727316045841  1.0534500396951108  1.3602333341092014  1.0391364961351568  
1.1880162353546173  1.261016813000305  0.8199727315981629  1.0534500396919149  1.3602333341170627  1.0391364961332805  
1.1880162353532489  1.2610168130250088  0.8199727315911749  1.053450039688458  1.3602333341258601  1.0391364961311507  
1.2522869587398462  0.4620230712414165  0.6356142170051965  5.306338922432909  5.134911719141222  0.4480335555537643  
1.7248303209350564  4.776445465588527  0.8429275372973365  0.3310558311680327  4.620205066203575  3.5517751217826197  
0.871867001540137  1.6108690823791867  1.922607314460485  7.43269650946663  0.8027681979713265  0.46875699775573326  
1.1880162353528767  1.2610168130317898  0.819972731589258  1.0534500396875095  1.360233334128262  1.0391364961305705  
2.4423771536788332  0.8523410494845413  1.1542463159865595  0.8090093675948679  6.014941665802371  0.7416726832500562  
1.1880162353264299  1.2610168135296729  0.8199727314488218  1.0534500396176945  1.3602333343010118  1.0391364960892355  
4.909516983753698  0.39429499074798313  0.5838897029018889  0.5433723437277421  4.2475116622451194  3.6951727311673497  
1.146015720737393  1.242681925634705  5.091316194792597  1.5671934898097035  0.9329929763813831  0.76632309806634  
6.404992622264657  1.4747530677981235  2.087971170067466  1.130071251161729  0.7214024204065159  0.6216563944572686  
1.1499548865260603  1.2030790206084985  3.3111558060777018  0.9647305578049089  1.1517377611722424  0.8875687491450219  
1.1880162353249804  1.2610168135585074  0.8199727314407181  1.05345003961364  1.360233334310682  1.0391364960869585  
1.0493767496832602  0.9254915573942636  0.6805895137709246  6.535906422185016  1.2545733562824104  0.8155196661895788  
1.1880162352941541  1.2610168141513212  0.8199727312737388  1.0534500395304236  1.3602333345136821  1.0391364960386782  
5.928049086751012  1.037508736016952  0.8394510603479134  0.48402145591748746  1.3557219139685626  1.0577728862614109  
1.1880162353384744  1.2610168132994624  0.8199727315136915  1.05345003965  1.3602333342218809  1.0391364961080891  
1.1880162353530803  1.2610168130280555  0.8199727315903129  1.0534500396880322  1.3602333341269437  1.0391364961308887  
1.05938044821913  1.2015184968789405  1.998257401397681  1.373127631827178  1.181712610115219  1.019529140777143  
1.1880162353540793  1.2610168130099657  0.8199727315954287  1.0534500396905635  1.3602333341205148  1.0391364961324434  
1.1880162353528356  1.2610168130325423  0.8199727315890452  1.0534500396874042  1.3602333341285289  1.0391364961305056  
1.1924093009023338  4.825404648655442  0.49248271757340045  0.9535103333775312  0.7821972213171668  1.431903890644498  
3.8576396331389  0.7921989233839783  3.364274899830555  5.005161409075919  3.741905868091724  5.75174162629092  
5.351966478161359  2.5484157218027392  2.3423922338479435  3.8435917457610325  3.2643525222433096  3.058320667216888  
1.177020882750744  3.5021077261142253  0.5604985416805175  0.9198796783825136  1.0054622902627506  1.3180777059365996  
3.9286656861041096  1.3652599047976974  1.3711872511720915  2.1077384721477617  2.006125489190404  3.2198412543473762  
5.678257193758042  3.5986515623667508  2.707594633571662  4.253094036742825  1.9315753924031274  4.088508749098006E-14  
4.634447806716102  1.7435963583692994E-188  3.621507048983013  0.07093951652615259  3.6601739896706  5.789128334661389  
1.1880162353540875  1.2610168130098214  0.8199727315954697  1.0534500396905842  1.3602333341204633  1.0391364961324558  
0.5190344967910016  1.0244505281366605  3.733571910670842  0.8872329872579645  0.9952970435248328  3.1802813610263834  
4.688747781013158  0.9649558832468145  2.458151775009998  0.41900628450733635  1.4354520852202062  0.8179736365856134  
1.1880162353531358  1.2610168130270787  0.8199727315905895  1.0534500396881692  1.3602333341265949  1.039136496130973  
1.0152051079113849  0.8497183355499187  0.9240730666841496  1.030090435162368  5.726644811084754  0.8640636019186305  
1.0812863000559154  1.4352963744350076  0.8802503767039626  4.098526087888884  0.9626586112719931  0.8491596743860818  
1.1849929137706985  1.5364946907151409  3.442386571982695  0.9617930113018702  0.9665982599922172  0.8984649985068117  
3.995153238445284  2.0618048873548873  4.292274144991286  3.555849053348238  1.6337820550578643  5.4147742278877935  
3.72626185770791  2.5244787483566147  3.6852941791869824  3.11244873004112  0.31549820186167166  5.063016505520868  
1.0407815373159595  3.080693939794205  4.092201101827961  3.4028583566448605  0.29987603315515293  0.9472719689580376  
1.1035369552747845  0.8493606587036864  0.8285070003972712  0.885602572644088  1.209091468392182  6.83741142833037  
1.4689612643705452  1.037747534787007  5.460438284173091  0.8207454952937498  0.9262564813410447  1.3912055114019501  
1.18801623535303  1.261016813029253  0.8199727315899793  1.0534500396878623  1.360233334127312  1.0391364961308054  
0.7774563159022166  0.7712669204639463  1.3262709569989333  2.462069604347002  3.131183524428952  3.6386693974626554  
5.591613260851576  0.6772856947965537  4.979113325156262  5.345856380789421  3.107671313205712  3.283567724679722  
4.4871285843885165  5.206620495577178  5.302693755205508  1.1762589755608752  0.8978439143734831  0.10946721365409648  
1.100865114719237  2.4035349795472016  3.425276269470107  4.477076631879345  3.403645166124069  2.6797725194313027  
4.258666068551773  1.1015892119011979  0.8427640260920621  0.6286687274722272  1.3432560484769467  1.0091064226561475  
5.928047013421634  1.0375091823719784  0.8394511504259685  0.4840191512273279  1.3557275218184102  1.0577705176557672  
6.157824664295824  1.1046871088164156  1.132674604727341  0.4088317093519077  1.119227804993026  0.8510490048595883  
0.8022225724714789  0.5525655214828269  1.3799867833783852  2.61031284584461  2.273217285812792  5.977583658245966  
6.330774315636508  0.7886347051592398  0.8482124801391435  0.11466360947562193  1.1427734385358905  3.953262765373833  
4.645775631860134  5.1758695839355395  4.424023068593717  3.7939356637059847  1.0605515316573174E-220  0.09374714091818594  
1.188016235307219  1.261016813867771  0.8199727313530132  1.053450039570453  1.3602333344233908  1.039136496059403  
6.190000723763395  0.6458097585901099  1.2857331176856382E-56  4.512950404863975  5.410634800300616  2.707010034524653  
5.547296566813882  0.9232501069676383  1.1740011163332662  3.3207602330423533  5.705328756348832  0.48916823755531175  
5.7945556874821005  0.44653672724122867  0.4348929812056383  3.2456470003942943  4.256081912760733  0.7474781655542458  
0.10388562511825943  1.3328288862108693  4.405101036375135  0.8968829399591968  0.8192829500665136  4.814741701065974  
1.1164160878293004  1.0927003109680626  0.6170899117808728  6.567385410860649  0.8939368088347217  0.9363643152913338  
1.7210923728311447  0.7514883350751742  6.613548086492767  0.7482983194596011  0.858191207679966  3.6933980492419  
1.1383610875579362E-28  1.3048679888952253  4.97040910368681  0.9812269699377096  5.799692283474392  1.3593960547295945  
1.1880162353256327  1.261016813548126  0.819972731443682  1.0534500396150817  1.3602333343066717  1.0391364960879628  
1.188016235355044  1.2610168129925992  0.8199727316003425  1.0534500396929938  1.3602333341143167  1.0391364961339453  
1.18801623534653  1.2610168131491244  0.8199727315561216  1.0534500396710713  1.360233334169437  1.039136496120668  
0.5827798970112538  3.4215529725399567  1.9063915209767515  5.121734698158957  0.03541837233740779  3.2543663055384577  
1.0208519094170676  1.6131353125531198  1.0762487190314014  5.728167248713295  0.78499600161723  0.6919006193530385  
1.188016235328382  1.261016813481252  0.8199727314622611  1.0534500396245674  1.3602333342867194  1.0391364960923832  
2.736546245265711  0.8675911219754536  2.2607990602350765  0.554639209580272  1.069944291485105  4.70929059267125  
6.1740587276049075  1.1073833882541113  1.0953451480699068  0.4204326861413047  1.1121878817385273  0.8514328285491263  
1.1880162353527215  1.2610168130346218  0.8199727315884578  1.0534500396871125  1.3602333341292634  1.0391364961303289  
5.209434167757205  5.149579923566079E-165  4.2721115309212765  1.238869899856422E-10  4.464711371592703  4.649791874488535  
3.179708501875443  1.2272411423711471  2.843004854192595  0.6595052831216659  0.990277648190978  0.759553982713259  
1.14542081470977  1.1547665167388341  0.7124441222757976  3.662754054284025  1.0260978938023135  0.9992879550586635  
1.1880162353442874  1.2610168131901893  0.8199727315445164  1.053450039665321  1.3602333341839326  1.0391364961171734  
0.5248128379090342  1.024229928135135  3.74969530528705  0.8872859011408503  0.9952908419783087  3.161311482903053  
1.154701892859135  1.2050147585936892  5.933150139967227  0.9151252943311975  1.0181894575815813  0.730582299770881  
1.1880162353501802  1.2610168130808541  0.8199727315753863  1.0534500396806417  1.360233334145652  1.03913649612637  
0.9932589255225941  1.2251181816785501  3.3172477530706996  2.2415003038588064  0.9844345608466256  0.9392822946148202  
1.1880162353454558  1.261016813161239  0.8199727315525525  1.0534500396694306  1.360233334175382  1.039136496119056  
1.1880162353525772  1.2610168130371018  0.8199727315877532  1.0534500396867663  1.3602333341301773  1.0391364961301044  
1.1880162353523271  1.261016813041816  0.8199727315864236  1.053450039686106  1.360233334131811  1.0391364961297134  
1.1454208147096254  1.1547665167382426  0.7124441222758983  3.6627540542844077  1.0260978938032883  0.9992879550579213  
1.1880162353495607  1.2610168130927706  0.8199727315720299  1.053450039678969  1.3602333341497328  1.039136496125399  
2.03069707548732E-219  1.93305312865905  4.650435813947835  0.9288175859519122  2.5242847592452478  4.975764212981049  
6.623543867915924  1.0432323489007786  0.9332383906425913  0.41582391752658426  1.2320513884110826  0.9546657178124477  
1.0408853868968313  2.640098391166013  0.5418805190922161  0.7457523417960578  0.6101282853327881  5.563295513623181  
1.188016235348539  1.2610168131127764  0.8199727315664013  1.0534500396761577  1.3602333341565072  1.0391364961237968  
3.5916572502296114  4.132737982390845  1.5798162757345182  5.522057976411834  3.13424091748354  4.397208263782571  
3.8609688117936765  3.87395999161079  3.1636734455052897  3.843566347918379  4.9385157453160575  3.6393727614825666  
5.439618576578817  5.869980571507858  1.1244637995583016  4.827493787735115  3.7068593090716373  4.312597690068292  
4.258533511716422  1.4512873197442462  1.724650058510433  2.0432943970469655  3.4926715113005424  3.393636440314069  
2.629149728571229  9.628962784527857E-121  3.251854411469086  2.38387237272619  6.827984526124352  4.073384884782393  
0.2247748622688966  5.287419731561171  2.2739052692506165  3.3053772328382824  4.7371692591942605  3.1958518874714725  
2.404868417840326  1.5555498825512906  1.77642086327302  3.921622952465632  6.075511526128498  5.976769352969116  
4.2661396704047325  0.8474184890753198  3.5653109302770254  4.068386253506952  4.684441306875101  2.338960718888541  
2.8827687396610657  5.452117431418946  7.556843434112114E-101  5.101806562287712  4.723200517048056  4.426049964120884  
3.737982496824832  4.002663506379148  1.2974211053296816  3.381339988978426  1.6881981576997869  4.5704305398061935  
3.97714834150692  2.7895373984977274  2.399289114239684  2.5100009614586702  4.593134338774345  5.455426473472014  
4.342065777168018  4.471712321033316  2.448560794037546  4.240027573874321  4.516199459495802  2.4525140754222927  
3.421460288291058  0.05621902137083739  4.7842136786007075  4.823502399897067  3.9581717064433155  2.731693341461724  
2.3385761475238165  2.872014840506907  3.3058302246989295  4.3598220441789195  4.527878940203984  4.623465780340782  
5.505762278202176  5.187844883708823  3.0708143926218545  3.2302361563641835  4.0007558552715246  4.772333530623766  
2.2526285146432232  1.2991697396880242E-13  5.372015828031859  4.479230859584969  5.042779034248028  0.6683974712931202  
0.8716117083710095  0.8096467313685672  5.873874472103456  3.508269217201155  5.568018355369031  1.9159901215666664  
2.2956945158117747  4.244419744194306  3.2637926954108556  2.301202619591676  4.978348396075259  2.5180123174379956  
0.6134628539473439  2.9708145926109855  2.5165201422864425  2.643911728714027  4.891315264990024  5.72681539560397  
3.4324785491479624  3.0166641540600003  2.74530544022359  3.2290539573505597  3.774851359242901  2.8676451693694838  
1.779415688135239  2.168884186277653  2.8099372195663057  3.3561858882325595  4.306837990305097  3.1893144543323464  
2.777749172205341  3.17581691670799  3.0267755621945587  2.880215192584965  3.5574028523077814  1.438404922592697  
2.63567027659671E-82  2.3586507095211733  2.806173085030825  4.239456407029979  5.5874804012558  4.373430430276919  
4.705011599551915  4.487192358171853  4.40223932195516  1.4639272134944272  5.498569164029906  2.061067128344993  
4.362320569221144  5.378097888248307  3.369462344435226  4.061176864372113  4.835234608525721  3.6159189271089893  
2.3674443093551165  2.795990567062029  2.489717306214582  5.169232599203329  4.881948839955005  3.329969986765688  
2.5471782700696552  2.9196576564604966  2.776834891962877  5.578024156657213  2.1074644173401297E-45  4.715602082482119  
0.44932519072145977  3.802517361482677  2.613784125657505  6.333337918587401  5.000231602252222  4.250453410858179  
2.7126909943701945  4.271002270312306  3.71583043734749  4.459661316640973  5.348133349768062  2.244379293270414  
5.315094381806599  5.974866758368967  2.51765408938  2.4459206895581245  2.1072630772537173  2.4661528588296173  
3.4797176082895134  5.471744388476482  3.386685596222132  3.4181057737892124  1.5010543935836367E-4  4.891426054375221  
3.456530695864167  3.4211288970844733  2.57370723994353  3.296936893070677  3.0124955688007136  3.08922273231697  
4.527017136511314  4.725373250285238  2.652038720891254  4.136050873124963  4.3992283566082175  1.4716651881498546  
3.079489107613903  5.129074381659811  2.19347194469255  0.604240068638805  3.3274887372415787  3.5815563342499255  
3.0117508109517677  2.3246739984586378  2.31692630014859  2.3584289603041872  5.954451071691775  5.261601744705347  
3.5596187248414877  6.572726850641831  1.19547579664847  3.6100965918593446  2.3193550897265998  3.8266233847698876  
3.6512456505395647  0.7709300239320999  0.9928521794255063  1.1945229023024944  3.3593714586579275  4.950829021078029  
1.1776241308471804  1.8291703694785315  1.3944602805718833  1.8027585475089682  4.938061513040049  5.757675670050803  
3.3563533776298318  4.3749617177162605  3.296894308065135  4.335341373568057  5.139480656283289  4.762376496616936  
2.2149360494830748  4.343671579720723  3.3803766738874392  3.8830867513764633  4.938624589737903  4.004774544465384  
2.260983954646709  2.3983584351571556  1.1590339191368327E-106  3.1160689660581715  6.3217932005702275  4.425070597744523  
2.6040695469672586  2.6139169495648655  1.8020548392527116  3.825321666847614  5.229133398849709  3.5954656595224064  
2.8371872080307066  8.654831197398123E-69  3.3109006223424785E-190  5.562306432523993  5.441858874389918  5.0515840059913595  
0.7259606341038725  1.8265100337561608  1.4538432625841031  6.093276126575827  4.5580551259826105  5.74651495610645  
0.2670076287442384  3.930044293829798  2.8505741854493194  5.688638435524399  5.894299744141315  4.978155690124015  
1.369230901752583  2.8554162343345313  3.6550944150967593  4.925322193019019  3.2852586267643065  3.7470458952944767  
3.0514777338868053  2.74391182563677  2.871124218357665  3.3457340815748955  3.6063967134904296  2.661122369999872  
2.4961773688762885  4.162780450749089  3.10785499950804  1.7087485999941077  5.3822725287137105  7.24315917580477E-30  
5.941894374107484  5.217333781726135  3.985128638725402  2.473813833860893  5.199486782501149  1.0312300296148426E-19  
3.6378425508959777  3.343779873511615  2.46551505040918  2.807386595330919  2.9925838209414914  2.8536617674838727  
0.17985405050232192  3.261790919706556  3.3447698040216234  5.197231014867583  5.008141054819745  5.022121872362145  
3.7463109989474397  2.1078934072595894  1.163516749730438  1.8887410085118344  1.9304382391243966  4.732459498668188  
3.542949391754093  3.3057206993375905  3.616717049300128  5.6712696165005445  6.831516906241818E-291  3.9256799226884027  
3.2019420861816146  2.898097546864936  2.6255089788786545  3.3268920984091293  3.526417410768077  3.110706605478959  
3.8320948334695206  3.934462546247028  0.05243710224249395  3.310856873494788  4.495320049787858  2.3169290439350645  
4.582001378111343  5.661848793391619  4.416257919181305  3.0E-323  4.113287406685537  3.929454381246567  
1.2213531026615442E-78  1.875676250802048  2.823161432744222  5.4893808423294645  6.2339473433231705  2.57086340669999  
3.398544646021943  3.097096316745743  2.8903918138667124  2.588110673937256  3.5349125776777703  2.8513680511677686  
2.496275337414697E-117  0.46835023574946366  3.827102006966372  4.353920034996631  5.962029334221302  4.17153627320872  
0.5067277830470949  5.362293319137032  3.204838569378554  3.6168923052063584  5.251935605384824  4.795451644323463  
4.13272719130484  2.964033825957988  0.5875280226892564  2.7697287549265828  3.6432312166150593  0.6131142467218652  
3.6847617144101084  2.8845332911594146  1.2775061744852054  3.3064320019688136  3.072571646896033  3.0019448129993695  
5.254813429223717  0.48582534092029755  3.5175520533558746  5.180943469045348  1.0117120729753597  1.2049654885557903  
0.9867710622636472  1.2405876088938261  5.16268676719435  2.340611620479626  0.8726231280017659  0.8652076252237149  
0.7352672460632955  1.0900193556363211  2.694097409443354  0.9378616550013786  1.0233718743284759  2.4745942016152025  
5.951495814143023  1.1825591207389887  2.8335026654083615  1.819673566769817  6.2896376671296625  3.780080765152626  
3.4073210339774596  0.34742863403455587  3.426898210350672  5.059062900018147  5.981869202367538  4.167572237728321  
5.6161117252325425  4.262984740417013  2.8955719537387643  2.4405357739040734  5.129425450172045  4.624460272386329  
1.4163562741905862  1.2478853118085806  3.4048259968393793  4.51817456562587  3.1396801797648934  3.2180190507031834  
1.0223489690287983  4.556853158993248  3.0414071039509505  0.506878371861505  4.969792821506088  3.8136246795849904  
2.865788652725446  2.470600167391616  3.135833997926506  0.6006064310777138  0.7689115088648847  3.861894201403232  
1.9382538002791598  1.024116263793999  3.606774216666532  6.410791881398385  1.5172767590587135  5.729776157118666  
2.054191167285577  0.7236374975140037  5.392505071753983  1.3149968959831564  1.006412875569859  4.427907523570835  
4.029052424245079  4.046413119265924  4.874362161007318  3.6953627509591285  0.6591324599719507  5.14092569614256  
3.7105669995477726  5.930752158602996  1.518831197683217  5.3863453562396915  4.764046836156521  2.7908718273402  
1.1080294768672116  1.4787360288002702  2.2533926085155755  2.10559077924364  4.501849947337984  1.6655755267457957  
2.1237779093278073  4.177096166356289  2.041327874808539  5.208249574865601  4.332189706437883  0.3258112797235952  
3.8810229622328376  3.9205823323525046  1.5113634440195656  4.265962858655965  4.716294447892154  3.9727812014459984  
3.577583388789464  3.3277159355727806  2.1422047083752016  3.1250535515248345  3.392361877700294  3.036529556654493  
4.538736235344542  5.789843020667402  1.34921111331515  0.48637681467304017  5.189476858273139  2.25722739608701  
2.3283659934810226  3.7506991369167815  1.8889559842085608  2.6489082616821116  5.477572472682558  3.776813493181969  
0.6054884500838167  3.607450761986473  1.950865695724235  2.5932105173316673  3.255437443555212  2.746486435357402  
3.4764441517877933  0.08836594030788274  1.6028183964835467  3.3577968008298544  3.3244606352851065  3.782135477302887  
2.5557239758724677  0.9307095181274077  4.308589818986264  3.1476230209070053  3.6079418260364986  0.2456641921992474  
3.8846116096142  5.835273723278501  4.462354622326432  4.710460303235782  2.066984652950368E-8  4.642986896319612  
3.5764118085324235  2.4632796597893365  3.027467584904024  2.902288911768281  1.4449152966530914  3.218632678021879  
4.2013627923831685  6.12733884333932E-56  3.7545354214071414  5.541864113290552  6.131194851148914  2.1022170506495064  
4.2693212761906665  1.520653518349735  3.610721442776006  2.3852276848218485  5.122053990127284  4.291029377618424  
7.45659822402376E-135  0.6366212492106629  3.3777782240898038  3.5770426559023836  3.8988293707768658  3.5669019657140733  
1.781563047228228  2.8633754220899736  4.509666241864571  3.471801839392477  1.4558518419698903  0.687956862485025  
4.258481318901746  0.9307280992005024  0.6906174915963306  3.600310549655062  1.0881565134026823  0.9554081069311187  
0.8190415934314652  0.901713622160626  1.8634544248635498  3.1740150869934753  2.639952664922641  0.6169662513660824  
3.7061993801998017  2.509970118686386  8.29094684436556E-192  0.01287033559292162  6.067841461957648  4.421658680355719  
0.009416808984774466  2.2975612932099683  2.8482948525150262  4.331505146026346  2.8910089685438525  4.9095792215061715  
0.954606830060235  5.454034135712272  1.465768747980256  0.5550944720168752  1.8013114582959633  2.1701879503349253  
6.483185961147311  4.677342662652185  0.8237168506394872  4.443908606435282  5.329634189596368  5.443324829489348  
1.6195469438363888  0.8236365704999516  1.1074040967958525  1.2540460263506006  4.973184310402363  1.674777429504553  
3.3141385361231275  6.574235729157109  2.1966904393571167E-252  1.3678636452518873E-47  2.5753531963244276  1.0533888408132879  
3.814492444897445  1.770195290163946  4.28488209169728  0.006760435338795787  3.1147191060012984  0.24857880973115168  
3.4229457469454876  2.5219677581460465  2.268100382760698  3.40004230109425  3.808472684071115  2.9211708768720794  
1.3817378473897777  0.34640288256944607  1.0095508038254695  5.913932810087202  6.542062957489781  0.6975224106825552  
4.369119182362998  3.434800612884972  0.5373526695690872  0.08867425548726524  3.9368524533848688  0.5139002515810931  
2.1773749405452496  1.4472971090980393  0.5818927198078674  4.9584592030139705  0.7608655874888264  0.9953253979477484  
3.705278961308716  3.201007983648838  2.7416703091888683  3.036809897959659  3.7962547094339874  0.3798469431922575  
5.8461957810183245  4.435695032835892  2.1291682753166197  3.0398483932987257  4.768396818917737  2.183604828743948  
2.908385387249534  4.8714267456441664  0.9607642647374959  5.082042099411976  5.3863830318321515  1.0334908773834401  
2.7452137838098443  5.161211154710376  1.9331560841164541  1.5397591916552538  4.164638187885628  2.7684168232220276  
0.6947690605316  0.3859879400944327  4.037127868713113  5.09063134501116  5.7101013459512036  9.280274875734932E-51  
1.087516600025146  1.0399765786116666  0.7308786381537206  3.6415438982032677  1.3074127841580712  0.9156447463052129  
0.8243928411863762  5.9266169280774115  3.372767477714178  1.779419957826922  2.8964820371165634  0.576908616478377  
2.791529188016977  2.3937584567297834  0.7955595323665599  2.4164698260888553  0.8262581713461792  3.8751636285389286  
2.214602148610911  6.418268446162214  2.611020084181815  3.0469528054270576  4.451760881464842  4.010292025778134  
3.426903069159497  3.18885589823044  2.6464272496308694  3.288764187541896  3.343543116891166  3.120615407413286  
3.370802566526684  0.34273508567986866  1.7657494479038678  2.787172768783283  4.225492335600455  1.2438499552937674  
5.7511835509455E-31  5.079033810176388  4.060089650440527  3.7624992592981035  4.899168759382617  2.5831067054590195  
0.4152732256296132  5.0079335153740345  3.4441638461934203  1.296191412447147  4.8797402331850215  3.253243288667085  
1.402229546195609  1.7275817713451804  1.8291462827958202E-44  4.036711385413246  5.262080653691255  4.731289407916957  
0.1697907762932532  1.5325673314444503  2.817691306418883  3.406694151671501  3.961364834667963  3.512669141014329  
3.5331531126137614  3.244743303512348  2.4960316807533207  3.1827748819927004  3.020216395382893  2.848504396939156  
1.2536729212625042  2.7716772449905067E-11  0.5624338467284052  0.9704006665761715  6.125997203541671  5.7845308130424025  
1.0942496016627665  0.691436445971492  0.9299560386166396  3.790294667288695  6.01476898168843  0.5014191246125395  
0.5805145399356035  3.08495675009346  1.6003803541186843  0.7191345236899754  3.339626787704209  3.6203959810740667  
2.986136598804208  1.947225164279933  0.9772480657715432  0.523461586192596  5.2447439518617776  0.45309293202516354  
9.280558889292427E-4  5.662317813171158  3.8545200743823047  1.9353654542785261  5.390659706239499  2.3672186913179537E-176  
2.6636094840980364  0.9051514349898674  2.4762161791454727  2.8564589016959556  5.157375810167128  4.438070381902846  
3.781778594935701  5.244563293371837  4.383232244235674  3.3761635469227076  3.9832860183071297  4.1974228481450195  
5.928048404480107  1.0375089082666202  0.8394511071905253  0.4840206089242782  1.3557239586937468  1.0577719761171787  
3.5772556967704365  0.4869897138242913  0.47086482856501244  6.187988812395092  1.7193230195896616  1.0274973353504724  
5.739175724150102  0.8100994923860242  4.525477852826063  0.2716157612304653  1.3788757890217227  0.7963936858859217  
0.9043625024410293  1.2334300592064154  4.634177115216639  3.0923450955920035  0.8657172591072726  0.8732204923854168  
1.188016235345808  1.261016813162638  0.8199727315523077  1.0534500396691773  1.3602333341741408  1.0391364961195408  
0.6018608865937524  3.002669028992891  2.254439051181445  0.8603639010615285  0.7194137321852951  3.0316210375818686  
3.2938295984906416  3.1301331132484362  2.3979671914044314  2.878593747916391  3.037209741570655  3.395881273508549  
4.487943814957765  1.1723976454162888  2.1016692323743196  5.483043648330647  4.455603704437204  0.06694336929748586  
0.3340483648942303  1.3624805152648796  2.379011394206083  0.7357095993288013  6.663736822738467  5.195507490884921  
1.589090621521107  3.4381974244540503  2.8800078280848025  1.951482310885287  3.360056468290242  3.0989258667226616  
0.9411226740958475  0.8348968863538008  5.459843612742301  0.728783322783267  1.0836015938133108  3.1190125282113987  
4.209429097594242  0.8666731944684408  6.481193451750541  0.6625513476970087  0.7957495652827254  0.9016974342400971  
1.8123153577986604  4.2696718425557165  0.6658465159732424  5.13818026261206  5.306973153144776  2.1819228968719526E-34  
0.7360294066009577  5.1137374373897675  3.332445348292481  0.5872205169012338  3.438544035927253  0.7503792652444559  
3.3937202566336993  1.578933088251862  3.5083848523780916  0.6390478343755044  2.155964952403063  3.697016921232664  
3.8958338866104483  1.9895928903211668  3.0673845400445137  3.591388351164477  0.5267529773681768  3.0068831330888157  
2.05764643904787  0.9002246220569885  1.8835900627919593  0.5939613073709482  0.8714913819696846  6.234979841342714  
2.222966285250579  0.8955848659073486  6.983935393335333  0.650408884026597  0.8679278221453177  1.5137960461211974  
4.950526226313837  4.512645672515353  4.607940782180193  4.719687340797184  3.7768279844132815  3.858583947623103  
1.6803138834216504  2.774280440953292  4.964375962624969  3.7701881384439266  2.8239952374325243  3.8748875779810086  
3.01181452265063  3.4057248558393782  2.5243371376061012  3.160865459286417  3.826720521394868  3.087867821504722  
2.8724146307410248  0.24013183390363607  2.4977606628899554  0.5533477498906018  2.5992653470769884  4.979429074621918  
3.9767030967374875  0.7036355690610888  1.8849311490314733  0.34493070028732153  0.902806626671363  5.755204769253162  
3.8238314309315746  0.8762036761604394  0.8710063459631621  0.5502958366959447  1.4946331063532616  1.9921600294125639  
1.031458657142229  5.7326065050595805  2.4857572627930122  5.954620423630841  3.2136221775182407E-190  0.642019064199012  
3.1575781396952727  2.3468306971281407  2.6473397255578486  4.4373607496825676  0.31907007681245464  0.45595323020085887  
3.9947104446206816  3.0471194578824767  1.697600716028728  3.0674594385427003  3.0977180794864063  3.113291074548024  
6.055213009417969  5.046035404947413  1.07150782145059  5.3757267113703335  4.895175371084835  0.3785523672801652  
0.663179290768595  0.8350747404971175  4.149267434331242  5.743441632560211  5.126865367690108  3.9712735545589704  
3.13502267056204  3.2115551396975572  2.882162285109775  0.5524606856263079  4.441386572240326  3.0508235384486753  
2.577029703131667  0.5561536792979271  3.5026955357979177  0.647480719302788  4.066438595665377  2.5339370239995316  
1.3176348648520315  0.6164155731628423  4.843056024009188  4.7097442389491855  0.9693562586812395  2.749817632083  
0.9153268644810787  2.603502827923392  3.842584828234558  5.266405849179187  0.2561700816221465  5.303582422622254  
5.1973516693634005  2.6961812877222124  4.179973566506439  3.084055247121471  2.7128117495454547E-73  4.101366662554016  
3.528722041124958  1.0464287121916944E-66  0.9911194251567053  1.0928861523454083  4.414036754250408  6.8740195992575375  
1.3195155698378722  0.3839449643994895  0.19451835351108987  6.5206908383889255  3.4871092887087656  3.8320768846207884  
1.0000918129052299  1.2683919808329553  5.099910208542687  2.4101618723502276  0.8810051406846865  0.7825980223472021  
1.055561649667449  1.1645276414610313  6.44713903055757  1.027138671752002  0.9611433638816802  0.9493894930204254  
0.9136319936813386  1.2219146152229008  4.8233953652353225  2.7473327278481365  0.8639274148535916  0.9443497147016036  
1.561006936861053  0.5492515708333908  2.075408030495871  4.821814644453593  2.6545645214215736  5.030172883355179  
5.11852473098214  5.003612335552126  5.001891016396173  2.407990268393174  4.907516382741683  1.8980843670137475  
3.817615286731689  2.9787537876876264  2.7258011095680708  3.375140633173758  0.4600898945950015  2.4427283834363482  
3.084584171377783  3.214015561671157  3.8224575651912764  1.6382703475843932  3.159721435535984  1.6107989895083927  
1.843904825472858  0.5132532278471571  5.395654248005734  1.4434719959665496  5.211308188940004  0.2764187039493825  
2.4966656606025195  0.4566307138981919  6.130308970282048  6.509395380180296  5.52654336246138  2.6210652287361778  
0.46498483790063  0.9788898373838227  4.391310369280438  0.8950803507143481  4.997145898065396  1.8020965415296901  
8.409613601535914E-9  1.3580645559567603  5.673158048536125  0.8709217097261059  6.155645666682098  2.0695337820887527  
1.1880162353541064  1.261016813009472  0.8199727315955684  1.0534500396906326  1.360233334120338  1.0391364961324863  
1.1880162353540002  1.2610168130113795  0.8199727315950288  1.0534500396903663  1.3602333341210213  1.0391364961323204  
1.188016235354326  1.2610168130055475  0.8199727315966792  1.0534500396911815  1.3602333341189334  1.0391364961328262  
4.165752129002886  4.933357425296435  3.020335914913708  2.729338126751493  4.623611602744509  5.245927635135685E-155  
1.1689671834996938  5.594059698373204  7.160257212442662E-4  4.849374227599573  4.625272104788578E-111  1.761518325687554  
4.258350905857714  0.93036963861389  0.6906060829069655  3.600647885437282  1.0882656565564572  0.955510534983172  
0.6475871013361439  1.605284154231799  1.7674625245957494  4.47194649583482  3.093230793511702  0.3713844853746489  
3.5856613204951295  1.9698682157659777  0.12645489263399087  0.18793712492632528  4.353604105952203  2.535321132765019  
4.955060159087176  3.291844685909243  8.50663783132022E-209  4.161760795106734  5.061312643904148  4.950799958267873  
2.157161432380939  3.5451584090160364  8.761763644783224E-169  5.502123117036478  3.9155162894625484  1.4619674525436295  
1.1880162353537516  1.2610168130164285  0.8199727315936113  1.0534500396896556  1.3602333341226944  1.0391364961319283  
1.188016235354302  1.2610168130059625  0.8199727315965617  1.0534500396911235  1.3602333341190844  1.0391364961327902  
1.1005049737809273E-17  1.6296239088695343  3.7233046563357526  2.5683587745651293  0.562982693063092  5.410241000924963  
0.23822454626484008  1.330053428577587  2.8257246296198715  1.6343344756028337  0.793957247326284  4.38924734149247  
3.2520184961966336  3.2612214840679603  3.1678774904174464E-9  3.0395768997524253  2.7196927836695823  1.7379302613749519  
5.689851895994717  4.954372552718871  1.857299349117941  3.1922209016731865E-68  5.395959016509123  5.547526944335679  
2.753080574409085  1.2631956073165391  2.734370448947679  0.6107135485535446  5.744125027963196  2.3194276581503006  
1.1880162353490948  1.261016813099127  0.8199727315701922  1.0534500396780946  1.3602333341524557  1.0391364961246916  
3.454620054435964  1.9736904177181784  0.7557231594900841  0.6390361194428871  1.0422621568458974  0.9289259648950705  
2.4603761842071363  1.1651047710544546  3.965278032420088  1.1737573213076664  0.8685392587415953  0.8516591332889387  
3.5E-323  2.361060896462266  3.8770386078158197  4.0207034222631375  3.4205505192986965  4.445868463884954  
1.0365761354154968  0.2618187549887981  0.4796203106564532  4.701159554667082  6.142771411886803  5.54248218909017  
2.5939855728755874  3.6584801964545774  0.756730659584082  2.690866979512483  2.3536866162461356  0.49076654224184213  
1.1291173906097745  1.125275153261211  0.6483480451881136  5.156296527997537  0.9284904197780192  0.9840716977742564  
1.1291173906375125  1.1252751533551657  0.6483480451382178  5.156296528062906  0.9284904197120866  0.9840716979404381  
1.14819360012199  1.1387223012830616  0.7070608748782673  3.7478467786089538  1.0150628790895102  1.024896075242749  
1.129117390627666  1.125275153271069  0.6483480451684666  5.156296527929316  0.9284904197648282  0.9840716978132058  
1.1880162353541406  1.261016813008855  0.8199727315957431  1.053450039690719  1.3602333341201187  1.0391364961325384  
1.1880162353543022  1.2610168130059694  0.81997273159656  1.0534500396911224  1.3602333341190878  1.039136496132789  
1.188016235348101  1.2610168131205406  0.8199727315642027  1.0534500396750723  1.3602333341593051  1.0391364961231153  
1.1880162353530974  1.2610168130277357  0.8199727315904031  1.0534500396880766  1.3602333341268344  1.0391364961309144  
1.1880162353398347  1.2610168132745003  0.8199727315207448  1.0534500396534952  1.3602333342130821  1.0391364961102094  
2.291617252607952  0.8729215540056983  4.128238202176954  0.5901612066043137  4.681309458033593  0.5582915582229544  
1.2175151873614325  5.197239537710543  1.2332721067683072  4.623530453137953  5.518479252429246  1.5373689889465596  
3.3722414096291558  0.5845050362960496  5.195919958920269  1.9300658970937823  6.137849863273779  0.25381483806592803  
7.054468688211218E-300  3.4247022041838426  4.895251492721897  3.249231541919925  4.626283578781968  0.3755720300651857  
5.171713402754475E-138  2.0877862465097707  4.432444111992662  0.9162293607435784  5.8207737370067045  2.6648197851929156  
3.809454072611373  3.8378306395555706  2.560508436056691  3.5928381996058594  5.481997026783229  5.3724762600624E-51  
3.0795475387361746  3.242367773062836  4.145329487952091E-189  2.897444310503195  2.88483535484758  3.2955039673983735  
3.6336330942967536  3.6434058542713177  3.4556011131132722  4.08267841942403  4.187626133026957  4.043914415617071  
2.0E-323  3.223397199227024  4.124443682011444  4.86290730777708  4.4823053382041085  1.8655977216153659  
1.0875166231667854  1.0399766292496055  0.7308786057772751  3.6415440503710506  1.3074125720581378  0.9156448428263058  
3.1838872526921107  1.226970133718815  2.8383743433284403  0.6588473914622364  0.9911944748034194  0.7593221420164522  
0.712740536557449  2.5042788009743724  1.6416000539701978  5.6253767302042155  0.2969043877233671  2.2303495975668466  
1.6597604486819022  3.2868095603436767  1.2084301066519865  3.050433728865077  7.474503410493017E-80  5.195485405759679  
1.9810645730986498  1.7266500402287628  0.7605368580756472  0.861686190940911  1.1731189473373718  1.0098677810716776  
4.2131671052329525  1.1706694975958614  3.9982018504470123  0.5202287690942673  0.8854927161399725  0.6410524866601364  
2.304883520261396  1.2016006547826177  1.4478827810038661  2.0745889588029898  0.9577576273352605  0.8774510403024095  
2.3095608228117177  1.200924131337727  1.4428549771215728  2.0737747520280094  0.9581121542125997  0.8777222944625098  
4.168364143688403E-293  3.8337690049150113  4.334980979556394  4.740740166919447  4.979221801771818  0.15859116667614795  
1.091313747957744  3.124342292974221  6.94732537711932E-150  5.58844019324587  3.437042829243673  3.4884123334147894  
3.4065323096571274  3.1703322987022347  2.61857172811636  3.2373529134804766  3.7208790789438084  2.9829203748316058  
2.640646357708942  0.2510893234604782  0.9841108029560237  1.822477956001895  4.461045996956518  3.9074265465774247  
3.617144864293313  2.984111374935552  2.1184266515829644  0.17519260773745945  2.91445058779531  3.463792256197662  
1.0494315474145341  2.5029075335602675  0.9721865643213863  4.62218665296546  0.762314776598319  0.7979324653109856  
2.5408079710019598  0.7675658879960082  0.6269589456881782  0.7585928434770302  3.6068838048731195  2.1389534882542565  
2.592833326176145  0.5074591439743705  0.2656331935641527  4.662837244660844  1.9289694243220354  5.720122178229627  
1.582924212121718  0.7599042269286953  0.2644272758566892  6.3631384470314725  1.8580651650553113  1.8542212806418579  
1.621892617271852E-210  1.2383956981134303  4.4088133128229545  5.901739442914152  4.0696402021984275  3.850423128388335  
1.9533391278201672E-153  4.627835408985116  3.770613584543474  4.427493034710057  4.959482826390025  3.250493454136455  
3.3081708801169185  3.2629767931036677  2.899899030247558  3.1031608632963996  3.446549034492756  2.3982664976106096  
0.7807106507609023  0.4830679117791112  1.640843469216709  1.9395516121772671  3.8387716058866315  3.1181405052745204  
1.2362737373546213  0.5493515479892689  0.6974239455312365  5.274215261908356  3.9692359168523463  0.48295717986633546  
1.1814588939766764  0.6698241700359927  0.7206095598493512  3.875654920595522  4.117152598798174  0.5629471085248071  
1.0293179153384253  0.640025461367731  2.0764498877240363  2.373781508237775  3.6400018789253474  1.1589400759447268  
1.0921602206591265  0.9963293916780784  0.7673273100024474  1.111098395092358  5.811950287506927  0.6462049133450662  
0.6899660815494822  3.3355029355016472  4.5041942348853565  2.996455721705832  3.241974511961366  0.49764958162422585  
1.0221865477146328  1.6078520006447148  1.0672940441512524  5.732518614229189  0.7860066284555518  0.694191213355778  
0.8448323741673334  1.0548074510375156  1.896051330992124  4.672173868392795  1.846615887586786  0.5750188478681512  
4.1062291908040836  3.650678909327431  4.159737282854329E-23  0.20562432570730318  3.5322718968864657  1.8059105719984714  
2.0313772006771  1.0889066623305523  1.6024327852276443  0.8747823605561327  1.4477597898681098  0.8977062617865158  
6.789443615911013  0.9250176124621713  0.9836158079211711  2.516263842534802E-14  6.463116975699717  0.9584716373316611  
2.356346443692187  4.765513535135472  3.8205138117679076  3.771380587769149  2.3044000281377233E-179  5.543488710084343  
6.335599057248779  3.2271169451959407  2.317064355135634  1.2063901027845505  4.233365640442161  1.5826667350157666  
1.1499545036227377  1.2030783192158843  3.3111558742838607  0.9647305807689079  1.1517377352895701  0.887568969566647  
1.049438550931434  0.9253176714350263  0.6806710561301317  6.535450425802081  1.2555119040300267  0.8152048543770273  
1.0495273437505215  0.9250688452958568  0.6807865484645259  6.534798824046145  1.2568526451376674  0.8147558365181289  
4.258665978237576  1.101589210916891  0.8427640165084622  0.6286686993440533  1.3432561302269999  1.0091064236058165  
5.92804953231239  1.0375087064607236  0.8394510848457459  0.48402171634172975  1.3557212370200462  1.0577730570869919  
1.1880162353496002  1.261016813092045  0.8199727315722349  1.0534500396790705  1.3602333341494781  1.0391364961254599  
0.9044886344701863  1.2334455796037354  4.634792280149999  3.0913159856227956  0.8657208875582741  0.8732132140959592  
0.9044149576197513  1.2334454638650598  4.6343179237401575  3.092290568591024  0.8657169703616664  0.8731526084570181  
0.9046716270791224  1.233463182714669  4.635747761147778  3.089620562709853  0.8657270403673509  0.8732381286199091  
0.7320005169985274  1.090363444832924  2.6853173840679867  0.937940856543494  1.0232721938940628  2.4850094794502433  
0.29990620911592675  4.064249926237207  3.0705877895950464  0.783522664158936  0.5531354191290171  4.023154615555178  
2.8418863023862597  2.8341119556011485  2.4330880179258836  3.224849427523227  3.18556084473538  3.29396270194176  
5.082355046866397  3.8150134128303113  3.866412656889582E-13  5.189286410454035  3.7096959381103365  3.870567170528718  
1.1180492993434294  0.9439066928149047  0.8169822830662161  0.9595116628704002  1.418524098532941  4.290644769577509  
3.4370491037357196  3.102452786573322  1.118708679164061E-51  2.8452247343089017  3.46871246952054  3.3505173794726963  
3.9596000416416928  6.459962910121227  1.9986216595466517  5.839435049746289E-28  3.3577354781320117  3.707127522642888  
2.9779794126140535  0.8797761772084527  3.10357357130897  0.4209347261430261  6.518708514142346  3.9722322893825903  
0.5229898071031701  1.0242995260538632  3.74460848136365  0.8872692076251838  0.9952927988664476  3.1672963540073495  
0.32271251724830596  0.9626386967163627  4.813969860222598  0.8393283744043767  0.9720432939153985  3.8469288225585654  
4.594678054753135  0.7480415029385429  6.333900691063707  1.339752284793609  0.9870729347333054  0.777586989297935  
1.067508078456435  1.1011414184119752  5.543087153704277  2.4490350943820616  1.0654623128182699  0.8394112497240243  
2.2563040916417583  2.9485289863315978  1.665422550633082E-93  0.4486023191898899  3.8201997224831565  3.798321432493238  
1.065796591740972  2.086641616818676  2.916407681249792  5.222918716942872  0.5257632704004218  0.5617173774060823  
1.1920985057731355  1.6374989698154183  4.876142384405167  0.9352049019261593  0.8808078200847379  0.7932320058333263  
3.39414411750529  1.6568074772367525  2.9609941267031257  0.797641638685971  2.9764684619262143  3.7419863564465325  
5.409217286533518  2.317769852366568  2.2810622911195604  4.521129396338696  0.36183377289039315  5.2012730182190765  
1.9719115787892636  3.7682860825252043  5.554522389312669  2.481926957400146  0.6148467960425367  3.8003991805254356  
1.0893381796890238  1.1774989025399007  0.8193840265317719  0.9569950753646996  0.95868894585585  3.5625767565433577  
2.910352810335764  0.9657263639539976  5.99698530898871  0.6165155770273251  0.8736641543690525  0.9949547190100826  
0.5149075224294363  1.0246080849780044  3.722056310371723  0.8871951926433114  0.9953014705090452  3.1938299680255344  
0.8222565648543608  0.6743406887555147  3.0765207209105356  2.73273380053688  2.343171071357422  4.775340638137304  
5.254973914990107  2.99326940035182  4.0368779918103685  5.022126175876815  4.059918209487317  3.957591362236107  
0.7751796973812383  3.124463031567429  1.6870445606262026  3.5943702095156356  1.92630344326049  0.6581874611209404  
3.30612894569479  2.8215027484528514  2.821479090461481  3.331313938009616  2.9215373457686273  3.3374106320505863  
3.7027404245968354  0.5449841679544717  1.0315197171081965  0.5335669172390752  4.529408500908374  2.00729178990893  
2.6231303497689296  0.19012955319285804  0.6500608096683536  2.571696529949392  3.6604445886883687  4.942432118110156  
5.194300595647175  0.27369940335428733  4.22283722872559  0.7859496074269282  2.6373547766165566  2.164026375660722  
3.053992424925861  0.5317012362646292  2.675870298732633  0.36688500854584316  0.9883830239715578  6.49084638795465  
3.882680931462664  1.1069723186872562  0.6738677025663729  0.4311763059461011  1.1522361217019146  4.053947242962936  
1.1526800488061764  3.337243038444137  2.3664639100198093  3.454486581134005  0.40005985604313343  0.8253025444807067  
1.1880162353558552  1.2610168129786243  0.8199727316043085  1.0534500396949436  1.3602333341091912  1.0391364961352016  
4.356212182047483  0.7711314912293992  1.3202679104230783  2.897306102346011  3.8417250524114595  3.123076886785614  
3.2036928576422077  3.9528451341459907  1.7201927438903728  5.170368254101412  5.281670957435646  1.0979761732542453E-151  
4.536285241791519  4.344565291167537  1.6655637168292348E-268  5.342029419166065  3.6425118523071878  3.372159639922496  
5.157365540191713  1.7900318924767349  3.8440433539064034  3.5666091661942474  0.2586837206735003  5.859692531587167  
1.209486149522231  0.9811708674294437  0.46387715309320976  4.807012413792589  0.884465437385003  4.557664150052989  
3.5751084321252193  1.4769180222465965  3.2805550070341245  0.22248778273112338  2.82206775962066  3.3186951822759694  
1.4043102445595503  0.4101310277109402  3.231613154772287  1.5224564572477735  3.920423642910466  2.8692739384011574  
1.1880162353521844  1.2610168130444195  0.8199727315856884  1.053450039685741  1.36023333413273  1.0391364961294922  
1.1880162353503227  1.2610168130785822  0.8199727315760351  1.053450039680957  1.360233334144775  1.0391364961265892  
1.1880162353541404  1.2610168130088408  0.8199727315957468  1.0534500396907207  1.3602333341201147  1.0391364961325402  
0.9539741606929081  3.2671556384534366  4.51728992156709  5.932031305911821  3.714282813369171  4.8160514744434816E-29  
1.0802109138335754  3.8018559736856465  0.7497082163495994  5.206654595554757  1.5286311212697952  1.2183763122321192  
1.003797864439039  1.57451449146316  1.0220680234668298  4.448107824652801  0.9682126854421323  0.8140025306592139  
4.864651297302323  4.465757523363067  1.0070065671601292  4.1531787304058385  2.2183884266262447E-108  0.6637214881600113  
1.0614930739377606  1.526126541617756  0.5840146494967762  3.448570346338958  0.6737012158350577  4.240762086860372  
1.0904541963441314  1.2522622757951378  0.6203104869122575  3.581673288139503  0.8171385565478203  2.981868967885072  
3.664452768313754  4.5337807779241787E-256  3.2152942808403067  1.716301535773608  5.851226113236224  5.140769652017671  
2.8513837280943277  0.35598017507643337  3.565232567166666  3.077907463368537  1.2008175327635697  4.604554725808383  
1.1880162353539878  1.261016813011621  0.8199727315949609  1.053450039690332  1.3602333341211037  1.0391364961323009  
1.1880162353513786  1.2610168130588304  0.8199727315816088  1.0534500396837259  1.360233334137896  1.039136496128238  
0.5117368550905358  1.0247291328144077  3.713209093890943  0.887166154220976  0.9953048704813328  3.2042391035961706  
0.5700657761387212  1.0243387781023607  3.888081685998554  0.8879987101095674  0.9952482518650569  3.008860212897791  
0.9039773449024816  1.2334144816598376  4.631890071930045  3.0968105856324435  0.8656999363408768  0.8730124414785422  
1.1880162353541472  1.2610168130084107  0.8199727315958623  1.0534500396907838  1.3602333341200334  1.0391364961325522  
1.1052407045696708  3.1887923175312354  0.6985801603681144  6.397595198105533  0.3229485954312372  0.9959392281046862  
1.0797335847130836  1.139601078658748  0.666536764762135  6.390790261617025  0.8883761962043615  0.8646011293559565  
1.0509017624733519  2.3335437051659116  0.9629205069059146  4.122620240846333  0.8634812062192859  0.8229482918177176  
1.0023670833928617  1.5739554723727978  0.896373394497784  6.70801582568526  0.7501329651311653  0.7430504565165129  
1.8002373075645215  1.0599728213165875  6.35143917153735  0.7169231785573571  1.1304189844802885  2.689074295694602  
2.5616615854884075  0.23835975641236087  3.3050487907322355  0.4952141914400451  5.501776066537905  3.598215212837729  
5.947282945843739  5.369358588769563E-103  2.0131354399942842  1.5428472075618855E-15  3.3964909798521288  5.490888280540576  
3.3431318249849316  6.355350136800491  2.033836323665605  2.8084167032976067E-216  2.632083235671172  4.91756949251793  
1.3732196670189225  2.3317714578351594  2.554583944227068  1.9760207247194495  2.355000573724368  0.5788373576447635  
