2.9522426704466502  6.470297129120595  3.8712205819837893  2.5545387144369913  4.193488311140758  0.7218294216193326  
2.8304778730716795  4.279404638307493  3.5731470472233777  2.9201431449231094  4.976033509888871  2.20533237238696  
1.9883845290101891  3.1031371819729654  3.176084619459721  0.5627601130785297  4.046397519016173  4.263433648862534  
4.563974994411514  4.387169660460833  1.2190138473199303  3.9788028726516544  5.212909826156952  1.347014887555387  
3.0577647872960694  4.060487840152774  1.4010908703272777  3.138458812139311  3.633252036281937  3.5457001255342635  
3.861375570553757  3.271580599892447  4.46371957190332  3.607940357984068  2.924892658636063  3.3370829201489496  
4.318087095423127  2.7090275248449345  2.3230511774170313  3.207275412021301  5.153491741096464  2.569639819856751  
2.2926332292149096  4.875065485485318  3.9073217146287873  3.316557768162176  5.8181082574997465  2.9199749802876798  
3.0332761391619436  4.452154535452035  3.192847781278779  3.3100089943874647  5.39206925059604  1.1959218074259867  
3.7767545501365287  4.2065780153516075  3.1375205397079724  1.8754160104859685  3.3467518093970368  4.047242483104929  
3.5235143013592283  4.625337168710912  1.7260334281695038  4.842270086850936E-104  6.711148269247539  1.6456987778540506  
2.118273386324547  7.0577518032136055  1.461504705774537E-12  2.0237541234046916  1.5776271766662637  2.6909969369211866  
3.614463859467589  4.407047787502992  3.265747425045389  3.5922123398665864  4.0046549515649765  2.0293407968874075  
3.8449445932868884  2.6103816361194245  3.9902605487009652  4.078373905394988  3.8856114546282563  3.0151147585146383  
0.06740606135587472  3.183606223288191  2.537593638088786  4.190001489958457  5.323960831841377  3.0151383272587795  
3.5430009143475054  4.4622718574362805  3.1929422610251454  5.287765849796153  3.722701087715463  3.359272102570005  
3.8361059424872583  4.213007951316054  4.253703966789969  3.727537026947164  5.662148434699708  1.5416724535169086  
4.154134253748541  3.875607127957988  4.040146897130364  3.75070694860424  5.121788388357523  2.399489945284602  
1.5757444407201588  5.737506031126784  1.1284990129677746  5.64628762347016  3.6990782077155666  0.9614577438976839  
1.7644745993334636  3.283528741663096  3.6805248119557405  3.4995942330944434  5.465743088093864  1.6778439203677376  
3.5839675291441035  2.24184298946549  3.0179658254047377  3.2914503477986163  6.00575689936817  1.8228721030587571  
4.083163542755973  4.182702222514971  2.0592236002496227  4.114882701772077  4.084484552330461  3.8079452595046552  
4.305182271985102  4.336090855318308  3.754283225855965  3.2796083548126247  5.262951880320519  6.695499508480739E-114  
3.5321316259907727  5.1844949120884625  1.6978205020149904  4.4779592624690885  5.661874852817033  2.214560560352436  
3.6529856307859734  4.864995279489042  3.4741832415852  3.0793971285763497  6.195539211274192  1.4405235797471083  
3.64585507681932  4.167312114636391  2.5183298414836037  3.784043801026966  3.697145177566044  3.3468933396818294  
3.980127755745203  5.0313500890034195  1.5207227901826275  0.9648142082587231  3.4276525923963006  2.5036302553446186  
4.874510503508957  2.6981922655089026  1.957566387418666E-4  4.704707049905636  3.8479047113531597  2.77490090265332  
1.3335443806081093  3.311281393792226  0.8373512304183202  3.725476232229503  0.9618194015074416  6.238911486621909  
4.230372677122255  4.343363641346071  2.7272003512665175  4.2487282060169616  4.312556566085696  1.9844362563276312  
5.1233624960891255  1.652061900111955  0.6524447134439529  3.971247427402963  0.8765311493815765  4.908112804100985  
3.875776019306296  4.411280832295152  1.9068399274229757  3.420563830429353E-9  1.634159281117392  0.5822440873768213  
4.401119717803402  3.094833245914642  2.2059316294299625  4.7971263638442325  3.6787115341707963  1.7948949683436852  
1.3566755658775338  4.023824322533945  3.6408087006883707  4.447729226830516  4.1696422084686  2.1541543773268743  
2.856925060254242E-61  6.3165699927280965  4.012380848273339  1.9254958587542927  4.005105429699925  2.5651493284491655  
1.041440121276569  6.5151431485811715  2.6569102118839654  3.1216631258064877  4.831339639720236  1.455169258298797  
4.951949582447105  3.690832211782159  5.1110638902839565  4.042150126509359  4.406756820938209  2.1547448608350943  
4.21772283779348  3.0625010480901276  2.809731181319187  3.684909672054756  2.978558785278793  3.3375154899063157  
4.196576879089667  4.451352905210079  2.46138286298542  4.42322874937433  5.871748150642268  1.2238764565552065E-204  
4.329144582761841  0.19439533744619722  3.4623256788330936  3.7979538416777237  5.712819108141996  3.922815508973594  
1.4223683937584362  4.715119119146203  5.055797847540623  3.5515327823497085  3.8293652359635693  2.7701747497381417  
1.1803975218470553  4.26694518761882  0.4297334595730125  4.4078387732042055  3.382404098236586  4.139857507027333  
2.422947264937201E-155  2.5994179439249527  3.7919506646101935  3.3599216206153177  4.649113146816294  3.6247089739053213  
2.5045043063271133  4.1093937007338575  4.197412410895832  3.2424473336039283  3.3820617032867735  4.478764219443113  
4.110897889920239  3.9124308981902898  5.785607418738472  2.2685933707479102  1.916983669466883  5.596581079052611  
6.072173377695937  1.6652963815764805  4.445392773529086  3.546337645909502  1.2254979323784598  4.2328408833208534E-45  
0.5879669278412248  6.638676595958625  4.577507634795729  2.1851519981391636  9.021332475601756E-30  1.0735920664474874  
5.723763010069573  2.798896051368983  1.703710739167227  2.0222497372410975  2.6336942850400052E-5  3.0056346357445984  
3.0770395030408997  3.4607814598393043  2.168813929627767  3.905850335142943  2.0454987839041525  5.078717807574954  
1.0625633318728789  4.676328541907985  2.590212722747603  3.400276103847693  6.300605045111383  2.356121567157661  
4.635658213989809  2.0201079148553564E-12  2.173415138847452  0.05689806555806467  4.707187013362735  2.865968631676672  
3.7743061045302193  3.6047087985317674  1.2827487933997381  2.7047982376344004  6.5975519726570955  2.2795357594895402  
0.5810325259315708  4.22966584596642  4.395352602860934  3.5155045901306003  4.916744986246566E-35  1.2102476532322866  
3.3857917524138204  0.6169610621709908  0.17375416569435828  2.3386706138423308  7.989815689631439  2.0217343834025194  
3.2807741295591284  4.286858971395564  2.474143494600155  3.4896619209845734  6.471905712436221  0.6721469878283725  
3.021659955862961  8.233044368163558  2.359824917118789  3.0464390654666595  3.0545163662311093E-4  0.8598140674675004  
4.34913480395045  2.877189014919843E-43  3.849406083853973  0.6207282516845652  4.365940192596266  0.19176578057479926  
3.4798900162535196  5.032476135899149  0.8766319311383033  4.221807551866408  6.542995073923426  1.038609678664799  
3.672064367849994  4.1167696168001875  3.3390199681272392  2.3086190266609385  5.391423047372582  1.5744353947679623  
4.065666932443247  1.402923188839774  2.806221846704994E-8  5.301747963636685  4.909666602911886  1.712395293399936  
0.4283936270035194  4.5174684641910705  2.1451992076761046  4.319474334183863  4.061818963138419  3.8226620053206757  
1.2743296110009181  0.27420816447006924  1.4092870088650265E-26  5.532474082830476  2.8689822306024193  5.75107574041925  
4.168119456648486  5.786930144562434  2.766517775955545  0.5505136794502326  1.2621472344054319  2.3741197923616246  
2.6650942248240885  5.6077521592764805  1.9099855158782506E-5  2.375935391144399  2.1205176974442255  4.901100749602796  
0.8470626919631532  8.07500957927959  0.9516344703397426  0.7935658441739692  3.2433669522726167  1.815144303276391  
1.9622918357097174  5.846795390163229  0.0034356899078140024  3.1118328894226295  2.2882792227508277  4.27395493496442  
3.228014401156568  6.036596208108241  3.3151884503528364  1.801856855029512  5.796312538880878  1.1803860234996424  
3.79527129022928  4.780198599915767E-69  3.3066955006069314  4.644494341029726  1.8360778049686448  3.495387938930975  
1.0666204513163595  0.5190945847345331  1.5256944895106068  1.3934708624021686  0.7719307241164031  1.3300873055508766  
3.4309749523795094  3.833259894010493  0.8023322248404231  6.79565619178345E-66  5.799693429022097  1.0314158785174483  
2.3063656119042313  5.398713555712414  0.8538152633045434  3.8752229239885887  6.462103790425808  1.9756089298440862  
6.1354964487118995E-61  3.751615006884729  2.1564911721005537  3.4546457235255965  5.521391898447099  3.0088981326875026  
4.064064377879134  4.773777540220228  3.950306252708504  2.7807273180925236  4.703316976049187  1.6912471498231763E-80  
1.8892284001915708E-33  3.6943929105211146  3.4433429107947746  3.976232272497884E-43  5.054869031984381  3.1723874368252236  
3.7914807862331372  6.497197125103486  1.1788917702182709  2.678830866061516  0.3510863815789256  0.7443517375182527  
1.234218711806448E-27  3.899652260765939  3.8076122238285888  4.09021872485453  4.928660244779264  3.4310666024613328  
4.667023040231177E-93  3.1201858536443403  3.0080981486044074  3.052886293859722  6.104088883113337  2.9495477461612922  
1.4723299366803073  6.3369093096080085E-77  1.508921223737898  2.569214191009196  7.124169434833415  0.685454504582909  
3.4576956251746283  4.018720332302841  2.2324304373751436  3.557681044289889  6.9674951986399165  2.055218644370126  
5.053535112487397  1.4266611061611283  3.9342972369512976  6.162577973223362  3.1861710870985926  5.107352444897204  
4.598911987256889  1.9281592375334895  1.4290325675511257  3.565159659549748  6.87151399357722  3.6624403828910035E-11  
2.2255564303573467  4.9504362291060655  4.369995679006602  2.701460117296764E-13  1.673052524695301  0.25365770564114887  
4.433137734168199  3.644375326457288  4.0737321644469295  3.2682505064224157  4.606926573538256  1.362050096504026E-18  
5.08529968930219  4.006338385749611  2.5693171014311362  3.9587862284833215  4.977981879180962  5.628058461807655E-32  
4.9711573930491655  0.5459248797411252  6.984919508425563  3.8447412824099954  2.3432017999077255  3.4204699797432867E-15  
2.229905887448241  6.256227266679929  0.14564820175545554  1.0385153567680088  5.036329326342917  3.0340966451099547  
2.3222527222799925  6.386353655301424  2.3954694118583526  3.427426387292314  1.622434115364494  0.6569087546556818  
1.5709816396730771  5.883054616217964  0.8167295229041779  4.789720345508161  5.4496978436320855  0.9938618113716172  
0.5964161437932781  1.855884875985455  1.2094947005106205  0.805178070179066  0.9883102227621079  4.192405751180174  
1.7332434897646615E-118  6.306747204840944  1.6111610248618764  1.9261324947575356  6.600797947811299  1.9320282678641516  
2.8762565411573036  6.038950433966575  3.8017422643335457  3.727918921061081  5.080636492097644  2.029599152913556  
5.024925595256229  3.913259923607233  6.219861494028123  5.107422702868812E-59  3.146348284658006  3.7113784543106476  
1.0330008243942594E-17  3.9235463446672902  2.190367477329073  0.1880069229889249  6.156391175628772  2.371296608060551  
1.0659699766555593  0.5190581632553667  1.5263464175871102  1.3936379442813969  0.7717773818358402  1.330111090233916  
5.937570279310802  1.896401977800563  0.34780735167476784  2.6759629231222375  7.087570899830672  1.2158166459685808E-34  
0.8581343867934688  0.21534661845943137  1.108052751984586  5.7605880273138785  2.361508373386614  0.6351864035152335  
3.978857419362803  1.0644397195064976  1.5617189389475512  4.027538602873873  1.8887477548292577  5.238485752188013  
4.178053974495623  5.675084989450838  0.53481827984708  3.7296503617791825  3.5924272875209904  0.809023382910237  
1.0648688797395303  0.5186429018536501  1.5296025961595343  1.396486727525101  0.7691702215770262  1.3293414433332844  
0.0946484574572116  5.61215518022745  2.628823282063621  1.58861800843147E-21  1.199966234179179  4.5916778353847505  
2.145845448454201  4.578802534998527  1.2311212305193817  3.568225236667001  6.733475859067283  1.2218104238171283  
1.0622945001953432  0.5185162931116662  1.532909524894956  1.3981707275925896  0.7675589568869217  1.3291872332824073  
1.8081505153296957  2.6981158967714505  6.444756163109315  0.46444462997008135  1.5573610237312636  0.12722523393932464  
1.2525056937949195  2.48081013419607E-25  2.8574035950812826  0.8088376764384048  5.842757646033389  2.3749319425578723  
3.697413756166644  3.2960205096107953  2.419055476558506  3.4055803707387313  6.217813961193777  1.3320600680559278  
3.073459659377922  6.1290252653705695  1.9059330992296692  2.3228454104003737  0.22657512953472922  0.7774315600785704  
0.6273333782966697  0.819547917939423  2.7171394934073008  5.436515233549087  2.9316677813543728E-39  1.4418425616808228  
0.9952223500745639  0.5219375626318483  1.582325213755276  1.3834821917921805  0.7863816335225393  1.3476354634762735  
2.9982114885391096  3.1034314918987027  1.0452264278823065  2.741562420430337  4.834284411158355  4.177928120097945  
2.311145791687111  7.255660057251604  1.3766341809423404  2.282980631039993  7.244272603498377  0.7607293627381562  
3.6118514161235273  3.7804704509052636  3.0275390623650402  1.9663405803600214  6.023546819887062  3.347347488661585  
4.218757388671202  3.396917535478329  3.8709759776602937  3.109635999911631  3.607859413744667  1.0443653582008672  
0.9327413630331455  0.5811159322218489  1.7016504388420093  1.329624405349542  0.8479333750441209  1.3329115850898907  
1.9550941545256295  1.34982653028451E-32  4.943811496629824  0.6078249725531899  4.192475679418634  0.23828837925245863  
0.2891420532062663  7.507983760475872  2.3998010065567397  2.4909767654599726  5.849089324296408E-41  2.9279184631200716  
1.424354139848714  2.5252403503626425E-7  6.532738406610902  5.47537444990379  2.8812287681370266  4.257825386706504E-16  
4.190143107217022  4.277746734132984  2.2047315984879687  2.9915651955306877  7.182875325498252  1.7926553954725075  
3.588439701378464  3.377228232415967  2.583440828362814  1.3844502958597085  6.062963494450194  0.6471902517619207  
2.7272839680997993  1.428683711302762  2.5259842237728822  5.5477705831357635  1.255189096156429  3.496017968522064  
4.930397222675414  2.8429448322998923  2.6695877680450564  4.882657216585825  2.353842583161543  2.0317313219658746  
0.5349942449933821  3.4971929909007673  4.026574493361215  1.9964253976321886  2.2320617562101626E-54  2.1114902019462005  
1.0033657484786622  0.3854720548151353  0.9914367410419086  1.2948724415453212  1.618419244191931  2.8539551691542955  
3.538302051456979  0.8405729436307842  5.932205816215838E-4  3.957054893225643  4.941985249758478  4.1228918637468706  
3.5110698575643497  4.116596909959951  3.969127848198409  5.02469107559442E-32  5.305630489820428  2.9914935308908013  
3.6330032840692024  3.256018433179423  1.8065324842442983E-32  0.09759921837393268  4.330083781321182  4.80157156479885  
0.49655211303236424  6.53549162057641  0.6908467933399466  4.22147682159384  1.1049472106921177  2.398028345132859  
1.8921754460653775  6.92121564198544  0.26048637561110893  1.6502073172704275  2.3102126241627268  3.1294476060342884  
4.268333062365068  2.339007690497525  0.5254596962216947  0.759713534215318  1.1162421505705598  1.2673071675914624  
5.461227336197141  2.172088052359033  1.9006627038105133  5.5386346615257676  1.8862503118820098  2.076955064291741  
0.9210089474829926  3.4977806496239316E-15  0.9984951812808952  8.077103918816821  1.5306097349036547  3.944959182879165  
0.8848256702642662  1.965023820108725  4.722654587233881  3.0768924203252146  4.224198355441888  0.16701089215070156  
1.1108680489919374  0.3911053696827807  0.9061923317344445  1.1257893697783297  1.3305357186816156  3.9551846326065263  
1.0413831338944008  0.5178729373408247  1.5419761497341966  1.3873545891739443  0.7794357689038975  1.3359902725043564  
1.0673027382262459  0.5191428894828982  1.5248777483691491  1.3931197768854975  0.7722598811361354  1.3301173560515758  
1.0526705402910161  0.5189343906919104  1.5387968817462607  1.396719457822172  0.768763232526039  1.3308820766843041  
0.5567479631520472  2.027563339645633  1.2636154620501416  0.784432969754623  0.9532532701285998  4.112842470693708  
2.6481964803933447  2.54965086724294  1.2682726540946456  4.5917783411515384E-42  4.0796242685716875  1.1299725396603797  
3.3969125533784683  2.582657655349772  1.490114450685988  4.882826004089827  4.5033907133646185  4.337587182363152  
0.47436623572220693  6.465782833691665E-45  3.091665675131988  5.817065942100756  6.096453526786069  0.4568334575390119  
2.104603340841172  4.586653963476047  1.3466421841890375  3.938641280627343E-43  5.293159665801268  0.7090958868233188  
2.3734487097582755E-70  3.796075827017636  2.7351788814803983  3.778067167509937  4.9002748877928495  0.6821414843907749  
1.0000296759740948  0.04729861368465262  1.1881578963692807  1.4527495202388518  5.034464382656768  2.089537744915753  
0.4164242371368907  2.0184429401405417  2.1261661089646653  0.9693977606289617  4.955232195005049  1.264224075447521  
3.594447661563465  4.3669330355915426  3.2727765704700593E-38  0.27704967624274157  2.2926593293457964  3.692523967595157  
0.6316536149372541  4.521598675880004  3.27880366939844  2.5498532146464967  2.4642814472584548E-60  1.3039308637424576  
0.01859802625920383  7.003720639588519  2.7415653583669717  1.5166746828525928  4.3652855155687655  1.4451489367047534  
1.8891660815384255  3.474246514422162  5.479584929221442  1.4507214348669677  4.335736882451771  4.049153674665352  
0.5124745299494938  6.003589103912994E-76  0.9688289623603031  3.2917203584605903  6.439428789765148  1.1422268839251262  
1.0512721796658417  2.180186736363436E-4  1.6266013517670381  1.3871679346752837  5.529700833984672  1.380302840556636  
3.0921559756223336  2.405107879783219  4.7206186018420215  4.87850898981643  4.544625794960953  3.4940420672201182  
4.6061489554140955  0.6138739682398082  0.0028083610058116473  0.45371495509918136  7.426794283659779  2.680374822186187  
4.748514568143833  1.6353683205169633  2.6582000871877955  5.4813203054418675  4.167590847855929  3.6060129776239886  
1.9641887538023013  0.5026153635931323  1.045944528533307E-19  4.409632665866147  3.4652858454191726  3.197947339036392  
0.24327959855696818  1.5663981138482377E-26  4.991808711385509  2.8925902379008224  4.296378955541096  2.0491402276408373  
0.8408985292084086  8.997965224022164E-6  4.450133055408493  6.353864218764978  4.329260852791584  2.548913233501701E-76  
2.4081503316421258  4.716244719440087  6.689035137916576  1.6589412572590176  0.7480904596297788  0.2337729003007951  
1.0661365086635786  0.5191078711706764  1.5260324773238403  1.393443929917823  0.7719450009164378  1.330153862504533  
4.093365016050957  5.159007572451291  2.105452464173607  4.5180629481558245  4.905530929914908  0.20671323993996835  
3.4514689977889894  1.8972831705396231  1.171312978071261  5.376264646994583  3.521342327971768  4.870307267185177  
0.08486536822622372  4.869511045826574  1.5172518906892623  4.961247869362381  5.578425907995303  0.5416227488980251  
5.644948114585394  0.9231966274921951  4.6949761859694314  5.470979247495964  3.8665594558979337  2.793497903515289E-11  
3.5355564021424724  3.5360804966944452  3.976262755482791E-4  1.0813232981025463E-47  6.369086382119285  3.7290032407955445  
1.0647685263344657  0.519147484901834  1.5267725944436255  1.3930619439897067  0.7722873876680053  1.3304385887023122  
0.8976235962968493  4.2788450309863615  0.6574206421261294  5.5074436051956015  3.3676565045696183  1.9434739466915192  
0.5030396001441481  3.4848561263264495  2.70710100444225  0.34734545966492486  6.271928418352974  0.7673070637209409  
4.450566956367002  3.8239889051218725  0.8894951642077339  4.060963390842958  4.579469306088038  1.8717412413551058  
1.0236685134984265  0.5199859702772569  1.5648868741191329  1.4026833830143637  0.7635712297155626  1.3343828329987941  
1.0631767411378301  0.51878465555889  1.5300125800756128  1.395425959499372  0.7701255185724497  1.329879408824784  
1.0517624292319472  2.00539000327279E-7  0.23578112749353045  1.4987964960199178  3.1564579487370685  6.087625473929417  
1.067277568040905  0.5191251789509709  1.5249843185039866  1.3932188547096687  0.7721710433653193  1.3300888612872352  
0.6042713582836363  3.5577312721934793  2.4658847822476893  3.8893417542932895  1.3985689578481605E-49  1.3936967665300837  
9.574583362415226E-127  6.553391298503916  3.210866191714816  7.381193620192251E-69  5.964664613212873  1.527305206385518  
0.07607252719128385  4.35053070153473  5.779544041116768  5.680270990760654E-174  3.462640341692178  3.629685673860967  
1.066256743317184  0.5190415914462966  1.5262835077207613  1.3938381841814094  0.7715917024973528  1.3300143395695434  
1.0650265767252838  0.5191962137036307  1.5263180158057745  1.3927651567593902  0.7725577809191299  1.3305020176206621  
5.2731698511622875  3.3098354963688976  5.757658188420811  3.922915214229228  3.1885864312205774  3.2131090084760965  
1.0665619496066352  0.5191302698110284  1.5255582877905358  1.3932639385120078  0.7721156746380455  1.3301599393713766  
2.3865507918403663  6.079841569072882  1.6748785738140564  3.1504028980692435E-39  7.246717789197002  0.9722177700231844  
1.0622426555728146  0.5185992144213081  1.5330163287125338  1.3983823322855702  0.7673091655431046  1.3291443134195466  
1.0641716287765048  0.5186604122177982  1.5300891510943473  1.3964449064819124  0.7691945231716607  1.3294380708518323  
0.9461704329645055  0.5548135106566607  1.7145573847232853  1.3189097537607637  0.8776277999875689  1.327830891209306  
3.106261727034541  1.058333187023409  0.24163929750016733  3.6391924464824776  2.7237077460954255  1.9497182633674228  
0.7373203406034354  2.623377555237342  3.2070016276786975  4.353251357383974  4.4174325175461144E-14  1.210263453046129  
0.6263354833564603  4.835820568046972  3.7729757029733193  2.1553623111348563  5.0394638654204676E-14  1.2768365854403083  
0.34783311620823276  0.45685074667314235  1.2516021392518788  4.014976827056028  1.812322496790518  6.831935152521408  
1.0655187538185404  0.5190321868867898  1.5268284328112796  1.3937955389216479  0.7716303821702948  1.3301148570875168  
3.9112145631086594  2.694828027745598  4.956724638757303  5.007809281749977  3.868161059860865  4.064940377835611E-5  
1.0643885390786176  0.5190125582112746  1.5279398570577978  1.3941199407154286  0.7713089282880597  1.3301495217013928  
1.067307076842034  0.5191420050049596  1.5248786392559162  1.393124512718539  0.7722557200655945  1.3301153382377087  
1.0641182528116138  0.5189984845250281  1.528361046778224  1.394406623560069  0.7710307997391074  1.3300929763952865  
0.6855806415672616  5.00535109811118  3.373298680732189  3.0508520913771503E-12  1.5439030926954136  0.828537877149359  
0.7055033221209321  1.5002557219436672  1.5086936277869563  0.8844465543687504  0.973149304996441  2.476601854591409  
1.0417038349246395  0.5199039879686655  1.5494150071235067  1.4012397910466587  0.7639661119813983  1.3312760933776975  
2.5299830538369887  4.103415261750936  1.3399490962403613  4.509432911477283  7.011191185318415  1.8980116780711127  
3.860648232787645  0.8800354905487877  0.7720345287256093  1.2562835489177882  0.9313388380087142  0.9893465935296013  
1.04989287125979  0.5191478953641975  1.5451460891043927  1.402707674842737  0.7626782373744714  1.3299301402614334  
2.3456306191433725  0.7919142304504725  0.9946503571787165  1.2667017029077936  0.8217572046271984  1.1743104522399856  
1.1481832534616183  8.146406837285425E-63  0.7329838385742523  1.3124744250375435  2.7363704718446376  3.9999542775398305  
3.4090301492010084  2.0690818808135316  0.7391114653673847  4.755677212164294  6.000978513734605  2.785889689435185  
3.604429409584958  4.51840662326532  2.043345773472962  1.9102857169043066  7.164499097221586  0.9898213852240846  
4.6046275370553955  5.315243894577608  3.343265381878608  3.546044362250882  1.2343335255108787  4.396610911113675E-24  
0.8251265734700478  0.6740202009294342  1.7955627906738307  2.306493294279452  0.5618153505425442  1.1979343325473664  
1.0674923019074556  0.5191496302622619  1.5246858115189352  1.3930625511252135  0.7723150612044014  1.3301129730703338  
1.0673760204995506  0.519143263122748  1.5248152877345802  1.3931111977063653  0.7722690133173402  1.330111371360608  
0.9612885217965189  0.5723651813934897  1.5994905255137457  1.3894234197506763  0.7593519403579628  1.3442902263942282  
1.0674797899825605  0.5191488451838897  1.5247002621257093  1.3930683822678962  0.7723095697239607  1.330112611597087  
1.061528302134679  0.5187606137588539  1.5305351023064222  1.3943297611944234  0.7712081924107941  1.330423300378977  
1.0414858735913273  0.5096743669769809  1.554402057181898  1.3931662087276364  0.77766307492884  1.333553907591658  
1.0646620983598651  0.5190276944868364  1.5267129793921443  1.3926820441127876  0.7727227901109128  1.330562558702568  
1.0672806381582516  0.5191442599882448  1.5248888705531332  1.3931134881462874  0.7722651120595478  1.3301219738732089  
0.7666295127550089  6.72042468641395  1.5455512236688236  2.481695072361494  0.3579873944192007  0.9544713551994377  
1.351615470474899E-54  0.722764728778298  0.41857760196741967  6.1745790810371295  5.0741675621641456  3.0457505341184388  
0.9732894711316922  7.104778727239362  1.0658897614272342  0.8062087448660753  0.722154962284698  3.2677643359395727  
3.6371736659168072  8.103452079232678E-40  0.6911474956054692  0.8056619067225969  2.0232822943080286  6.644306670240842  
3.768508020503153  5.647227709222716  0.6643008469568313  1.248704045588769  0.8469487493338631  1.0174790793657733  
5.71387638978126  0.32997814960482175  0.20063901728678984  3.2757357506003655  8.003977821544392  9.8810593107622E-154  
0.6216487202193807  6.485313263071317  2.3053240758655233  1.3079420122093368  6.4899109781970665  2.3166119597426666  
4.100776140163298  4.0146963255733725  2.2069812456538247  3.824366397160019  5.815354632244446  1.6601950975065871  
2.234471370040839  9.136609752208235  2.3757858509883696  1.8863486074759728  0.9087376642957307  0.5919089806480895  
3.3407914069418316  0.48405938819824706  1.1352380961507385  1.2190927827788054  0.971967987927796  1.1623596675920662  
1.986960223889661  1.3616423104814787E-54  4.819075697095044  0.6182839439028982  4.280765083924392  0.25995554119797365  
0.18391293184266697  4.245367638060365  1.36266092702073  0.5858527957665031  0.9451091488835406  6.760103631376148  
1.0654158083185266  0.5188315981113275  1.5281837992362757  1.3953306606141778  0.7702190073936199  1.3296430481108674  
1.0589376518122589  0.5189597497880342  1.532014395514983  1.3939042901398104  0.7715202953353593  1.3309052707435758  
1.5559328894220565  5.403869920815805E-18  6.204641636127602  2.117602303376586  3.430642558844781  0.02866601386134808  
1.0427480323578913  0.5158266457431212  1.5438250728657479  1.3884958062132837  0.7792057581468922  1.3352199485566227  
1.0666597138755178  0.5191064265367082  1.5255981423051665  1.3933932507068456  0.7720015917099954  1.3301072111869565  
5.045051490319516  1.4288339669116885  4.389443466782377E-148  8.513878900911744E-72  3.161666996067464  5.533774781474024  
0.21917785592153793  1.5885999805711686  0.88059020067141  5.767443376843561  0.9841718773171062  2.9582434955896266  
4.3059314601562475  4.77682469271141  2.439402820576037  1.9208341319392523  5.638092604073343  0.5295443024814046  
1.2894935652154724  4.3501330248482597E-4  0.40560432162103977  6.013917261317079  5.107569247945493  2.219724868833668  
1.0826778606280976  3.2660507515720645  7.709155773531794E-53  1.6310942396923873  5.968006793701219  3.413689384836195  
0.6714813329333671  4.36577924023674  4.45569952377573  8.575689513069823E-5  1.5813424901695934  0.6568996787995854  
1.066536967013603  0.5190869334355654  1.5257856615314271  1.3934986648840677  0.7719062825459588  1.330088201909352  
0.9358952381897009  5.694777825924908E-4  0.8390655645663087  2.9740169104710805  3.2748276014516824  1.6288060812821201  
1.2348359912964353  2.1036469876278527E-39  2.554824531924718  3.398831026278037  0.00657135334185988  1.6455059237718697  
5.485247875229342  0.53068372200775  1.8327008470628265  1.5394424259117023  5.309692241724747  3.4624218597410454  
2.8028290205124584  1.8253824754259987E-12  0.8489005768281771  5.887070392383547  0.9248521400914553  5.564149644199697  
4.123765994306727  2.2395456573894608  0.32405270498799676  4.977410513175864  4.653659741821574  1.0028644390184975  
3.590347260138022  3.0739627368604774  7.70366317926411E-32  0.07886215842370241  4.8893897536012245  4.396741387811453  
1.0672313841055083  0.5191207494574489  1.5250554576406858  1.3932636569278616  0.77212862266684  1.33008028340783  
1.0611942805586339  0.5180751991817271  1.5307065551659953  1.3931948947476345  0.7726816733159302  1.3307833332650618  
1.0542986905114162  0.5168822437960928  1.5363970390021076  1.3920436484094147  0.7744817031148241  1.3320477935441712  
0.5969088821590414  6.932121298052686  1.9208870469660921  3.390499232227813  1.403532387331853E-38  2.344788625498385  
3.0020189125963426  7.186985023719996  0.703206123652819  2.8573855482689297  1.1277020805958358  0.8967226530425422  
0.7815902526599963  7.6343422032285915  3.6583543261119345  2.040778962488457  2.7049432643253326E-27  1.0811616020490695  
0.9806029951770675  0.5472784693878495  1.6003379665577548  1.4110614635158687  0.7454155087378208  1.336804033788907  
2.676577638444478  6.279601481344365  8.893984946416453E-31  2.2697657360129595  1.6020083268008345  3.3483085622459594  
1.0667404745454152  0.5191369055563504  1.5253669237680079  1.3931952505871228  0.7721820301105594  1.3301603174863064  
0.2189440407408001  2.6909360072970046  0.3293526340461508  5.827539527345015  1.844950722220292  3.115950019061748  
0.17275104840363847  2.2102713068362587  5.48060674250768  0.8274796337189059  0.9692622544644585  1.176601124432801  
1.3670311236219461  6.397987141754468E-31  5.3284563257883875  0.8523026591533673  4.149512616280796  0.20725714753208835  
1.1079228546643898  0.3901384373419746  0.9095432231865844  1.1259560146641694  1.3297804657161458  3.955891610503401  
1.065585833474865  0.5190944329674892  1.5266104059702215  1.3936484538237013  0.771744322487617  1.3301559150038844  
5.853064934704323  3.74688996845366E-14  1.2968719702540747  1.2895567433572366  1.0491289718855574  1.2555819841928615  
1.066970446402724  0.5191203800390297  1.5252654649944968  1.3932778341217473  0.7721117716910715  1.3301067233110428  
0.8990154677361067  9.351105783018377E-9  3.761741492663616  5.516539731157648  0.8926033007358131  1.233433109886547  
1.0539134808160455  0.5185669475850844  1.5407385729972067  1.4001585442744244  0.765508929985217  1.3298088628538303  
1.067607028272857  0.5191535862077405  1.5245708737791592  1.3930294913585923  0.7723469712906897  1.33010983302992  
0.8566416718464256  0.8921677618429419  1.2618644923850515  1.0830306989757041  0.9308485613308108  2.776999394702649  
0.9380419401639746  0.5927508400835095  1.6356868399614923  1.4081176985514596  0.7329647761130691  1.33716693111738  
1.0619052522364074  0.5192116840451079  1.5285715562125435  1.392594061083398  0.7726980462181274  1.3309469590369523  
3.560827908235162  4.548822930750246  2.2516099814252257  2.6254079304574553E-11  1.622831606922825  0.5363205110862926  
3.684716239709975E-186  6.945660998869446  1.1765939279017639  2.5308382273788816  7.033621208092665  1.5792431168154029  
1.673852213858125  3.496967666689306  3.9799548227651766  3.164503141653895  5.351980464005174  2.1719995397258174  
3.0982979307506633  3.0928750527825155  1.305094540718025  0.357015564135635  1.399495341705473  0.8653867060655295  
0.838927479453394  3.1898566945942  0.9457101397126032  2.72863340878618  3.6761593768659577  1.4705416338022683  
2.7294698509473476  3.3271168133275175  6.3982661070457  1.138269042774488  0.012667872450235962  4.032324050733223  
0.06873184334866712  3.1959141448552315  1.0352505368275595  4.790500734450349  6.608913483111371  1.0695119998768596  
1.0583311657043646  0.517515568515344  1.534142060187157  1.3941543114252306  0.7720139408801405  1.330827022022048  
0.9925835999462651  0.03146244731981158  1.202377468594433  1.473938367330798  5.053192816627157  2.0528283673187135  
0.389571154392839  2.142169374071266  2.212469365885032  0.9088461631214045  4.883000582632742  1.2478544018184434  
1.0673293163506448  0.5191438612593302  1.5248507005402276  1.3931115963514775  0.7722677588582527  1.3301167913273284  
3.925241584087597  4.725262693788964  0.16103440784216713  0.5701718777370576  1.3379598007861866  2.3109688706528266  
0.7216844936645873  3.5576502914968833  2.8142204948493754  1.6171460188232682  0.45039409001167796  1.043304982522083  
0.7442170120144365  3.47798268679045  2.7114917816608664  0.1678889246445491  1.452318041398467  0.9800931256944232  
1.0127318694024878E-75  2.529590663503232  1.7438930051680906E-71  4.882184081383362  2.9476558109238122  6.7269583733516365  
1.7931278045492338  5.052856129479228  2.109861254485342  2.7972193809135324  6.339710192235387  0.6705358532368343  
1.4182937471868977  5.435461194068787  1.2044822828922308  0.17153839053794  0.8244906875536566  4.052092086317104  
0.4405191724827215  4.111576450985861E-19  0.08346568806643155  2.9576688845512096  6.303199836443378  3.876656348541623  
1.0512385135340148  9.029872774068497E-4  1.6263710122922097  1.3867909123320792  5.529799245814997  1.3802243997201333  
1.0667870136266582  0.519130213322873  1.5253680286568532  1.3932380613010644  0.7721438067416992  1.3301412462427082  
4.270407077909873  2.730584697259473  0.8337237357117174  2.763053608975688  0.7527904865743348  0.7004011146338697  
0.2286382536575444  4.120461255330842  3.130571411820888  4.5258248941908565  5.0920442073911065  3.4613447392356735  
1.9283412096888335  3.4888243463962563  5.46651770131864  3.941851305527869E-80  4.157297082836702  4.683845108436101  
4.171636186172614  2.021172963087048  2.0295991005820007  3.6680705284372133  2.153578265365588  3.4574859116891203  
0.979083289106693  9.76690928455156E-4  2.644830311558072  4.1244292823059725  0.5910727972814872  1.407650201900138  
0.9095006097585535  4.557784754982272E-10  3.8548913986739684  5.585006654159261  0.5011317667296172  1.4099984202393763  
1.119319016144183  2.1135607455123977E-33  4.487080189863335  0.8991743230743318  4.092265835303023  0.4131040708361227  
4.816201525045393  0.08589916084809919  1.4973203861326266E-6  2.5263264332455293  6.897964274710363  1.4945902145735113  
0.8442272309152413  4.6512127555844337E-10  4.98415816027517  4.659438514832076  4.040241503162118  1.2182311639067461E-16  
2.425270585954275  4.691443358557212  6.70150803740414  1.638520849676891  0.7643502472995742  0.22149627269056996  
1.0016659872019202  0.5363327445177151  1.5964757364990054  1.4334278524503694  0.7254765309273249  1.3312719021781536  
4.800278190707707  3.93055921384995  2.7447241018055455  2.7969422890054654  5.137234839818594  0.504507210522328  
3.355207267803144  0.8508620746068641  0.6743778878166614  4.371065289140392  4.920927084850837  5.216202149563081  
3.513833363339005  2.297682529346149  0.01935909616390245  5.1303504500767145  3.8866611968865277  2.2202166179799074  
0.13686129519921686  3.6663430590326467  2.6094812299394703  0.5982081496682402  6.451786080149323  0.9705417070976462  
0.4938157822584022  1.116344002382406  3.3841724521944228  6.82181536489204  1.2947144431654121E-36  1.4014054796341415  
3.87346400877731  2.0486168024498575E-144  0.34823799419188656  0.8869508886600709  6.710376660362216  3.235425473094163  
5.650900914844771  0.5186028063014804  0.01364672605634325  0.6760425319728586  3.468282925048206  4.862205852115642  
1.0506051381333015  0.5195515337026445  1.5485878586555883  1.4083407355327984  0.7569642452337321  1.3292564678538665  
0.9522916461356569  0.5588916066092814  1.6315734755371494  1.3957572958625228  0.7611704076840781  1.3415112007869965  
1.066900255199241  0.5191140227569705  1.5253625794287524  1.3933306865572228  0.7720621343672152  1.3300984103639122  
0.5847519062200113  3.6654382289871394  3.850070845140229  3.6983562026862247  7.611244454316187E-60  1.3081017751500081  
0.6307586200239207  4.897694584596028  3.682038226783184  2.1572312007964216  2.601531459362491E-20  1.2753453724225157  
1.0537785658120304  0.5186461003610401  1.539527257897693  1.3985517204328126  0.7670731158887226  1.3301151616164728  
0.11424526740353953  2.768129966601554  1.3117690018518346  0.9632764239720911  2.706831897309375  4.394816928390108  
1.2013414132318214  1.1507791550508619E-28  4.598063824767093  0.838957366042324  4.316609222212007  0.3617292430061978  
1.050497491166928  0.5200029788886226  1.5410623618798716  1.3990978603139592  0.7659259444321771  1.330636993208056  
4.8313777743240405E-21  3.0730328143657197  2.4935999359319405  3.4332737520380756  6.571266715195916  2.891493378811833  
1.5473246851138067  2.0330620525730044E-24  3.6836079792817733  0.8811227219101999  3.104270662766078  0.6105425090674449  
1.3350739352658982  1.3783323628533118E-74  2.4482111478654858  3.4361216631054328  0.041776686249309185  1.6132450716499325  
1.06720163536943  0.5190718827250597  1.5253782016910629  1.3936218065013761  0.7718005055355  1.3299710279268933  
0.9775495403790331  0.007631298736883625  1.1550983577423437  1.5166726471477825  5.00157274196862  2.131638755344205  
1.0978220070487328  0.2122934177337246  0.7137577125849109  1.201258479252065  1.6401218665686013  7.1363459078899245  
1.061983532598424  0.5192115015655381  1.5300123726808383  1.3947439277087659  0.7705781203157535  1.3302762993314554  
0.5998601016093336  1.865411670521228  1.2081630998617288  0.8024283287069914  0.9882297815555813  4.188042616508523  
1.0650480595086316  0.5195494651112443  1.5247050220713476  1.3909965320745068  0.7741245463312636  1.331070760777142  
1.0645700448203643  0.5185875286713845  1.5308595004572523  1.3978427149668624  0.7678722454880834  1.329012815633302  
1.0616567493626365  0.5185512011706265  1.5312266967110484  1.3951530049254537  0.7705023116768368  1.3301382973390288  
1.3281691865132241  2.7118618321143085E-71  2.4858120402255217  3.415204403195582  1.4144113471682164E-6  1.6468295309491237  
1.064645741940087  0.5189281538632879  1.5275620127401237  1.3937352038052273  0.7717343216773072  1.3302327136719945  
5.485030521589677E-40  3.8446372674001563  1.0647144140694413E-12  4.012560054515752  2.3749839234485957  4.606934891588801  
0.7394791794033156  9.013495737372254E-21  5.508887648876724  3.7347633837020497  3.7912104475051045  0.15641180671206475  
8.553078998981189E-39  2.9132438022034037  1.1667854937888023  0.8235297047471247  1.1341056366920101  6.647908981326603  
1.0428036590872496  0.5176459841183664  1.547428247792967  1.396353414992127  0.7700656985266485  1.3325598635047877  
3.2688422069777983  4.185559795202157  3.8823670116231637  4.33924282115568  2.083344042293291  2.9081153309197925  
3.774047378692382  2.0854724148982138  4.424035262854438  3.5359019474380067  2.899238961284229  5.199395357988803  
4.367994603448165  2.7414021530393367  5.695553128508505  4.797533077205019  3.396317776032374  2.7132912043663873  
5.611940440430972E-170  4.987628144525078  1.6499369692928336  2.449257388356266  3.4914701097604777  2.0105326790311437  
3.451092267277153  3.55813433502031  2.5E-323  3.253011032045563  3.742883585190424  4.317415450190166  
4.704032858091927  4.942825463235869  4.103608167727637  7.246977780651139E-114  1.7308415342065955  3.496018372051064  
4.752267157375271  1.3121791119285469  3.3136486625868455E-115  6.440698520251689  2.7735437666275535  5.605262072907334  
3.7531023525037273  1.9731845675650483  2.6050689348066  3.5513350365425245  3.5226597057146485  3.0222839132500425  
4.161233619577977  2.311962266976776  4.457229687310771  5.07211897514842  8.822143784278139E-72  6.326775304659455  
2.6350585319697406  0.9569270571194417  3.687460763565596  4.588069217636152  3.2639095052985585  3.0369778586496476  
3.7458910585348644  8.571845267061454E-40  2.399960555021309  6.48172597050211  4.028462970273853  3.3398728524090373  
3.741191377216568  5.7912808992739615  0.3665283841814306  2.681358343622788  5.133582654378131  1.2685429347647126  
5.367277190593281  1.6606463811233108  3.1313369925040835  2.3488010626426528  3.3561415938466803  4.513950329256969  
3.7625203824959197  3.7109759624335976  1.690604809836113  4.32973812017278  2.6088011050254774  4.446307270708105  
4.942814173939716  2.129339119760557  4.819502053810704  3.2648658410016855  5.558458516528574  2.3143159565544003  
5.400027435900159  2.3144399956168678  1.0579533803936187  0.7194324251086016  4.4841217590104945  3.8887792758412263  
0.5863757982289748  5.642344921624325  0.3764292601628843  0.248436704525138  2.988753430764287  6.0245004759599885  
2.34387966337376  5.973034627000988  3.7320450980739373  0.35814139624996916  1.4295672415276492  3.590256667805579  
4.02329755915567  2.6709323577333195  4.514952587311838E-16  3.7821902546552097  1.7517613845030429  5.390855011443842  
2.7219797948865643  2.512389665699517  3.0044150727661934  3.2965144747518385  2.6890302505902746  3.832925430730494  
2.677160727682197  2.6673530934152483  2.4072645026020325  3.6333824404110078  2.059520256653358  3.8269309420726896  
2.492103836197357  1.6870202561791614  3.0936439715256623  1.9051194515181225  4.010763860385049  4.204479739230811  
3.797122465989547  4.946624130568612  3.4454327627200423E-39  3.181630021177105  2.1450716701135577  4.295309740613368  
4.804817400346118  0.5409471973937573  4.25542751104686  2.6427784589398504  1.5766168554666888  7.731940123902624  
4.434153762876803  4.208576595338794  4.75225894485529  3.4076565987620238  3.446323568062389  3.8206299447479997  
5.032550220220318  1.421430749161543  2.7205417556523805  3.920062230179231  1.4178794905215522  5.380953449455921  
3.576461511646972  2.681504883498542  2.8908253467086187  0.6601411240026475  3.912796119282448  2.8462462234496053  
4.171648564426277  3.2534562140701824  3.9036799693247377  4.934729334245188  1.131346485974247  5.043237194980723  
3.0381243438876737  3.4065084500261045  5.3564676257508825  2.7022338661843284  0.4381982408835198  6.298104435612172  
1.286412705683482E-21  2.7707360343897074  7.090759191723705  1.9425909200601377  1.5939008045635674  3.5436686618326156  
3.651771816109932  5.056016810225908  3.1879553176883464  3.3963551803889698  4.769541664905687  2.736304018567639  
2.7826489836042176  2.2213149259884646  3.2965624992028943  3.607771885960965  2.3403424002370503  3.4729707172451425  
4.712530539499308  2.0195586082190613  5.477170870423294  2.141278421040361  2.7776224215441725  3.8303434922855706  
1.8097740641120708  3.3877186587039745  5.348515376788384  2.9988484899822914  1.04808634055855  3.5659236354290753  
2.9927936987078216  1.8452331113862117  1.7373565157019915  3.72689534272433  3.6289105187589006  6.942641928564845  
1.7119131348870171  3.258335963359369  5.741685921909888  4.335372543989333  6.72153934005718E-86  3.991894031595449  
1.5E-323  3.1019319512226056  0.6188915718715052  5.407800284814369  2.170776882919799  2.7623256473850835  
2.685806951807105  2.7723264893015873  1.1999883427297607E-111  2.5980932541637043  3.663661876692092  4.929880214391797  
4.698438674031476  3.393652829446422  2.439821753170596  4.192513124809926  3.7840373989081177  4.633457607869327  
4.947718803467158  1.9350689918203843  4.58454577148129  2.607314991916157  1.8146301485959764  6.113277609692794  
5.362767387693282  1.5689486977132578  0.4413164681869262  2.555731437571326  4.8793947620603175  4.0387183059525915  
4.57465257213213  3.565601161077922  1.340491757970479E-97  2.8655126346030726  4.312898768640101  3.4380197716933987  
3.301745175530065  0.34783228017227863  0.24524305502466479  6.599332651674375  1.6981690366472437  6.161747382408242  
3.832678163626296  0.6849047011723135  2.7085919777616443  5.60940361645166  3.6520168165389366  5.935944703017817  
1.4978892284859837  1.676683114263117E-20  3.536528759533626  6.308243111144761  0.7469075964731734  7.922137860121362  
4.669997952997993  1.1377909907561274  2.0573251687529575  3.90771757863423  2.233413621457622  5.140547461982493  
2.8510183023572058  1.8919583324358877  3.7869653363368836  2.4487923849636237  2.072758425040048  3.9000131711331045  
0.36816476960954714  7.2480020107331145  4.834451715937866  1.329664085471417  0.7278260880863875  2.84317587737942  
1.3026350919075933  2.0914929180584734  4.984851310203123  3.5118262561322657  4.339501532813925  5.912591121715725  
2.806605265573797  2.2799114791924473  3.5068300738205584  3.462259119986832  2.78230811629827  1.9742939814170142  
3.916773471028352  5.10840749385338  6.885494251683787E-10  5.546648123089961  5.558846993549623  1.5656707165914596  
5.422670862915462E-24  3.875191121592375  2.0283939016989874  2.9198262207223653  3.931068736795151  1.0270311287835951  
2.685853658380995  7.648199727995439E-95  5.556249773139823  3.2111753953138633  2.478298377819296  6.016085495101744  
2.7779153549505615  2.2785104679453303  3.1628151112108007  3.1797142326010865  2.461410447072007  3.858301020557523  
4.57987924911639  1.7222242068566629  2.739375194079926  3.0024130032693357  1.0740732581609571  4.155346988197251  
0.6753138841128727  8.087209858575758  1.2403522051904512  1.952390827305087  6.297131739040631  1.8153977542677826  
5.354088683887439  0.47997087453735204  0.9271813356778662  6.559873489155458  0.29515765347394535  5.758581828446301  
2.932212275968321  0.5958090393936992  3.2313050914316697  4.732896862955087  2.909333670173126  3.902432221502078  
4.922640138290817  0.002789404771204126  0.015611240767557296  4.990929823702432  1.2090742308385458  7.906018418187981  
4.083842701887809  5.798882586835566  1.91338771690401  5.172809213249481  3.515420923593643  2.400189866606793  
2.3838315761119215  1.7088923819261483  2.696036001443755  4.199087738958837  9.176939981504092E-7  4.5414417221784475  
1.9164796945635318  3.5013668065611547  2.1617194033860767  3.1857954297576994  3.298942991568019  1.7888714938581185  
3.405511702540731  1.4730966719827848E-13  1.7593557006179974  5.031054771939875  0.6885732086468093  6.954010471930885  
0.5681882388153056  1.6947044987769242  0.9597756502989506  0.8123562741460324  1.1529953519814737  6.256953154563799  
1.0005377457580633  0.05554420422749264  1.3226043275178885  1.4495888918245325  3.4693739879423684  1.893765643968095  
3.5357679589938513  5.5468971419742354  1.3656978707666705  3.81022636680255  6.387876484454318  1.436551335887884E-236  
5.149330057395299  2.9668685411109585  0.9363234502514968  4.736896191617273  4.645689392746089  2.845461651024775  
5.087247249803806  1.1112921539054796  4.52165300496435  4.505534355347102  4.873251328174377  4.191356061038624  
1.511557794838136  3.032977444550768  0.9059145275814856  3.810689452577094  2.6935584335442275  3.7027409833505796  
2.4884822112318434  2.714354201229934  5.258706257479917  3.2160443503867917  1.7251387683646523E-72  5.669556683549929  
3.4527439359088085E-26  1.7260676780889006  2.6700036822276783  3.1479927174246725  2.75190322292397  3.6515633444230535  
3.106859594020457E-5  3.5374387921310007  2.8074658580374465  7.101527907344711  3.3215974312684002  4.313994245533437  
3.9444592965920036  4.3306331685456705  1.9713493731363204E-82  3.830081718804026E-21  6.557684665919434  1.961321191098388  
3.507704428342624  4.606046263911027  3.1358170110407535  2.2870337930431828  5.480458489885283  2.766803527645273  
5.705511738545431  2.5727752171853417  5.6689994128364  4.290110305309452  4.192513039494279E-112  4.060878973185456  
1.188850428391955  2.744524791358291  2.4593538893777938  2.6178948112589038  3.673475645294659E-247  4.659311304372295  
5.015281763215384  4.146425976664343  1.7946568612123661  4.47576044344979  1.801740440164105  1.0597982064315976  
4.266079101779239  4.48255353190883  0.6232404813050555  4.28944236359603  4.177348294157894  0.7018401140853952  
2.354506416035222  1.9174832312409198  3.116515551325604  3.4717840212802624  2.6477663682366024  3.8075004658022094  
4.779922945647982  1.4272821901966621  6.05322727275481  3.1267132731304845  1.4368534636801265  5.097402559456062  
5.096061925964434  1.1916355516038954  2.733243729021331  3.8600544590704096  1.5134261217897629  6.14983441315603  
2.1231495753445127  3.6430299697070883  3.5311317249292324  3.298955108455449  0.8740930030747901  2.230326131456774  
3.4989462887242597  0.25458568539128257  0.20256480664831147  4.418579698778648  2.3962751009397185  4.153491632673337  
0.6543464717014459  2.505820588290953  1.487667589611986  0.5697509424175703  3.0280309637856715  3.9639063972406845  
1.6839263701793135E-21  5.042803695815224E-4  5.6332529050844595  5.049717222974023  2.5655789768109085  7.55832393893031  
1.6361754085092437  3.2854823749090585  1.7210577097674715  3.074994444835803  4.535018815384921  1.4028583946058653  
4.677236132977929  2.411279106608591  5.471082865586589  3.6824691316536686  2.2237880290741554  5.712393395917396  
5.314826860352036  3.8615710980465576  1.454058297905665  2.6992525732459103  6.798847649503762  5.2892993570080986E-132  
4.526929202454723  2.522959534466167  1.7141851409709514  0.690249534298481  4.435983860154915  2.2957375202124193  
2.7862442033897152  2.4041325001286245  1.8964782157398  3.3016831199904106  4.4070218469475675  0.4909094177070295  
0.6041710531635001  2.582214276126889  1.7188339837255813  4.6344452382087695  0.6932129398328359  0.903577648377654  
3.852465282163683  2.87629632222514  0.5458303929542518  0.6700566744290404  1.1141305858688155  1.3842321617318172  
3.7592053327476953  5.137411997426984  1.4820323598875857  5.9767197781457675  0.9362601486059254  0.4940568030631124  
3.219354618513846  3.562421211681979  3.5484625527984454E-8  2.468193447544724  4.825141099936281  4.36095281638996  
2.9459526898229997  4.835786746573805  2.676042808893288  1.5951195965742573  0.7652431684001636  0.43628466797820425  
4.626163013816794  1.1506892997194573  4.540491625537706  6.1239632417193794  4.460744682540363  5.650152644617609  
4.186666392132458  3.520402780193784  7.4773939453E-314  1.4272310750174255  2.112250798792637  2.9887737120604965  
2.9950472398438404  6.097417382008329  4.878998313998568  2.2801813646111126  0.04185622306206055  0.7136447255419012  
4.532813347574451  2.98862451059011E-19  1.929258205202417  0.31456270480589016  4.883341426276653  2.7307060918999997  
3.074679692639393  1.2332072389409516  3.32640088309714  3.22396369718901  2.419976140806812  3.860084131557675  
4.350669246081128  1.9219357358953415  0.48134109225673993  8.046180857043  1.9062316183944579  0.6193583302994875  
4.396194694651129  3.4920382153727005  4.380472471306667  1.5055581021796358  1.2663327029996194  0.05194674063238567  
0.6421251316231344  1.9132466439892752  1.9651269534974383  5.467170403474057  7.800227536417647E-26  1.3869928677300474  
2.6748152101721243  1.5726445824979531  3.0263761085060596  3.7158437844507444  1.2379580927553555  4.315759560378049  
3.906746397527914  1.251972711614288  4.51790150971295  0.8908335377345596  4.400646646470657  5.22129281982706  
4.851551834698438  2.912770090675769  4.284325728158619  4.122090613169477  1.5223757805176943E-176  4.893932580147318  
6.222811840523625  2.1666509520761537  4.97615662538748  3.397645384681124  0.6825388228891285  0.33121213877318506  
4.826908852937833  2.354037629424769  0.15576992350380753  1.0031488309517285E-66  7.914386145907303  1.8732073259981101  
3.3285798538392566  0.38259500513549655  1.2590347563891144  1.2312944817579687  0.9872386118874553  1.183713841816491  
1.3007024348407075  8.038333129225304  0.7244876031592882  1.3419794669597505  3.3014685657091456  2.9398867401757425  
0.061109794820537  3.19669809591624  1.9079228148618295  4.97824362020946  0.9087547583583985  0.9647058926316682  
4.5298195192065025  2.611494833870545  5.262171013803337  3.190811868161119  3.976910686302309E-9  6.220825095373504  
2.578576729079696  2.3171739406327383  3.1264458555674453  3.358380284809345  2.554828321274333  3.7944134997967955  
3.0157437149558737  2.08380521929893  0.82767188991027  4.168005514980422  2.060326887955917  2.940654891330628  
3.3950526047980367  4.1410240501784585  3.413393658843022  2.586503128152831  0.9351532870446692  6.446385750146303  
4.344310267209656  2.7319340065145186  4.305137675220248  2.3086712461297365  2.1943664076726845  4.859618645268323  
3.433731481756706  2.0982738021696665  1.7083616840494612E-216  2.317452890649669  1.4070520097195744  6.539397319727601  
2.969648847440702  0.6253983434376534  0.6132945566389091  4.456228954740313  0.9596248879123888  4.630683859949003  
2.006431458265222  2.755383456878817  3.603385234585036  2.6762385570011844  3.412597572276882  2.9777236522333403  
3.1741565916072625E-29  3.28395483611582  2.487020641601494E-24  2.7076449280927988  2.7706861948993007  7.16995882683204  
4.6255681898223875  4.079568176107469  0.3495067157658855  3.048693099464028  1.9558087991349344  0.8617458265387036  
2.349567982437488  3.1265121584185604  0.8926457764670501  3.6881811050217066  3.6403954723899212  0.95338163275184  
5.1018366799654675  2.8863617426883974  2.246807325055173  3.463372665716104  0.019065813025865564  2.850511437816062  
1.6742215181846896  2.3549122369148954  4.270868657310878  0.7861091119421878  1.3083445903361057E-103  7.848871272660487  
2.918173079253612  3.340285122548277  3.1038158211357944E-108  3.8329025778107413  3.9535647572453847  2.4473405127345487  
4.5701736615779645  2.4087358129904137  5.158574105654901  2.4396515492353705  4.52611275631499  3.89832248675553  
0.8934110799393806  5.163665522100457E-7  3.6578640290753004  5.523443938579338  1.048624902950193  1.1686119505120882  
5.709099206883132  5.681758391272397E-79  2.1265174797133155  4.24556194707574  1.2637404818646014  0.6102188199599566  
4.6353558242914326E-5  5.855089428152577E-30  3.470598208468803  4.202028069694984  1.3375393240455662  5.907084141996326  
0.4358070442557282  2.7959837997989974  1.2204644034988634  0.6727667613276735  0.9227778681419232  5.631012585783911  
1.0650018681131124  0.5188120825319074  1.528622981787398  1.3954773221017187  0.7700797443608133  1.3296458900028636  
2.357566966476486  2.7184770989009  1.5054876970382256  2.41225297873425E-35  4.067759580187032  1.1025574840199683  
2.774879255976245  1.6661225567454407  2.97977549582669  3.459549723745446  2.7682665518849627  3.216797714405856  
4.801952237054224  1.2624628905157125E-84  0.9747530082594394  5.386445137151272  0.6329185869411985  2.033919186197695  
2.448346438058605  6.751233384223304  1.8850298009721765E-275  4.096491556942441  2.595190913086495  3.229453324818533  
3.472736911203226  1.090987828047348  4.118657522061691  3.5998156514889494  2.3231030422862164  3.506197255101894  
0.6718964065952452  3.832994264710698E-5  1.333690632154405E-116  2.399691452026641  4.167298276670567  5.20039143662946  
2.4138743414171866E-18  3.758584788671283  3.451699495126161  5.966808149023749E-38  5.057711861344776  3.1458392131876076  
3.9354445675680685  4.384555141119254  3.950834893822625  3.1464466905442032  6.1460701450664426E-27  4.461277844725367  
4.431192081570246  4.359227742250241  4.804218344449557  0.47824522487327675  2.1752512009896265  0.9617911423038507  
0.6619612879746888  4.202252847234723  1.4799647274313203  3.0551897778189248  3.62382616756257  1.3489389345672929  
0.339651491629618  3.7675318685847734  2.0621146215848762  4.248510761069836  2.1637516843852205  2.168741421439458  
0.1147229070866159  2.7660393989458712E-37  0.449248455708827  4.525124935722367  5.195216002959532  2.2831417634050633  
1.1630435114015298  1.7420534127725634E-15  1.7312297610603393  1.2603812398348875  7.312232721461547  1.2909292746972838  
3.7182678216255605  0.5948014530367591  5.648437329373446  4.136977827885549  3.982102911079701  5.4615749784185805  
3.4201325400276827  5.900923685612218  1.303335420242294  2.2604032030456915  3.028516942012263  2.659679523041456  
3.006860583854065  2.0649617788453747  3.2710724948930094  3.5800733873394397  2.0417000048991  3.7980297893020087  
1.5415293412530915  0.38153527750261335  0.0987734044527296  3.824637620120917  4.345394779765886  3.4506562917816663  
1.2459339949098203  6.297041758370587E-35  1.1300618522923376  5.239567517240068  5.591132178179073  0.5490239972206497  
0.7847728513420774  1.24087173284506  2.079857867197879  1.309267174444498  3.060882446805074  1.1955121735182668  
6.074205915842641  2.89269955493322  6.72106459161897  2.196642954469282  0.8690678133801583  4.3545041542380655E-27  
1.5952821281625897  1.9265166610143856  4.301877484314976  3.557895088979442  1.6324082348386605E-4  1.286647101349407  
2.6829269542876815  1.3926236429408327  2.949226685976867  3.44130004077667  3.024113801994207  3.5037345731644467  
4.655645717384711  1.231789683542384  6.179205846720167  3.9788054928303818  2.19024404660185  4.882615729400335  
4.80354436227522  3.3601870116026897  4.275356245850832  2.770992418917449  3.22256415570067  3.9496369360326016  
4.5054978480355725  1.4673517613905432E-27  3.6542191088509717  4.21622659218356  2.1027053525228063  3.670738220837323  
1.4298878568129818  4.215975724527054  0.44287956790220906  3.4792771561666767  3.1362300348602066  2.526655798230867  
5.315687441575036E-254  3.717251604082533  1.9404092953129237  3.4019466092681916  3.380356214808961  1.0034173236317785  
0.3192753288710855  7.027813141752425  1.3193677592966009  3.5080430008652703  0.8119741453683269  3.2623436021981127  
1.357183292523056  5.8073125276067366  1.6015352886369967  2.0594872883504696  6.681448351338337  0.5552279250155565  
0.6572489622470086  1.2368336579127963  0.8532775835214867  5.0354526692348065  1.5478781733191689  8.187778241117714  
4.149681805534333  3.1978277071946252E-31  5.588287006921611  2.6645029398710514  2.2536991361018488E-154  5.989550353230364  
0.5530943812252261  1.7250089791782874  0.9630139607038604  0.8099400592119648  1.1910573298494973  6.2427411798641375  
0.8375776358966173  0.5565707588577576  0.2842945983509589  1.3021136523549284  2.6108472216796694  6.754918899348429  
0.48181083619072584  1.884799203413309  0.9376068883345144  0.8684445825230814  1.22274809170248  6.1041563364332685  
3.31648412793814  0.3319979860500782  4.8230666410797725E-80  5.115022100420667  3.505595801458527  4.089961795623594  
2.58466973314434E-137  2.2780398040351675  5.468847505543813  2.4883776999955853  3.6585286747285313  6.333800112155628  
0.7358822398420996  5.15421310651513  1.693587055402991  3.095754010852885  2.2255173563876767  0.9713506845638934  
0.25197724250171283  5.663433956769474  4.563154244901651  1.0203734837334947E-32  1.4028873402605373  3.1960308484480335  
4.040775386840723  2.955465859785271  1.2580885132118094  1.2528769621451955E-222  3.608995129405159  4.7314469960282715  
4.24546722897654  3.4873837719404546  5.5870910870733805  4.50831860795827  3.7278797625512  5.124436955653863  
4.39827706939027  3.9447599428517672  1.381390066287835E-49  0.3467326222555979  4.322564534661471  2.5818658063068702  
5.246705161294038  3.8426320274023458  1.1880572966288072  1.6622225836185904  7.609357286339693  8.979634009790475E-23  
1.0669710931118932  0.5191119159692669  1.5253051213492794  1.3933229291896925  0.772071678495207  1.3300922899617964  
1.0670260174655621  0.5191385843426549  1.525129254677733  1.3931703472610386  0.7722090076481712  1.3301342527324596  
1.0436792258759697  0.5203094004558555  1.5489658637868533  1.4032245420355427  0.7617176481451035  1.3305735109164705  
5.983046556958017  1.6875455148364584  2.6432056288880137  2.943850962769055  4.733019095680648  1.5688814211220066E-74  
2.6900441260418577  8.598646122085183  1.9276009916662202  2.0688006395213563  0.2764062637026992  0.572412658348833  
0.6155825565558615  2.7185839252007034  1.6153711580596213  4.563917252848668  0.737643389669913  0.8939998653910192  
2.8907078740682084  3.727263593223007  3.625642894587865  2.1824023011811042  3.475450603972463E-27  1.5435854388704229  
1.6270352798182697  1.392002287412416  2.4442372029574373  5.469867085012064  0.24763674523966045  0.8667067378281512  
5.259201362494737  2.8823407082071912  3.5631324900975287  4.104787242518846  5.894304641949791  9.748252033813407E-29  
5.309882415445082  0.15962632310835578  4.120824885710946  3.753355013788741  0.3001295861278558  2.8976272297352734  
1.0196991419361403  0.5231733072563591  1.5584564784536514  1.3928770081080517  0.7729905443811662  1.3389758260458215  
0.864607898859677  0.7976639253697231  1.8043097369663081  1.2709133425390577  0.8350193253647611  1.3016014527257234  
1.6876830019752767E-25  2.9391534655990306  1.522525352586206  0.6801905742932778  0.907160078644571  6.589581204677049  
0.3188685806123763  2.2028964730435106  1.4262946291857543  0.7577288994972582  0.9834530584624293  4.979910207942706  
3.2987909516393232  1.0317982262463699  4.064385155204089  2.230360420230176  0.1906760177378509  3.5106491934475126  
4.217286011332677  1.4369156382937598E-10  5.110594233470708  5.209113880301118  3.6581267608100534  6.7246556023372035  
5.899599277861101  1.826991485532325  1.4337780127184796  2.9891845808115507  2.795115109939005  2.6670698620963504  
1.0614441785991167  0.5192038754461501  1.5295671405960554  1.3935049807841742  0.7717972283301339  1.3307180781608678  
0.7701657727019916  1.0573399029980173  3.787220094029464  1.0379923319977156  1.2167749924666036  0.8448041840860357  
0.6254500977259979  2.313211452607552  2.176711495933595  0.11116669249569924  3.0334180268188917  3.04179687764992  
1.1897388216148364  5.752592102304426  1.680570843370348E-54  2.134240405050638  4.100715520017928  2.909214471442253  
4.093580982439496  1.6285151585353466  3.7156711169607936E-60  5.506218243849517  1.5821202083943622  6.681423200264837  
2.6267857086169086  3.749450636960426  3.062235860175969  1.6088918874886253  0.6350422604853638  0.6384789062078471  
0.6176999011099745  0.8579559346919717  2.7468791068448493  5.407256660567604  1.1814300292480612E-31  1.4439571888781748  
0.6249151441448397  0.8195933815752801  2.9316301964580673  5.32811436408918  3.0756677051600264E-28  1.438206582698225  
0.7049520197938612  0.7041350837381581  2.5118226499337837  3.7625483116978287  0.06952704568201712  1.499359078292015  
0.6028921196389697  1.0431566695716368  2.7499675394413505  5.324227681597261  3.853551523780374E-27  1.4316840566672253  
1.0671785850265663  0.5191328295317528  1.5250327628512923  1.393190960934085  0.7721934273476558  1.330109544652086  
0.9334689865384589  0.5666791758651714  1.6901781678350283  1.3588177122182654  0.8164341679866585  1.3362053836623884  
1.048213341661556  0.5128774546534196  1.54375372152678  1.390056259647901  0.7787840624142823  1.3335096500653938  
1.0675003530937939  0.5191141003451658  1.5248743014668433  1.3932893176892296  0.7721099534333932  1.330040307801609  
1.0453685018921517  0.5078629253782312  1.5490528216813213  1.3871673592694993  0.7846668024099078  1.3348216074666035  
0.7591784338179932  3.629252657188987  1.570026813916873E-60  2.4704471418487195  1.9732033007556016  4.328785809333805  
4.900422981195458  3.022031632873919  4.8409106237837  1.4011043706313853  2.0041760361190178E-147  5.108580303014067  
1.330771209130319  2.5364432809055484  5.93673043009597E-99  4.299029692228068  2.0062607173019544  6.4827531814771735  
5.010528344499405  0.854589592142272  2.4019567372458215  2.6253899681424646E-239  4.602997010553336  4.717270207566755  
1.6400261121805537  5.502754687652015  2.2523044618585772  1.9267276438157326  0.800681895572002  5.321764245739716  
5.171503410137904  1.9316613528673012  2.792363632470886  0.8523666996250853  4.3613477359028  5.700445217271737  
2.7632205304884545  0.30365848438212567  2.574720931144704  3.463850318349721  1.986771536809416  4.394335893119726  
4.606746648625822  1.1649772830810352  4.97866904304151  4.426760540416239  4.407684584822016  1.8728710476391865  
5.106642768271261  4.934919117610041  1.4954742461260584  5.3738834032723195E-123  5.137825973813988  7.062196766175725E-32  
3.330448300270045  0.39248157929798416  1.2479430082264116  1.232159347824141  0.9841884835699991  1.1782096138915263  
1.517036896732795  8.357850460586347E-34  3.680730152879823  0.8868783974040595  3.116258797999826  0.6113073990896591  
0.6897837796806967  6.081929862682434  2.151077344171471  1.8608271263595457  4.6470052455358555E-7  1.783466199105562  
0.4361544892393238  3.127417652447753E-35  4.145244479097817  2.4415322705443727  0.9039790535773776  6.769661028527869  
0.8296186666478224  0.7579909133732201  2.318680160632758  1.2549949999084258  0.9496430311086734  1.144282429864318  
1.913595945124722  4.376303428223327E-26  5.049993321381009  0.6009488282000847  4.122295251587876  0.22265249784306343  
0.8971203790363641  0.4061800679369433  3.1690915572996103  1.7520773519258173  1.5675856928567646  0.8538284638585859  
0.8855058392051485  0.45830524898724706  3.3027676190309534  1.6538387142459225  1.4558533277870975  0.8508352155417227  
5.093600661526175  0.36173017138666125  1.790392953333448  3.025505145133784  1.6195925817404065E-15  8.31659207846112  
4.052070556699507  0.2886241953276206  1.7057740916115711  3.6522568894557765  4.003410306059275E-20  6.698086931913834  
2.815662153919013  2.2497044071147916  3.088002418119883  3.4432155622529925  2.6119322432151457  3.481926967478582  
3.064351867358139  2.0889503799976277  0.5886612219698395  4.244466576742158  1.9215793092529452  2.9284323163748693  
1.399704904767759  4.164606484028304  1.0419126088489787  3.5378528601570176  3.7608431412448406  0.9993268126671495  
0.6675273922922258  3.8445001673654358  3.282015440742182  2.2308235286976696  1.51263501851506E-46  1.5128289810612854  
2.0421099510084217  1.667531453721392  2.073867000586377E-6  3.336692207285808  1.4946870357555777  2.8315825356194733  
1.1976730488277618  1.761127371141145E-42  0.7570756101883839  6.803473157161758  4.40746493989641  1.621922112564066  
1.8444588160270896  9.855379397043382E-75  2.796698223211878  6.670666113093606  1.5656779084400568E-8  1.9983442792218142  
1.662359359952135  3.543598406153064E-49  3.9698839916782007  5.303506718188464  1.4524961254346522  7.092135516284271  
4.940118678708101  6.324441195722459E-7  2.4345021729398012E-33  6.108730322027883  1.9848461754729256  6.213065531211505  
2.7372068717117406  1.9722870038993188  3.645648576170415  4.198352311071828  2.6391303918466384  3.3134376728014656  
2.405503576424829  1.4774061173154862  0.4760046023816317  0.5997161620038861  1.6892909369687685  5.25433972654243  
0.7403144764686903  5.372827164902719  2.026152907859672  3.865693458835764  4.216942286540999E-28  1.265354692434909  
0.7254480357858195  5.555574367579716  1.9498825893169882  2.1174885680745046  2.970623253301884E-6  2.0555871046715035  
1.561090733759074  1.634007662401498  0.12724793791440597  3.072163043339916  2.8323767643206073  3.130703432351184  
0.9175872869356024  6.991570528512632  1.0538250784820722  0.8329169992772917  0.7387506943095647  3.417381122952858  
2.6204166465143173  3.3949048864526756  2.833144289853616  2.0418190919928074  2.8433130077426654  2.3161326355477807  
0.6334347722549298  4.933526755295961  3.6317031486801907  2.1577178550428804  5.419187154483565E-6  1.2745646862068913  
2.4256489132263552  5.24443179213906  1.3116038620153034  0.8365048628388365  0.7945386985936811  1.1880456246513038  
3.802813993484869  1.4780471510691393E-34  2.918163326981497  4.482624983241363  0.27931587412389464  4.175005599803809  
0.6381733382005363  1.2395847260857191  1.4711802817205932  1.2769474691505476  2.0693218214979763  1.7219682369219902  
0.004801483086968954  0.8761313825459591  0.056373201439021976  7.26522569647859  2.9837953525324994  6.44985995986979  
4.176079602413  4.711652354648414  3.194811859814405  3.1007980326876106  6.265221870991853  0.3904691548502558  
3.2751827012977848  4.977499150384198  4.071912041401554  4.3526475800360136E-89  5.321797557838187  1.0167003169473683  
1.1094853846891166  0.39107739793541707  0.9075572792055566  1.1258429260508518  1.3298434366955594  3.9561272030771755  
5.852648569483023  1.739209325132641E-20  1.2968235818553786  1.288134188747669  1.0506950496944123  1.2571047209736355  
5.852730304698575  8.901630145974016E-22  1.297389613132051  1.2882226267346635  1.0511759387459432  1.2560691950664737  
0.913213664843943  0.001109149321422268  2.8964235602186745  3.8751198043018564  0.92052178074904  1.3140460544405648  
0.8871052292805793  2.105474648063199E-6  3.7183984489391535  5.503298348740733  0.9872364858582909  1.2091550702144176  
1.062759929728879  0.5189823295535823  1.5291753796057543  1.3940593815337965  0.7713700216850099  1.3303659739364573  
0.44322210568628434  2.8452180941818743  1.22563471321459  0.6663164066885724  0.9148203191971656  5.603972958126619  
0.3685874897861066  2.8891671324819974  1.278907908380671  0.6662193319037379  0.8952262879423082  5.594788082670637  
0.4722371773203597  3.0203150498208187  1.2420606837457178  0.6435499295829484  0.8882266492303915  5.509128671095087  
1.0161490620435558  0.11197326030861736  1.3671589426188713  1.3830726429107765  3.529097355723856  1.8068189638123695  
3.2555961130512707  3.9026711787215875  0.9856252463928538  2.678607580091276E-56  5.7989307965724395  1.0040251433273122  
2.7464848112212934  2.413535182044466  2.063108192695394  3.5540110169874417  2.85770576568412  2.7457886436413843  
4.547849060558306  1.455099409525756  3.0472974043967107  5.004550513210408  4.056226946498046  3.1530917989180973  
0.9382730925360983  0.3092984664279674  0.2978622688837023  1.4762688394632055  2.8007865788393604  4.289653023770226  
1.725284449475436  4.978543093430661  0.6191171015126818  3.729088873484377  2.110296288002245  1.986349993745624  
3.7010092519009374  5.394507359876269  6.163428777268982  7.444354798563138E-49  1.3608438090478738  3.1783118411659204  
4.69952325280062  0.829236359857652  0.390917374624187  6.362599928634882  3.4845862284513447  3.196369725399842  
0.9785192959095832  0.008571988893569004  1.1480487955917242  1.5150507545028022  4.991888280240492  2.1484832423619618  
0.967382186484245  0.003767988937878705  1.0100220760447844  1.5321070456056098  6.5650923077616685  2.325588007601665  
7.633470455459512E-47  4.07571640512374  2.5698896923572847  1.0396579144332609E-5  6.180947058867963  3.174273538971669  
0.05124161534789944  3.2264389367762316  1.3764141828144287  0.8061599631864195  2.1946788633185896  5.192084878938002  
1.9919680092659355  1.6566881922394685  2.475834734118127  3.240950075220785  1.3171029879484915  5.052917228693342  
0.6301536207426053  4.500043828308018  3.3082236544094585  2.551418473072718  1.0513817675192925E-58  1.3044446568144372  
0.6824158871934501  4.828803767828167  3.6127835830160344  1.4523163258575361E-10  1.5612513808039037  0.7726382160497485  
0.358127301523192  4.033546955939064  1.6850755659355434  3.3756627574511193  3.3470487068743324  1.6383024875985446  
0.6186577176901576  3.7847658140450378  4.772297942410565  4.093789214435469  2.0989847586147703  4.314764212163108  
3.033202171827593  5.621948132418949  0.47966151912355226  2.076972360766531  5.042713931305205  1.88601125204392  
0.9221656618689797  2.0249896509490453E-30  1.009864977896146  2.646560651707907  3.2886160254374053  1.223255063009712  
1.4081986430460445  3.4995214678037973E-26  3.010329829889876  0.934080919887614  6.106797060925961  0.7633047546643575  
0.9856954188579712  0.018344315089765723  1.170804034055866  1.49579837358905  5.016340954868641  2.110810349777556  
2.276675885998922  4.166808660835245  2.0E-323  1.851883871596536  2.8612108154801885  3.0633680828118792  
1.2787779808861732  1.5915272082272105E-29  6.337847702175974  4.53301718137917  2.9652273600882655  6.941363119942931  
4.1085177303918226  3.1232713235556817  0.5901347233748067  0.6575062619685913  1.1379044729755199  1.1189228136931377  
2.5782681835246235  2.7790561410001353  2.819864467308103  3.226775999611673  3.038306314529946  2.9321555533452934  
1.5426868458589633  0.3199729739907486  0.14674527139450264  4.8139762899760585  3.3895684992561117  2.897096263810356  
4.005996151057451  0.27652548821586176  3.5976464967724873E-4  6.5503942351541555  2.423727589392521  3.1281353102975182  
1.1818905223813863  1.490438272043594  6.446587749455276  1.6958836241719926  2.508687739166411  5.263601842247249  
0.22941849388121224  7.811257825126892E-14  4.939668689598195E-36  3.6748969372737097  5.420421919121338  4.081314861252336  
1.0646476805000842  0.08417330419177001  2.690046236341556  4.590513958194524  2.517503157411631  0.44136862386249126  
2.739903772870114  2.296670568003968  4.664455496701796  1.253314622433667  1.0092558404529635  0.42195502657157496  
1.0644875569695813  0.5189079294700738  1.5279887282133162  1.394143905901009  0.7713398602657199  1.330124189059355  
2.808278116302478  1.8455323999817703  2.316584044643026  3.6987637691788846  3.3825356482562676  1.8769608034645302  
4.776301797431756  3.4427194338100016  3.913306595901779  3.218212259471085  0.7761783388814628  5.291679086691567  
4.9924248094588135  0.6544365492898283  4.055998475869976  6.021607065455502  2.6331872364490807E-13  3.4581311456437485  
0.12351531287803341  3.953019498183164  2.9131880174032574  4.896407443676881  5.9550349790615895  2.0340963188465907E-21  
0.8272886532406457  0.13451799402449657  1.207646435465885  6.7462986536340015  2.654978094814487  0.6133298072171979  
0.25749665625605195  0.5015140174071219  2.03013396626709  4.88109500651852  4.985334341182363  1.667043418884219  
1.6962621817450565  2.5131592092152113  4.1628458056312575E-24  3.2523195284205717  2.6261861656558163  3.472200635915848  
1.065539513112272  0.5186347435231117  1.5291436266530996  1.3965526867056275  0.7691175091309183  1.3292418200427043  
0.984844759983251  0.5549585840396487  1.584813121899771  1.4018237230977737  0.7514541174620576  1.3407072087093537  
1.0669854306633473  0.5189649432402246  1.5261078972722162  1.3942732447753252  0.7712109024224703  1.329790151584407  
0.21863868119451654  5.147684518008289  3.7823704300750047  5.717146668759048  2.0540128735442376  1.9619789951540954  
0.4458636474145274  2.9256088070780844  4.309851641969751  3.19605169209322  1.4501455896209796E-49  1.9257170238016497  
0.7627087484793449  5.17974049729665  1.511125878761813  2.7015762550909472  0.39544539293247144  1.0400757394575548  
1.9439542867973703  4.441775754135535  6.209717679787806  1.8240395029919767  1.5095432977081775  1.5650045745192243E-11  
0.26818070408404643  3.938952339050647  2.4120195299335268  2.431536110340252  0.10610770504736226  4.009654433047096  
0.4495629094349231  2.7359669134960733  2.546313917186241  2.8800866219547396  4.466814759337105E-8  2.8139380485049474  
3.3474124692996097  2.0260113525645584  2.2089907514110464E-15  4.631313457990306  4.405047068284066  5.274475065311483  
1.039996620640975  1.8391235089963411  3.0834963277201206  1.167838739857699  2.8818296596943034  5.9902294856273155  
1.0090416372796278  0.5257675965274943  1.5797246632279518  1.4121343756476066  0.7516187186179553  1.3345050440313526  
1.062618591441822  0.5185882616026645  1.5319454935951873  1.397295092659158  0.7683774876871763  1.3293597949425762  
1.003803901359874  0.05698954070964409  1.1953675376135036  1.4397373926657848  5.043216748018945  2.0776691596294943  
0.9881813317417137  0.1245082690989295  1.2448546261061484  1.4404907162516967  5.101526180154439  1.7654426431828567  
0.405455158437469  2.928828232633211  1.2645379095866611  0.658889717393598  0.8935828364855364  5.567314371715639  
1.0677241223530494  0.5191576822659614  1.5244542417019247  1.3929968049769754  0.7723784883139907  1.3301063371983528  
0.8218471804606389  0.49583903882315783  4.050999909260356  6.695469378250033  2.0218835808498148E-69  1.5936738670502653  
1.2074710952852847  1.0048265438598503E-54  2.110107252583847  7.108832082073452  0.25065279952636893  1.2497384145046289  
0.6022945828857676  3.5352676174959163  2.470285710208247  3.8879296462203516  9.898365746649037E-73  1.396085453584666  
1.1393767612036683  1.2756814516404641E-27  5.211736286640789  5.912468734193467  3.0513581860316184E-79  1.6573631293634772  
2.1147791403264615  1.1132768380055196  3.1485313162048756E-22  0.7655771410474852  5.600975811233129  3.8097953847603145  
1.1401354432473785  8.928323767129256E-160  1.8285996800718298  0.9628803219704315  3.022566722284271  5.6348721027911015  
2.1935887439459205E-77  0.7555963642500811  2.2269121907657206  6.861660569604723  5.399881234820117  0.42632391644054135  
0.32438878043917624  2.5122894109938443  6.394671658821506  0.0011760208750138579  3.2929577898654916  4.716727987015925  
0.549855687753795  5.656861127051035  1.4246182380182832  0.5408721067973191  0.9783821061430593  2.350007508269143  
