3.6278016445050696  4.869062073475648  2.19906854451792  3.5268434255501853  5.953063115309315  2.1896685595275102E-23  
2.5559145581718723  4.358012955003591  2.114901272200579  2.5652418554591994  3.6572481849052654  4.650669572659216  
2.2112252681481217  2.0704776675735226  2.4683002209685587  3.4806906424053947  3.922191256765584  2.568648586794272  
3.7188651746863557  3.8629450484116448  1.5605483613182127  3.7106576260903523  4.185139512330668  3.5365384019564745  
2.8733998941360674  2.5759202107091466  2.3907982597966555  4.262721091536112  2.696645377032449  3.264494362312047  
3.6763267180759356  3.9738681985406545  2.8447617170033688  2.2782608613628574  3.9060269294148977  3.87819749926844  
2.7639215579490792  4.003694801936328  1.2702511343367662  4.103697853128545  3.257320062779315  2.9925871430920457  
2.2788556585286286  5.657283622769746  2.4575048631306218  4.411517809922449  5.916659325911032  1.1386117892638465  
3.603287568931051  4.759465787995306  1.2172141580814577  3.361772582089045  5.42702445412638  1.5396533284580889  
3.4440026602029836  2.1877528964103985  2.7168715764671942  4.181356183136559  4.064471922077923  2.5346801801949272  
3.0393908247270205  2.7145392340883934  8.807312283187121E-157  3.0401534484334936  6.425444359693205  2.4358089826588487  
4.101721626291989  1.1404739474015033  3.7580374954816515E-103  3.8040927996632146  1.7955363829873079  5.093496913150865  
3.211223612703128  4.75918318426147  2.477175390547774  3.3873810558236483  3.937330841298127  2.1782453418019836  
3.1661104465117544  4.360833463049254  3.3127458605875826  3.0471393684920107  3.4298818793888244  3.2702834746927754  
3.1411773566516348  4.921584919059479  1.154602257998955E-80  4.845694468796668  3.288489681262184  3.466091926917056  
3.9011273725127893  4.111531066774474  2.8378945469469605  3.745469170645965  3.8039580316867823  4.151074796026885  
3.4526689193775946  6.216290684123699  2.719710840485904  4.063167392478753  6.054342995530862  5.754475723292726E-5  
3.680995026807775  5.019055479070738  2.19555829206383  3.244711003799658  4.884778538037018  2.9726003312401748  
4.503733632399702  6.046564201459974  0.2767000762955593  3.742501206934883  4.236392542910591  1.328425675229059  
1.2277833668286513  5.621485689675912  1.4185738475227816  3.2251831585051485  4.669507373456706  2.09490127629243  
3.371406165858835  4.421537576604958  0.6384907647493884  3.5092483153207517  5.197008224058526  2.1517573689686325  
3.5525741301916383  5.77117824061125  2.897520004412793  4.4782539134381  1.4543082057754726  2.4737995621870787  
4.179771787065578  5.500067987473822  1.0323762866818174  4.0622463916558305  5.064201951106301  0.28426284082509107  
4.280582993515659  5.473887036752355  0.9544492389023392  4.043413586586267  4.297560293072783  3.1936956560852536  
3.54829863809297  4.409334699383921  1.4985985192970785  3.066734511716948  6.994562059485454  2.0448441443579886  
4.0805670604672954  4.353320554601421  1.9288386248879166  3.27778701390012  4.528857269371741  3.159567041619131  
3.397154548956008  3.4545133660599108  1.3674987416744353  4.8892493214539146  3.958532072656658  0.33552882256542355  
3.375488162255108  9.955057400926862E-30  4.253382586804697  3.115916277629629  3.061172072965869  4.455981520931502  
2.1370138879485596  2.0404581195728184  2.454565076129572  4.5826760433776235  5.530531903168518E-38  5.463653163003311  
4.123714614527049  5.485147460363698  1.6366021867819884  3.763981644399223  4.116557622920338  2.034264619388788  
4.885571240486561  1.8380025802392528  0.9660319073304378  3.4437970247754675  1.3237688903181939E-103  5.678373836804779  
3.5281899796568545  0.7520180029146046  1.5805930444377911  0.46146297544672443  4.357099373565689  0.8673207130534424  
4.105818258719183  4.065067017332902  1.3865800736698255  2.1839400353554987  0.7352468795124305  6.0423422393903214  
2.5657075096616047  4.17818107601143  2.972766282941421  2.250065554040774  4.335208046544565  3.6797128106006403  
1.9089894367771099  2.735070112432975  1.1821529689053971  3.9004265606324657  4.816159121852023  4.888486856531647  
3.376869269462912  2.3624651044291205E-9  5.921265822736215  3.818438399665288  3.5845537033100476  2.9643656151272593  
4.034317596628049  4.802832725470491  4.05556421759891  2.841945240437232  5.89756657422748  1.7361423082539829  
4.083446595723087  1.7554125066094237  4.538388743977615  3.446344652580678  2.5277490395157582  4.05755822175119  
3.3663839403012212  5.971529970296964  0.34244404562699454  5.652851626459823  5.3913198108738465  3.38809981389677E-5  
2.867371493115121  6.250666454577569  0.6884594652882748  4.617794687339363  3.9481913568297577  1.298396229583094  
2.901128972700195  5.158896069354251  3.84162998414158  2.750431588096449  4.838593339395597  2.636116232521526  
0.2042096650378436  3.159386475950546  0.6732946074989669  6.282929008249154  0.5251573119127261  4.714175165616531  
1.7426370567944494  4.639990231021448  0.2567809670816145  4.805753202079255  3.3876089645598695  4.005800864125224  
2.248460107177492  3.643703428297083  3.8222168133657135  3.342472118638192  3.8549652151326037  5.577571670643652  
3.7296695163578035  4.053455659595235  3.297629057454814  5.691448797141513  3.2349681627498796  1.1148728135794834  
5.513226256454894  4.688924461618263  1.1306376381499994  4.321127315141281E-55  2.258630785383946  1.476237643250329  
0.6857886150823271  4.930868818050522  6.623602869225252  1.027473183146502E-23  2.325548001214219  5.5031356050065315E-15  
2.512938380066555  0.7343961519382827  2.7711578363592153  6.422674908122667  1.6622145251996923  4.670501447948017E-36  
3.4435391257785524  2.940335597408525  2.75702163142311  4.577618822870615  2.6221754259933348  2.6740829933890593  
1.596201942587759  4.595879422918381  0.2917330956575572  4.370699132201215  5.1203146890965705  4.037913208562226  
1.640428297168801  6.028273874253102  1.5054679726391875  3.523440789247598  3.0547776953223547E-65  0.8047917515407046  
2.6674214477747507  3.3734721427009715  0.3228488876722505  4.8438451473986355  5.435562256759059  2.5301664000442017  
2.6652952909424728  5.977653206447589  3.2258151252508127  5.1733391156783754E-39  4.477741965890806  0.12682580757929382  
3.1562818807617536  6.592835213888527  1.3653929097167334  4.847395357735556  6.317888163473086E-61  3.7663931048473386E-87  
2.212140279149837  4.801811517568004  0.6675827690417432  4.87005277996603  5.1933960338869944  2.2070292186363107  
4.392819591188694  6.6276242560867145  2.3922826322440294  5.1903756468826465  3.440418522862014  5.527432933440847E-5  
4.152805361457659  0.9824101125032075  3.044227813110259  3.880923424561491E-55  5.270131120982997  4.091912631434515E-73  
3.766078857524422  6.041799986229773  2.2797355793773363E-59  3.8210019570555356  3.9681169285781714  2.136391202428327  
3.258704132966412  4.484867579757781  1.181427314845392  3.6229186446113277  5.941497844536121  0.959592110436916  
4.39906271827455  2.7009288274659882E-24  1.6230271542204209  0.9231119719440103  0.2690393503122583  9.448099315267648  
4.099373280142698  3.973156030056901  2.1050867262122726  4.687555982959173  3.59040496891746  2.174434447018978  
3.479873741808784  0.507466034859378  7.389674061340662  5.501794806949961  0.6940228307763735  1.6483277573543131  
3.7953932223625775  0.600684956996701  3.244750957059571  4.974207062711268  3.160819314393364  1.388433328077985E-185  
2.5040821291264757  0.4484337514581248  3.3113443035798196  6.9446904374345575  0.009747038487916818  3.2422240625596945  
3.31425682620366  9.923427950332195E-16  3.4036369704530567  5.670490188548872  3.8526720523553166  1.6076783247015236E-118  
4.597214538790917  4.622664652728456  1.1048313923962931  4.850952126564658  0.2963403015306725  2.2326340232395996  
1.85205590838181  5.57291488640662  1.4832715021516099  4.390342605779789  5.257607220310063  2.1985911472685578  
4.023044859209713  6.8913881262418455  1.382982564552851  1.6914223436999234  4.3579504413502E-58  1.1036774828491218  
0.9918618339111903  1.0461829414788266  1.500027591949496  0.6173611334801071  0.8709723101733975  1.3442547239717912  
1.5344415819425437  0.8361001317392505  0.6592733527710481  1.030686394282048  7.096751145015105  1.5143739330524673  
2.671526504823351  4.798991771175722  0.801911967882326  3.555113327217727  3.103344607102019  5.9030012691769285  
2.977822543815565  1.711911760928019  1.2975674654191804  4.122374612357887  3.9485444948049446  4.548724800405022  
3.7486031401477216  3.4919043305960296  2.1009255595583945E-13  1.3501808136846116  6.528615142697917  3.744706599205036  
2.2551519879102043E-14  5.622635601073406  0.37103905875603427  4.986008658394997  1.2536203332746074  4.746688281014869  
3.8130418704979983  4.02156288472088  1.8560412038077285  6.579514272810374  0.5420059307529388  1.3724495496168639E-98  
3.1178718065473476  3.2380391740787187  2.495142360943068  2.032503399763418  5.686315564459091  5.101961757940132  
0.0981478777535726  1.0650214704017293  4.138902468044928  2.999148971942903  3.6629444892287024  6.323446837741928  
0.11076690600115348  0.9827957064307427  1.738469965668194  3.1117275126861634  6.4738698096294  2.2957477492387164  
2.781442635196867  5.592868278720005  1.2655533983711523E-95  5.129083582188422  5.033518215849874  1.7406299163669574  
4.597629212813524  2.3008537742824653  4.907647951047243  3.507799677110008  1.7564509686583656  6.267128970639376  
2.8482971293956867  5.047039414368746  4.712369040183276E-11  3.241499086097252  5.250437128971909  2.024589171655738  
1.9037535541324544  1.0053225805127448  0.9847207529681851  0.2810060047949553  6.699176976089021  1.409299879429605  
3.4061283082892455  6.142271656233242  0.16286001518920848  4.828218081482266  2.3888857348420163  1.9247676641705032  
4.168512371520888  5.159221611368529  1.732902289361565  5.794564556120947  2.856678152509225  6.615957611100194E-146  
3.390097124110249  5.68184482288397  5.924978129931183  2.8794072537174776E-173  4.330574488089781  2.230365336936966E-56  
1.8275030679689535  4.161854261806258  1.4729983522472652  5.9087705809337105  3.127574467809056  2.2324867235609522  
5.291919008530156  6.127645545409572  2.561716870564811  1.6880761260243486  1.5879318893551437  2.99935362159196E-28  
2.3073464623421844  6.885957347387362  1.0854959210317932  5.529002778698948  2.3409885896403604  1.0941325593471522E-11  
0.6929793223758279  0.7761793937897761  1.6349103358472  4.370505381367512  0.5059177566296599  1.5173875152572691  
3.671777439048139  5.7132992876785345  1.1542774102743625E-92  5.346857692244846  3.8985349773303315  1.1056482256976423  
3.8019850975732274  5.257622003983798  3.2147130823826  3.302457854347006  6.375112976934888  0.8367782306003756  
4.363953118608958  4.812191375804146  3.3498521450668326  3.6213988553890615  6.065530399167838  3.906517226703032E-43  
0.07111658772940768  7.381073425581786E-19  0.6609206374706981  3.7669101680510924  5.578007056673928  3.34783556477519  
0.9896832458482503  1.0450960008911756  1.4983093104512475  0.6170930202362035  0.8734373146613712  1.3483568491749978  
4.553498054769644  1.6933960390480964  1.2084930396172147E-61  7.284704741714691E-38  5.243189935952281  6.592595645354606  
0.9308108076001617  5.806704239917986  1.4026950933355802  0.18928348689571048  0.9835382566035004  1.3348469276546202  
2.693413868978343  3.342807622505548  1.9215838069631328  3.0364155070901373  2.634511068714105  4.939665465873502  
4.095208966616352  4.040537068270117  1.495315262514451  2.467551285490376  3.22108298832058  4.081802380272977  
1.004426204965147  1.052299409220706  1.5131802713082456  0.6207630772980657  0.8564462338528719  1.3160404575949094  
1.3389955091897847  0.24436974266210246  0.7566320130297096  5.706801659629758  4.455084528573447  0.6594156611672284  
2.6354770442661035  5.579042990354045  1.5516827645402E-183  5.787567765882041  3.8405779557413995  1.1364252700091184  
0.9886373373693804  1.0446419309322625  1.4975727490082018  0.6169633763995639  0.8745913029520049  1.3501434213758343  
0.798654533541688  2.158475442866007  6.689105495612257E-62  1.2425921340173217E-64  6.392559166291508  3.3524617799534444  
0.35416843532093767  7.425526692927477  2.0685202192489642  2.937684094271457  0.7799841596692614  2.7941012201928864E-10  
4.01989945753489  3.8147690847259654  1.0196584301483942  2.6060501985574245  3.1488917243070116  5.169166010729031  
2.9881922267912024  5.341395516078721  3.4379332385599923  1.3021466902064716E-46  6.177417012025737E-13  2.514716679102463  
3.0617397414405056  1.9924596396005565  5.854314802442373  0.16351577128034783  2.1181242117609824  8.438043091328792E-50  
0.9881901308296464  1.0444266384429268  1.4972351509960555  0.6169115922373904  0.8750930737509474  1.3509550523247786  
3.031710415421635  5.135400991504711  2.7820799947744725  5.2069963641108306  4.64787320444947E-178  1.2985566941635656  
4.604775778511006  6.067651135164177  0.5615670251179264  4.573076770230481  4.172695212330845  1.0927844482991298  
2.207296207113216E-24  4.793559785865194  1.7485516324172474  5.360371141020081  5.396513772926616  2.591032567669065  
3.3599300940491417  4.81867616216117  2.9959745895891565  4.386127697037001  3.1038741422178537  1.4485357002331616  
0.9852518017335715  1.0430321993560057  1.4950424283950767  0.6165645564532654  0.8783828783748046  1.356251061047787  
1.0260515968793444  1.4785957437371597  3.0312503448597514  6.242404107811952E-79  6.194716174395804  1.980699627052114E-57  
0.3723455631783024  3.788106867923845  6.046627742965461  3.785922921786789  4.309683473268022  3.0592745153733485E-57  
4.11542724051289  3.5954647603369665  6.171015509657333  5.0262810568215E-47  3.7671725069276802  1.306432671424918E-129  
3.391394767228284  4.815030641039065  0.44529781549304104  4.171823868061285  3.2258932952009385  5.37213358249266  
2.626716973225465  4.79139641491748  6.682030086176753E-79  3.9586099471440153  5.361165686568548  0.2677949214565054  
2.408872513155425  4.098150302697541  3.227953144204918  2.6613814242244467  2.244972849602981E-32  4.73574875351281  
2.5751481329021475  4.0731461743882935  4.3592896054368846E-113  3.677856807658759  2.8382808039842256  4.119292223921895  
2.093723924245139  2.7491715309639817  4.70717826923526  2.307113015362025  0.4429044465826747  0.0057699432564099935  
0.5306485671870768  0.5493170959732414  1.2198918573943542  2.651961529273023  0.9948701064031684  2.2691984343373766  
3.2084211502840603  2.7585188591773444  1.3560347227868166  5.694448517583496  4.497540600029287E-146  2.1066478701870164  
3.044137266981148  2.910871846124868  3.3504449406360215  5.066100262293145  4.348354198372112  6.081862509332595E-16  
3.112112169661175E-14  9.341254433308071E-9  0.3559732376608114  6.34012405646472  1.71445131096548  4.62307173111751  
3.9632454007469997  3.364565115427215  2.1899589378293864  6.526887631692925  7.815937996638318E-26  8.032951202450616E-22  
3.541478950329209  1.7392379555437618  2.831782700026235  5.074449632067173  0.16970053278960187  3.4840711838731053  
2.198403771250188  0.7040538450168993  2.11501318213096  4.450656668958755  1.7211190648945327  3.1846950926530066E-15  
2.1231579184898556E-23  4.4357350619173115  1.4318893988225854E-77  4.4863602016305215  4.686942391324332  3.778550839347189  
1.256603646532999  6.440616309224354  2.708228957832134  5.809094057705851E-29  1.9599085830235375E-37  4.929456613640225  
0.5364764244057317  6.122830899801536  2.8981235049363256  2.8208623353762085E-66  4.722604559310058  7.356666172918346E-5  
0.6878579396520175  1.961977500086675  2.0142012462312477  3.3658322154269937  0.6313623512667671  0.26203516163076085  
1.0008238856112515  1.0509489337470388  1.5087201934161893  0.6190391908503645  0.860574649163667  1.3249816712203613  
0.9913434895480734  1.0459149799353118  1.4996037059816798  0.6172959243778658  0.8715632354242767  1.3452602695178564  
0.988032165310865  1.0443197238058746  1.497080438982593  0.616895633480848  0.8752832678799743  1.3513196113382062  
0.692994524231253  0.7758135656580569  1.6344667883903081  4.370410045856354  0.506004661274911  1.5179001738855746  
1.3220921738907532  0.9211386505264957  0.809356857725368  0.649652210847807  5.07275703740975  1.5317911006377685  
2.85357997824756  3.5824696914384275  2.009682069117114  4.607993450473457  1.17813646070609  5.704043595137985  
3.2839427669948096  6.466316210144481  1.182741437098995  2.586043465457359  4.022460260608711  1.1905134821685834  
2.632797648256257  2.294357085290549  4.970819968637686E-15  3.6781369500873646  4.319952629537005  0.5845134346778328  
2.3260295097146395  2.6025307728440055  3.320361987128907E-85  1.7584498098447412  4.202635495162637  4.54765139613182  
0.5485758753195695  4.911958561463181E-7  1.200760815130017  1.7834420202617949  2.8378839645109424  5.416185182198699  
0.5299760356255602  5.623268664955355  1.592883334164621  1.9246792634339789  0.9594410590907404  1.0578284906516973  
2.01104541845223  4.7154433753163046E-20  6.899686397576474E-65  5.363817113271439  2.321049151683283  3.458755268111985  
0.745107518953598  3.500581873954731  6.006860855412829  2.1280705230207542E-25  2.3743346255784186  3.235492826679691E-49  
3.7939116197692893  3.2235304314484616  4.088174678839056  2.662963639740676  5.984289568370929  1.231128507800645  
1.7805468116877738  1.8987054323709331  3.887993058177149  2.335316582671707  6.272495381703304  4.59641987469619  
0.3842194865479205  3.8905915069347656E-38  0.8765041067570793  2.483557079920619  3.766008685338116  6.126138732269259  
0.5579483414135478  0.5476482672628541  0.9032350818831159  1.1602809309806443  5.326812252884962  3.220852487464301  
4.640064044656225  5.190279764445561  2.305358409206172  3.7450130713357703  4.921346983783225  2.192538746709748  
3.886712904346538  7.011245155782772  1.4810590908882528  4.898531194026054  7.350396380545515E-144  5.804293586858814E-290  
2.680857984204874  5.249448662351729  2.624693811385306  4.154921587190044  2.47254716515915  4.15979798459621  
2.195726252743797  3.354700634651366  0.8716556281269624  2.2593357999708625  1.5143817131253487E-48  5.499692611009343  
0.7362569798536408  4.746503623888126  1.3644445122463293E-112  5.3441494848824035E-95  3.046282624536187  5.556437811304659  
5.058805689571312  6.142897478896803  0.4256520530619868  5.3496057468820064E-98  2.2587268608855195  1.884723634874678  
0.7412447890033123  4.1284851962316935  4.328649842637396  1.3581790128525628E-7  8.025764626752604  5.108035046062838E-36  
0.9967332687127434  1.0486752377057915  1.504222895918861  0.6180984930475955  0.8654006506743037  1.3345284274617235  
3.356227374067907  5.99662220857933  0.1396769039880139  4.881012194751121  1.366721335954047  3.7995520593176133  
3.5068548787174882  4.548716116922888  2.594888721400743  4.344475783746844  2.8080446218559856E-24  4.305543979592212  
3.0875011829471757  2.4424737979670574  3.775420855148685  1.4070048561914301  5.5547624801895505  4.943426355363602  
2.5255049979060784  2.035404803870105E-82  3.021808205512607  1.2642957768363714  6.884847388543154  3.3703151334817316  
1.052962755859009  2.386238253335189  1.1803368188337281E-29  6.135740071317788  2.15809264812562  4.780152814868451  
0.9881509782893516  1.0444541732126673  1.4972581327224954  0.616900287546391  0.875118386755492  1.350917912173827  
5.052075429756425  3.872708817473341  1.1114397052639298  4.753174380453203  1.811448914603488  1.384495590591279  
1.2894654338459117  6.055061178792009  0.6737522251083935  2.3946532572857264  4.19294678191972  1.1158259777199233  
4.847188598510823  4.812573959329257  2.475227843479943  4.129377087017238  2.4068884911572486  4.239932147732552E-16  
0.9928748412499633  1.0466913704001026  1.5008459996391026  0.6174932133511171  0.8698230280653756  1.3423182553701034  
0.9987045809021474  1.0501140989055842  1.5066654642779327  0.6183884601477384  0.8629630481568006  1.329430906016627  
0.04976599597736616  0.47809330423054186  1.136187690915597  6.983244619292936  1.09614479536366  3.01544056399935  
1.0148840959701555  1.0701757782089865  1.581252202969974  0.7123835914577976  0.8236755349095556  1.1841495243947084  
2.5292050965243495  2.838850150105573  3.0456135651572125  2.4397594592249336  0.38375695164572365  3.95363492034873E-51  
1.0137399063083398E-22  4.866811755805925  0.24444449878000826  4.091576779060535  6.627024588421535  0.7502108132610406  
1.9817565703320114E-248  2.534232865060008  3.1640413114886936  2.826097000339213  7.735659245821025  0.6118116557074227  
1.0051759146910724  1.0533020791840113  1.5165692630720593  0.6219173545543765  0.85518036034867  1.3103287233833165  
1.0081497259447056  1.055660636305677  1.520372352618849  0.6208163886111701  0.8517378264267794  1.3059861302340914  
4.805108106354242  5.566836369414835  3.23088976652787  3.7147125214084933  4.847576989811988  8.444793867916185E-44  
0.9993549483152063  1.0500061450524962  1.506831417278154  0.6186852997828461  0.8623638843226937  1.32879918186393  
2.8682753928041866  1.1269732453927918E-41  3.3953839910010717  2.2053893997180065  6.34606969097237  4.066809259584134  
1.0155821045809414  1.0625505384401692  1.5565997684241224  0.6780056389148026  0.8325600717863662  1.2283954473486085  
0.9861593708226705  1.0434580357049987  1.4957132223386496  0.6166718645182745  0.8773688472704825  1.3546282713528115  
1.0021863858663038  1.051487384153539  1.5103608938706543  0.6196578260853685  0.8590000471677107  1.321590450414649  
3.455911352045804  0.43510406286801884  1.0127695228667926  2.497547544882984  1.0673111129229957E-24  4.069492575833609  
2.453919238154152  2.1896607774676986  6.239333955955794  0.922103609459268  1.4234104768401992  2.60328618331594E-18  
0.6970414718923216  3.9491167258472597  5.403394700400023  0.2535334301616834  2.03109806721471  0.10759434052825022  
0.9742156105627495  4.571867740679137  1.0329340265773528  2.8316213364154046  5.703386537747553E-8  5.490197558729836  
0.9847238778665809  1.0427928570944938  1.4946616641649348  0.6165014684393714  0.8789692279525261  1.3571740326983237  
3.6959908145194684  4.354120183235585  2.9501650091159046  1.2227569572128774  5.728614845045473  2.79926981243447  
0.9844094779275859  1.0426526745045952  1.4944375220639325  0.6164636945488698  0.8793174396892625  1.3577178283838136  
0.9841889520195201  1.0425512224150242  1.4942768500447756  0.6164374964480627  0.879562978973038  1.3581069693827967  
1.0169117550714708  1.0703785401362946  1.5854370892581178  0.7251747526493887  0.8194493285244322  1.1716708141726189  
0.9533027509933684  1.277004688457051  3.444546649270312  0.8503163498831949  5.572477849875214  1.861090982649605E-30  
0.7940204817748567  0.8394469271328318  1.6420420480296158  2.480886668778144  0.7294363485020009  1.182568407975742  
1.0025823570791814  1.0515282824284797  1.5105939082671282  0.6197906489363163  0.8586026384107727  1.3210479186109867  
1.4612785610220813  5.867728514902925  1.2346433357624892E-164  5.468292770623369  4.376418332966799  3.083974279046658  
3.416197856082871  1.5867165061938173  0.9669149284049956  0.45026650139853197  0.96040609576182  1.8823930858864142  
0.9845575427608584  1.042717214652437  1.4945414439418003  0.6164816193324415  0.879154066144391  1.357465392339527  
2.094788473097892  1.1526146486308517  1.3047024186311067  0.6056837181924959  0.6653656176248617  1.5199493316179922  
0.6565600021191612  4.09326616985411  2.0741034395925046  3.7104267842433454  0.2782688338310032  2.0915290160904976E-87  
3.8333296797136853  3.358353850296104  1.4745952999467367  2.761998309034084  3.742190365208623  5.096387444203549  
3.303587240612621  2.6669995801300588  1.0566205983627702E-65  4.319680253735936  6.266430328837138  1.5043477732044936  
3.4468043620285025  6.266278009283555  1.7100412237938  8.013807011398447E-68  1.2356045339554353  4.35050552177451  
1.60726479568673  1.1317119703230163  2.4036980148634655  0.9095898713625727  1.1382627809917165  0.4966931612905944  
1.0130612292250352  1.0572048469665305  1.5370135312379112  0.6400257463601673  0.8440358764190178  1.273797624397315  
0.9843323091108546  1.042615626852683  1.494379586702771  0.6164546704484816  0.8794040042136977  1.3578578268511485  
1.008229902003892  1.0537396230832548  1.520586532416401  0.6244034504180119  0.8519540298068279  1.3028367375135652  
0.9898997516986701  1.0452192147088555  1.4984966445729786  0.6171181372106777  0.873186057806364  1.3479119227730845  
0.9905927744311559  1.045543434387602  1.499014602961313  0.6172031263684769  0.8724114299209651  1.3466667587932062  
0.9862038875713053  1.0435002191418248  1.4957697465890911  0.6166744099274646  0.877310453067459  1.3544979764683314  
0.989857027252456  1.0451802051396044  1.4984421372746666  0.6171139166239274  0.8732418987916348  1.3480378383433032  
0.9941064368387935  1.047328262775537  1.5018872252403128  0.6176646179571592  0.8684149596615793  1.339882381471453  
3.1273240947571326  5.871745809421658  2.140031283152072  2.836761774471321  8.278879770380158E-23  1.960793575294275E-66  
0.37845133135889747  6.883148990583156  1.2162850885469478  3.0064437155481567  0.6151166102293734  2.9281492812369923  
1.476097248028548  0.7869087058931058  1.2456408216122323  7.3524939664061115  4.1495250298496464E-45  2.457855481828634  
3.0596902481208392  2.9422775524155145  1.566044806753312  6.382452534076102  7.234290628067102E-33  6.406978394691894E-21  
4.612815411097224  3.7118932581515214  1.5159514595736585  4.296452327689302  2.0379572841888782  8.891251285117017E-25  
4.712168752673111E-66  6.137515344132893  0.31605013029706996  5.96685917674193  5.536079719559623  4.486325595739157E-16  
1.7921417349826037  5.004244805981724  0.6835526663403253  3.594600957167167  4.825934431535816  3.4404916136581525  
4.783490182229098  2.7371804078279315E-79  0.5774951341049273  3.0844023761694017  6.063335722627139  2.261143137319237  
5.139507895094098  6.216009669281651  4.3406091089406935  4.313522020236795E-10  4.197103382809539  1.7772474237089184E-32  
3.096846922929873  0.8312821796440103  1.1349458222816045  0.9064258785917434  0.6721554691410714  1.2872763560870075  
1.0471342798797074  1.4550583125757657  3.023419734787437  7.629519270084753E-69  6.194371407782441  2.6672978869052714E-58  
0.2511516533724656  5.27935864952057E-11  0.802553958123689  7.4219967754123335  0.6129595093494423  4.547473910319367  
0.990053269365429  1.0452756053242098  1.4985927354269197  0.6171376177296862  0.8730210638471766  1.3476764504004908  
0.9847491479876616  1.0428038416149115  1.4946793663617837  0.6165045296126823  0.8789413580056861  1.357131027421788  
1.889766965014608  1.8079810617014331  4.212692614511388  1.6446382351962696E-91  5.500041466038012  2.9544680978337534E-107  
0.9934800923729464  1.046992145497687  1.5013384409154673  0.617576014001724  0.8691367352579058  1.3411586146248136  
0.9913997131207727  1.045940991627004  1.4996457297486483  0.6173029494980289  0.8715004890595567  1.3451596775864694  
4.059560251933047  1.4672581327163734  1.1288115842227886  6.999019293405117  0.8582786565415377  0.09556165232721328  
3.6280143717549187  1.8216025447460225  0.1251663248363608  0.42875795398582334  1.3073651542733646  6.081426528538711  
3.1324863035326485  5.573480985455277  4.5562290207395914E-38  4.466835402067224  4.730612111598838  0.0024142481292315273  
2.2944479891997416  1.7020599912484122  1.9597167999109837  0.6084568638875634  7.514280644581482E-32  10.41891012487601  
2.8950589532819806  2.0986950022714472  1.9859198761383932  6.426428621887399  0.6961399322536487  1.9249017455200974E-204  
0.35283729881449877  2.4555840755544684  3.1293734049846917  2.20918749246647  4.306666167592326  3.4165983813160755E-86  
0.9942717216793753  1.0473890135645205  1.501987834004581  0.6176798614764181  0.8682387708984388  1.339644296849412  
0.7909582450818098  0.9458011788613166  0.7048228956247485  1.1479924876373078  1.1737716502577662  5.237010100822622  
0.5883680339777936  2.7015241930131353  2.9040362081891335  1.6903889670000345  0.982422587981507  1.4809570496214367E-15  
1.4835256053582864  0.6007197365072686  3.545896503903706  6.15941600048467  2.0386595242863006  1.0356665949772244E-23  
3.579125839418991  3.8938664089402804E-4  5.1853361574053  4.004938836362324  2.2232764178476225  1.7582969233899381  
3.725590411068859  6.033656347314019  0.38053162516706973  3.44213948131901  1.735714645132916  1.625684443827334  
0.08711228921095254  6.200363079304929E-34  0.6313922078533896  7.054559360229499  0.8926990838668752  4.686392586080073  
0.9985340027524838  1.0496128874053359  1.5060137212018254  0.6184847190953996  0.8633080403464278  1.3305745211380902  
0.9944214704897797  1.0474712404996867  1.502131721596793  0.6177109890851711  0.8680629001358513  1.339306801039347  
0.9966402865092534  1.0490850384713117  1.504602755301919  0.6178266896303879  0.8653724270197214  1.3341619206700521  
3.7260300420213093  3.3456157996353912  2.558252353470473  6.46943436211723  1.2558999471709628E-25  9.56694395031566E-18  
4.4066183954404385  1.1509302749870958  7.610458265247657E-5  2.4668775766470192  3.2553474211024174  5.7939465685904405  
2.4555400123433673  3.6884262613004273  7.369738701827057  1.4892020288294785  1.1903313139448146  6.70539951386005E-18  
0.9902868792015135  1.0453909293409671  1.4987743791786043  0.6171659062451518  0.8727573897532647  1.3472412363981408  
2.06817106658527  2.110029048094744  0.8698722945297501  6.929874265111286  0.5524212943165125  2.598916658004196  
0.9868223071364787  1.0437552984787761  1.4961880407261967  0.6167515481108167  0.8766338727869235  1.3534769568585703  
0.8301655355983338  4.811023625377028  1.5133033888210166  4.6030124293528765  5.967257153752665E-24  2.224245230557414  
0.11363876960141141  0.7874936420516054  4.687525344395498  3.3902049458226524  2.0625786175776035  1.252953331252222  
0.700746467626971  4.914049357075372  1.3529563494256354  9.897256663299493E-85  5.6687586320796965  0.7626682018874754  
0.6895750618367049  1.9915597164730396  2.0217556911386403  3.355607403616151  0.6287139912675198  0.24201167547491742  
0.9873604527611815  1.0441100455101868  1.496702395345617  0.6168014217848318  0.8759912630139043  1.352273020706825  
5.3609179362228865  0.8252745812292172  1.1037092276605307  0.9126014843924118  0.6756137293619815  1.2578448105040982  
0.9882195885817486  1.0444145045626452  1.4972271610186962  0.6169173212844407  0.8750709798330706  1.3509670906492293  
0.9424594118352392  6.175305215494761  1.919953215673614  1.0149182087963725E-24  0.7243149722752179  2.199524698153635  
0.9995025450252077  1.050066028477924  1.5069629378544789  0.6187199944512046  0.8621992173314952  1.3285133399994207  
0.9856017211049624  1.0431912646016273  1.4952953022203501  0.6166063549718421  0.8779940514951616  1.3556381864797218  
0.793650046760983  0.8363950276493877  1.6346740657716514  2.480827263919073  0.7302148493196021  1.1882574232551901  
1.0124820473445921  1.055149295130855  1.531956635621684  0.6368112795304023  0.8460305285486281  1.280820121200236  
1.0157648035052709  1.0742159688412416  1.598520710858862  0.7371460150615304  0.8166823289137154  1.1553905191758906  
3.4455518592355476  0.8007275720766048  1.7617188903571306  0.4027306446206087  4.4786830554330175  0.7582008615111951  
2.3207303771125905E-15  4.315343275501039  0.08368222008221507  6.427226810344251  3.666557999322364  3.158528945688576  
3.239480639903964E-115  4.612320341517565  1.8721185161005285  4.536425964498202  5.822502401864388  2.3209852413323038  
2.757403765922189  0.7868265106558374  1.2271218796564605  0.6031842801465043  3.022766210168902  1.1215733242937487  
1.4787384622049111  3.7560322145922274  1.0583960010533786  4.099605095250958  1.4087858644268725  1.2553427974833655  
0.6519117691298922  1.139829128550887  3.182141614252502  2.8234710873553315  6.277921479126534  4.171805420389188  
0.25730359576896633  4.127108860466814  2.6917411849935215E-102  2.6171957440532383  3.421550485866314  6.836358676985768  
0.9931551043933803  1.046846715325377  1.5010924100509253  0.6175293275166338  0.8694987582747609  1.3417434618363626  
0.519585397400501  2.1698791548225728E-8  1.129577034945629  1.972718122375456  2.843226300905393  5.238819122609614  
0.5515752928635921  5.523135625432698  1.4687332334390295  1.8506913053682406  0.9621211026962517  1.366643593442269  
0.9851913985136554  1.0430045296533805  1.4949985449492778  0.6165573621938968  0.8784500855153838  1.356357375886934  
4.208936066628255  2.1438308954486553E-37  5.052718345330885E-203  4.4455051055548855  2.806364309002521  1.5899613840750537  
0.7717192900843637  2.9461474642288947  3.8447435591702503  0.36928093065989276  1.5128720903585189  0.5601108672993059  
1.0741399644579583  1.2474155235415854  3.0248298531085727  1.0546496075503566  3.5152197536162  1.085016252219081E-9  
2.8873279073355524  3.641591247658065  2.784231913797043  5.496562144417237  0.6419788637609422  5.082333407275861  
0.009937713194105127  0.9097331594310534  4.171548986875443  3.0539472796630593  4.463289360960491  4.431611780704868  
3.0946233946374515  0.7030825713135948  1.1194766972417707  6.259245623139817  1.4610526264399712  0.29311816086515263  
1.744567696414632E-4  2.2265790644472932E-42  0.5727980530063996  5.74131203807125  1.1555140968673943  6.449790549995753  
0.5966769651761343  0.5210141745440667  1.0333882159059171  0.9545651331502971  5.312064507727773  3.426581715808483  
0.9983418122502357  1.0495075627637167  1.5057953850677002  0.6184303125260143  0.8635366864762958  1.3310468491683332  
3.833303274634  0.7023401425019893  2.6857479009768666  2.826591987897538  1.7810427800257866  6.520878017768524E-5  
4.181870760394297  5.363992262054199  2.549763828584733  4.8285342181725746  3.9399637555000795  1.7028208713682962  
0.10724498086549766  4.818316230363467  0.2886015212860133  5.2119478509484205  7.3424665123887305  0.1894353639119021  
4.20734911310867  1.5768197763141545  3.805247757052305  3.445581917004079  1.634770733931798  1.2792748330528811  
0.9650810616507427  4.1734610674324415  1.8222071987754598  1.675936090872706E-16  0.8243182481574954  2.054686924284053  
0.9316957934524355  6.329052437331905  1.7732236819031455  1.4127019947938903E-26  0.8097985357907617  1.9897518777056302  
0.8276635886061107  5.800510055184481  1.270139183016575  6.5133615129583535E-31  3.8461288458417693  1.1528935326206584  
0.5541214724857532  1.414182692035073E-74  0.01326728754936352  4.6802603155877245  4.442429833414732  3.8326269372217654  
3.4794849222832793  6.769572547684586  1.0898663110057345  1.0378523212753061E-80  1.4910901664649965  1.608261377929815  
0.7412483907653638  4.128488587048017  4.328650283891036  6.2441925509345624E-9  8.025762651589213  6.560961728205699E-40  
0.9958670566200364  1.0484986460493149  1.5037863741087591  0.6179280650275446  0.86628446834572  1.3356364596739787  
4.195531719934548  5.0044469865644245  2.59086359302551E-249  5.041487981913915  3.612621042389926  0.6893630676707913  
3.611466205994851  4.723081469067306  1.9746327767554082  2.994873366041325  1.964282377330553E-15  6.104520692757772  
0.028345703375864076  5.679248368892736  0.36793522640697557  5.829658847778335  2.6931397919189055  1.616173566776063  
0.4579148231256888  0.7856117080367149  0.9587608577989255  2.09946706569292  6.651720327889846  1.4737058873362778  
4.112500880465093  2.91213634926099  6.715726304762603  0.23983930737941828  2.02114006035802  5.498891818181978E-81  
1.480611053429736  0.500085647074693  2.8739464491023137  6.473460936809051  3.671920851698916  1.873022641959086E-76  
3.897358301039735  5.270223802049527  0.28982899765064646  5.2568615735427295  2.4444003845080315  0.5706104725787424  
0.9843931730073459  1.0426432482654788  1.4944235125230547  0.6164619371387077  0.8793363939381903  1.3577513605035363  
0.9865849149645568  1.0436420609061807  1.4960103530138882  0.616723561267301  0.8768999036409043  1.3539062630084846  
0.9971004712388641  1.048936265554375  1.504669553858896  0.6181645314416003  0.8649464785445138  1.3335656226217865  
2.6551942624814933  1.9431264783899647  6.498504519284994  8.240846937612057E-7  2.1682821412758853  7.961106716154886E-41  
0.7531527456054157  3.99335122489967  5.412288383998487  6.875922549540444E-5  2.3302109937552786  9.249897893560152E-10  
0.9944381054985477  1.047544236448589  1.5022211204157603  0.6177024034300115  0.8680184547929338  1.339127574948954  
8.259623076900858E-5  2.0854363415591046  1.255022007668347  5.09689167830975  2.81329572669477  1.311878346600354  
0.9307782472035868  6.604767957665211  1.1034620597231721  1.2859066373619534E-25  1.516751277158899  1.4994373606519744  
0.9945939211467401  1.04770009422629  1.5024352713593854  0.6177011642610559  0.8678131901685769  1.3386759725447628  
3.183581534623716E-33  4.919773380603946  0.38382423676338984  4.2353572782753  5.711465228115689  3.0113632835942616  
1.320580281069615  1.4208667730100564  3.0880367393466615  5.192673486287646E-11  4.1818419555526  2.9256980209828294E-11  
0.5879312958112226  2.7723962952252776  2.8259952342009824  1.6924459808913506  0.9787615111513388  7.172946695780145E-33  
1.011045405332717  1.054867669167977  1.5294790173891775  0.6322173551584607  0.8481749627337204  1.286716812127867  
0.5574164664993989  4.3087852289547826E-4  1.2245623546901145  1.717843138669958  2.8584555475629667  5.4524667590789  
0.6992428536055006  3.10949258731997  2.2691903139292915  6.109972386679693  3.674194065764998E-13  4.529204772188925E-21  
0.9881875989485777  1.0444504276438962  1.4972627442514  0.6169101861972603  0.8750852226653567  1.3508944276807635  
0.694469105448715  0.7752465204441917  1.6318880852740811  4.369572479144183  0.5047706390661881  1.5211724068848846  
0.9907730257963518  1.045645701892895  1.499171578494124  0.617224849120266  0.8722021862104783  1.3462949323772035  
0.9949442467265496  1.0477380180862632  1.5025819190615346  0.6177902918025818  0.8674652240540985  1.3382643309949904  
0.9964885741165971  1.0485441253167598  1.5039875758189778  0.6180522623227603  0.8656852675321384  1.3350586565424452  
0.5886332714631091  2.6978109397628396  2.9108403146014323  1.6859920606160406  0.9854314791627876  8.127486640638812E-14  
0.9852514443137235  1.0430320017378716  1.495042132413221  0.6165645193731996  0.878383289536672  1.356251767612528  
4.84363925650098  3.243840939996672  1.019402101495213  4.4683866545018835  3.826599593999515E-66  3.526159224570589  
0.9291152632530707  6.973987821393351  1.3947366782822557  4.074440572606647E-24  1.189929894714919  1.4094292287486507  
1.3287141387407435  0.3081828228817968  0.8810385063358899  5.471068382392915  4.727045914110224  0.5889237096481058  
1.0138653555098038  1.057290526363396  1.5392997987893193  0.6497866003200456  0.8415017933640202  1.264439750198661  
4.442514485280771  3.5495167015390887  4.546577053804449  4.6164640639202235  2.583735152559675  1.5390345256099373E-164  
3.0776587602128735  2.8988908571639387  3.817064106397247  3.0425025343244734  2.2260033415699643  5.768099979521504  
4.468621460552732  4.834024509730912  4.365903643747182  0.5971773254699462  5.293190459037985  3.10176757183524  
1.8504743454989734  3.2169972587498314  1.3872170639099503E-145  2.551878383929005  2.0889614064548496  4.362903520326754  
4.0948309990177485  2.7085204540451713  4.464460753044901E-85  3.694750961999939  0.1433783042730767  7.070463507095072  
3.6007781534519014  6.4E-323  3.1742962860652164  3.459988156000983  4.949350326812444  2.332514139137381  
4.912804348380288  1.6373037322097308  1.3326485037454252  2.722113400253532  0.747520271235397  8.372519297943121  
3.309537370849873  4.060498565079739  1.1872298074155387  3.518426326217416  1.4627815658756007  3.5700641957713377  
4.158008119755912  2.0513503752219933  6.344865378885662  3.208610564314402  2.121689811778927  3.640595580177708  
3.7493239999330275  1.67582157550261  2.604691704010334  0.1459927395399885  4.214444139777824  4.587569426808752  
3.197253248137108  2.1496588148409645  3.167589284813489  1.9496102888203952  1.223819246715703  7.912379531277784  
4.005003089223757  5.371590198672029  0.726705813483532  5.40362554971042  2.6867278095889375  4.490250220061381E-71  
2.75923277871571  4.207944999224378  1.7395112856876576  5.331845047624334  3.031629989979402  1.632806239570466E-11  
3.331272235017743  2.408392719196467  3.580428723993502  4.722225841828346  2.483802212331788  2.8478638356576735  
4.258071021890386  4.2357605583479465  2.7380632342296805  1.856546976619597  5.9752470121105405  3.6293798274645073  
3.5415456412658224  0.7703156244884503  2.0717573281024153  6.298406708686468  2.448188876538178  1.4878081197220527  
3.0203767376812865E-214  2.6248876996706794  3.0989651049438396  7.465995537530929  3.097411735479955E-32  2.6116222191402607  
1.4646229389394372  3.2790382905965937E-214  3.918858392639846  3.4487884058030827  3.7038749372507165  5.44827021781729  
4.280709173287219  0.22466777847806704  2.000308504955795  3.4286392407720934  1.6714851304337641  6.0405188773946845  
2.6677810382833744  2.800685508759697  3.3952679838406397  2.462896122634193  2.3784179707840503  3.5827104146782234  
2.6160598480345683  2.3857094990836174  3.7904502958918216  2.473461076376209  1.6077031008440952  4.053514045689138  
2.90950990877491  3.041327804461943  3.2585942530773795  1.0365146311584255  2.9180912610785366  4.258914345909629  
4.895730894530833  1.2498257525952952  1.3230887742449335  4.092956409648032  1.4288653807819722  5.14794479575726  
1.8829087665758302  1.3287714080637183  4.7955440151079385  3.1356920190373034  3.386074550502832  5.836652201556674  
4.296157901163901  4.203423290099689  4.891948932209319  3.1286359929105707  3.2632693064189  3.866334796171722  
4.666204104228818  1.978680907146458  3.1572658855291387  3.5665806164080363  0.5096719174241983  4.814043113014374  
3.303532063213529  0.655661044520818  4.317017131090277  2.813794130188948  6.443836451133884  0.25036565190515714  
4.849287975876276  2.9398689243629104  5.059703925135322  4.2171054081665655  1.4236669418436152  2.5584704028298835  
2.113668712499415  1.2509104807987586  5.3135539624401975  3.3113726277842166  2.5033849950111104  6.080292468113643  
5.009653749362284  5.069579336855697  3.419258277113764  4.448692358242997E-25  5.465206848121819  1.4635971858016514  
4.873683172957285  2.969901127864762  3.7526029744217304  3.1504553402541475  4.1735741264560815  3.450606236339993  
2.662456697262431  2.8038456334606945  3.693723256467363  2.1755115819318642  2.3607575369672515  3.3704969208828564  
3.437389974826453  3.0400378691937604  3.6526017839243123  1.596473081080758  4.166631179335181  4.175969221382143  
2.13032118849272  1.8019912796355306  5.455611904982291  0.7904137123187835  2.9074912663026287  5.313763729457709  
3.0382755967032975  1.0187335692550326  3.022404049388919  2.6783123493822636  1.2476736118193315  8.290050897586353  
2.222775751950902  2.3719609610445644  6.7288855498752005  1.3380414130027822  2.427261113810218  3.412861531863966  
1.529543572789929  2.4001670394424273  1.6898608078352995  0.6200746791850829  0.8933502806414387  6.411725843376851  
2.1109226760331334  0.7107597712649032  1.290784268853086  4.081092121335434  0.7339834195159269  6.413808747734545  
4.646336451407444  4.120837737198719  1.6411559079799927  4.8906433877063415  2.233637684707261  4.146349305131949  
4.261130937401581  1.2224515532341436  3.3923851661984674  4.227532762267213  2.3576497280331368  5.407536139823923  
4.360548200391499  1.5526391604374008  2.446833118560943E-217  4.032844454139022  0.15898397683762175  7.038646891125468  
3.640657063725236  3.5699778474435813  1.9764959828620534E-304  5.776921567099884  1.142544108588876  3.521387413501195  
2.745447018303723  3.7463782641661423  1.681528303954968  4.809478401752384  3.6231131627368046E-168  5.634979283389812  
3.3818232765814558  3.04596060062918  3.9639912051315167  5.567045357188078  2.899073915177701  2.2544218645994634  
1.0304370977371053  3.1834193812071674  4.9805856068392576  3.74741808328373  1.3737889521934117  7.406123295363392  
0.10762062508579874  0.1430250391851938  6.349280863668648  4.024256060210209  2.870706730547678  3.3503169676948343  
2.6943940335041012  1.9544393747037534  4.171260688193096  1.7732484965204267  2.495575946827117  3.7972215942256566  
2.1695580550030907E-10  2.1855151621756925  4.3123972878838455  5.538900854533886  3.1794253383000326  1.2739861102822476  
1.417219282539675E-166  4.149015994103719  5.402274104511551  4.097112162571224  2.6235303189364982  4.629304239622382  
2.7593806314430345  2.972101406428032  2.951110024482004  1.5214549035134741  3.1918678836884387  2.8252173030190812  
4.338408299719796  3.448838333622667  2.496823526530893  4.885021698219971  2.8757238773596274  2.9247205008159938  
1.8413978402029736  4.641279468560656E-57  2.4212098238421134  1.0772489978030304  3.456573949735632  4.5004272835667285  
2.1783849425997786  5.8981728539957805  1.6708233213595347  4.490601586134406  1.8671863792685075  4.768772786042854  
2.638947042216541  2.1320364328135892  3.9767436101236218  1.89353271445985  2.7475339530316436  3.541376941668927  
4.492814790077446  2.0591636823229185  3.7257271349597354  1.9248405999654082E-50  1.0980201967317644  5.24891678239419  
1.2668527560221436  4.051343194880344  8.394261808141196E-238  4.582116267024537  5.870735930812282  2.462822898557511  
4.256743090611325  3.2443508698892587  3.2591982818661425  3.5252341257097823  4.0E-323  4.830712764808561  
2.8860700062290934  4.166180854674576  3.6083752918350314  1.5247297289913626  2.0140252847658395  3.9750340922104868  
2.5305954090028413  7.702906607563653E-9  5.06202849454579  3.7097336318696397  1.2235184360149786E-59  7.759241717411844  
5.169723748609642  2.5338876324599657  4.454835561729249  2.2397333237696633  3.862065843040849  5.111721963368996  
0.5019495851317406  2.4672384910266274  3.368602976312137  2.4212319554428436  1.3927367345335784  4.430962107463704  
2.4172454618149595  3.3102400020114957  3.555134364557933  2.073303610360885  2.6353829852648283  2.4626041707569635  
3.461890950490876  5.3659830038336045  1.1747300676659418  4.560058177892959  1.1073968891672352E-106  3.278272649666765  
0.8911781965620481  0.599848026663811  1.4539096889631515  5.8689052437210565  0.21871654674465776  2.209083931026758  
0.6497660663058097  0.3349819724873574  1.0450108433799117  1.5005214908612574  2.202891222018813  3.807010346541492  
3.834804259610527  3.90816800784795  2.429882081345953E-165  1.1419565867129224  1.030008968592604  9.209064589515588  
4.204258228851624  4.189072360816672  1.3504347256540985  4.492123376280106  2.4380965633602223  3.4532980875176884  
3.174852366955624  3.499673808478054  2.845312703214707  0.9949201521456593  4.435011803711032  7.115777173950247  
2.507818547019864  2.4860758217883987  2.324647227910493  3.381735077252909  0.2773515166621716  4.218352374487588  
2.9783103471498698  3.834537890091861E-9  5.670281910024896  2.1379208914187795  2.6251403267673963  5.477068348785228  
1.2328832747655671  2.8560881848548507  0.7730861887059827  2.462889105645653  0.2941680887918958  5.57689741506536  
2.4182486733561975E-107  2.7421191409252783  5.100156155519446  4.817798155310826  1.7882655106045486  5.208912438342072  
3.412989912473065  1.7839375673394115E-93  1.3687269111195053  5.5978736591386316  3.7020714407752573  1.2076999740533791  
3.144017415967834  3.9902168736864416  1.0861206822676521  5.092742330347627  5.709175516627704  1.517928114783261  
5.013730758824388  3.1395533406513465  6.797829787345734  1.9436262947179421  2.3312031265963373  2.584801818640162  
1.5276845821795466  0.26147005877857227  6.658949982970978  0.9322653486079883  0.5733937271312576  3.894675015682302  
4.678002959689856  4.1379366687341514  2.0608258403939295  5.075419704890318  1.0523247676037244  1.1167505861715917E-64  
3.8599684199826214  4.225502195525517  1.0770237176636364  4.298757017770997  3.246625458083083  2.6172418646152797  
2.6176723665753023  2.804001784643651  3.255542520140665  1.627087351265703  2.3911249957076337  3.989150063397728  
1.842825133236904  5.1150640748285315E-23  4.069882296800215  1.6206231737537191  4.794721314157319  6.956912489191826  
2.774325132257381  0.8348592783702435  3.2896069355114665  3.0248550587923297  2.259080035655091E-52  8.72987287284805  
4.223560304933545  2.021694524041094  4.325472917580938  3.246175390513935  0.28055514904253187  0.8916312696487811  
1.5316784325547026  3.3353225325057867  2.1958043243243264  2.634116076187455  1.9070847837656044  3.526883242071755  
2.2418565575317645E-18  2.9073817276340077  1.7622209702602785  4.8668587320139425  0.8326991034008683  2.5235686424968318  
7.121182263405618E-45  3.6138054690934687  4.952579583416716  4.363507154185727  2.689738277245532  6.600502528742041  
2.142433905482971  4.270471539009472  1.8283662887163514  2.7550562375252787  3.1443495717991845  1.1933738629134076  
3.909177575250924  4.484907681937876  4.219558376287985  3.9362163719910117  1.142443327034972  4.729011217907134  
4.624993765143295  2.13856112290544  2.3096687595635292  1.4981338935691473  5.636575766416835  5.416851105143813  
4.4754850103147525  9.612932423254056E-111  0.8180684299548815  3.7838701695843002  3.54041878780761  2.655485508953626  
3.3510728887517875  2.887017816129695  1.7372019897791666  1.0899757068694  2.9521642539453676  2.981767512375325  
0.8033502496485923  4.490901138904285  2.1559234826830163  0.5846390897391985  1.1262333460787672  0.7691949309953514  
2.061957920259075  0.7082703191177971  2.6148711554242206  4.280271058854138  1.7184584105612928  2.831762320103301E-10  
5.66183797107098  4.9325245893755145  2.798525494534719  0.6691587271854145  2.5420039067744793  1.7971540466675713  
3.336335265411478  1.1752202586686099E-37  1.5464005510947132  5.318414780750637  1.9106553337764862  3.8422062247769864  
3.451264273800741  1.673779843563922  1.2195720199220563  1.152070542476942  4.599069174471773  1.1144873859111541  
3.0497044183402386  4.836867008048554  4.950195840629922  2.771354171222184  3.3663598543089996  6.648404654986359  
5.131263369235817  0.9138557378410275  1.1824851850279425  2.800075254487685  0.2816965350904285  2.760979270436454  
2.554829790900942  6.2233094554801705E-68  1.7965566332120035  9.10547768220477E-62  2.8679816356640107  8.979328334940469  
1.6042447436746727  5.9958476362616775  1.4795764105474676  3.5289878703144444  3.106045218433702E-52  0.9113491357426948  
2.4543916030037396  1.9756885628184826  4.740447845464562  0.49735522458786946  3.064186239142619  3.71344673010979  
5.802988075363887  3.4801538149271707  3.0783069432736268  1.0587960253972803  4.553624870711977E-62  3.488200750063768  
2.2865952114139625  3.575721576817661  3.377077783451851E-68  5.092443873406328E-130  2.338924816219986  4.907189542401783  
3.799486606111826  2.9546942617066647  4.135157546228834  1.732659224548758E-23  2.3519910870440475  1.1713447518103016E-41  
2.890652365124299  3.0220519683066462  4.433669038549857  2.1355555104485315  2.0465023519531024E-5  3.483019283640181  
4.119828040388521  3.826750821177251  3.847363406639248  8.400648577645529E-163  3.9580455641788657  5.183561963636982  
4.3515279873540145  2.1076380946368776  5.616646011409243  3.9541451100709826  0.5909179950447767  4.381402122102583  
3.8404796230277456  0.21735480189017967  4.070731465194921  3.2115570834974596  3.4650011166168513  4.261963534320085  
3.518120289013116  1.8478606533383106  0.9353225568642799  7.455225025162718  5.0984113096569295E-42  1.3019208547176093  
3.096846732713718  0.8312296408265106  1.1348858926948258  0.9064402995977513  0.6721935100242533  1.2873145505157446  
1.0050873487539829  7.158074792237798  2.01157746295859  2.5869995876122274  4.561883421344923E-28  3.0766049171608096  
0.9274072726000948  4.5105525003284  1.862600769651072  7.692090762629308E-173  0.5769949109064911  3.4189970375511076  
3.38373219017587  0.7442747109151587  4.787770801853498  2.6305329059132165  2.599595496232281  8.12005567169379  
2.664140289557214  2.6929092529522367  3.4453675806982886  2.1106540796128694  2.4437206538578025  3.575222934504749  
2.721016773127673  2.4885209094861196  2.4084320201382763  3.2397342358810026  1.1899750872801077E-36  4.375470264615712  
3.6130364187757444  5.2152947645221047E-17  5.54156536218759  5.549180526977622  0.667852538074541  4.0169399387222695  
2.3368474490770943  0.2866826825412306  5.6570769835983405  4.649596307035135  0.7021864272782398  3.821916177415867  
3.2075845547737436  1.3071013851994033  1.0752811891950353  3.3785953929190256  0.5670332798274154  7.1472227962987676  
2.962789200429878  1.4200887557828754  4.13478603150158  2.486027254872189  6.148887140504413E-36  3.7092905988677813  
2.394190690295485  4.933588648183042  3.5831246263428116  3.0338259562793515  2.7059701539078946  0.3775669160720161  
2.1572054634931922E-71  0.7395238995964006  1.0583169955120832  6.848039128077545  0.5741188006505854  6.3997178086489255  
4.031962573582512  1.1917045137745383  0.6587270187043391  5.401995237052475  1.274281539862525  1.6595939512343973  
3.4896270503350952  0.049893871754044194  1.2786563906961084  1.572108825927624  1.8567824113071993  4.483117492194905  
3.8409224910154434  0.5670260971463417  1.479322926048144E-20  2.358088707766031  1.4027548990901426  7.006441877697576  
0.44237347307723274  9.583343594923868E-27  6.216030603602606  6.0044388529944905  0.4740405284387913  2.768005945249606  
2.441090872224955  2.7004316246826177  0.7223815989539166  6.737637367113342  0.3957122105996241  3.312848700538735  
2.1738289748827477  2.802339996217481  4.573669935370507  2.7572201424741007  5.459611903730133  3.5076427997677357  
0.9313005334470673  6.35843377434079  1.8022684613968247  1.920111083760624E-23  0.7874416752810867  1.9348348502695585  
5.419711849475499  3.7440993604205257  2.3088973263214116  0.3751538001088306  6.136441738825237E-13  2.22376037921572  
0.4739446186040266  7.322674955652643  2.1790224283049944  2.979999570157563  0.4818495040825032  0.07111268186150141  
0.6976128736281629  0.7541038002994717  1.6001310996847282  6.23541088568249  0.22408591817494153  1.8832616820347405  
1.0035986062682714  1.0521780938202714  1.5125848624190266  0.6204637477641288  0.8572918088774607  1.3173157265005049  
1.2809086176046982  0.9376506923169833  0.8366369733799582  0.5639417075100864  5.143621684334024  1.5342128004058917  
2.4123065165506334  3.227155492240211  3.102739135394443  2.20508378199077  2.521583564744101  2.968378829066151  
2.78454633562882  6.518533408754778  1.845512370357318  1.869687222151704  5.472347098334201E-26  0.1607627362771176  
4.1292862925768175  1.1197595572614347  0.3682508152183261  2.8849949415038028  1.574469755562487E-132  8.99852739296968  
2.753449941571012  2.331080748399301  4.4683880828908  1.9607867304898485  2.301760500633855  3.4635074046501293  
0.28588256636460846  2.76495047146901E-66  0.6893529990873873  3.2522896657538696  3.0251906190900417  6.57021343866348  
0.04273945745118628  5.588428950911364  0.39842587122404666  4.748270955891405  0.9824254226857008  5.32090191373126  
2.76379642637697  2.031715122097041  5.193247766571048  5.779923537602597  1.504305701048276  2.4828048389659916  
3.6514700577186465  0.3597312733550097  2.0801061508130934  2.183639803640165  7.0997716068973595  1.2794135374529256  
2.975144269502735  3.0884777581416203  2.404158033995951  2.6832248419166382  2.232722854389112  2.9419142945065366  
0.7054086361004528  1.3909761683693802  5.060185584242135  1.5586149712184674  1.578997067186991  5.058257064290747  
0.3003826136937045  1.0734260053660121E-38  0.7397189525027368  3.2098973152384014  3.1975447095854945  5.4672154464587095  
0.5600941771698137  0.42248561800776385  1.2571797105222833  0.6041857626668828  7.336681151242351  4.042949629707249  
1.1076263018204984  4.056473093577841  5.153841422876827  3.688421654705316  4.66975031388269  3.994636611421671  
4.779903312199978  1.9325870086227588  1.8613479616915198  4.8312703793206495  2.645970802938848  1.7989884922655457  
2.6914832486558953  2.463843136054639  3.8497080471159575  2.2473167542756483  2.0053760080610967  3.8697055705360417  
2.337224265592929  1.416119411561237  0.4886516594015059  0.005565056585123669  2.7279970246702465  7.410726477263343  
1.2248009411684493  2.293292959847573E-30  1.9338964321899303  0.07306365792076717  5.197711627075306  6.752500318374867  
0.891232301681078  3.063786657231534  0.8438698611621077  0.31444155989873396  2.6200520278387502  2.131198817499781  
4.275726938832635  5.322383519382781  5.252364088275941  1.6288369654294878E-14  5.351103062688844  6.563172701754022E-115  
0.6966426818112423  4.314337584061046  4.309121894758132  0.004159603865087869  3.6248876071896965  8.38577786537399E-31  
2.889753249971951  3.1073168627554066  3.0785740750659127  1.3430520943886353  2.937374090272911  3.317914092588928  
3.657146433318916  4.752167136999627  5.743117265449525  2.8456459136564036  8.128852457242339E-39  3.501307774365517  
3.703645398215456  1.3642101022113446  4.517071389406513  6.094744656928627  1.048504660391262  2.803018937705349  
2.930278693125015  2.52622457087728  4.68467226510772  2.007813834224755  2.5854777387028993  3.3404116640907398  
1.4216211092697435  3.089075734485569  4.147463760514529  2.052769558084782  1.7513331787413529  4.3434496183321345  
1.850071396438841  4.191813756350413  2.5792346946211135  6.031253461621258  2.1854918670103712E-38  2.043072061959834E-235  
3.4240896885549232  1.1680175388744913  5.782213404482368  4.215251197308125  1.9326559321483927  2.80041970734862  
3.551506561816364  5.875402691960455  0.012686776991853721  4.271556046658134  3.629949529349472  1.2251794335485382  
5.287943041631662E-136  3.217478952832819  3.088030354196457  5.8073205832866455  0.8797442215228989  5.493643570780988  
0.7923107299806446  1.0089724225001029  7.848429752892696  4.154384519891436  0.0030340941162950164  1.9388580500438697  
0.6665999235030207  0.45672813174397725  1.3768797277984153  5.879959050489997  0.3574594993242777  2.4781445891303076  
1.10207269898773E-7  0.8052138768179299  1.0889206674120582  6.8516997252363225  1.3876299751063519  2.7717056734967014  
0.6539480678067001  0.612199413184119  1.480308303387448  6.249354377183876  0.309000969549926  2.1098164966227815  
2.3767167069255364  3.29772354819692  1.9066554238414175  5.5695237418318895  0.07300658868165602  2.7247321094460113  
0.9291174873136264  3.5246764697906183  3.2568620039602227  4.339429070766524  4.006312036986824  5.895808536774721  
1.949302458478305  4.334455796017439  3.396094032638628  1.5023675698306478  3.6018391663555116  0.4383692193485112  
0.8174936329973932  0.33793377290988663  3.9184617945772504  0.9544050295550678  7.741969667063489  4.069819341613162  
2.0616022085358323  1.2476359088281446  9.95539217869577E-12  5.281358748227265  3.0782446836566937  4.123776865856226  
4.019028036164291  3.8250894898920693  5.947411970809858  4.350355875405435  2.883954455004926  3.7311835162504976  
3.9631599592526485  2.953629804529458E-29  2.2342262428132447  2.721645574789733  2.2045550455419027  5.624403748517889  
4.840507605667221  0.27793405566285245  3.148870346330404  0.21794303823949737  5.802136559049188  6.517807479099741  
0.9917197486599326  1.0461935812175747  1.5000143301138376  0.6173376409823016  0.8710988732287109  1.3443158737623155  
0.991512787301005  1.04604711121367  1.4997849980354707  0.6173000925741631  0.8713550332231008  1.3448567378575338  
0.9949219987117136  1.0477300790946935  1.502567512359844  0.6177871047291269  0.8674891195537512  1.3382988395599131  
4.004333478876662  5.020339908173748  3.4712883407400984E-39  1.331957801246111E-107  4.619969875736031  3.505450518876555  
5.976985118474414  1.292989193161947  1.7611731736959648  1.5653790073457892  1.0608059785781807  2.1836841324276439E-16  
0.8193510662534935  4.497687648183215  2.1620382538550245  0.4967865047512142  1.1759074122310484  0.791531287011113  
2.354607678018833  0.4376491761878236  5.401233134186452  2.6639093300293397  1.1971131703193412  1.637646329926903  
1.7300574693175732  2.787857394357026  2.7468084290571904  3.39939097054725E-237  7.731046769965912E-12  6.528113698641862  
4.880546867061263  3.81276852305462  0.8575665871547847  2.162920137015857  4.896291019760699  4.8383613619552195  
5.374477337249319  2.1944363709496253  3.6217292389791744  5.2799348213128134E-83  3.5902597466957036  1.4729113988705669  
0.9864593313603437  1.0435851473811093  1.495919746194263  0.6167085357747479  0.8770393802868418  1.3541258137939371  
1.0008773929164319  1.0507362288395778  1.5084904104637915  0.6191318834313883  0.8605977107914954  1.325304636359698  
1.2735435624666973  0.07705228978618105  1.1404836749785046  6.980686232254345  2.794684437530929  0.8327575281858698  
1.1972254009692493  0.3786018770046179  1.208607138656773  4.969769217188601  2.662396685097676  0.7661521436827581  
2.6377014184973055  2.6529055732884537  3.654890547006415  0.576851522738374  1.9478806795210042  1.9030349998617817  
2.2677076711815816  3.1773677515689926  5.2666495372454545  1.9617129039499503  4.0683242406296545  7.240981956831044  
5.57721413152646  1.1670327454588982  0.7034731523530221  0.39249074896180436  1.1598943927669783  6.666572935478094  
0.9841676683935606  1.0425416905541298  1.4942616303883074  0.616434943986689  0.8795865688025314  1.3581438841205138  
0.8764243880717587  1.7269734572925497  0.45812751527310236  0.22294666903466562  3.3188777504711338  2.3949929740472764  
0.8110828735108898  3.2347512496717417  0.926538919737093  3.1603589772187277  0.37721739664596693  3.614760636909095  
2.623552380701651  1.421445641253887E-226  3.4169450826275023  5.654042149288997  2.062119327721086  1.9153296539729667  
4.456891027190764  1.069906251690428  3.7012696874709023  4.665527670742397  1.8521430255696422E-30  5.589605017886447  
1.4359807796017445  4.686615641588333  1.5669810837520861  2.334380612919086E-48  1.3121304852921563  2.8398923302465144  
2.8934846739885005  2.2821381256692708  5.815820288715783  0.39444128830104924  1.928623693662952  5.190816628633701E-21  
3.183989514386115  2.057464679972087  5.585118836919509  0.424325229066377  1.9073024086366235  1.3475234191927075E-28  
2.340051267567925  1.4508873488294625  4.127085167270129  0.7000215819756026  1.7190302230364782  6.755355043829001E-15  
3.188359317369432  2.0503438237958846  5.56854139160574  0.5082703997174263  1.8391495602690038  1.1558435822241331E-25  
1.011594971342439  1.055642939651675  1.5308716886580709  0.6313302956294493  0.847479170099978  1.285990747607591  
1.0171352896435648  1.06377299604869  1.562828620744628  0.6935582103607575  0.8278114970585074  1.211453562095075  
0.9860420918562506  1.0434272538607143  1.4956534239607273  0.616654859209806  0.877490040571481  1.354780372890785  
1.005076216473818  1.0537917029787798  1.515810688744964  0.6205881151983454  0.855282524029274  1.312306113452033  
0.9967603132010115  1.0487057566959126  1.5042741489658598  0.6181057357925144  0.8653616858072246  1.3344200718618149  
0.2802841453962725  2.369853733821683  2.4359053196903426  4.492913987756609  1.6473288149264038  2.652319628090348  
4.766916993875019  7.9E-323  5.92589503939669  2.0607726875818675  1.1761551020752636  5.149468658235355  
2.099395600604486  2.5093492338797696  1.4385970367921752  5.158389189986134  2.9581364472084723E-162  5.828289595780413  
3.9691782934287776  7.785734582318995E-168  3.2271297628690223  5.944265157605686  3.144251275322568  0.34119585487515575  
2.815933452293865  0.14836863514927698  3.8582441055258356  5.508835713038219  0.956998993043092  4.32402370236224  
4.485607839724662  2.670901025181968E-78  2.8861300274255037  2.717841701023961  4.086056762084246  6.271219401377332  
1.0070855310220743  1.8189613468395016  3.7423333638658507  1.7854478254289374  0.711308154410001  5.274034803339968  
4.13364719289749  1.008126453038198  4.261426744549526  3.0486642480698696  3.3728774812405677  3.9751479503587257  
4.080090311354034  4.192385338314396  1.0672493882625797E-168  5.064048054355795  3.8892974784533356  7.410744409883485E-134  
3.09684857067337  0.8315370254958093  1.135239552345469  0.9063495505864652  0.6719727455934658  1.2870897444696399  
1.2753831779779892  1.371070244769647  2.9570650078850838  1.2962255878553056E-11  4.197623390952508  0.21763256756140892  
0.7193845404982782  2.8148309653818  5.911684346490759  3.5025250796667944  0.3961629140424862  7.966136675805565E-32  
0.6691826879022383  1.8743893194409385  1.6695597995656164  5.096662960496821  5.181333881967758  2.794923790414433E-7  
0.8724745220830685  1.2319515282698121  1.0684550095442882  0.4427197525343516  2.0188467120195903  1.7673780297602244  
0.9707430088619581  1.5781145634359561  3.0371997048445643  2.5978992701834876E-50  6.188718336818929  7.517111763336025E-40  
1.4571974186768208  1.3795233508984277  2.698382766969344  0.2837650833322143  2.267374287124999  0.37359561455687557  
1.491374478184504  1.2862550229167242  2.707326142021616  0.3462955336788514  2.266337776698413  0.34327352667754635  
4.486693293149276  2.1106381764597746  4.470601367108368  5.851613040900312  5.191302243907076E-29  1.391773600268367  
5.137329531942503  1.082728931739108  3.9328643279095465  0.7282547162911979  2.3001867806172585E-8  1.8961057711885496  
2.6495171864399696  2.7740248593149324  3.404908340530837  2.1046384964382834  2.379412224680325  3.6144994952942153  
3.571431674600872  2.5521424666416195  2.730203620717775  2.5185582175517984  8.1381494613359E-26  4.034449825733754  
3.880025338071747  4.681436939657775  0.6939330724585578  1.904961048046136  1.236073905237031  2.2722722646593523  
1.1995704032928403  0.9475172898225128  6.706181937485536  3.797206058154321E-4  0.7867198819717787  1.6674819607856817  
0.9993886179847852  4.624630298974203  1.6709310057852695  0.36107556744093894  0.6398295665965232  4.1358730177199865  
0.058473282362464594  2.6159561579254564  4.604991304795172  2.3665055605891663  5.49857326874702  4.115844636548983  
0.45073425779736476  4.20017939087324  5.602873988720167  1.8811407559564106  0.8391386489217372  3.1628376067612635E-66  
1.5127481690442428  2.4490312516733916  6.9721525268276405  3.9737405211690175  5.747695483314407E-105  3.988903430264092  
4.898729965053337  5.952492700631089  2.812938279743949  3.9973584433760387  2.701232140119375E-120  1.8887505416998507  
2.9741280440789852  3.8664782270540563  3.6963285412928335  1.5660371128731079  2.3877226348284526  3.6485995257998414  
0.5073995087409634  0.44995501788872816  3.773142341096928  4.384534355637173  0.967866229539022  2.0412905070503524  
2.2666773848288777  3.3889781301658846  4.966749532179342  4.565178411326699  9.066961225213398E-26  1.4671507684879355E-48  
2.2207332452608175  3.1813255897279253  1.9776609571092147  5.414933210869814  1.0662780869497339E-18  0.1632107495431186  
3.6000162856794833  0.26543897819709517  0.9434490258213458  1.969329955664928  2.440121678202533E-12  4.733731479948229  
1.425850235208594  0.6952205725290934  1.2363842369934528  7.388882018686911  1.975740535327026E-31  2.495782160175947  
2.501395162104857  2.726011465373307  4.515044862964921  1.2368576855003135  3.4523996522132676  2.896943110635718  
0.7502326202878472  3.9426644330079936  5.417230662138287  0.030375617205180463  2.0636986952841307  0.28763210465989586  
1.7944921845306383  1.2053230653195037  4.857654419859404  3.5631811182771616  1.3042754512696741  1.0018999674277436E-10  
2.775536464576146  2.1026869409767666  3.7177645664444534  0.7183181349143055  1.3095808383949177  4.988752333216596  
0.5923300824687534  2.590756115580537  1.6946058324104532  1.8346380777459124  1.0264179665078508  0.8517212031038286  
1.1208662309731268  5.957318853650446  3.0929985971432243  0.7182362670389107  1.8710514946623008E-17  6.920904531846082  
3.653666409383297  2.5747614130573666  2.1631337851148764  4.193754047089742  6.235851560499087  1.3003123343982357  
1.8454707042724772  3.855352966901422  1.104044212545043  3.0158851817589065  6.191373634177744  3.191184857102559  
0.6866890203395011  1.9426509522815874  2.00937528330624  3.372500546595191  0.6331658416805909  0.27503808552704445  
5.3609885386842615  0.828996786365659  1.1065395136207894  0.9122641294343032  0.6722138536955236  1.255994487946476  
5.360923879268418  0.8257172671953429  1.1040435216841062  0.9125767457403976  0.6752074601307982  1.257624347359818  
0.9495128971705193  4.489493358922874  1.6537987277259645  2.2559373938690105E-9  0.9369763796784994  1.603382373025824  
0.9315151536505765  6.331219126308311  1.7905569351146118  4.613801661532484E-24  0.7963528853579912  1.9820218130251932  
0.9966498385034518  1.0487188022851308  1.5042326895231717  0.6180502221027577  0.8654672364864864  1.3345563859449956  
0.699613845986952  0.7484437979901574  1.5916365182631058  6.235923100898114  0.22626257957877138  1.8899155220535226  
0.6969934457566204  0.7490068724277489  1.5952893724250332  6.235942505578844  0.22694649882146453  1.887696876030772  
0.7216203364100431  0.7517197918634454  1.5699877809146074  6.23529039585343  0.21677440281955715  1.9001129621463364  
0.644995393658824  0.3884968551811225  0.9919585105709772  1.4876020598414965  2.39100825835407  3.6070981698828226  
1.5479986478638468  0.8282425834759237  0.6473631493285131  1.0741272261603103  7.068525987512373  1.5088058501972916  
2.749367497238716  2.910695048115026  2.5324639559811075  2.363539092141904  2.241240378810812  3.211652109434732  
4.191192610875098  5.007636495107879  3.1035600676381283  5.52248877330031  1.9788102202702735  0.876574302986368  
0.5181687062283641  1.0655893881622976E-8  0.5622893767300845  4.148263329781928  1.0167401146096042  4.29620415871184  
2.448651179183656  3.699461768145876  4.065504744308903  1.5489339524905488  2.7012671020809704  2.962488598515994  
4.003481925907645  2.181233874538567  3.845277363802228E-151  2.4953266926135895  6.377673388388071  3.1959257762918405  
2.598479006124449  2.4199041030397788  0.7111341041478956  2.6379954939191586  9.943659072784256E-109  8.56657873962789  
0.5469336149609082  1.0423455002645326E-5  1.2115071405924223  1.7469438733151148  2.969530673354807  5.301431877155542  
0.45281191617061745  2.807287865568822E-14  1.0084848487713214  2.153479872776576  3.464646309764851  6.950419178150971  
0.5603071535332298  6.612940699408729  1.1400551051801775  5.105759562194283  5.850957157476838E-11  3.160666356902566  
0.6709781448544094  2.497952069872505  1.6512925399477574  6.216012121577765  1.0114757905180657E-18  1.777470206168706  
1.063079636804295  3.262847415131956  3.5494299179556923  2.3055728325151126  0.9815992134855263  4.49824231785394  
0.7451528995069061  3.4994710427797124  6.007740705805361  2.9910860306380263E-6  2.374115939949186  3.2897428471589545E-30  
0.9477218860534298  1.265832984661962  3.540772352663956  0.9387194628688197  5.422008246094295  3.3531906785189244E-24  
3.5278617551759606  2.8888014115132448  0.3682563434404762  2.6998561689613663  1.5651981762289473  3.9185622178164436  
1.1760433267608714E-34  4.806141184524014  2.862551245140122  3.1125398639505772  6.447812377878944  1.655710217044271  
5.2620006655884035  5.704768519090042E-38  3.408574287258764  2.9646698718428945  0.7114451969864765  6.571592769179972  
0.6221230998544253  0.36024454310748505  0.9327048205653801  1.718785655644999  2.13587805048129  3.5794064101755985  
0.6811586652008309  0.9697601227502797  1.056639836496917  0.22498890607510094  7.202212944344632  2.0678089680082197  
0.5339960489081258  2.255420446733157E-4  1.1739796233259825  1.8491507290020683  2.9227434723349734  5.261392342456007  
3.272916800121784  1.101202435226002  0.7535060792322837  6.396373104724491  1.731907380074328  0.9957349208467188  
0.3928898835853973  4.275501580162823  4.878600187972585  3.5349387824575143  2.0693845426136974  6.708353568116252  
3.028303312455134  0.5703907491488334  1.7921359616442711  3.8031977395691348  2.288215236057935  2.0639207544876449E-25  
2.6442467671765097  2.85415278915382  3.659340314520598  2.3284141869105075  2.662730532225552  3.0094148285624622  
2.3028875093788708  3.09003699235562  0.8824203876410096  2.44297857129547  2.1613727782225515E-54  5.314307778176852  
1.41585594276371  2.234938719829426E-71  6.820174277362549  1.0554783542356552  0.8515835052646081  7.2981940015498425  
1.5894610856932023  6.109922838466568  1.3292204654055513  3.3804979605412067  3.4034029301809703  1.2611169345622784  
0.5642094162038592  0.9036446985659017  0.33471829602783687  1.6629166239509416  3.4285384501939538  7.687866210261318  
3.4744970369763815  3.8663919299162584  2.306770031007716  4.969617967174361E-63  0.519176790666887  2.27340305236443  
1.985099423122063  2.601129773663574  3.7919134433676307  1.5859191955233965E-13  4.071833947499571  1.3090096754131588E-100  
0.9961591187907815  1.0483664064095668  1.5036703839106618  0.6179910447943565  0.8660687441734802  1.3357729956373667  
2.746353530560318  2.9344835643049914  3.2595976000998594  1.0175986330434892  3.2785313244076932  3.277231886250039  
4.033385812925321  1.3292034968946087  5.3654245147851105  4.918054859588611  0.47565641380198365  4.3540251473177625  
4.801414573385186  4.544019919040172  5.423399291797867  1.443808339932946E-45  2.1803114908441743E-157  2.8967061344507075  
3.4293158066610245  4.054989288489692  2.1221546843420827  2.3990426571700842  5.990686547308599  3.58843985119845  
3.3414882819156144  0.6432947549180373  5.10686112571805  1.910541034324323  5.103509568691688  2.6499841831888364  
3.948072889015472  3.8692451925405464  1.495890997163092  2.4634299179513652  2.6887698134173954  1.965798497406972  
0.967915925578943  2.942459580984663  1.8223809507439683  2.63030224568423  0.1401903179455247  5.561213048986465  
0.9962172442315971  1.0484271108934533  1.5037639390901154  0.6179986250064633  0.8659890801403011  1.3355754025634365  
1.0082943765458194  1.0544386754532178  1.5207724388835935  0.623275919868464  0.8517481294377681  1.3034153591392814  
0.9929294044711582  1.046739254823539  1.5009173692977311  0.6175007763358302  0.869752038775726  1.3421566613286695  
4.457916465469568  5.656737305341349  3.508117443875433  5.061637450920324  2.3562519489532545  6.060917512416886E-16  
2.2101447347597794  4.166984972506522  4.817948637731675  2.8556494245136927  6.874659172199558E-24  1.5144973980890375E-91  
3.0549009815095625  3.7868955020772455  2.0745936729716266  3.0376054544443205  5.100413589500458E-40  3.5014300117393763E-62  
3.953534753795968  4.619227521705051  2.89480114287185  5.846018709015654E-39  3.7823034275312057  4.248950932901336E-70  
1.6463372658371034  0.7390145816329431  4.47251781586425  4.5414617237000225  1.7599181333670653  4.170018715891994E-28  
2.2505332998625844  0.8872513893259889  4.329117439674129  2.3865908087783057  1.7644793039079267  5.2857488793496247E-42  
2.8310039103933553  3.4486107898291363  0.47028680253467325  4.212808679950125  1.787719635199192  6.889034211150112  
2.4719528851279866E-231  2.4196454583522033  1.6638987880303484  5.16937130376331  4.430690085034674  1.3010680653885793  
1.0094204525125843  1.0538043024072579  1.5230453660984182  0.6265323391381418  0.8506475301149395  1.2981591882122403  
0.9908140047696701  1.0456484165923003  1.499182119841434  0.6172302960625986  0.8721634920448882  1.3462650965698881  
0.5194074309106225  1.497045280568925E-8  1.1503503670688138  1.906105498897349  3.031756874090312  5.087436566566861  
0.3143246419302532  4.202882331729268E-6  0.5426058773294735  4.041095529431432  2.1801052836390054  4.1719578497908065  
0.7198599518645589  0.75482046650079  1.575372785251664  6.2350050547515625  0.21580449471722146  1.8960914570312857  
1.0013727270088386  1.052302743745617  1.5102818562494786  0.6181518281122964  0.8597190076166616  1.323550044118496  
0.620270195907581  4.574637817789366  5.367205926498511  2.038677010697599  0.677925818034857  4.698212569908237E-61  
0.49379924987005813  6.760842983901129  2.6649277039136985  2.24369661300383  0.5360242875102144  5.822582264709363E-99  
2.392268038138742  2.8094856403847657  3.092501986304128  2.4197940422954884  0.40038500316181347  1.3243055237535565E-78  
0.44989811575214006  3.5664934418339116  6.630355569609913  1.502784322085555  1.1035636727129832  5.711332618772599E-23  
3.987601913875301E-224  2.067964349355647  0.06220886173716955  5.757960136260352  1.9764506382653242  3.1711465729377335  
0.6226433421549639  1.6082265355445817  0.08799611628928976  2.049031849073595  0.989546199714  8.173658981891071  
2.6083472657560383  6.809742126384127  1.552079334901759  0.18402232972288424  6.253156082793656E-91  4.17239852140398  
0.3794027552315928  1.4159601202442735  4.508338983756372  1.0446695015569565  6.687654637516524  3.4878152020103244  
2.9159504182880753  1.890376303904273  1.030745385772059  3.1156151208977487  1.1732200256670553  1.295597045916472  
