3: 0
3: 0 1
4: 0 1 3
4: 0 1 3 7
4: 0 1 3 7 15
4: 0 1 3 7 15 16
3: 400
3: 400 421
4: 400 421 441
5: 400 421 441 453
4: 400 421 441 453 454
5: 400 421 441 453 454 455
4: 226
4: 226 228
3: 226 228 285
3: 226 228 285 291
3: 226 228 285 291 300
1: 226 228 285 291 300 301
4: 226
4: 226 228
3: 226 228 285
3: 226 228 285 291
3: 226 228 285 291 298
3: 226 228 285 291 298 299
3: 400
5: 400 401
5: 400 401 402
5: 400 401 402 409
5: 400 401 402 409 410
5: 400 401 402 409 410 411
3: 400
4: 400 401
5: 400 401 402
5: 400 401 402 403
3: 400 401 402 403 405
2: 400 401 402 403 405 406
3: 100
4: 100 101
3: 100 101 102
4: 100 101 102 103
3: 100 101 102 103 106
1: 100 101 102 103 106 110
3: 400
4: 400 421
3: 400 421 469
4: 400 421 469 480
2: 400 421 469 480 481
1: 400 421 469 480 481 483
4: 100
4: 100 101
4: 100 101 130
4: 100 101 130 140
4: 100 101 130 140 142
1: 100 101 130 140 142 148
4: 100
4: 100 101
3: 100 101 102
4: 100 101 102 117
4: 100 101 102 117 118
4: 100 101 102 117 118 120
