4: 226
5: 226 227
5: 226 227 231
4: 226 227 231 245
5: 226 227 231 245 256
3: 226 227 231 245 256 258
3: 0
3: 0 2
4: 0 2 41
5: 0 2 41 43
5: 0 2 41 43 49
5: 0 2 41 43 49 51
3: 0
3: 0 1
4: 0 1 19
5: 0 1 19 30
5: 0 1 19 30 32
5: 0 1 19 30 32 37
3: 400
3: 400 421
4: 400 421 441
4: 400 421 441 453
4: 400 421 441 453 459
2: 400 421 441 453 459 463
3: 100
4: 100 101
5: 100 101 123
5: 100 101 123 124
5: 100 101 123 124 125
4: 100 101 123 124 125 127
4: 400
3: 400 421
4: 400 421 429
3: 400 421 429 430
2: 400 421 429 430 432
2: 400 421 429 430 432 435
4: 226
4: 226 227
5: 226 227 230
5: 226 227 230 237
5: 226 227 230 237 238
1: 226 227 230 237 238 241
3: 400
3: 400 421
3: 400 421 469
5: 400 421 469 480
2: 400 421 469 480 481
4: 400 421 469 480 481 483
3: 100
4: 100 101
3: 100 101 102
4: 100 101 102 103
4: 100 101 102 103 106
4: 100 101 102 103 106 107
3: 226
4: 226 228
4: 226 228 285
5: 226 228 285 291
5: 226 228 285 291 300
4: 226 228 285 291 300 301
