4: 226
4: 226 227
5: 226 227 233
5: 226 227 233 234
5: 226 227 233 234 232
4: 226 227 233 234 232 236
3: 100
4: 100 101
4: 100 101 130
3: 100 101 130 140
3: 100 101 130 140 141
2: 100 101 130 140 141 145
3: 100
4: 100 157
5: 100 157 158
4: 100 157 158 159
5: 100 157 158 159 160
1: 100 157 158 159 160 161
4: 100
4: 100 101
4: 100 101 130
4: 100 101 130 140
4: 100 101 130 140 142
2: 100 101 130 140 142 148
4: 226
4: 226 228
4: 226 228 275
4: 226 228 275 279
4: 226 228 275 279 280
4: 226 228 275 279 280 281
3: 200
3: 200 206
3: 200 206 207
3: 200 206 207 208
3: 200 206 207 208 211
3: 200 206 207 208 211 214
4: 0
3: 0 2
2: 0 2 42
2: 0 2 42 55
3: 0 2 42 55 56
2: 0 2 42 55 56 57
3: 400
3: 400 421
3: 400 421 469
5: 400 421 469 480
4: 400 421 469 480 481
3: 400 421 469 480 481 491
4: 100
4: 100 101
4: 100 101 102
5: 100 101 102 117
5: 100 101 102 117 118
5: 100 101 102 117 118 120
3: 226
4: 226 229
5: 226 229 264
5: 226 229 264 269
5: 226 229 264 269 272
3: 226 229 264 269 272 274
