4: 100
4: 100 157
5: 100 157 158
4: 100 157 158 163
4: 100 157 158 163 164
3: 100 157 158 163 164 165
3: 200
2: 200 206
2: 200 206 207
3: 200 206 207 208
3: 200 206 207 208 211
2: 200 206 207 208 211 214
4: 100
4: 100 101
4: 100 101 102
5: 100 101 102 103
5: 100 101 102 103 106
1: 100 101 102 103 106 107
3: 400
3: 400 421
4: 400 421 441
4: 400 421 441 453
5: 400 421 441 453 454
5: 400 421 441 453 454 456
4: 226
4: 226 228
4: 226 228 285
4: 226 228 285 290
4: 226 228 285 290 292
4: 226 228 285 290 292 293
4: 226
4: 226 228
4: 226 228 275
4: 226 228 275 279
4: 226 228 275 279 280
2: 226 228 275 279 280 282
3: 0
3: 0 1
4: 0 1 3
5: 0 1 3 7
5: 0 1 3 7 8
5: 0 1 3 7 8 14
3: 400
5: 400 401
5: 400 401 402
5: 400 401 402 409
5: 400 401 402 409 410
5: 400 401 402 409 410 411
4: 226
4: 226 229
4: 226 229 264
5: 226 229 264 265
5: 226 229 264 265 266
3: 226 229 264 265 266 268
3: 100
4: 100 101
4: 100 101 102
4: 100 101 102 103
4: 100 101 102 103 106
3: 100 101 102 103 106 110
