1 1 1 
2 1 2 
3 1 2 
4 1 1 
5 1 2 
6 1 1 
7 1 2 
8 1 1 
9 1 1 
10 1 2 
11 1 1 
13 1 2 
14 1 2 
16 1 3 
17 1 1 
21 1 2 
23 1 1 
25 1 1 
26 1 2 
27 1 1 
30 1 1 
34 1 1 
39 1 1 
40 1 1 
43 1 2 
45 1 3 
50 1 1 
54 1 1 
55 1 1 
59 1 1 
61 1 2 
63 1 1 
66 1 2 
67 1 1 
75 1 1 
79 1 2 
80 1 2 
84 1 2 
85 1 1 
90 1 1 
92 1 1 
101 1 1 
109 1 2 
120 1 2 
124 1 1 
129 1 2 
130 1 3 
144 1 2 
150 1 2 
152 1 2 
159 1 3 
161 1 1 
194 1 3 
212 1 2 
216 1 1 
230 1 1 
232 1 1 
248 1 2 
250 1 2 
274 1 1 
284 1 2 
286 1 2 
296 1 1 
299 1 1 
323 1 2 
1 2 3 
2 2 3 
3 2 3 
4 2 3 
6 2 3 
8 2 4 
11 2 3 
12 2 3 
14 2 4 
15 2 4 
16 2 4 
17 2 4 
18 2 4 
22 2 4 
26 2 3 
27 2 3 
28 2 3 
33 2 3 
34 2 4 
36 2 4 
37 2 4 
39 2 4 
41 2 4 
42 2 4 
44 2 4 
45 2 4 
61 2 3 
63 2 2 
65 2 3 
66 2 3 
67 2 4 
72 2 4 
74 2 4 
79 2 4 
83 2 3 
84 2 4 
86 2 4 
87 2 3 
88 2 4 
91 2 4 
92 2 3 
120 2 3 
121 2 2 
124 2 3 
129 2 3 
130 2 4 
140 2 3 
141 2 3 
143 2 3 
147 2 3 
150 2 4 
158 2 4 
159 2 4 
162 2 4 
166 2 4 
173 2 4 
176 2 4 
212 2 4 
213 2 3 
232 2 2 
233 2 2 
239 2 3 
245 2 3 
250 2 3 
267 2 3 
269 2 4 
272 2 3 
278 2 4 
295 2 4 
300 2 4 
310 2 4 
1 3 3 
2 3 3 
4 3 4 
5 3 4 
7 3 3 
10 3 3 
14 3 4 
15 3 3 
16 3 5 
17 3 5 
18 3 4 
19 3 3 
20 3 3 
21 3 3 
23 3 4 
24 3 2 
25 3 3 
26 3 3 
36 3 3 
37 3 5 
38 3 4 
42 3 3 
43 3 3 
48 3 3 
50 3 3 
52 3 3 
55 3 4 
58 3 3 
59 3 3 
62 3 3 
72 3 4 
77 3 3 
79 3 4 
82 3 3 
83 3 4 
84 3 4 
88 3 4 
90 3 3 
97 3 3 
101 3 3 
105 3 3 
111 3 4 
115 3 3 
118 3 3 
122 3 3 
123 3 3 
139 3 4 
150 3 5 
152 3 5 
158 3 4 
159 3 4 
167 3 3 
171 3 3 
176 3 5 
194 3 4 
199 3 3 
217 3 4 
222 3 3 
229 3 4 
230 3 3 
236 3 3 
278 3 3 
284 3 5 
286 3 3 
294 3 4 
296 3 4 
312 3 3 
321 3 3 
1 4 4 
2 4 3 
4 4 4 
5 4 3 
8 4 4 
9 4 4 
11 4 4 
12 4 3 
14 4 4 
16 4 4 
18 4 4 
21 4 3 
25 4 5 
26 4 4 
28 4 4 
29 4 3 
34 4 4 
37 4 4 
38 4 3 
40 4 3 
42 4 3 
45 4 5 
48 4 4 
52 4 3 
59 4 3 
60 4 4 
63 4 4 
64 4 4 
65 4 4 
66 4 3 
73 4 3 
79 4 4 
80 4 4 
81 4 3 
83 4 3 
85 4 3 
92 4 5 
97 4 4 
105 4 3 
109 4 2 
118 4 4 
123 4 3 
125 4 3 
127 4 3 
128 4 3 
150 4 3 
151 4 3 
152 4 4 
154 4 1 
158 4 3 
166 4 4 
176 4 5 
211 4 3 
230 4 4 
231 4 3 
237 4 4 
239 4 3 
240 4 3 
245 4 3 
246 4 3 
268 4 4 
283 4 3 
285 4 3 
286 4 4 
290 4 3 
294 4 3 
299 4 2 
310 4 4 
1 5 4 
2 5 4 
4 5 4 
5 5 5 
6 5 4 
7 5 3 
8 5 5 
9 5 4 
13 5 4 
14 5 3 
15 5 4 
16 5 3 
18 5 4 
19 5 5 
20 5 4 
23 5 4 
25 5 3 
33 5 5 
35 5 3 
37 5 4 
39 5 4 
42 5 4 
44 5 4 
47 5 3 
49 5 3 
54 5 4 
55 5 4 
59 5 3 
67 5 4 
72 5 5 
76 5 3 
79 5 4 
83 5 3 
88 5 5 
91 5 4 
96 5 4 
98 5 3 
101 5 5 
109 5 4 
110 5 5 
118 5 4 
138 5 4 
139 5 5 
140 5 3 
150 5 4 
158 5 3 
159 5 4 
166 5 4 
184 5 4 
187 5 3 
216 5 5 
250 5 4 
264 5 5 
265 5 4 
277 5 4 
284 5 4 
294 5 3 
296 5 4 
310 5 4 
1 6 3 
2 6 4 
5 6 4 
7 6 4 
8 6 4 
9 6 4 
10 6 3 
13 6 4 
14 6 4 
15 6 5 
16 6 5 
17 6 4 
20 6 4 
21 6 5 
24 6 4 
25 6 5 
26 6 4 
30 6 4 
33 6 5 
35 6 5 
36 6 4 
37 6 5 
38 6 4 
39 6 4 
40 6 5 
50 6 4 
52 6 5 
55 6 4 
56 6 4 
59 6 3 
61 6 4 
67 6 4 
71 6 5 
72 6 5 
76 6 5 
78 6 5 
80 6 5 
81 6 4 
83 6 3 
84 6 5 
85 6 5 
98 6 4 
101 6 4 
105 6 4 
111 6 4 
112 6 3 
118 6 3 
122 6 4 
131 6 5 
138 6 5 
141 6 5 
147 6 4 
148 6 5 
152 6 5 
154 6 3 
160 6 5 
161 6 5 
187 6 4 
194 6 5 
200 6 5 
217 6 4 
218 6 4 
230 6 2 
235 6 3 
251 6 5 
264 6 5 
267 6 4 
269 6 5 
277 6 4 
278 6 5 
279 6 4 
286 6 2 
294 6 4 
297 6 4 
299 6 4 
2 7 5 
3 7 3 
4 7 4 
5 7 3 
6 7 3 
7 7 3 
8 7 5 
9 7 4 
13 7 4 
14 7 3 
15 7 3 
16 7 4 
17 7 3 
18 7 4 
19 7 3 
21 7 3 
24 7 4 
26 7 3 
27 7 3 
30 7 3 
36 7 5 
37 7 4 
38 7 4 
39 7 5 
40 7 4 
41 7 4 
45 7 4 
49 7 3 
55 7 4 
56 7 5 
59 7 4 
61 7 4 
63 7 4 
67 7 4 
75 7 3 
76 7 4 
77 7 4 
79 7 4 
80 7 3 
82 7 4 
84 7 4 
86 7 4 
91 7 5 
92 7 5 
93 7 4 
100 7 4 
105 7 3 
112 7 5 
118 7 3 
121 7 4 
124 7 4 
131 7 3 
145 7 3 
146 7 5 
147 7 5 
150 7 4 
152 7 3 
156 7 5 
162 7 3 
173 7 5 
176 7 4 
178 7 5 
191 7 4 
199 7 4 
215 7 3 
218 7 4 
230 7 4 
233 7 4 
239 7 3 
251 7 4 
276 7 3 
277 7 5 
279 7 5 
284 7 4 
286 7 3 
292 7 5 
297 7 4 
300 7 4 
304 7 3 
1 8 5 
2 8 4 
3 8 4 
5 8 4 
6 8 4 
8 8 4 
11 8 5 
12 8 3 
13 8 4 
14 8 3 
15 8 3 
16 8 4 
17 8 5 
18 8 4 
19 8 2 
23 8 5 
26 8 4 
27 8 4 
30 8 4 
32 8 4 
34 8 4 
36 8 4 
37 8 5 
38 8 4 
41 8 4 
44 8 3 
46 8 4 
49 8 3 
55 8 4 
56 8 4 
61 8 5 
65 8 4 
67 8 5 
70 8 4 
71 8 3 
72 8 4 
77 8 4 
79 8 4 
80 8 4 
82 8 4 
87 8 4 
91 8 5 
95 8 4 
110 8 5 
112 8 3 
120 8 4 
124 8 4 
131 8 2 
137 8 3 
138 8 2 
141 8 1 
147 8 4 
151 8 3 
152 8 2 
156 8 4 
165 8 3 
183 8 2 
187 8 3 
216 8 3 
219 8 5 
232 8 1 
239 8 1 
245 8 4 
251 8 1 
264 8 1 
265 8 3 
266 8 3 
267 8 2 
268 8 3 
285 8 4 
286 8 1 
292 8 4 
1 9 2 
3 9 4 
4 9 3 
5 9 3 
6 9 3 
7 9 4 
8 9 4 
10 9 3 
12 9 4 
13 9 4 
14 9 4 
15 9 4 
16 9 4 
17 9 4 
18 9 4 
19 9 4 
20 9 4 
22 9 3 
23 9 4 
29 9 3 
33 9 4 
36 9 4 
37 9 4 
39 9 4 
42 9 3 
44 9 4 
48 9 3 
54 9 3 
59 9 4 
60 9 3 
61 9 4 
66 9 3 
68 9 4 
71 9 4 
79 9 4 
80 9 3 
90 9 3 
91 9 4 
97 9 4 
101 9 3 
109 9 4 
118 9 3 
119 9 4 
120 9 4 
129 9 4 
134 9 3 
138 9 4 
147 9 4 
150 9 4 
152 9 4 
153 9 4 
154 9 4 
166 9 4 
172 9 3 
173 9 3 
185 9 4 
194 9 4 
211 9 3 
217 9 4 
230 9 3 
231 9 4 
232 9 3 
248 9 2 
257 9 4 
264 9 3 
278 9 2 
284 9 4 
286 9 3 
287 9 3 
288 9 4 
291 9 4 
296 9 4 
324 9 4 
1 10 2 
2 10 3 
4 10 3 
5 10 3 
7 10 2 
8 10 4 
10 10 3 
12 10 3 
14 10 3 
15 10 3 
16 10 4 
17 10 4 
20 10 3 
21 10 2 
23 10 3 
24 10 4 
25 10 3 
26 10 3 
33 10 4 
34 10 4 
35 10 3 
37 10 3 
43 10 3 
52 10 2 
58 10 4 
59 10 2 
62 10 3 
65 10 3 
72 10 3 
73 10 3 
75 10 2 
76 10 4 
80 10 3 
85 10 3 
90 10 3 
101 10 3 
105 10 2 
110 10 3 
111 10 2 
117 10 3 
118 10 2 
123 10 3 
139 10 3 
140 10 2 
141 10 3 
144 10 2 
146 10 3 
152 10 2 
158 10 3 
161 10 3 
172 10 3 
194 10 3 
200 10 2 
215 10 2 
229 10 4 
230 10 2 
237 10 4 
245 10 4 
265 10 3 
267 10 2 
269 10 3 
274 10 2 
277 10 4 
294 10 2 
299 10 1 
323 10 4 
3 11 3 
4 11 4 
5 11 3 
7 11 3 
8 11 3 
9 11 4 
10 11 4 
11 11 3 
13 11 4 
14 11 4 
16 11 4 
18 11 4 
19 11 4 
21 11 4 
23 11 3 
24 11 3 
25 11 4 
26 11 4 
27 11 4 
33 11 4 
37 11 4 
38 11 4 
39 11 4 
52 11 4 
54 11 4 
56 11 4 
57 11 4 
58 11 4 
60 11 4 
62 11 4 
63 11 4 
68 11 4 
71 11 3 
83 11 4 
98 11 4 
105 11 4 
109 11 4 
110 11 4 
112 11 4 
113 11 4 
114 11 4 
117 11 4 
119 11 5 
124 11 4 
133 11 5 
138 11 3 
152 11 5 
158 11 4 
159 11 4 
199 11 4 
218 11 5 
220 11 3 
221 11 3 
228 11 5 
230 11 4 
231 11 2 
238 11 4 
239 11 4 
255 11 5 
264 11 3 
286 11 4 
294 11 5 
1 12 3 
2 12 3 
5 12 4 
6 12 3 
7 12 4 
8 12 4 
10 12 4 
11 12 4 
12 12 4 
13 12 3 
14 12 4 
15 12 4 
16 12 3 
19 12 3 
20 12 3 
21 12 3 
24 12 4 
25 12 3 
26 12 4 
27 12 3 
28 12 3 
31 12 4 
33 12 3 
34 12 3 
35 12 4 
36 12 4 
37 12 4 
43 12 4 
49 12 4 
52 12 3 
54 12 3 
58 12 3 
59 12 4 
63 12 4 
65 12 4 
69 12 3 
71 12 4 
73 12 2 
74 12 4 
76 12 3 
77 12 3 
79 12 3 
80 12 3 
86 12 4 
89 12 3 
90 12 4 
100 12 4 
124 12 4 
127 12 4 
136 12 3 
138 12 4 
143 12 3 
146 12 3 
147 12 4 
150 12 4 
152 12 4 
162 12 4 
170 12 3 
172 12 4 
192 12 2 
200 12 3 
214 12 4 
222 12 5 
237 12 3 
239 12 4 
245 12 4 
264 12 4 
268 12 3 
273 12 3 
277 12 5 
279 12 4 
284 12 4 
286 12 2 
300 12 3 
1 13 5 
2 13 5 
4 13 5 
6 13 4 
7 13 4 
8 13 5 
9 13 5 
14 13 5 
15 13 5 
16 13 4 
17 13 5 
18 13 5 
21 13 5 
23 13 5 
25 13 5 
30 13 5 
33 13 3 
34 13 5 
35 13 5 
37 13 5 
38 13 4 
39 13 5 
40 13 4 
41 13 5 
50 13 5 
51 13 4 
52 13 4 
55 13 5 
59 13 5 
67 13 5 
71 13 5 
73 13 5 
79 13 5 
83 13 5 
87 13 4 
90 13 5 
92 13 5 
101 13 5 
104 13 5 
105 13 5 
110 13 5 
118 13 5 
131 13 5 
143 13 4 
146 13 4 
150 13 5 
151 13 5 
154 13 5 
155 13 5 
158 13 5 
161 13 4 
172 13 5 
176 13 5 
194 13 5 
198 13 3 
199 13 4 
216 13 5 
230 13 5 
252 13 5 
264 13 4 
272 13 4 
277 13 5 
284 13 5 
285 13 5 
289 13 5 
291 13 5 
294 13 5 
297 13 5 
299 13 3 
308 13 5 
324 13 5 
2 14 4 
4 14 5 
5 14 3 
6 14 4 
7 14 3 
8 14 5 
9 14 4 
10 14 5 
12 14 2 
13 14 4 
14 14 4 
16 14 4 
17 14 4 
19 14 4 
22 14 5 
23 14 4 
24 14 5 
25 14 4 
30 14 5 
33 14 3 
37 14 4 
38 14 4 
40 14 4 
45 14 3 
46 14 5 
50 14 4 
51 14 3 
53 14 4 
55 14 4 
56 14 5 
58 14 4 
59 14 3 
65 14 1 
67 14 4 
71 14 5 
72 14 4 
73 14 4 
83 14 5 
86 14 3 
93 14 5 
98 14 5 
101 14 3 
103 14 2 
106 14 4 
110 14 3 
112 14 4 
118 14 2 
123 14 3 
127 14 5 
131 14 2 
138 14 4 
139 14 3 
152 14 5 
158 14 5 
187 14 4 
195 14 3 
197 14 2 
201 14 5 
215 14 4 
228 14 5 
230 14 2 
238 14 2 
251 14 1 
264 14 2 
267 14 2 
269 14 3 
300 14 4 
2 15 5 
4 15 5 
6 15 4 
7 15 4 
8 15 4 
13 15 5 
17 15 4 
18 15 4 
20 15 5 
21 15 4 
23 15 4 
26 15 4 
27 15 4 
28 15 4 
29 15 5 
30 15 5 
33 15 5 
34 15 5 
39 15 5 
45 15 5 
48 15 4 
52 15 5 
55 15 5 
62 15 4 
63 15 5 
65 15 4 
66 15 5 
67 15 5 
71 15 5 
83 15 5 
84 15 5 
88 15 5 
92 15 4 
97 15 4 
105 15 4 
111 15 5 
124 15 4 
125 15 4 
126 15 5 
127 15 5 
129 15 4 
159 15 5 
166 15 4 
176 15 5 
185 15 4 
194 15 5 
213 15 5 
215 15 4 
217 15 5 
238 15 4 
239 15 4 
240 15 4 
244 15 5 
245 15 5 
248 15 5 
250 15 4 
264 15 5 
274 15 5 
294 15 5 
296 15 5 
1 16 3 
2 16 4 
4 16 4 
5 16 4 
7 16 4 
8 16 5 
10 16 5 
12 16 2 
13 16 3 
14 16 4 
16 16 4 
17 16 5 
18 16 4 
20 16 4 
26 16 4 
29 16 4 
31 16 3 
33 16 3 
37 16 5 
40 16 5 
43 16 5 
44 16 4 
45 16 4 
51 16 4 
54 16 5 
58 16 4 
61 16 5 
62 16 5 
66 16 4 
68 16 3 
71 16 3 
72 16 3 
73 16 2 
79 16 5 
80 16 5 
85 16 5 
86 16 5 
89 16 5 
90 16 5 
91 16 4 
92 16 4 
109 16 5 
117 16 5 
120 16 5 
123 16 5 
129 16 3 
132 16 3 
140 16 3 
150 16 5 
151 16 5 
152 16 4 
161 16 5 
162 16 5 
169 16 5 
172 16 4 
173 16 4 
198 16 4 
228 16 5 
232 16 5 
237 16 5 
248 16 4 
253 16 3 
268 16 2 
269 16 3 
284 16 5 
286 16 4 
300 16 5 
315 16 5 
1 17 3 
2 17 3 
3 17 3 
4 17 2 
5 17 4 
7 17 3 
8 17 3 
9 17 3 
10 17 4 
11 17 3 
12 17 3 
16 17 4 
17 17 4 
18 17 3 
19 17 3 
20 17 3 
22 17 4 
23 17 3 
25 17 4 
26 17 4 
29 17 3 
34 17 3 
37 17 4 
38 17 3 
40 17 3 
42 17 3 
49 17 3 
50 17 3 
52 17 3 
54 17 3 
55 17 3 
59 17 4 
61 17 3 
63 17 2 
66 17 3 
75 17 2 
80 17 3 
83 17 3 
84 17 3 
86 17 3 
88 17 4 
98 17 3 
101 17 3 
105 17 3 
109 17 3 
110 17 4 
118 17 4 
122 17 3 
129 17 3 
140 17 2 
141 17 3 
150 17 4 
152 17 3 
153 17 3 
158 17 3 
159 17 3 
162 17 2 
176 17 4 
187 17 3 
194 17 4 
200 17 3 
216 17 3 
230 17 3 
239 17 4 
248 17 3 
267 17 2 
274 17 2 
294 17 2 
295 17 4 
300 17 2 
2 18 5 
4 18 5 
5 18 4 
8 18 5 
9 18 4 
13 18 4 
15 18 5 
16 18 5 
17 18 4 
18 18 5 
19 18 4 
20 18 5 
21 18 4 
30 18 4 
34 18 4 
36 18 3 
38 18 3 
40 18 4 
43 18 5 
44 18 5 
49 18 3 
50 18 5 
52 18 5 
53 18 4 
58 18 4 
59 18 4 
67 18 5 
71 18 4 
79 18 5 
80 18 4 
82 18 4 
85 18 4 
90 18 4 
91 18 5 
98 18 4 
101 18 3 
103 18 5 
105 18 4 
106 18 3 
117 18 5 
118 18 4 
138 18 3 
141 18 4 
146 18 4 
147 18 5 
150 18 5 
151 18 1 
156 18 5 
161 18 5 
173 18 5 
187 18 5 
195 18 3 
197 18 2 
201 18 4 
222 18 2 
229 18 5 
230 18 5 
268 18 5 
277 18 4 
278 18 4 
284 18 4 
285 18 5 
286 18 1 
325 18 4 
1 19 4 
3 19 3 
4 19 4 
5 19 4 
6 19 4 
8 19 4 
9 19 4 
10 19 3 
14 19 4 
15 19 3 
16 19 5 
17 19 4 
19 19 4 
24 19 4 
25 19 4 
26 19 4 
28 19 4 
33 19 3 
35 19 3 
37 19 3 
39 19 4 
41 19 4 
42 19 3 
49 19 4 
56 19 4 
59 19 4 
60 19 4 
61 19 4 
62 19 4 
65 19 4 
76 19 4 
79 19 3 
80 19 5 
81 19 3 
84 19 3 
87 19 4 
88 19 4 
98 19 4 
112 19 4 
118 19 3 
119 19 4 
120 19 3 
123 19 4 
138 19 3 
146 19 3 
152 19 4 
155 19 4 
159 19 3 
160 19 4 
164 19 4 
218 19 5 
231 19 3 
232 19 2 
238 19 4 
245 19 4 
264 19 2 
277 19 5 
283 19 3 
286 19 4 
297 19 3 
310 19 3 
1 20 4 
3 20 5 
4 20 4 
5 20 5 
7 20 3 
8 20 5 
9 20 5 
10 20 5 
11 20 5 
13 20 4 
14 20 4 
15 20 5 
16 20 5 
17 20 5 
18 20 5 
21 20 4 
24 20 5 
25 20 5 
26 20 5 
27 20 5 
30 20 5 
33 20 2 
34 20 4 
35 20 5 
36 20 5 
42 20 5 
44 20 5 
49 20 5 
50 20 4 
58 20 4 
59 20 4 
61 20 5 
67 20 5 
72 20 5 
76 20 5 
77 20 5 
79 20 5 
80 20 5 
87 20 5 
88 20 5 
91 20 5 
100 20 5 
101 20 5 
105 20 5 
115 20 5 
118 20 5 
120 20 5 
124 20 5 
130 20 5 
141 20 4 
146 20 5 
147 20 5 
150 20 5 
152 20 5 
165 20 3 
166 20 4 
172 20 5 
173 20 5 
191 20 5 
194 20 5 
199 20 4 
200 20 5 
230 20 4 
232 20 5 
239 20 5 
264 20 5 
267 20 3 
277 20 5 
278 20 4 
286 20 4 
307 20 4 
311 20 4 
325 20 5 
1 21 3 
2 21 4 
3 21 4 
4 21 3 
5 21 3 
6 21 4 
8 21 5 
9 21 4 
13 21 3 
14 21 3 
15 21 3 
16 21 4 
17 21 4 
18 21 4 
23 21 5 
24 21 5 
26 21 4 
28 21 4 
32 21 4 
33 21 4 
34 21 4 
36 21 4 
37 21 4 
40 21 5 
42 21 4 
43 21 4 
45 21 4 
52 21 5 
55 21 5 
59 21 4 
60 21 4 
71 21 4 
73 21 4 
78 21 4 
79 21 4 
80 21 4 
86 21 4 
88 21 4 
89 21 4 
93 21 5 
105 21 5 
111 21 5 
112 21 5 
118 21 4 
119 21 5 
127 21 3 
137 21 3 
138 21 4 
141 21 4 
149 21 4 
150 21 5 
152 21 4 
154 21 4 
162 21 5 
169 21 4 
172 21 4 
178 21 5 
199 21 5 
217 21 5 
218 21 5 
231 21 4 
245 21 3 
263 21 3 
264 21 5 
269 21 5 
271 21 4 
281 21 4 
284 21 4 
286 21 3 
290 21 4 
310 21 5 
314 21 4 
322 21 4 
3 22 3 
4 22 3 
5 22 2 
6 22 3 
7 22 3 
9 22 3 
11 22 4 
13 22 3 
14 22 3 
15 22 3 
16 22 3 
17 22 3 
21 22 4 
23 22 4 
24 22 4 
25 22 3 
27 22 3 
33 22 3 
36 22 3 
38 22 3 
40 22 4 
42 22 3 
45 22 3 
46 22 3 
55 22 3 
56 22 4 
57 22 4 
58 22 4 
59 22 4 
63 22 3 
67 22 4 
72 22 4 
78 22 4 
80 22 3 
81 22 4 
83 22 3 
88 22 3 
101 22 4 
105 22 4 
110 22 4 
111 22 4 
112 22 4 
118 22 4 
131 22 4 
139 22 4 
149 22 3 
154 22 3 
158 22 2 
161 22 3 
182 22 5 
194 22 4 
199 22 4 
216 22 4 
217 22 4 
218 22 4 
221 22 4 
225 22 4 
230 22 3 
239 22 3 
252 22 4 
281 22 3 
286 22 3 
289 22 3 
294 22 3 
299 22 4 
311 22 3 
1 23 4 
2 23 3 
4 23 4 
5 23 4 
7 23 2 
8 23 4 
9 23 3 
11 23 2 
12 23 1 
13 23 3 
14 23 4 
16 23 2 
17 23 4 
20 23 3 
22 23 3 
23 23 3 
25 23 3 
27 23 2 
29 23 2 
30 23 3 
33 23 2 
37 23 4 
41 23 4 
43 23 2 
50 23 2 
54 23 2 
56 23 2 
58 23 1 
59 23 3 
61 23 3 
63 23 3 
66 23 1 
67 23 3 
71 23 3 
72 23 2 
75 23 2 
79 23 1 
80 23 4 
83 23 3 
84 23 2 
87 23 2 
101 23 3 
111 23 3 
112 23 3 
117 23 2 
121 23 3 
131 23 3 
138 23 2 
140 23 1 
144 23 2 
150 23 1 
152 23 3 
158 23 1 
159 23 2 
164 23 1 
172 23 2 
194 23 1 
211 23 1 
217 23 2 
218 23 2 
230 23 2 
233 23 3 
239 23 1 
248 23 1 
264 23 1 
267 23 1 
274 23 1 
284 23 2 
286 23 2 
305 23 1 
325 23 2 
1 24 4 
3 24 3 
8 24 4 
9 24 3 
10 24 3 
12 24 3 
13 24 4 
14 24 4 
15 24 4 
16 24 4 
18 24 4 
19 24 4 
22 24 4 
23 24 3 
24 24 4 
25 24 4 
26 24 4 
29 24 3 
30 24 4 
34 24 4 
36 24 4 
39 24 3 
41 24 5 
45 24 5 
47 24 5 
49 24 4 
53 24 4 
54 24 4 
55 24 3 
56 24 5 
58 24 4 
61 24 4 
67 24 5 
71 24 4 
75 24 4 
77 24 3 
80 24 4 
84 24 4 
87 24 4 
92 24 4 
96 24 4 
98 24 4 
106 24 4 
109 24 4 
110 24 4 
112 24 4 
115 24 5 
118 24 4 
121 24 3 
128 24 5 
131 24 4 
138 24 3 
145 24 4 
147 24 3 
150 24 3 
152 24 4 
164 24 3 
176 24 4 
184 24 4 
187 24 4 
201 24 4 
211 24 4 
215 24 3 
219 24 5 
222 24 4 
230 24 3 
233 24 3 
246 24 5 
264 24 4 
275 24 3 
278 24 3 
284 24 4 
286 24 3 
296 24 4 
305 24 4 
1 25 3 
2 25 4 
3 25 3 
4 25 3 
5 25 2 
7 25 2 
8 25 3 
9 25 3 
10 25 3 
11 25 3 
12 25 2 
13 25 3 
14 25 3 
15 25 2 
16 25 3 
17 25 3 
18 25 3 
19 25 2 
20 25 2 
21 25 2 
22 25 3 
24 25 2 
25 25 3 
26 25 3 
27 25 3 
28 25 3 
30 25 2 
33 25 3 
36 25 3 
39 25 2 
43 25 3 
44 25 3 
48 25 2 
49 25 2 
50 25 2 
52 25 2 
54 25 3 
58 25 2 
59 25 2 
63 25 3 
65 25 2 
67 25 3 
72 25 3 
77 25 3 
79 25 3 
80 25 3 
84 25 2 
90 25 3 
91 25 3 
97 25 2 
98 25 3 
101 25 2 
117 25 2 
118 25 2 
121 25 3 
124 25 3 
127 25 3 
140 25 2 
147 25 3 
152 25 3 
159 25 2 
164 25 3 
171 25 3 
173 25 2 
185 25 2 
187 25 3 
194 25 2 
199 25 2 
211 25 3 
230 25 3 
233 25 3 
267 25 2 
278 25 3 
284 25 3 
286 25 2 
304 25 3 
321 25 3 
