0.7993025873821743  
0.01837329039722814  
0.7971591990560557  
0.022433746028359337  
1.6066542676402388E-7  
0.811145357282569  
0.6713221214597667  
0.8111453503473028  
0.8111453571506371  
0.8111453481887618  
0.8111453539240363  
0.445637842347072  
0.8111453479645956  
0.1976209861312009  
0.8111453564187124  
0.5950580037663251  
0.8111453569695926  
0.516501120650522  
0.8111453573102895  
0.8111453567316547  
0.7968639773594647  
0.020385271223710602  
0.8156708774975313  
1.29700276889197E-7  
8.407366060941163E-8  
0.8111453554213731  
0.8111453569846804  
0.8111453518172002  
0.811145357052873  
0.8111453531899374  
0.811145355754051  
0.8111452855587103  
0.8111453572331999  
0.335630057832438  
0.7247201789498956  
8.185203919336806E-8  
0.0781358434794258  
2.5140455532423256E-7  
1.5293384836960842E-5  
4.580157897100534E-7  
0.8033375358295147  
0.01873320449672655  
0.7528025091266153  
0.051583643495945235  
3.935857624138135E-7  
0.8156708774975313  
1.2350235080838527E-5  
4.6662119207116894E-4  
1.5211589842932803E-4  
0.8111453453632258  
0.8111453473304938  
0.471520101025881  
0.8111453555799103  
0.8111453558656906  
0.8111453566053441  
0.7473362731751683  
0.8111453562845942  
0.8111453445269167  
0.8111453531415503  
0.799514957368078  
0.8114998823771814  
0.022799963078120128  
0.8113894140481391  
3.0644045672960173E-4  
0.008635764617440119  
0.30897767814416377  
0.8111424831431234  
0.8111453565655402  
0.02213811554609205  
0.811145357179466  
0.8111453567778979  
0.3664152241097974  
0.8111453573502339  
0.0740337095880375  
0.8111453572659064  
0.8111243252991343  
0.5656377990603791  
0.8111453569929481  
0.8111452501372086  
0.34122103670521253  
0.7722709788398656  
0.042075125898094944  
0.7972312679584606  
0.02285729908989004  
9.905153675348597E-8  
0.8113012113257846  
0.0018681840770094144  
2.3826287850592324E-4  
7.846797460098011E-4  
0.8111454077935956  
7.779902097298398E-4  
0.034836166892339836  
0.010490564233152554  
0.01785758375330568  
0.8111453570111316  
0.8111453570190001  
0.6647999546221967  
0.8111453565211669  
0.15074369366731027  
0.8111453555321454  
0.36943346504232044  
0.4615601059430891  
0.28558956241636474  
0.4571578959922762  
0.15255564309458197  
0.811145347536187  
0.8111453354294481  
0.8111453536852682  
0.8111453573357935  
0.24800272011663307  
0.8111453567440299  
0.8111453563216148  
0.7571882970508851  
0.8111453571111158  
0.7675706566793821  
0.8111453563405191  
0.811145357293898  
0.27473616690641484  
0.28142409093270176  
0.8111453573926186  
0.44134759974658194  
0.39928128037383886  
0.27513918324401276  
0.19567105761191386  
0.22654186996007947  
0.8111453275492659  
0.5094196599120877  
0.8111218738285221  
0.2388062114441797  
0.8111453553904926  
0.8111453566924243  
0.8111453553220709  
0.13017033719975094  
0.8111453573252081  
0.36578423752731265  
0.17459415457205563  
0.15305668476996112  
0.17705034647976195  
0.09211651681576731  
9.715020392552278E-8  
0.17748859582421622  
0.6085486846756665  
0.3303812654163137  
0.2862237819330774  
0.10888936995902163  
0.4304878403631265  
0.3064813342008494  
0.07626390336432984  
0.322066224957962  
0.8111453486288219  
0.7167534345747473  
0.0529440693373868  
0.7611105557963769  
0.8111453533200056  
0.6251071881908994  
0.811145356315085  
0.8111453525661989  
0.8111453523711131  
0.8111453547807957  
0.6742866785577669  
0.3000382846899174  
0.475999042788244  
0.43494968554085556  
0.4310891552941585  
0.17277119068599728  
0.8111453292506068  
0.12940468937060576  
0.8111453572098642  
0.8111453573686057  
0.8111453550427754  
0.8111453565962193  
0.8111453477737665  
0.8111453562673122  
0.06683854966225992  
0.811145357251435  
0.20421463945667617  
0.22677498704985763  
0.8111453551272599  
0.8111453573278435  
0.6317095027867109  
0.6425448355216236  
0.2750963603539971  
0.8113009810144762  
0.28892205203134247  
0.6962001403258966  
0.7001834175149222  
0.3985838193102143  
0.46016648598737464  
0.45451732621793584  
0.811300981713296  
0.011226813622437597  
0.5428944319615896  
0.6974510301972207  
0.1291849331632697  
0.8111453564848456  
0.8111453572388653  
0.6663543083413395  
0.8111453561331093  
0.8111453442876223  
0.1030196084770507  
0.5417336826942801  
0.3134213279036077  
0.43004133374783554  
0.25401221265342616  
0.16198493715970602  
0.8111453127907448  
0.8111453565436181  
0.36506685317654797  
0.8004143746258451  
0.7268885677174443  
0.1510704053075362  
0.8111453573278359  
0.8055149669876288  
0.8111453500630478  
0.811145357141747  
0.44896986267358924  
0.8111448643765432  
0.8111453560738991  
0.8111453567244311  
0.811145356534028  
0.6990048912043038  
0.20693127229721428  
0.2718489411711543  
0.4407943337437587  
0.21387597393563393  
0.8103471586212584  
0.8111453571443353  
0.3414238071719771  
0.505753704907231  
0.8111453568210445  
0.08415744609434093  
0.8111453568478365  
0.811145355502867  
0.811145351674336  
0.05968254350057401  
0.19922374202741866  
0.22924367610449234  
0.19778854681897204  
2.861382069975738E-4  
0.05229890641284184  
0.47963492733919993  
0.3943439006991434  
0.4608179494786593  
0.2018152119109601  
0.18870768399352075  
0.4069097815851158  
0.3028360039779217  
0.21666075342909405  
0.39307681879560363  
0.8111453536916763  
0.8111453571362816  
0.154131284215359  
0.8111453014116171  
0.8111453573037093  
0.8111453553191157  
0.8111453571901844  
0.8111453543649152  
0.16413862314110117  
0.6759345235945693  
0.8111452770830948  
0.8054932555110839  
0.31638377916426585  
0.8111442167625348  
0.12848382676913236  
0.37147436180422017  
0.8111453571906576  
0.8111453571545494  
0.811145355643534  
0.58926882134589  
0.5161072788161655  
0.8111453573273645  
0.8111453555388511  
0.8111453572480162  
0.811145353242716  
0.8111453546393145  
0.3183827430035757  
0.8111453538091712  
0.8111453573802476  
0.8110642654472596  
0.8111453524138723  
0.8111453569240578  
0.8111453570419531  
0.8113009379203328  
0.51016312065671  
0.375862063000295  
0.33319926176611764  
0.8111453498574089  
0.41419239688929543  
0.8111453571651558  
0.8111453572362191  
0.811145357331202  
0.08569416747013366  
0.811145357164193  
0.8111453569074001  
0.7984948601066496  
0.5368855321986656  
0.8111453565634442  
0.8111453559295981  
0.8111453558495326  
0.8078637771924949  
