0.845141461430581  1.0319535255863823  1.1299283873850483  
8.052057376676736E-5  5.396177427068959E-4  2.3979889871865407E-170  
0.8400916811949769  1.065626107883996  1.0607143333943667  
0.1257593439459196  0.0  0.06719039229372467  
3.1579087719903797E-78  2.590769452232662E-5  4.3146914486048413E-5  
0.3195901919412594  0.5116640092811181  0.14854823174149626  
0.7036964505627006  0.3495003911957716  0.5710725249489242  
0.8447785937836769  0.2050950163220885  0.563647502439979  
0.520384380946988  0.2690876781192969  0.45555353927991604  
0.5212709414936245  0.6585096766575111  0.2615567138489227  
0.9117742723179828  0.5912790460070706  0.39745590104162515  
0.917885130155617  0.430566309122992  0.771420444283107  
0.49929011948633867  0.3438570434660204  0.5068912206091842  
0.9174062897220928  0.6255040841240858  0.8766193960282452  
0.5997540231242064  0.6475102524807067  0.5417822249790907  
0.7858084397987111  0.5482457445545719  0.5816977281891524  
0.9174364158633992  0.47725080531303044  0.7294776418168059  
0.9153762315023001  0.5615264057240772  0.6888794485317865  
0.9182122822913475  0.6308014778926087  0.8751220272932718  
0.6143710194229705  0.736884717378169  0.4875599861426872  
0.8780410476247136  1.0463877685340406  1.1346847993660985  
0.0  3.7392365494059066E-4  1.6318235946443976E-157  
0.8784963840551808  1.0450970448864156  1.1382444479175213  
3.2703432445609567E-31  0.0  0.0029166750366232726  
7.645644279589762E-114  3.1464057919708896E-170  0.0010345848273450836  
0.809563465361536  0.20993893561758714  0.4660797483976515  
0.646176409140882  0.3225383008013516  0.319817325283609  
0.9173543811740801  0.5203933924990558  0.6403124519484485  
0.5953200560617223  0.34110842771006905  0.3255557980600512  
0.9038554064290745  0.23163593061293936  0.5688283247850435  
0.5736494155947295  0.3957684866457416  0.6408721960916166  
0.6910426800601868  0.3835144852496744  0.36535879047400466  
0.9177421062727699  0.7123883148641499  0.849079444046565  
0.912109577148709  0.5069866800060426  0.4352801454618107  
0.9363579460401347  0.5052810351803028  1.1431070607444556  
0.05729638596403832  0.16091224802135567  0.0  
0.0  0.5799195139504789  1.7656206356468955E-295  
7.318426343149008E-19  6.950598704228133E-100  1.8037503008685963E-4  
0.0  7.59567364743541E-6  0.0  
3.1546824518452644E-88  0.0  6.521148902123619E-6  
0.915596145197954  0.969174858868056  1.0954500907510394  
2.8786187760779644E-276  0.07534597059955127  0.025461568216502656  
0.9257717662737925  0.8662036468605223  0.9764434812142045  
6.861985827991632E-308  0.11434726503784313  0.12390835168789276  
4.9846670682751E-5  0.0  2.0738215205611899E-4  
0.8030202032640794  1.1107894480647325  0.9472445021877779  
0.05667422903839548  3.4562809903491886E-149  0.2335089984500241  
4.23010056204522E-139  0.011877204056228096  5.961853120621312E-54  
7.88870173083135E-4  0.0010249647432000724  1.4514959781140218E-175  
0.8723678609605918  0.7516739795831747  0.7612031238310704  
0.7400428533956767  0.47287022691828795  0.5091003299668536  
0.6699486028558528  0.6849889906213347  0.4350071594148943  
0.8923377189576744  0.6197728919301232  0.45524930266830127  
0.8989398608754675  0.5173568925033523  0.6271487705804681  
0.9122121823660894  0.5841241980983652  0.35852745696330035  
0.6978455784654353  0.6692883156482778  0.404062499133564  
0.3569187265587924  0.2714099938383615  0.19329555992195668  
0.7048788162178604  0.6724202610231124  0.5410261097369411  
0.691925073969165  0.6289069968031572  0.2884632934210366  
0.9163789589897332  0.5426061757986127  0.5992118783909408  
0.8791467068805726  1.0399013132986443  1.1214784686892243  
0.0  4.618638677876095E-5  0.0  
0.6940579328977523  1.0723531299439328  1.1903504834629406  
0.028975075618904955  0.01823888819125975  0.10197917022433814  
1.1493959972840465E-158  0.003356704498177007  0.0  
0.916142640824037  0.8124563080843461  0.8506737920165562  
0.9117909134984634  0.6364677926609434  0.37197923270085037  
0.28135848356799453  0.22585930598772738  0.1368034754991839  
0.9143174031768728  0.758915890954193  0.5324912404050323  
0.9004079969202725  0.5028254677379046  0.5702866659406486  
0.5486326156167811  0.1619046140115464  0.5346029845541466  
0.8744517159883166  0.3611080814128905  0.6828976090335017  
0.7511806270448311  0.3427968750475976  0.7090320036221531  
0.25895728190376843  0.1265031795286563  0.19604236100206834  
0.6449939148408748  0.26971510776356633  0.48909035025631153  
0.5379439424031979  0.42675840300468215  0.5312600704922508  
0.7181519772086375  0.6551286445540839  0.5113281502052973  
0.9159762316626521  0.6015634875244461  0.5827860408857013  
0.11829233928701322  0.0945722035483523  0.061190722454300406  
0.25876932495861515  0.42434086901627627  0.16028692976189066  
0.6615842161226622  1.0884281540573648  1.1768471219812318  
0.1463899299638693  0.0  0.0  
0.8495895491910227  0.9612577160800707  1.1611600624218748  
0.012748130231479849  0.05350494396961151  0.0  
2.9188806583676466E-292  0.0031059635111559854  7.318690998191318E-4  
0.9178547607630769  1.0156187163142831  1.004711873668557  
4.564799110204536E-40  1.3820113969266754E-212  0.12462917815236056  
1.1118581150110425E-23  9.881844089688564E-44  0.1862423732635889  
6.263137046790526E-38  1.9128894048993503E-218  0.20780924337485912  
0.8587874253637015  0.9978359849508003  1.133242200277151  
0.015061314327299466  0.19779529724866973  2.2571477049081432E-63  
0.009425095356727054  0.05913709650481749  2.025132674715473E-96  
0.02100229693185311  0.048135344554415656  5.0484627832820385E-56  
0.003941504547013886  0.039268170654641124  1.8177807638919535E-100  
0.9079170107575282  0.5402724276966587  0.3498641806806156  
0.9073981078525856  0.34744146966760453  0.3370246144601143  
0.5262861433894753  0.5124911024834701  0.47877633401639297  
0.30769868013433554  0.28018085357148187  0.3527503664490706  
0.9168255836834153  0.7067283118791525  0.6483746801873375  
0.7952721649138159  0.32268419876700905  0.7501953350460201  
0.7321840128101109  0.8857539789166182  1.8795374036850454E-84  
0.0054175484394486904  0.13142239315134085  1.1981210911196154  
0.6384516985337756  0.7105125855736487  2.6055379386855656E-163  
7.587637813250198E-26  0.18608637518020382  1.1590442381099322  
1.2920513846448472E-32  0.23998186871400903  0.1370424562699239  
0.9178017837162413  0.6316644734602443  0.8184951930548017  
0.5352916600542036  0.4808326282419989  0.3301420196665836  
0.5934810855824099  0.12072824809908422  0.14181376525407147  
0.9182691884379859  0.6583889719862042  0.8671186387064292  
0.31175037455901866  0.40398715005185115  0.26047349437123735  
0.9116361612804267  0.6053233977110373  0.35616407767348085  
0.6369157437825824  0.18689731796907597  0.18790850379031163  
0.9164692661748428  0.37390121545970234  0.7206813265678493  
0.4002302233331932  0.3169606969015677  0.6373741483206963  
0.9172277569282216  0.7207712390984204  0.6053574155736161  
0.5623515365440055  0.717216836091549  0.3650634592995502  
0.913884512932645  0.5952651301535853  0.6795986722582512  
0.6271012145753649  0.6228478477918363  0.6222672866888281  
0.9181772043616597  0.7078089093481339  0.7186518388390356  
0.4783749606978021  0.4015265187284647  0.3025174493032607  
1.0428050720608253  0.6743336288047775  0.11447370219169231  
7.306823302545342E-61  0.29117658756564785  1.1355055369690914  
0.06852155297983409  1.0811685729006053  0.1391065210995181  
1.0810811789161523  3.2672661001258174E-137  0.3652281070954484  
7.270585433280708E-228  0.21397546245910604  0.5557396556688524  
0.9169272818841889  0.7641021345856286  0.7527657588653132  
0.41545869472447533  0.3142367218015567  0.317007107551093  
0.512917956226776  0.30023932545695153  0.5697647106278736  
0.5722335558969656  0.4568622955941383  0.4669256268308534  
0.917012965968649  0.6978452110536414  0.9099542973489776  
0.43137132263119565  0.3307932085320533  0.14215240372070628  
0.37258969411054643  0.3966719420623432  0.1592323069399623  
0.7039228805525812  0.4368907473483835  0.6773970208508525  
0.8920957081680915  0.34474511656970264  0.6957765609970717  
0.01234039911784543  0.6199322981487394  0.9517048183571579  
0.038957239385616495  0.21198023197534213  0.08997795432873415  
1.1476684968633822E-68  0.2501904540912034  0.07273757205269811  
0.6882914967142556  3.1055570629486758E-304  8.083118595440745E-185  
3.0356357395326833E-235  0.46413738419833794  3.5136463742265305E-166  
0.0019594550347829484  1.1000058597576485E-273  1.1463944758938559E-241  
0.9000725048504483  0.013566147521107423  4.9E-324  
4.990182723957123E-77  0.9325926503813803  1.3342036788419611  
0.7110839551390793  1.0556850642111604  6.2493046531135115E-115  
0.055575697215359494  4.09636492435931E-32  1.0043679667233971  
1.0184294370674954E-60  0.12432022346020234  0.1587276554011357  
0.7907164833782925  0.44629498174637355  1.0242525390716442E-61  
0.23456377047210458  9.673675865274912E-31  1.005734297879132  
0.0019842934966719517  0.9483050125413085  0.06227445292452169  
5.260893773823083E-38  0.2975036634576253  1.23581967541362  
0.9094353428416246  0.3113868129751641  0.4882584093776052  
0.5478602963633236  0.13872935072718195  0.32894760532985123  
0.34925377607860164  0.3945338145130737  0.28358848746103416  
0.5466686876326845  0.49062108499255097  0.3166074472252302  
0.26189797505591544  0.18374231971486787  0.30236362379794257  
0.44989766643728607  0.2543752087658261  0.48658657800321614  
0.9153924025416015  0.5280968630036178  0.6962831187137014  
0.707041108409144  0.4523691489073681  0.44532182295371264  
0.3393154863596501  0.14073623036631544  0.14063796096376635  
0.64875628509873  0.22857119848173443  0.2668495659032484  
0.8386596916362571  0.32041347745661725  0.49268206643561036  
0.25439069274533227  1.2106297595072144  0.07040595116705733  
0.8503838082708091  1.363955833152374E-72  1.0615704870337919  
0.5899195513456343  0.7645189699542816  6.883853188071997E-30  
0.6059711427553243  0.5545723913064838  0.5585053539416992  
0.5931179202395169  1.9785929422749344E-17  0.3111653830074016  
0.2911489538439382  0.17396727562738945  0.22074304681207987  
0.7197200992075151  0.5987368115873984  0.6770506018473632  
0.6266433252413074  0.07634193588437717  0.16463416775087328  
0.9124582686804754  0.7039403690820168  0.4370588559074226  
0.5304543734615705  0.5255370519398108  0.4728100378994055  
0.9121526488953259  0.4858896371726104  0.5294977363100468  
0.9155717768833802  0.4724121252513638  0.8307282361863179  
0.9146441581544696  0.6728065981590193  0.5870239620049531  
0.49143355143842193  0.19123422481528699  0.17959261943678356  
0.8183388270008464  0.5153353524557134  0.6546238846166877  
0.9170486242301013  0.6356976014079817  0.8131319464072331  
0.4528475896632251  0.3449850662219317  0.6885593620788016  
0.5351458201921458  0.22723755534025675  0.6080208424702888  
0.7413155287549891  0.5963147194143473  0.6139784049465911  
0.9102361864909273  0.5557808649471012  0.3623990327893256  
0.4715024558329715  0.29705733593278355  0.9847961816037789  
0.46474971400214327  0.5484550941610327  1.0419949720173455E-9  
0.9118374890126084  0.5327297168993093  0.45421229596540913  
0.9158738287867842  0.7542165841041433  0.7780552076655239  
0.02440515996639019  0.44466170886138046  0.6927610169647386  
0.6491520533384207  1.3342845924733643E-12  0.8760631458539676  
0.09402904083330228  1.1771123002080588  0.4552616373898737  
0.6131040674006304  3.723556754586331E-30  0.4964404602335535  
0.10238069466904091  0.1245999111431988  0.6072976065522251  
0.9183056421865801  0.7111065409341161  0.8721082289292826  
0.025227563892390767  0.8222620202288877  0.8249471080351133  
0.04019871935125098  0.8340653127680144  1.1616581868606861  
0.038184810507098634  1.0041244157192408  1.1230422435421281  
0.030509126904476026  0.8503011386970383  0.6923658158516859  
0.915289133507454  0.7673501036028123  0.6618238735381445  
0.24848994119389753  0.10422226402880692  0.10809498625683446  
0.9175295412980384  0.6139446053105595  0.8732102754666894  
0.9177510713570652  0.7249914694611057  0.896195157707783  
0.9157773028042523  0.6801609274088424  0.7842419338943167  
0.5804691648784116  0.3147430403476374  0.5610107595313557  
0.6786985567584379  1.067791498073637  0.43740518832294933  
0.1531725497949602  0.39145545642119406  0.7110998543829322  
0.8294314452738898  0.49026339568196764  0.39404876855140225  
0.07213699748069756  0.40575703294094895  0.5235198339253564  
1.0519652207453755E-201  0.28964607650997964  0.3147588303987745  
0.6927099314492878  0.5245748098619946  0.5205904678089015  
0.3596134745138455  0.5674914112443482  0.22086834663144367  
0.5098617385456747  0.3573640633171109  0.692026691193655  
0.9140906465973269  0.8279791343533918  0.8190255615642102  
0.5968522748442049  0.5394003644452632  0.7336217298282486  
0.9160899146629838  0.6890325388667317  0.8118487719215528  
0.47945239517925564  0.4871972644960275  0.18005565363641818  
0.5871525694451235  0.6222924213487052  0.6041852363820946  
0.38626144772251964  0.05725842340406725  0.10886033613734268  
0.49609904293510737  0.25354184468930135  0.6035988654828094  
0.6492818582063441  0.13081672025502444  0.3361896433834311  
0.5923434149575583  0.4122297320488628  0.23539488307184867  
0.6685406534256094  0.20855023866331054  0.45425717384288944  
0.9166179783634066  0.6759292255274212  0.7537103524928678  
0.9162569003806322  0.5574953820808578  0.6485330484793745  
0.9703522905619487  0.988377788938434  0.11736493979176545  
9.339449588235975E-100  5.41084499060654E-51  1.2103043131311313  
0.020333594890014798  0.9576313070521989  1.867467275651601E-121  
0.4835634849208341  4.376220037663193E-73  0.8369540790378804  
0.49479561208370265  3.8032576966901374E-57  0.8224260391594761  
0.9168616824459092  0.4839169210204169  0.8995222107953537  
0.9132994520157625  0.8474214849530158  0.8905227649602352  
0.9107533320134779  0.7192058774575018  0.714221269350063  
0.9117975305581731  0.5597577342162419  0.4504112853255122  
0.5901137792084358  0.726435179904791  0.37646171439229015  
0.902597171720916  0.13125682939090808  0.2766076425856137  
0.9152832043756765  0.8171872679966704  0.896745592195816  
0.9091217156793145  0.5717880633535374  0.34233214475912077  
0.48855939784869185  0.2538269767061805  0.17045001165778928  
7.261968521497135E-99  0.5710261797737777  2.9232542177703146E-243  
0.3505645501489312  0.2406192121177784  1.7394031211620246E-122  
0.03813931360742574  0.1705341560156598  0.644812155482382  
0.8472213234873598  3.5770137203466894E-150  0.087670601099857  
3.7059920147840443E-4  6.920607708132471E-4  3.491980952748448E-217  
0.2451899969026901  5.3310266057464195E-250  0.11158163453230906  
0.8982710569776238  1.2153436847871732E-47  0.5219018957385906  
2.3230248049856903E-42  1.2314749710178572  0.45668787354790175  
0.9465702645271425  0.5277960342279995  0.37163834042792715  
1.9270204716240622E-7  0.9516333290026265  0.2237490457337318  
0.0025714203677722936  0.500545448119136  0.6132016978179384  
0.6149375043805284  0.2752758371290027  1.8979379022006694E-26  
3.576490824177313E-16  0.8613150448895757  0.510750431124838  
0.08788660286665938  0.722229640507807  0.44828233184724287  
0.3455442398971945  0.572838519596064  0.641353357867264  
0.8055245928962352  0.23904057758042294  0.5724708933934702  
0.9175454100674716  0.41682124183393804  0.8492041085894251  
0.3237840232352547  0.5335478160908954  0.20791116696080073  
0.4372891742718278  0.1657706633658613  0.1796078712750797  
0.6399137774812815  0.7432794035791175  0.647946289007711  
0.4120339626657499  0.32744092700725436  0.5452319757537044  
0.8533907882242789  0.6361700354639992  0.6280046965290198  
0.9080617896350011  0.5712727618496676  0.3405113482108537  
0.9105131357408868  0.6656937376085883  0.38068250604024845  
0.738934642320712  0.35868905882230095  0.3945613690159519  
0.9145890163191901  0.8234599947324314  0.8726692168648829  
0.7132926312465867  0.6293068513168659  1.1461107770690084E-72  
0.17700093218722934  4.549401115882719E-42  0.6957292117006784  
0.9400522231470128  0.08266872506692566  0.30263215254662124  
0.07654787190115704  0.2129023575854529  0.2808311355190917  
0.46618524355977903  0.49363432560143716  0.38994202342284545  
0.9146728362608656  0.8221980336809614  0.9105451457209279  
0.2882551515648575  0.446946647933508  0.12267246963988118  
0.5951777352902489  0.36524908207570167  0.3913751889096957  
0.42001922581079826  0.13788817189908487  0.35516169251899044  
0.915215802879155  0.6858526562891849  0.5887718807055946  
0.9056589314393892  0.619384431403654  0.29058037337466947  
0.5714183256949046  0.1995142607356758  0.5219001973334126  
0.9086078832417167  0.28864303484467485  0.5297732792891013  
0.8223338468998562  0.5456578349049269  0.6777809068799681  
0.9113428180484892  0.7062181726805962  0.38261162193327025  
0.5342152969079502  0.6888980149640168  0.4714320193098623  
0.22633302464451274  0.1248440555230666  0.21224754787585637  
0.695447565262458  0.744992391061136  0.47785207188308376  
0.5288851822119736  0.25380175084317425  0.5340912659365198  
0.5341721244732066  0.3289288699482448  0.6678072515755015  
0.018362201182959285  0.8129025822806212  0.5703788261263345  
0.9038845550174471  0.07093269613190917  0.37961807589114294  
0.9086799353786417  0.38113700060434996  0.35393520659647204  
0.03697928065420048  0.7367850961126851  1.1517437703152704  
0.018152922228878033  0.6639812016467118  0.4466876297107922  
0.7078647067667708  0.17711367974463976  0.3956123187000055  
0.5721765401963648  0.25302930245924465  0.6801627321026882  
0.423522214732042  0.6858068291165642  0.2760082296284737  
0.7460166700356522  0.22711718774955852  0.37399882079975333  
0.6738333570710989  0.696761635859133  0.5981749199449324  
0.7310047167026192  0.393316954067806  0.21764689682040247  
0.9164847786892261  0.7669503835347157  0.894963760009925  
0.8745363145884494  0.5744793881077227  0.5567564092565346  
0.6047081543663198  0.3848220136036534  0.6867633265734581  
0.7241990422936896  0.5681145640196904  0.6562734904042722  
0.9119302905919692  0.5360700256775941  0.5585968236088014  
0.23428302928122985  0.1362835507629248  0.14160220686266117  
0.3433975256665449  0.2126317904726207  0.3360918783522765  
0.9164395259883855  0.35395782115324603  0.8748888038910803  
0.3016274167557224  0.12235491644652173  0.23642488239448298  
