0.9413849904340363  
0.014177622916891076  
0.9220669758545234  
0.04141243603129078  
5.698042326831377E-7  
0.06739667649096744  
0.45650347144703607  
0.8734005930462408  
0.8739673724555175  
0.3791546124681048  
0.7975040321137485  
0.8751890814392213  
0.8700316015932907  
0.5146927859977739  
0.5835092151829673  
0.8751234105395358  
0.8748553125676205  
0.8744167403450882  
0.5754977002926472  
0.6321943496807577  
0.9307629193869135  
1.0769351195575731E-7  
0.9419526307194976  
9.550538117414592E-8  
9.888776606438476E-8  
0.8747650043709596  
0.1818409600811074  
0.3318791307297485  
0.35119801133556544  
0.8727934630841536  
0.4438798171679497  
0.8475295610310848  
0.8754170939511757  
0.5202148685780055  
0.8868759645790942  
0.05003765403974362  
5.896667342245793E-5  
2.072487104960725E-7  
2.5363478209439793E-6  
9.568239244231032E-8  
0.9312025255802258  
0.007347579626578311  
0.8563861231999064  
0.08685847310269296  
2.6187961505406514E-6  
0.8703822480031931  
0.06834176841862549  
6.902279233600509E-5  
6.524095840698288E-5  
0.8014916922199156  
0.8143870856018653  
0.26608461641789083  
0.6014041199430263  
0.3786689585054878  
0.8532995558814452  
0.5612927153726059  
0.8209392209546063  
0.8754555836482328  
0.4839936524118617  
0.18717017674278466  
0.9312500093591443  
0.023630623519594284  
0.8982718465123213  
0.06245960095498596  
0.0099513809474319  
0.8752268478886746  
0.7718973653845644  
0.3530320121275159  
0.8614737428567915  
0.8690766368108878  
0.08530982818252798  
0.7882772257566125  
0.8753944340330132  
0.35530218994552326  
0.22719101911484363  
0.1039398520519968  
0.6897628435312838  
0.8735941363311688  
0.40298555417060833  
0.47282323265724024  
0.9316795969966595  
0.011965169041076052  
0.9206447739927661  
0.013333555192411993  
1.3955179808424628E-7  
0.9369138359868643  
5.304331511008747E-4  
3.2896824815460056E-4  
2.6855973735777854E-4  
0.9127457892264407  
0.06497048151537359  
0.03285233395483068  
0.0220181241944135  
0.020085280394953817  
0.7616886613916645  
0.8750714310764299  
0.6106857533794058  
0.7994250475847443  
0.4279795691252447  
0.6323078128803292  
0.6281427588833566  
0.37165270274279927  
0.4421544306052743  
0.39337777957970865  
0.14373696022733956  
0.874854368763552  
0.5885302813326583  
0.8721171272240811  
0.8716697756931042  
0.5316813242751374  
0.8744633128956065  
0.8753693843925451  
0.3658774799289889  
0.053001792198541085  
0.400340875738038  
0.32872815671799127  
0.31647039113192965  
0.42825596993788023  
0.5063621289078739  
0.16270606834078757  
0.5187755527513561  
0.4426393898474451  
0.3552412598394021  
0.2727541196096737  
0.19561784451802489  
0.5189722684289313  
0.870244224403795  
0.6286749993234471  
0.4328047440070951  
0.03979784817427922  
0.713505399101576  
0.5364072120487959  
0.8024856026762185  
0.24769674058737193  
0.435530354988688  
0.16277657885437913  
0.09359493530635078  
0.12783827021859945  
0.12329599607711181  
9.549997928152522E-8  
0.32288154183504936  
0.6094689196131505  
0.40729513800377704  
0.41103257831845336  
0.05548853504697741  
0.6352807878371305  
0.44666414831334184  
0.14484026620762508  
0.4101813118984151  
0.08804171584820612  
0.7529780228852132  
0.20708588798044736  
0.6515535917784389  
0.3402644219823602  
0.6849410899664917  
0.5778597939468337  
0.37490527651079664  
0.8749870861713073  
0.8267202722716038  
0.875110669909206  
0.40416968498935646  
0.6487540684776814  
0.42050052905779506  
0.4667790790911825  
0.29017554050806  
0.8744931177288837  
0.15602380483589745  
0.7717214701084459  
0.49735429077494847  
0.8738612988474088  
0.8175743646000149  
0.4092660192575032  
0.8735806369008181  
0.008288536114596297  
0.3242553678250405  
0.023482501349400355  
0.8753205935401307  
0.873234150128672  
0.8108591511656202  
0.8753618015746396  
0.6194531948672185  
0.2794609391003658  
0.3426045469718436  
0.7050915786252494  
0.6746133404860621  
0.44706052404010865  
0.6090205937907183  
0.1322232587023724  
0.3612274142835551  
0.8683160839640272  
0.20484773049659938  
0.8402452965306323  
0.5367378135433413  
0.8752578193260564  
0.14299191190164426  
0.6532556226024101  
0.8730166774127509  
0.8714436388375847  
0.8741846459100683  
0.8672004732181123  
0.6320723324274733  
0.31253525531892795  
0.4512597924910779  
0.2596304857490289  
0.17093172329152498  
0.8718278310861536  
0.21519450477926433  
0.8679890635712925  
0.8736996455241829  
0.5937889991867625  
0.06118562777732604  
0.26923089536340394  
0.6833067241999516  
0.2377278634405173  
0.843230615082008  
0.35413500432786704  
0.24584415105668847  
0.7686017997763825  
0.8750884039213411  
0.8740238987842673  
0.7242675316097869  
0.2576187564606753  
0.4152349193022446  
0.27476255022992685  
0.325175423420186  
0.811276711308993  
0.7490882503888314  
0.8728069742933352  
0.04326144772013268  
0.6149426480116971  
0.8753201153806947  
0.19043166886597895  
0.2142451957164237  
0.45487637658709323  
0.08900417869182627  
0.19783018358587476  
0.21047964540905786  
0.3353975523503307  
0.03255345875627811  
0.0025981427561419094  
0.7070994865593898  
0.5882381050487046  
0.4127158655922664  
0.2788844836003921  
0.24354932802449794  
0.663916225370132  
0.7066654174429913  
0.5352123581486283  
0.6590467056224308  
0.8749434235381648  
0.875254142247241  
0.6978548890021552  
0.15537793004520428  
0.8728663739140905  
0.45964084303725156  
0.7750404842095752  
0.35319085424043656  
0.7475759937104127  
0.07827883671929231  
0.34394822277978754  
0.7707674361969397  
0.48699832389664544  
0.8732233733799535  
0.875439760388017  
0.6563355458939317  
0.11526769803648071  
0.16434944411705918  
0.8440436390039272  
0.8754229176791418  
0.8673058416174587  
0.8709362691553146  
0.8750567415832213  
0.8727720173330604  
0.2833954135436153  
0.8731377353518763  
0.7294213281983954  
0.03345898300726889  
0.4748659756726154  
0.8264686181748072  
0.25423693498374567  
0.8745060936669473  
0.6229906795964524  
0.8169399998996255  
0.2441840952261955  
0.41905628207154944  
0.6326836876904607  
0.8712171698932115  
0.8750612781026246  
0.870228330434388  
0.8531853539246866  
0.8746002246070673  
0.7284049015093567  
0.6418165275709451  
0.6510007474028693  
0.872883239125451  
0.8729777459756437  
0.8722218497576077  
0.8745198409869092  
0.6753138339288766  
0.5471085538440531  
