1.1891681017049023  0.7509228541938107  1.324817909456791  
0.0  0.0  0.06558663038209432  
1.1613817361187029  0.7866426070998127  1.1738504688749638  
3.057319453200456E-135  0.0  0.17201523017319706  
4.2361223138606405E-46  2.566726771942104E-7  0.0  
0.16020998720387764  0.716485835783366  0.548377236596946  
0.10008296812636465  0.498928437382196  0.2827438996169695  
0.3995313153623461  1.0376935919468913  0.36216610978524705  
0.5605488241643759  0.9196741573213495  0.8924423909998288  
0.4967732448528016  1.0230075076479477  0.44926061072689266  
0.6038141025198506  0.9340689410546397  0.8418468228875691  
0.38202304994109304  0.998482246502019  0.5845618155472218  
0.044695728789032184  0.5080267831658954  0.5261952419125276  
0.6126647987041777  0.939345888466294  0.8165114820914752  
0.3205055425358886  0.7165963272791853  0.4633552791887451  
0.17253378924114215  0.4379829275607292  0.07629103404751149  
0.11599197798957439  0.30874204656435617  0.30407887587151616  
0.26806715701491135  0.8813860622382212  0.8814804267064682  
0.33108197143665336  0.8891989090038379  0.9399320820187193  
0.3525133150962042  0.9762533545239768  0.34560377972630796  
1.1994468716513724  0.774676255331698  1.2381144980937577  
0.0  0.0  0.0920820445244632  
1.1810145608353917  0.7493646007848797  1.3155283161345035  
0.0  4.300437167855605E-6  4.926499149151415E-7  
2.467017596820407E-7  1.0041527003691147E-134  1.1301995884888134E-62  
0.5858819167264863  0.9516451433722707  0.7691653089891595  
0.3696562834708564  0.9118524259225096  0.9087226506111734  
0.10881111569512943  0.5791499528666118  0.422281709207144  
0.5371817304512279  0.9231438416895308  0.8830513424013366  
0.22122394071540763  0.7495119662256158  0.36617372252435443  
0.06813625515673137  0.5209755896815864  0.4318350547566045  
0.2790107371181011  0.8028703081529409  0.6122221828312433  
0.7413849773599165  0.8995772285021506  0.9299054816256788  
0.31857327926077356  0.8319621521106  0.38845787302859236  
0.9804699621954982  0.372387715845154  1.519635493412641  
3.227381018903791E-165  3.629005231075947E-144  2.3686021364406663E-5  
0.11342777601530034  0.2065078618835672  0.0  
2.785885256204138E-163  1.3478466850241022E-7  1.5089894929809713E-7  
0.0  6.574334526501021E-7  7.547137714504857E-7  
2.544490755812859E-7  1.0177014729590228E-149  2.484248540943255E-7  
1.164697880471218  0.6655869395300381  1.3563310625682365  
1.4250981113424717E-159  0.04629271089030329  6.9E-323  
1.0583505494848917  0.7925239651827062  1.2748302968317133  
0.09034023660217214  6.047193193055817E-71  0.17934011977168848  
1.1038936943298504E-7  1.0778896364687022E-61  8.870810092691935E-7  
1.1747404488905715  0.8021682871389365  1.093798007747957  
1.7192541414391464E-142  1.5E-323  0.2340767609803443  
3.609909329220301E-58  3.3521008661460336E-4  1.6990360870063057E-4  
0.0  1.0942998559109364E-4  7.806089855224062E-5  
0.12388731339222112  0.3906622544136562  0.18625506417567023  
0.2624149997259582  0.9292783404228019  0.6010379319469927  
0.2581039573994408  0.8965559462936372  0.6514065357225655  
0.3038999265626088  0.8263457537736267  0.24958424734190854  
0.4146949014593607  1.0424797931125012  0.37829448279977773  
0.6460865720821835  0.9173506719099802  0.8924382592076713  
0.12683795368090722  0.37470026416800456  0.3377513189286528  
0.2332100039359276  0.9848824070732027  0.6605283391121256  
0.08651514051696245  0.5535076340468468  0.42746278874616406  
0.14913503868022737  0.6029498870695842  0.22512966690210817  
0.23005078445012306  0.5990620322821155  0.2478486745885395  
1.1845359597120018  0.7510774910633682  1.3274814566864643  
0.0  0.0  0.11067678205607802  
0.9855215534395423  0.8615647715914473  1.1978986581741542  
0.1724661145607159  0.0  1.747692984E-315  
0.0  0.0  0.047419366071435244  
0.21925443682618928  0.9495056668683611  0.5953286908835739  
0.5408948751672026  0.9624478204195402  0.7344764505465331  
0.24453240492206157  0.7641067622961171  0.3999905154636235  
0.04554740061161792  0.14819773872427627  0.02438139859583163  
0.1984586814508924  0.7009030161755733  0.1685979816351431  
0.3599498556478142  0.9386872858672309  0.835516429368258  
0.270287450557277  0.6872319056170628  0.6845905139592444  
0.12791026880113088  0.35506921697104615  0.3007289732436513  
0.1112218051847085  0.5487812279789778  0.6235010673790797  
0.5838550986446677  0.914188351158923  0.9071149172011426  
0.16518170075564978  0.6823187680893228  0.5116268678829426  
0.4156732404061174  1.0253954353403292  0.42889483601645306  
0.30812641637533206  0.9113092699742719  0.5592712573652011  
0.20120488253629307  0.698801700105718  0.6109490084655229  
0.16005652501101722  0.794274648803757  0.6891343225607955  
1.1811908544780252  0.7175785146133397  1.2900536319421754  
6.0658500085306356E-61  0.019086426324439753  0.05486584076939928  
1.1682423970684985  0.7639351500924302  1.2506453411732958  
7.667728682602805E-213  0.011076317313982243  0.11799331726335793  
1.089246278913663E-145  9.930921133017783E-7  3.0381675654170627E-232  
1.204504773695675  0.6952477043959306  1.3155884577840709  
1.6519728396057786E-13  4.732178872710717E-54  0.01904443027005976  
9.066002160737334E-140  1.7117995628115545E-30  0.7505597379958211  
1.40313228776E-313  2.304008593342549E-98  0.04035007533238793  
1.1583267946369087  0.7521919614388891  1.2713293485774255  
0.42552264893514097  9.296767234737781E-41  0.029173961293476477  
0.08283821897578991  0.3279660665872694  6.318971988040233E-25  
0.018168650484846324  1.1569175895853565E-138  4.477950875362578E-5  
0.1833041679853388  1.0490269497916786E-18  2.4114285552839255E-43  
0.539758518906465  0.9477532561856606  0.80162228824177  
0.39375209778140174  0.9814913217401334  0.6796293071010792  
0.7141040904773746  0.9131033311696684  0.8933759001051547  
0.655497702699004  0.9306794466415043  0.8405546146439776  
0.08273953960349009  0.24034146746037588  0.21754269445689864  
0.3039283527680729  0.8198787145111788  0.5943818841228192  
1.0484114112179466  0.6538767068096323  0.08381836777818961  
0.2830490696345995  2.6905309038079126E-60  1.2301543028856583  
1.1367913549550408  0.14010637959590996  0.061264008466996145  
3.301231611830164E-68  0.7535516066505019  0.647195794548461  
3.9710388788547137E-45  1.0E-323  0.8210499929077094  
0.48385491644334094  0.902991020281064  0.9322404230540063  
0.0792564215011466  0.2393165263663567  0.12237889599428561  
0.5024574372497448  1.0180382984922414  0.47382368109586437  
0.28436371171435243  0.7217266643596353  0.4710845220271015  
0.3213160172867852  0.9575596636553331  0.283875156022942  
0.3645763235563975  0.997718395062207  0.2839583986901348  
0.4160871773032276  0.8927468841416495  0.9454050913798475  
0.05954839587921021  0.6366707133985391  0.6512691091076821  
0.2530816231138045  0.9199427244536005  0.5554560842412949  
0.3045984827816147  1.0018113511312272  0.5411872168062998  
0.3348356971150348  1.0194276087710363  0.49547526836467565  
0.3119689465514286  1.0007002849206914  0.5976351723035257  
0.12782026673926133  0.4736940988948952  0.2658943797729417  
0.2521790269122019  0.8043397307584316  0.5058234610429405  
0.16466621494968778  0.3826724350127287  0.24522108658757444  
1.2313542236932529  0.2769780641076259  0.4819237769088469  
0.016240904541000026  0.3402233537860908  1.068053237986764  
1.254688800901896  0.04529583353550777  1.2396721081596484E-207  
1.8922306725263488E-167  4.875476340512858E-28  1.1892011182912312  
0.2593032909859306  0.32951133736326244  0.19937048584761025  
0.161557010103622  0.7407040061381638  0.8054381753659627  
0.21161614321909963  0.6696361142892296  0.37407971270678664  
0.4786621374442961  0.9987390170989009  0.5792676431949024  
0.05069188575750914  0.25066380692255313  0.16296881537349586  
0.322460503121315  0.935210890629567  0.8461312826089276  
0.1995397015603418  0.7272286422209251  0.20413191888009521  
0.21893188480475054  0.8467577429518195  0.5057878775678655  
0.3257899483049876  0.7800372229734879  0.5232907236966501  
0.15340940099130812  0.4291898899988415  0.35371327576268485  
0.3251796668591157  1.02609940866832  0.031870273196512026  
0.15752999826462538  1.0E-323  0.18634071222763088  
0.30360687158830024  0.01620612304680109  0.1691999152156747  
1.600489570854353E-99  4.9E-324  0.677416849177622  
0.2894661794274541  0.0  4.940453064666522E-248  
2.7171026837722603E-240  1.4313556708935068E-255  1.670742980403838E-6  
0.7191449745810965  4.9E-324  1.8306511456637415E-61  
0.17545915493146913  0.9698625952514865  1.1922304791867389  
1.490735031764111  1.4553785675961186E-29  4.506139903014452E-135  
1.454094350746181E-108  0.1859863354902655  1.141082013323774  
0.06584444980413842  1.0E-323  0.2095472794775831  
0.7283080731664954  0.8758905256292983  0.3020619050015933  
6.510773229968215E-52  5.536540161450097E-55  0.8191340539539788  
0.1538967155935657  0.9769122902684586  5.58543979732577E-7  
2.0391693832184348E-64  0.9619239125940992  0.21306992487604062  
0.2047765905744802  0.6547022631352614  0.5436088691076498  
0.33509101281010917  1.0094101876141748  0.5587249937926368  
0.39972309293868674  0.9972929229344585  0.6118220593742053  
0.5082895895637518  0.9588814128277784  0.7612426922741736  
0.09324066200490301  0.39930768304537073  0.3337795754547141  
0.0962539621860012  0.6174101519813806  0.5777438532359063  
0.040711035050578624  0.3900071058699383  0.41283022635509986  
0.360782607274541  0.8869052144316805  0.9476957837481744  
0.5814788084788972  0.9527942937526223  0.7654463934341945  
0.41300938354883593  0.9888903343331856  0.6447101137774677  
0.2617346535671841  0.7325634704487338  0.2961866744040225  
1.1812870465993643  0.42532160377858313  0.0  
0.04714116836106716  2.9457162857422953E-33  1.7435896150964905  
0.7786070808674797  0.3319143309357067  6.954476354106582E-208  
0.16999946588708567  2.7395202211657623E-29  1.5467919810801825  
2.6776133307181373E-50  0.17299723111217644  0.04855767910897162  
0.17754497826553636  0.40917410733781756  0.283066582111258  
0.2950862254078509  0.9069062472237266  0.9109456626685678  
0.2099701892800803  0.6806634663907307  0.5300754285999167  
0.25073615763203644  0.7603466610234811  0.6324299424852884  
0.6384932751028377  0.9510146789741477  0.7516396812154207  
0.40136732953316145  0.9475895431951663  0.8077223753242104  
0.14547112974019097  0.5649498445816712  0.3964309252647196  
0.1599778642493634  0.8044600863536969  0.4350554787354772  
0.2725107763802763  0.8037666013091436  0.32425757867917293  
0.3347412892093531  0.6655957528250155  0.4985668533971835  
0.37082377737673905  0.8644586885161375  0.3423574585292756  
0.10601370767777298  0.5464624987610601  0.32882006927578256  
0.648485801384498  0.9155036560159897  0.8979715587992204  
0.18117824633353793  0.7625517073257843  0.6144925469809243  
0.6353397092322023  0.9083346410650369  0.9220090565369583  
1.283361080197731  0.19500689860605164  1.3763194741696658  
0.21801362734620489  0.5995014776370854  0.20104527046918383  
0.2413442276894055  0.8653243296815536  0.41275824912222125  
0.1895433967435612  0.8948634580581324  0.5383646184256132  
0.1914226321254197  0.8646854400495089  0.6989716252206191  
1.2647966595896802E-47  0.6550461760072045  0.4397506354118657  
0.9432545420700896  0.9364324572424374  5.1322156433529505E-9  
1.269489532057005E-53  0.7656611467286216  0.03112326234792461  
0.24744671459450082  1.0992504396979763  0.054832196858690396  
0.31403243084041355  0.9842596478981576  0.6653516692028938  
0.39285052763646916  0.8845764295442377  0.4393216689410389  
0.3546883333277931  0.9056971253767009  0.28209701935025266  
0.19013624640694254  0.6917368215210984  0.5127858724139979  
0.1216038075699252  0.6330741042627915  0.46314793530379894  
0.4986886694355847  0.9368933832049204  0.8445140830455324  
0.13255618612248468  0.4240405197025415  0.37752313433955276  
0.18250475357290052  0.8893640963151002  0.8861999902775788  
0.14993894517513465  0.4857903850335764  0.25829652831912076  
0.29895446251564967  0.7965223377490608  0.5570609063686135  
0.1870566655053264  0.43431365712729586  0.36519180414994606  
1.259809185135762  0.2271788555194722  0.7099082803672705  
9.093917529072679E-234  0.40316991394105056  0.7035586860560363  
0.9810001186163158  0.4007894208104752  0.4261415158726753  
0.13702595107195265  4.456401000490016E-21  0.7852755663896335  
0.05961691122368567  0.16919285511488047  0.3584399872386422  
0.6440529475530582  0.941448854587831  0.7954420737252185  
0.12765379221361067  0.6505215027785526  0.6385280769557478  
0.2594650823319223  0.5938734301417945  0.3071593574260762  
0.1913832068259679  0.6303431239991659  0.3958268290225025  
0.21109724314165867  0.8306335523679597  0.30932107838831724  
0.4191622362509521  0.9961164266397678  0.5948660527367025  
0.449247290203268  1.0244439775842984  0.39952217941045054  
0.22813689416589575  0.741157935249157  0.41438649342096484  
0.14892058221846094  0.6480989626526192  0.41166376233348206  
0.1766013374323446  0.7486430812101535  0.8250049390293237  
0.1777021323756797  0.898110431899432  0.8322573348197102  
0.26494129065548155  0.8707662416736288  0.29120578614248893  
0.37403863206895266  0.9921098710211225  0.6064429988560136  
0.6190474668971675  0.9427179532416388  0.7987950977098391  
0.3481007429448761  0.832424411102371  0.5601489382322455  
1.3180208923799894  0.6146499952564385  0.4929240259279942  
3.5677909965667663E-188  0.43165351017727505  0.870717413396975  
1.2799977466401002  8.016208054760399E-17  0.19307323202274335  
8.96126828392372E-149  0.8637753023471404  0.47864702003091336  
1.644316005756143E-96  0.6567600160414462  0.5318750875163474  
0.41340490426220794  0.9498149061048906  0.3683650929556145  
0.283404250180347  0.9384109657767765  0.5280394026388123  
0.15740004411471883  0.5328260578306645  0.21888911071358363  
0.20194501686885988  0.7203408526995005  0.4935086469095265  
0.1757505214513115  0.566364882277372  0.28800192172804245  
0.17871387780214248  0.435390545960494  0.23251571072942762  
0.5662900154791201  0.9952910122946449  0.5608998903223634  
0.29743279622420327  0.7717807092282221  0.2757610275070173  
0.16741581979680933  0.521711062120682  0.4147993349510151  
0.5317341127201045  0.10825398901322422  0.0  
0.2675886982105774  1.0E-323  0.493094894375791  
1.702966467431234E-229  0.4881764927806708  0.09948697293362431  
0.49836901137821243  3.1854038538289703E-200  1.0141113114101001  
1.9765720949409955E-104  1.2623646582046528E-95  0.0011808834582543405  
0.07739417602214756  0.0  0.19866305969980352  
0.08624018111079167  8.349318977029606E-87  1.5528007140686018  
1.3590098802882626E-16  1.1726301816055051  1.5594584413646187E-74  
1.2370462400770816  0.05045953907344521  0.3466282557646266  
1.0005431786051322E-196  0.6374035954545055  0.7642555843720819  
0.08577647663826976  0.22606216148824007  0.699278243717769  
0.4786057274901423  1.1131276301157482  1.0910967181019908E-5  
0.11653504910373237  0.8923187344846067  0.023474265375751136  
0.20873934163756094  0.682715166267647  3.94648394791248E-39  
0.3875821744658544  0.9163751129249078  0.8984795960142263  
0.4602056878870355  0.9409350083500804  0.8311577102381265  
0.17654865608383363  0.6472815950765533  0.5826135064885557  
0.34054202144750106  0.941086485252564  0.7800502967430308  
0.10329330811515842  0.7270524505646215  0.6771326629996495  
0.03997443603807994  0.5238429281092573  0.5461706087614302  
0.43693225880848363  0.921550643544959  0.8857516716452921  
0.5787770890129863  0.9483522413433496  0.7871248171449186  
0.35847223489191143  1.0085872923134895  0.5624368243946894  
0.21088829671141363  0.6288197826431622  0.4349745237284149  
0.4382870051683282  0.9295513132344291  0.8646849206420617  
0.1660093960559707  0.4687541699205323  0.2901254413971829  
1.0447034246545839  0.9549337084911184  0.3481477122118804  
2.0016395693901815E-5  1.590571125697231E-85  1.029415721560077  
0.1994600063859683  0.5307512390276136  0.2644112373274778  
0.31943117945306665  0.7041233402932557  0.5076001372180393  
0.16020363195941442  0.40179479716283234  0.21783387158716663  
0.27884708319435436  0.9553915677771204  0.775478778541904  
0.3935474351645955  0.9296629883090182  0.8637868284973566  
0.5881551139369827  0.9157069940431671  0.9031904205076994  
0.23238001427797325  0.4987457192803604  0.26723810715384505  
0.06389285392719977  0.5754225560991159  0.6681003345981272  
0.3082192249381727  0.9566358303422645  0.7727676708469008  
0.3069858237767241  0.6258212550368646  0.4643652521658699  
0.30717696047639864  0.9015410248588684  0.914982233743781  
0.3302356099063243  0.9824199425942046  0.2886447034702971  
0.6096286734254153  0.9738176508445751  0.6504131528602034  
0.269756550342384  0.9919146593095289  0.6140548764685569  
0.2841253516376839  0.936577271488648  0.8411232430069284  
0.45663048086414254  0.950470801585195  0.797668121527263  
0.39361930012137947  1.0050680017706486  0.57610680478348  
0.2170507426775437  0.8736223286164856  0.4908482403758501  
0.10066287529046986  0.34575287814672834  0.19272346776007387  
0.3622459948426537  0.9071534569474679  0.18183440364991055  
0.3005729892627359  0.8837348716593764  0.72824135431187  
0.08595193872926926  0.3141250680937175  0.2782935511272838  
0.3361194328742144  0.7295479709176838  0.5927006381261491  
0.5596163532560443  0.990896174644979  0.5863595859833296  
0.12908548174903767  0.5761904714432516  0.43489739889931184  
0.38493195568494176  0.9128321356996295  0.5586488649728072  
0.19641501000641115  0.5664393759569565  0.5111138520358006  
0.1376407580974461  0.8205160544660856  0.693031765136057  
0.3030587983234513  0.806337039465314  0.5476157268815756  
0.3431497610792385  0.9872830877141472  0.6515320977753392  
0.3169570478445072  0.9768752888870259  0.6955921362380387  
0.18162915542028768  0.757604907894141  0.7423043807567017  
0.4423390987458379  0.9763242631919038  0.6988361268686727  
0.18740541020158633  0.7156041687138651  0.5033894525902077  
0.27913248259722157  0.7737805396800914  0.4962892539214689  
0.26140938216543097  0.6931453914351842  0.4383591426111573  
0.26527555179083506  0.9341718917112852  0.738182377266816  
0.2155104336293771  0.9032709254430081  0.7212433105400217  
