0.843245688238231  
0.01389936313919321  
0.8381327967810549  
0.04044077589931315  
8.614209977728347E-8  
0.8400609529256396  
0.8400600842223462  
0.8400607256360014  
0.7599471917071843  
0.8400605146474123  
0.3048416933070433  
0.2999791467685266  
0.2161679296254777  
0.374158122329015  
0.6581879815924384  
0.8400588375168341  
0.8400480994214572  
0.2530221204990708  
0.8400612929066333  
0.8400603708980496  
0.8357428826936312  
1.4033088661188736E-7  
0.8608249651642635  
4.285943514093737E-7  
1.1189026624499004E-6  
0.5293426166248948  
0.4365134184052398  
0.08329243827591175  
0.8400612367955717  
0.3922297419941938  
0.8400606220062345  
0.8400582820376206  
0.8400606521769073  
0.39867535608980653  
0.7434777036905446  
4.673765211623009E-7  
0.07484490523122095  
1.1888110344770128E-7  
1.7337727087252197E-7  
3.2860585789321336E-6  
0.8509218932062181  
0.016930422231400163  
0.7905945144124703  
0.06187854770650815  
8.667446331877877E-8  
0.8611063197611108  
0.07171330455725494  
1.4016126373478347E-4  
3.555634356527555E-5  
0.8400561589677051  
0.8400604236615664  
0.8400612802557036  
0.8400601984204155  
0.8400607660928808  
0.8400613254782278  
0.8400603037525924  
0.8400414892137656  
0.840059558199293  
0.07022844015069382  
0.10501364000474486  
0.842592355293119  
1.5015327747639172E-7  
0.8061594144109182  
0.06051958063094388  
0.007840353780596828  
0.6790645905664288  
0.46222168161704663  
0.8400610790221928  
0.7322371215619325  
0.8400612371719537  
0.8400607759754082  
0.8400610862133845  
0.8400603607761687  
0.8400604161595164  
0.14878541570745615  
0.8400589534872537  
0.8400594531981331  
0.8400605528950778  
0.8400595481900658  
0.8400608809271582  
0.8236856009199532  
0.03363628714064982  
0.8339497385517198  
0.03053623194848098  
8.961557389468286E-8  
0.8546493949856049  
0.004610554701704467  
0.014144405923703812  
0.0027116905433290164  
0.8449265948574043  
0.06258328593538169  
0.01659407302968345  
0.0022018818399279416  
2.7379505938233804E-4  
0.7835957375283694  
0.84006055068666  
0.8400607135732976  
0.8400612814297094  
0.840060553204509  
0.8400611969697616  
0.44706979860154306  
0.4001220642723098  
0.3490026680874681  
0.43748615905667404  
0.15367021600475286  
0.4478996516023629  
0.0016876300094788308  
0.8400589993026062  
0.6442008981740862  
0.8400611070562624  
0.392894083891694  
0.8400583717212756  
0.8400602779569766  
0.840060720596343  
0.3281306591268474  
0.2807557254526761  
0.25234212577159976  
0.627446869318811  
0.8400593043695714  
0.06638686655042192  
0.5349720510029862  
0.4118582657925453  
0.30849737266829574  
0.28240878556427557  
0.16806699014352527  
0.8400610997470702  
0.7125823642817352  
0.8400608425570092  
0.8400613064430797  
0.8400530363360723  
0.8400542948366968  
0.8400612909431854  
0.8400604658649191  
0.8400610379829705  
0.39040370878155345  
0.180097174239764  
0.06853443459545677  
0.23954571009821513  
0.04173723002126209  
1.305370837076834E-7  
0.3221517718913937  
0.5430512451590818  
0.35346039991843353  
0.459680032109346  
0.11057783469219971  
0.5648067635991219  
0.13970794752385046  
0.10162174530523185  
0.5126413067875008  
0.840060588608957  
0.840061297996308  
0.035982326433320236  
0.8400612934591937  
0.022136414228843368  
0.8400612493954939  
0.8400608265328078  
0.8400610650990858  
0.8400609235984619  
0.8400607298442425  
0.8400613011909142  
0.40408607400939694  
0.5177660160363983  
0.40417330651354955  
0.5100906159274374  
0.21491068540614416  
0.840060646172455  
0.7379917281802957  
0.8400612078717395  
0.8400596026615437  
0.8400610146016747  
0.8400611978319116  
0.8400610454557657  
0.8400607225944298  
0.8400608985691466  
0.8400612946368219  
0.03908890060044375  
0.8400612506688026  
0.8400611065773627  
0.21192643911435885  
0.8400582375087945  
0.6180096938600458  
0.27616825372708337  
0.8449032117383325  
0.518925120145787  
0.7384018265865363  
0.8036530013406084  
0.840061584956084  
0.4528399738420875  
0.5397438423238615  
0.5262787837527987  
0.7384488935685785  
0.7330586008886746  
0.8400603792288905  
0.7371836885243576  
0.839052888499615  
0.8400611278639464  
0.8385800687868351  
0.8400612729898658  
0.8400608143918809  
0.8400609873439907  
0.5703503374762584  
0.3746113656931857  
0.44052279574155667  
0.25130120210291107  
0.16958822574083543  
0.8397926336753276  
0.8400610108075616  
0.12408088416364402  
0.19147175324729365  
0.8400603735094595  
0.6357664173591698  
0.14390152563053027  
0.8400601153601565  
0.8400589866224673  
0.8400611155135661  
0.8400612624893761  
0.8400608359759393  
0.8400611024744915  
0.1834047067221571  
0.8400611753894247  
0.6845119925930714  
0.24972535195014267  
0.38390257820508106  
0.2578306509623271  
0.29240483986272964  
0.8400598941513587  
0.042139052370367934  
0.8400611191536779  
0.8400607877738976  
0.8400599788802467  
0.8400596405811167  
0.840060888816001  
0.04285544730134841  
0.26339972672178236  
0.06549369872474778  
0.25374233924631623  
0.29135624993020587  
0.3428053898086716  
9.669475597982572E-5  
3.916805126865353E-6  
0.6322166936656698  
0.4273367776611683  
0.5029989328017023  
0.19202630394185874  
0.20506903315931102  
0.791479974206608  
0.5921434600167971  
0.20793491829624852  
0.6392063502009978  
0.3548418381499687  
0.8400610274192436  
0.8400611387540492  
0.8400610908395607  
0.8400600986218026  
0.8400595032981396  
0.8400610169615333  
0.8400329117641481  
0.8400604139112355  
0.31041969963158916  
0.7840298902043275  
0.7457812514935839  
0.23017810062593014  
0.6111005186379814  
0.5622116916457016  
0.0647468760020966  
0.8400611576558609  
0.8400611891966504  
0.8400602426321112  
0.8004098278656149  
0.8400599498143377  
0.8400608087786093  
0.27243085102924497  
0.8400516315806833  
0.32334463318260304  
0.2898664350166808  
0.8400609187918842  
0.3781729620781786  
0.8400607419796026  
0.8400609347715179  
0.8400611229957301  
0.7363072704048473  
0.27557708538236536  
0.44732110018730026  
0.7382402159036797  
0.11875023877108698  
0.8400606092087096  
0.7663883993878295  
0.8343699117922745  
0.6681182829047131  
0.8400610625457019  
0.4326176604377169  
0.8400600825346979  
0.519547140746304  
0.8399983614206993  
0.840061217181374  
0.8400607613343134  
0.4499065717336124  
0.8400593598087622  
0.8400603034865259  
0.3759097803790314  
