0.773864228639444  
0.013810844039783029  
0.7889534639829444  
8.028378725665587E-8  
7.936416685103736E-8  
0.786469273215957  
0.786469273215957  
0.786469273215953  
0.7864692732159568  
0.786469273215957  
0.786469273215957  
0.786469273215957  
0.786469273215957  
0.7864692732159568  
0.786469273215957  
0.786469273215957  
0.5304983167998005  
0.7864692732159481  
0.7864692732159553  
0.786467813965084  
0.768237310668834  
0.023388026346684344  
0.7889534639829444  
7.99846474378582E-8  
7.970882248785565E-8  
0.7864692718236538  
0.7017895125928089  
0.7864692732159568  
0.7864692731306206  
0.786469273215957  
0.786469273215957  
0.04199987411116881  
0.7864675839082599  
0.786469273215957  
0.7363194765981576  
7.889534732027316E-8  
0.05270312441291063  
7.975718238957957E-8  
8.798522370235628E-8  
7.99172305795514E-8  
0.7651120554533474  
0.022010449397720143  
0.7273288772651271  
0.05992093415275433  
8.229268172577076E-8  
0.7889534639829444  
2.7757347620143196E-6  
1.049053400589635E-5  
9.625968454683775E-5  
0.6466326556928431  
0.786469273215957  
0.786469273215957  
0.786469273215957  
0.7864692732159552  
0.786469273215957  
0.786469273215957  
0.786469273215957  
0.7864692732159568  
0.786469273215957  
0.786469273215957  
0.768237310668834  
0.02684341381791755  
0.7187835030107852  
0.042583973448961185  
0.008739747321155246  
0.7864692732159242  
0.6378878751080503  
0.7864692732159566  
0.7864692731593903  
0.786469267884711  
0.20463276419887289  
0.7864692729823689  
0.786467428895046  
0.7864692732159568  
0.1113911511294617  
0.7864692732159385  
0.786469273215957  
0.786469273215957  
0.786469273215957  
0.18690677253768168  
0.7377240896298749  
0.04320376253110808  
0.768237310668834  
0.03131444654103107  
7.95790347528036E-8  
0.7889534639829444  
1.8000935013830742E-5  
1.029564188493382E-4  
0.021237878539585826  
0.7871656213297853  
0.0019528917741157034  
0.005042038301181235  
5.52934196439913E-5  
8.813010348782002E-5  
0.786469273215957  
0.7157333798645878  
0.786469273215957  
0.305284951730606  
0.786469273215957  
0.7864692732114422  
0.4532899603881272  
0.3898023563166803  
0.3216492817415457  
0.37273775699319917  
0.12028702066456538  
0.7864692732159418  
0.786469273215957  
0.786469273215957  
0.7864692732159356  
0.05001271369011401  
0.7864692732159392  
0.7864692732159569  
0.786469273215957  
0.6605242368800689  
0.786469273215957  
0.786469273215957  
0.2781469670169504  
0.786469273215952  
0.18629740211523596  
0.786469273215957  
0.35930677133751665  
0.3521177492899409  
0.3717539168732448  
0.28668566908109294  
0.20030139115667892  
0.786469273215957  
0.3941865766146554  
0.7864692732159181  
0.786469273215957  
0.786469273215957  
0.31615351118575286  
0.7864692732089874  
0.786469273215957  
0.7864692732159568  
0.24606466832767576  
0.1498510601877818  
0.14020147621408122  
0.12178639001945045  
7.952039727010958E-8  
7.949079834427048E-8  
0.2737591455238222  
0.5673756327273662  
0.4146518492269342  
0.3520953939641575  
0.07961857857440612  
0.6093770610903101  
0.16962336677702272  
0.1723091292122916  
0.644207312016437  
0.786469273215957  
0.7864692732159568  
0.786469273215957  
0.786469273215957  
0.786469273215957  
0.7864692732159518  
0.12137431123182943  
0.7864692732159395  
0.786469273215957  
0.786469273215957  
0.4286532804878285  
0.35152068226618527  
0.35862954799875746  
0.6813681342584955  
0.3601554452753106  
0.028093853051599355  
0.6244792359212871  
0.786469273215957  
0.7250068928811664  
0.7864692732159568  
0.786469273215931  
0.7864692732159557  
0.7864692732049863  
0.7864692732159476  
0.786469273215957  
0.14818601502712825  
0.4098969266949462  
0.786469273215957  
0.786469273215957  
0.786469273215957  
0.2650167433767538  
0.44560741897891537  
0.41750665367040085  
0.7871656213297851  
0.49641164900439666  
0.6442086991560538  
0.6107932594597846  
0.786469273215957  
0.26147361819490433  
0.6107979535311308  
0.7871656213297851  
0.644167012245757  
0.08093891903376821  
0.786469273215957  
0.6442098723201013  
0.7864692732159568  
0.786469273215957  
0.786469273215957  
0.786469273215957  
0.7864692732002769  
0.786469273215957  
0.4874855763262294  
0.29179653589393895  
0.4582781618261552  
0.21372907364283272  
0.12478063335143752  
0.27111144136107185  
0.786469273215957  
0.786469273215957  
0.786469273215957  
0.7864692732159568  
0.786469273215957  
0.7864692312018845  
0.6858633464418602  
0.7864692732159566  
0.7864692732159569  
0.786469273215957  
0.36696947920828915  
0.786469273215957  
0.7864692732159568  
0.786469273215957  
0.6046606948486565  
0.24021900677611388  
0.3848585828459867  
0.2231323824947657  
0.11642525726936345  
0.7864692732159484  
0.40442919421895374  
0.786469273215957  
0.7864692732159568  
0.7864692732146819  
0.786469273215884  
0.786469273213351  
0.786469273215957  
0.7864692732084111  
0.123327613634896  
0.08946435260813695  
0.22827362817236713  
0.231393764142125  
7.9714854037961E-8  
8.601559954013378E-8  
0.6867828759417248  
0.36500188637172737  
0.19257402665338924  
0.3517419132750743  
0.26886954679947017  
0.7871656213201061  
0.5558790785130902  
0.6442092179831793  
0.05443026056788077  
0.786469273215957  
0.786469273215957  
0.7864692732159568  
0.7864692732159511  
0.3758888420697702  
0.7211929347334556  
0.786469273215957  
0.786469273215957  
0.07969796410666875  
0.19791934744052225  
0.786469273215957  
0.7797869611453389  
0.1638571741581802  
0.7871656213297851  
0.786469273215957  
0.46782701445776237  
0.7864692597965546  
0.786469273215957  
0.7864692732159568  
0.786469273215957  
0.786469273215957  
0.7864692732159089  
0.786469273215957  
0.786469273215957  
0.7864692732159532  
0.7864616327852212  
0.02061491597569606  
0.45134165529676745  
0.7864692732158911  
0.7859238687296768  
0.7864692732159568  
0.3468192236623139  
0.7871656213297851  
0.786469273215957  
0.7864692732140971  
0.6442093676141953  
0.7864692732159568  
0.7864692732159422  
0.786469273215957  
0.7840100998734576  
0.7864692732159568  
0.786469273215957  
0.7864692732159533  
0.786469273215957  
0.7864692732159568  
0.786469273215957  
0.49390299028190926  
0.786469273215957  
0.12227828073430767  
0.786469273215957  
0.7864692732023845  
