0.7454774119676921  0.8603000508549147  0.9072678856105315  0.8931606107838216  
0.010538908362033425  6.758191870230809E-15  0.0  0.0  
0.7601027490291111  0.9474575903117123  0.5886096694902656  0.9364753761213475  
0.0  1.4106127321138713E-224  0.29700906808917016  0.0  
0.0  2.1403101025064972E-4  1.1851900561000318E-4  0.0  
0.7528708478861251  0.881804434025598  0.6593526789430203  0.6984937018656775  
0.49525851386034814  0.37622035570336865  0.7124280367185054  0.35492967691586574  
0.38996770224003985  0.26868755695760665  0.4254710250125989  0.21663992168137244  
0.7442475055460278  0.8641392099659696  0.934280402728191  0.6567192468965  
0.7360663960813701  0.8766848288577284  0.8851848312413534  0.7217186111876739  
0.7606596828648946  0.6054601591790425  0.4685243174378462  0.4494258055208628  
0.768141309091061  0.74721405770929  0.7830275298496671  0.5864534058988519  
0.7700866525655601  0.8604564403615845  0.9514674948391176  0.44648618315353966  
0.7672976367051623  0.7777806204669478  0.68215219103908  0.6258516402411897  
0.7626380608574832  0.5796154530360097  0.43329685908793597  0.3005717392999851  
0.8018129955802172  0.571204979143968  0.5696154358015618  0.19300788615201486  
0.5588170599057792  0.47610847123034566  0.3587273248015061  0.22814030538648813  
0.6402785888079522  0.5853893722810044  0.4947162625153394  0.5499205190432376  
0.4027066324159381  0.38866388038371896  0.38151143484050215  0.3169246458671212  
0.7324197509086683  0.6706183110030112  0.9557204680424625  0.6393619138619713  
0.7425669839756796  0.8870714297522457  0.9021547428372855  0.8927476515334283  
1.7526617012117345E-4  5.655449589163884E-164  0.0  2.1084647738913923E-187  
0.7452185989693835  0.8934750389826369  0.8816237648646319  0.8865272874148021  
0.09723948289430434  1.1782435764217442E-132  2.4180587594656854E-180  6.30628547385739E-153  
0.2774401837882132  0.0  0.01201267606219016  2.7754720766831692E-92  
0.7813961727074322  0.856005606576106  0.9530509118017124  0.2927395222788377  
0.7671957288023303  0.7922791423832014  0.6491447198455652  0.6324974079132528  
0.5764900377979638  0.5440005862564778  0.45215839312354356  0.5934006950901228  
0.774927709118463  0.7014643398853376  0.9581903523476389  0.4121423410396562  
0.7715179052615154  0.8242085428190472  0.6940285417572141  0.5443576647228143  
0.7350482696899485  0.760617872405238  0.8519443086627349  0.753282462460315  
0.6038700109862495  0.4310968388138926  0.6723360059418557  0.27261792224439335  
0.6719305579379944  0.6255563826029303  0.6103083698090804  0.600582940158271  
0.7675058798710813  0.8660687256564232  0.6836639236443718  0.5820875322259775  
0.7830429354374825  0.8911161814042999  0.9426322070567542  0.6333116611431953  
0.46178428782702735  1.5792923587886337E-116  2.0E-323  5.56373592673728E-124  
0.0  0.0  1.1200792149025386E-281  0.47463662106644466  
5.2053135897708456E-5  7.880819138800523E-257  5.0221980386139376E-5  4.0030831418250966E-5  
0.0  0.0  2.3770902745949718E-6  1.1853688109299404E-5  
1.5284325E-316  2.1119336323377245E-226  0.049285212015183724  0.0  
0.7420908187061744  0.7981029106350623  0.9460110182478216  0.8155355065421707  
0.0  0.03496580933042461  0.0  0.037474357196217195  
0.7618483688711871  0.7599471841853749  0.8728436199547808  0.7750491496237231  
2.1784890991307372E-253  0.09932689268993707  0.03260644204452934  0.09429006659534422  
0.0  8.967805571918685E-4  6.807492809104156E-169  0.0  
0.7441813636095244  0.8881267855591714  0.911993684541955  0.8513672770245155  
0.18140047222666145  2.5454305092726534E-87  0.33586381957303774  1.2538589119224694E-84  
6.5113668E-316  0.04347684104420433  9.692659972998351E-83  1.1264323148246955E-22  
0.010038491293315329  2.161439468174923E-148  1.0739406114709245E-26  0.004503428173387446  
0.5673175446513995  0.5736397369310605  0.5597583229948598  0.6358668029117949  
0.6265370795898905  0.5800219368119908  0.47771468666848527  0.41952023457882665  
0.7722555725196989  0.787826153487318  0.6079974378689423  0.5758078576453337  
0.7592160955925132  0.6981356560715501  0.41927340198685864  0.5404337811925406  
0.7643932276096537  0.8646189760614806  0.9293011801517177  0.5189210372596212  
0.7144475351681264  0.6878035309154793  0.7794488046662188  0.6242090215315517  
0.7739800702098919  0.6331958893936801  0.761699435469306  0.5416200323491475  
0.5503408074816356  0.4506715802650858  0.4140180414469507  0.261593750894393  
0.7814940692943309  0.8044022667764811  0.807657265926246  0.3591845241972363  
0.5539278854537503  0.43925492604616984  0.739668642801294  0.39891511312402855  
0.4927152002225192  0.3948351844236312  0.3936179166232553  0.15728862580081399  
0.743375827204309  0.8946165524693644  0.8749828637968986  0.8980698612589372  
0.003976700018738353  0.0  1.2336319981911371E-108  1.85239407163318E-189  
0.7415001698536237  0.8895257355192904  0.942747379646773  0.7407390535640698  
3.0E-323  0.13894849736352569  0.0  0.09365276314212366  
0.0  0.0  1.562871431703576E-6  3.88505684362836E-8  
0.6534043000341884  0.5434428606477417  0.4851231715379438  0.48846319953204353  
0.7372665893175195  0.8703555563331892  0.91024403114123  0.7048955143616932  
0.786065608043381  0.7117329701757443  0.6353747118293308  0.3834406888646895  
0.7379373635032294  0.8711611632361583  0.9096535972207288  0.701804396329554  
0.7787470395304469  0.7426903785555974  0.517844758259398  0.5265812761794271  
0.5964833958097274  0.5268346625858733  0.5095083695700556  0.3894694659534579  
0.741918912665901  0.8620306263016388  0.9335698642290461  0.6650582303727746  
0.7357049456053041  0.860984178324901  0.9240295488316008  0.6981373628706584  
0.49832088437813266  0.4232256283213985  0.46914947593270007  0.401597565244251  
0.6090144192838743  0.48031617334618015  0.5257286145178088  0.339073747884831  
0.7865949160352159  0.8166694774178885  0.7287684451071376  0.3080530921571245  
0.7781861650931664  0.851268919188899  0.6228266393972904  0.45927786217293326  
0.5859034356552213  0.447355704038422  0.5065149142901383  0.3260991633787207  
0.4770055878994192  0.36751037366744305  0.6296110681270698  0.3531227298294729  
0.6071367632452038  0.5096671861773989  0.5504327681566595  0.26960356339942154  
0.7479802099418918  0.8952526862289383  0.8799242658376861  0.8560119552181654  
0.0  0.0  0.0  0.0444888863360159  
0.6852033994411775  0.8854903378537077  0.901943612920886  0.8814459498601886  
0.05966159485760435  0.0014037746206969053  0.0  1.2193920110786934E-181  
0.0031701714575166173  2.3766640851529503E-261  9.830613250211113E-146  9.634145177787519E-12  
0.7331553160000813  0.8415791563799176  0.9119368533869114  0.8868740644418388  
0.011282061310595722  0.9764852615939718  8.743454952117201E-66  1.5E-323  
2.847228482496526E-57  0.6854813941345642  5.233860666647766E-49  1.188586E-317  
3.1478941474631033E-217  0.8566060574913889  1.4968500418029587E-50  0.0  
0.7467649397333982  0.894124934594366  0.9607806144687945  0.5530343729828524  
0.04844409646186956  5.806779661590628E-120  0.24205602991859373  0.1261482813141899  
0.04020008349542506  2.089227906583304E-179  0.5567320384210296  1.1713110129377596E-34  
0.04965654420973979  0.027355465012267495  0.08661694043238823  2.9486932294651737E-85  
0.06804507110099992  7.272722467541839E-16  0.720863742865288  7.038448098249589E-78  
0.6616746355551377  0.5757938793973576  0.5817079881704276  0.3107367591821096  
0.7422136878171424  0.662474493184369  0.89642500990329  0.48772889258597035  
0.7804599560481489  0.7350840829853044  0.7632620047501794  0.41337492344516796  
0.6023345861899622  0.5482316385584864  0.36115659290180957  0.3359540917243214  
0.24346950516504096  0.172444899016467  0.48993579112769253  0.1596204847336299  
0.5944170837215033  0.5877634430787283  0.3335145794804242  0.4873671561257094  
0.7811511128830766  0.06395440800279034  0.37043821183281295  0.8888912376548794  
0.12426444871899714  0.7623534004611973  0.6848020182948349  0.06456452512877883  
0.8239349516927349  0.16868056904013604  0.19031890192597264  0.622809177041882  
3.7967608214747767E-48  0.9089167186062738  0.22457109876588238  0.1507488441837819  
0.057023088104796095  2.9389470832531297E-22  0.49941516000990466  0.06061155449941134  
0.7867310281818093  0.6787193493366845  0.58401385572945  0.3954940106847194  
0.7394807548181712  0.8668297825464351  0.9250583858389027  0.6869069241675603  
0.7507233100628109  0.6073769194355889  0.7414562182734867  0.4781630443891836  
0.802819225481308  0.5902062787473864  0.5054083702591954  0.19790768284121127  
0.7550948703374677  0.8507803272231922  0.5378130081948594  0.7503378638613246  
0.7621429428547791  0.8416872078630354  0.6740962051934094  0.6758803607215853  
0.7819035370942574  0.6096975352108215  0.8790752426411578  0.3877034767939199  
0.5200841451640132  0.4274656583883586  0.4616067364062055  0.20136505698089416  
0.7791852809152686  0.8489821488338685  0.955369848483101  0.3243252953066896  
0.7915783904795566  0.6802718100621974  0.6118240858563407  0.3173233575741555  
0.7104676289805391  0.5094788618278722  0.42200669408909736  0.19740466360737846  
0.27316750964336933  0.2248352739600721  0.18895806518411953  0.11586369737242846  
0.6128007403705875  0.6158195935239801  0.72158360636168  0.6940961820704984  
0.5468120318493908  0.49062297266459826  0.5984552444385666  0.4326846949847816  
0.6453569850267179  0.48738066901141  0.3365420905382731  0.16332444942299942  
0.7603923196573938  1.1781014435043964E-65  0.7297623684205841  0.6583420424952156  
1.435462773637484E-54  0.7523818854487422  0.15324562928628957  0.35009913548043525  
0.4551573865949554  0.235555976858069  0.16788716432820552  1.0772208110187704  
0.6071762489742498  1.0077764360325849E-163  0.6648839914632345  1.3407024042799467E-213  
5.227345015908339E-52  1.0991054414727344  2.577806712211964E-117  1.5758829152180934E-87  
0.42299845156684474  0.3109672073747032  0.4953080705563383  0.272355892970318  
0.735639551854516  0.8685179950900666  0.9178973572694066  0.7120550254216373  
0.742247882129226  0.8801437490935964  0.8565022159691027  0.7092573527436269  
0.765667700338293  0.634253183732427  0.5572364989283696  0.44839016614532234  
0.7861686873648057  0.692436126925904  0.735246841824933  0.3517101327683563  
0.7685326163846895  0.8494685379520713  0.7892432781811994  0.5455769928888956  
0.756477802842777  0.8559142879639646  0.5751590920209444  0.7307003568768202  
0.46845775465019357  0.32336681952046586  0.7292621873043064  0.30334848029120565  
0.7609200790813074  0.8235386181639915  0.908206243152352  0.573933747890652  
0.6605921533130603  0.8215521085161605  5.316458972878635E-11  0.4747542364818218  
1.0503888739525972E-99  0.0  1.1039027471897401E-206  0.2645514983412711  
0.0  0.5027167819522113  1.0E-323  0.0  
0.0  0.0  0.5869783707320874  0.0  
4.569048272169476E-6  0.0  9.368578187939091E-7  5.064602528769008E-6  
0.0012660721402504133  1.6247542504972526E-279  0.0  4.791206506264816E-223  
0.6814881393834201  0.0  1.061559844456206E-167  0.3650862986000389  
1.4207463195933782E-20  1.0883783083941698  0.5039779399772268  0.8916517261060813  
0.9019291834865346  0.2781207535788594  2.086717599460047E-265  0.6065175577236447  
7.580946239954161E-306  0.4258210839924326  0.8578152400069843  0.1408219883616631  
0.002184010301772034  0.0  0.3086909834571916  5.75695807755114E-10  
0.8742515259808286  0.40274161524958674  0.5138681614022335  0.05849463028858614  
0.776659242660544  0.9177947317768359  0.3595349146487613  0.487517079008419  
0.10427221213448824  0.6864044888979833  1.0226308207205206E-36  0.9463607466811849  
0.02008285815694343  0.22417912223679182  3.699189398651202E-33  0.30812979602773144  
0.4229082670351004  0.3624037921499931  0.6300778862048569  0.41130715496154446  
0.7473426490300822  0.8819602163467143  0.7428613363855349  0.7386217047574086  
0.7873684553413564  0.6076163024737624  0.9499061095270954  0.2800636419882665  
0.761739441269136  0.6608685292637106  0.9578383005063889  0.5201494564651705  
0.16411568683182126  0.16309315575539712  0.1582639897522272  0.1832240564406608  
0.5524595563257717  0.4941921968160786  0.4748425382635404  0.5177712262810187  
0.6880565912022119  0.4331954567888911  0.7313988186381588  0.22240601032591797  
0.6151822532709895  0.40418789967273344  0.540261149289076  0.20161795013269906  
0.7844132779998239  0.6138365850699368  0.6387230421506259  0.42987717603226633  
0.669734112329413  0.5730512996651627  0.7265032039643771  0.34965795665743843  
0.7740299241095188  0.7254046214816089  0.49441529691339436  0.5904017299796958  
0.7941628077372239  6.999667170888918E-9  0.016655881569494557  1.013769990571866  
2.987701065707176E-67  0.8689461103264156  0.813872453085266  2.1658422938654487E-137  
0.7594197563389925  0.8124822046432013  0.5835924537026982  0.8280313188791703  
0.408850545844886  1.6606358911336995E-9  0.9845644085878054  0.010655118703515334  
0.4743463287463581  4.481368845114041E-82  0.9655840028583851  0.05961908852339896  
0.7377274493288766  0.868296426322162  0.9200366940314981  0.6983970698940897  
0.742301528934669  0.881492252332685  0.8381766562592358  0.7233910508801545  
0.7690814321703977  0.629538091113606  0.5804435375062024  0.5962533857256564  
0.6248271683136468  0.5903521947385602  0.6929551408748275  0.5449723165948503  
0.25788259410612396  0.22940113947770174  0.13469878165817079  0.14614778633653802  
0.6527031339758461  0.5617626570141039  0.5331532917652039  0.5101151141722039  
0.6739816776109852  0.6623574344628329  0.508480534836807  0.507612361086406  
0.6171937117922188  0.5350268357436431  0.5461375448343533  0.2900241671066772  
0.7072794582105996  0.6653012482194559  0.5153530943986973  0.6651668845735897  
0.61212454842229  0.573916499203815  0.5624006712181009  0.5271302886009388  
0.7460150205150448  0.8632711683583757  0.9370312800158811  0.6445532956914646  
0.7449075579329348  0.8381035988076704  0.9290798700474465  0.6449077343901586  
0.7637650292444359  0.7883159946758131  0.7698902210900839  0.6435873923954333  
0.7824721981516104  0.704091578457948  0.8688166468860822  0.3534901786966392  
0.7824481089747393  0.697055460698133  0.7293526803721556  0.4050547924615452  
0.7484574046750249  0.8609648968657727  0.9489942071782028  0.6259244014974013  
3.7221307560408574E-38  0.0016519565824614163  2.4165344235156217E-200  0.15455847227996886  
0.42194108458414914  0.35139427192632455  0.244255275922306  0.3054810533045629  
0.2647045826406128  0.26772814727149585  0.32351543256931725  0.3042371488112175  
0.7429472561754774  0.8660253909669632  0.928111702376541  0.6614826271362867  
0.6911076265607395  0.690874300087316  0.9329997615628782  8.312803352731283E-32  
0.7429296321867218  0.8693208030673362  0.054220955172525495  0.9573008626742127  
0.5929827566302968  0.7023882249438099  0.035556819979804616  0.6809684907160553  
0.8174458937805599  0.8714437734303582  0.03742089469816585  7.99645023108286E-6  
0.3340562440446889  0.2537776371507118  0.19781824706583037  0.19478797282955934  
0.4640823031813946  0.4642987136201569  0.28550851987776943  0.4452768629776536  
0.4319501271757403  0.33731145446017563  0.2566594318456908  0.0988099375015273  
0.8007514500481662  0.5526500065595306  0.5107376399288122  0.22692218492005575  
0.559922991472029  0.49334567499925014  0.859463269985467  0.5473423112111288  
0.7579877552461504  0.7838475897407089  0.7156463634019011  0.7143999387058639  
0.5514710928325188  0.4442984777609945  0.7099952524654255  0.44743728112351383  
0.7679038007658345  0.8727890681007281  0.7240631928408724  0.5510019380410113  
0.4547229501109563  0.35663896906762027  0.6152690507539796  0.280389277834661  
0.7760039429511755  0.7121872644652095  0.8912933208595842  0.43865729019621674  
0.7871096395542515  0.5823726571771504  0.7855776844243304  0.3516482941079097  
0.6609607329271339  0.45102334574721087  0.4542070795460463  0.7710664244138199  
0.17106674932208116  0.5062466839242966  0.6666776817155285  0.15352386357564776  
0.6617581653961803  0.17705110235669247  0.45768767983335296  0.5135835131558537  
3.4850474929477774E-83  0.1949954317691556  0.45620380069974475  0.39446127907623524  
0.31704763231407374  0.31540803716900045  2.4490788882762433E-30  0.09464091863103806  
0.73570182506717  0.7184478081516084  0.6892589353463627  0.6907761940326494  
0.37881773345399883  0.4140375926754657  0.4277708820061743  0.5598436571361467  
0.7705010783801824  0.714298951140138  0.8067703500730216  0.552624278798592  
0.6385620672141572  0.6668992073719211  0.44652710360059866  0.6711072009152644  
0.7447282755882266  0.8642881215370427  0.9344392031058543  0.6524921170003131  
0.7624817027499513  0.8307085685773921  0.8846563414346442  0.5847864190760764  
0.714230104104139  0.5996859999889189  0.3455796403513086  0.30053473452537904  
0.7063866006960855  0.49526675461832353  0.6059067221188835  0.3199183154151025  
0.6827982550255998  0.6279539817508821  0.7851903183727852  0.5782259515756379  
0.7437504467379012  0.8644619748240145  0.9333765925009176  0.6609381125468301  
0.5095043310963243  0.40131389005160684  0.4918167436802057  0.17311825966122074  
0.6682446116569782  0.6154973197314931  0.7767808778198345  0.7038826410911946  
0.6345714373694518  0.6035032652543928  0.4208336071539803  0.4386301674974232  
0.7504709085335943  0.8728142303270852  0.8415446487174125  0.6931537485312692  
0.4502407930734072  0.40938642393826363  0.37406395656223773  0.28043249416161997  
0.7499890908198105  0.13272996279590316  0.7546741200258226  0.9351905352111813  
1.8401101126891074E-80  1.0949940930093163  0.04491146467939498  8.893227550596759E-154  
0.5456994701226408  0.9719536772842755  0.0989918762053406  0.9469719308738072  
4.7769603594418786E-188  1.9924050936763024E-23  0.8805481718204496  4.593217254266104E-71  
0.09387822702711514  0.1952417527810636  0.03420143731474973  0.425262948410995  
0.7639072293932505  0.7935234455540684  0.6420188498820417  0.6590907578292519  
0.5869061389270847  0.6384529812216089  0.4718820028938636  0.6994157456626428  
0.36824510043560216  0.2860870357274744  0.39055490255152775  0.11800923919873035  
0.5720183081710286  0.6044571638542466  0.4370717351888939  0.6689922584695424  
0.7552998995636551  0.8807837664929021  0.845162128632703  0.6472960298904967  
0.7521726164968131  0.8612491256383672  0.9454633248166675  0.604886403462785  
0.4243279482501956  0.3779648330550494  0.35990215113867463  0.27480013396102837  
0.7670500242200676  0.7779159941697722  0.7082402670108816  0.6196264720322348  
0.6041807085418254  0.3996807924811714  0.5771337974003913  0.2781630506416775  
1.956791530969726E-154  0.0  0.0  0.4868752674134916  
0.020904624734351247  0.0  0.1376865223866793  0.28702149220403245  
0.8316903574826212  0.5012566389042664  1.757406221522597E-262  7.457418305429851E-248  
1.3316828491732815E-61  0.0686340772360126  0.8853621361336902  0.07601184117478921  
0.01674648920394917  1.5012056582223457E-290  1.1066988350060605E-175  0.0019535688766473165  
4.550830304754483E-186  0.3903287332606064  1.0172000931990557E-29  0.0  
0.6360323043749799  0.1260646179768004  1.150819380085597  2.3039164693068944E-12  
0.256074802267292  0.05933089458082485  1.3515679781411349E-36  0.9057671222724225  
0.6669212008332694  0.4243499605178251  3.737501827209316E-110  0.5248683960890695  
6.768629654673025E-137  0.5892746896172245  0.2931616469973057  1.843546800808743E-172  
0.16129174853281306  0.017543614175365648  0.47492633966653575  0.07564060244987185  
0.5029188326209411  0.46603297674319905  5.688924489009992E-4  0.29174964088126143  
0.7843243264960437  0.8310122638530804  0.8424214541015761  0.29541249628283484  
0.7245726428097279  0.9294936473055299  0.06978586856179765  0.953134577198426  
0.747968841042658  0.6929785809779795  0.6614285195116674  0.6199314200269416  
0.7458927746342987  0.6536566632485035  0.8327039467680659  0.5252769272192092  
0.5878247442404948  0.6081344052055643  0.3562297647239884  0.5044347632969252  
0.5683009079613178  0.3913862293109286  0.43193396313238563  0.1526615270755948  
0.6788502717567136  0.5883699801794784  0.4594739666925636  0.36672393509980006  
0.7709147935814691  0.7515493492275614  0.9081155042089943  0.49033542139636144  
0.7200296196794339  0.7002633612496045  0.49985294749848963  0.5720981168421776  
0.6707694596794851  0.5653387570530377  0.5335080476268892  0.48122216282386954  
0.7318383923415798  0.523224332044271  0.6831131483902138  0.23704173220563912  
0.6353100780096723  0.501576141660613  0.3984632410000972  0.1859720006774735  
0.7557819356584549  0.8580903143857359  0.9502355177924088  0.574749744807212  
0.7380891605920616  0.8672041035490323  0.9228481014823604  0.6999780888047823  
0.6808478830266793  0.559380700060269  1.4691400172644038E-26  0.5611197668646496  
0.006069862452505431  0.023477247352379733  1.0329059813647268  0.601660087016791  
0.720830985468622  0.5530052235616494  0.8693711305358185  0.38500246744048844  
0.7373826326717646  0.4885067179886139  0.8513058404534669  0.25044605725689717  
0.7380595223956535  0.8680690516342029  0.9208211373786456  0.6966502656460388  
0.7912103997244571  0.5359838726268228  0.8864070292580057  0.2595678877841401  
0.7673039796533155  0.6944573031509014  0.9118890847607329  0.535337697257689  
0.7485270485499532  0.7538785328322418  0.8247779955732613  0.7221292056470145  
0.4739539248583922  0.31715616446408157  0.5014641101410107  0.16360708228581924  
0.7543688361230505  0.6401951707337664  0.408241078732129  0.4466095674870301  
0.7946287981713198  0.7010527759985514  0.5091805965796596  0.3034708504225939  
0.7183733990503456  0.6254817543986692  0.6392839886873372  0.4608746987012072  
0.6329369245106137  0.4909194472746389  0.36286291332257925  0.3966520373548307  
0.5237551080550318  0.3982020431165906  0.6573610930625419  0.37120114990581055  
0.37785716541066017  0.36876021682249455  0.19792197377089898  0.27586055292708134  
0.5327128603043617  0.40972487178472305  0.29707036347133586  0.2423396935554947  
0.6072562061298838  0.4933142349797206  0.6559254996973167  0.46638561495337266  
0.7410572294761045  0.8657383672845949  0.92869014648699  0.6785902158593313  
0.3912728721673499  0.29172224034241484  0.39130082727050736  0.20387642265747075  
0.76065561765723  0.6773287439808869  0.5888691763481234  0.45629587917695735  
0.7445436397487484  0.6758992783849856  0.7238698137925236  0.6463316857989604  
0.6310637382366925  0.5021013938242509  0.659403216566411  0.17998251051704686  
0.7530336341614894  0.6050637177808827  0.9056506807917306  0.539508237451534  
0.7569218803027258  0.5524634392924944  0.9520263994982129  0.4679684343469162  
0.2595802569873556  0.26018179400850766  0.13988621649676447  0.20026170420671774  
0.48730172983799636  0.4193020766064111  0.7280542080641651  0.3960905859559182  
0.7450740750296533  0.6408818738373528  0.8830562367617205  0.6484811123368456  
0.7572643926534811  0.6913121962231936  0.6937087053611839  0.5287484031957516  
0.5587704349096263  0.4884063311937809  0.6751205322064027  0.5446179882601391  
0.7893127760225075  0.6834113957136652  0.8581982510033035  0.2621062122263277  
0.7629977725194428  0.8635318078626564  0.8819481701071475  0.5749800320143179  
0.5683297061476843  0.5045307734271149  0.5310758661535379  0.3670893426346043  
0.5445732889684687  0.44017947513810735  0.5899630735007161  0.34324172354118315  
0.7720452411937798  0.6692908134444181  0.9558875482570937  0.4516544916603716  
0.3962924317430437  0.31941625761284187  0.5493885354552971  0.26908730481167725  
0.7667838467926437  0.7319545844417116  0.638652376336377  0.6452691263081074  
0.3531045171582481  0.39511910884647855  0.25547282033769564  0.5026566099568943  
0.7874966853069771  0.7813261964643962  0.7340470363879357  0.30397306724999545  
0.7567696618412386  0.8560553244637686  0.8745048046147003  0.6382010659443996  
0.7956756293252832  0.6204207844065943  0.45278355556845196  0.3125364147031562  
