1.0859801723692148  1.2811413721415372  0.9177929878417447  0.8286343323532634  0.8814262697536893  
0.050963158936795795  0.07364323009544477  0.0  0.0  0.0  
1.124205706320755  1.2678677842877277  0.9541733155733222  0.6896582124514713  0.8431196692839249  
0.0492549996424473  0.09036024162405028  0.0508802025233104  0.04983846337487463  2.4128266898779574E-178  
3.567110001529725E-21  0.0012071292908289362  6.482264327426165E-4  1.9028412175049586E-118  4.09488059477581E-245  
0.2471154593989699  0.3342005232921855  0.9403389782030696  0.6143405860627431  0.7923975937788847  
0.32601853656722585  0.25889473223845233  0.36992493723799  0.6594063512878672  0.5289475378226296  
0.28839743085003644  0.5113633313724698  0.7731017957242882  0.8166868358529696  0.4843382056845481  
0.2766024457983698  0.40233075869572077  0.4674909705538519  0.5783339342290009  0.5373440869575655  
0.26534402862794865  0.31045112530671215  0.5231986639424149  0.615482847439237  0.5370336735222342  
0.30304053741837095  0.3919554377383375  0.9054945631212357  0.5470130909928509  0.6283968994350623  
0.1869233257326151  0.25167831285020537  0.5616847134637146  0.35003489589962156  0.38582574207305353  
0.21135158691518216  0.21755018982003443  0.415239153618711  0.4307585130332239  0.41742015004353195  
0.3835285331253581  0.509470899801542  0.8325872721043562  0.6568598023179398  0.5050918335266261  
0.3960289699028845  0.5475558392435423  0.827704687956751  0.715643125676835  0.6661504783235271  
0.4868165149478123  0.44561178457445  0.6944474984828544  0.70638090379259  0.5542050897505768  
0.684311779020889  0.5784382476374048  0.8626847320822496  0.7111627510471605  0.7457924589952685  
0.6119070380752846  0.5500379487413876  0.47930823555191565  0.747149400074559  0.5838991111174857  
0.5980804733167615  0.7303633256906011  0.4919240824915666  1.0945917126470202  0.5975240730041225  
0.3084547512396234  0.3329106906010234  0.9717978707556657  0.7625891937574496  0.7116041547726534  
1.0526521965006996  1.210240031252205  1.0044081605639688  0.8106845707168211  0.8930721506654236  
0.0682860600213353  0.12047418129246058  0.0  3.201026042681429E-302  0.0  
1.1734995383028382  1.2889051477671232  0.9599477395391622  0.8099686109080414  0.8145147698819083  
2.0504988829384494E-294  5.79301425807793E-4  1.514770588839269E-24  0.02977331418629021  0.001821802154584176  
0.0037490008183144706  0.0  9.9396975E-316  0.0  0.015549614003429694  
0.7119392034927252  0.7607671380325663  0.8810127195447458  0.833393192009169  0.7829957231069257  
0.290573536013868  0.4282956105986353  0.8464458942752431  0.8189232940665229  0.4337195489066926  
0.5910319355685769  0.7684323443921182  0.9014584698761205  0.8745180360165854  0.6653852612540297  
0.37131026325050487  0.35353438783004665  0.3954544769810262  0.7186782513811525  0.31486420437641954  
0.07453333876557976  0.30004433422847804  0.5532168717873296  0.5451085290219699  0.3097083227770092  
0.2986320782936101  0.47155382651206446  0.8689134444355834  0.8072990870620738  0.7638476306475881  
0.3388308206090705  0.33500528336444296  0.9238215153500726  0.5358017286183363  0.7833473447461099  
0.5589291359309456  0.5389171666059929  0.48845144343721014  0.8381105045687516  0.5249437057257293  
0.48829656071002775  0.4618935268878994  0.7879789353267074  0.7686058767900456  0.4959495044476004  
0.9908496263031382  1.054106704672683  1.295922112100357  0.831535827262915  0.0970067028221173  
3.2246499282431206E-136  0.0  3.6020320471589083E-241  0.15635486216859587  0.2483915444777787  
0.14450267513156334  0.31029502123389757  7.461349682268947E-237  0.0  0.14555204918640222  
3.799825994490764E-73  6.950492363783087E-52  0.004613739086485931  0.004716724942889613  2.0855367155455324E-184  
1.9974560771748512E-170  0.0  5.468358643159396E-219  0.0  0.0021009158211069724  
2.8164667537616634E-32  0.08718307729873337  1.3900061750767776E-174  7.630879217788217E-120  0.0  
1.1096273793798992  1.276355413283915  0.971317145894078  0.8575185785678447  0.7573335615812676  
0.05231262115016146  0.07767307305721126  0.026420813312165312  0.0  0.028442969248034522  
1.0927714816549012  1.086059587469194  0.876647924896322  0.8382368910046266  0.8833021319827197  
0.08604859533224084  0.2600914878301719  0.038116489322775594  0.07203160971383231  8.023387105226036E-97  
0.0015067243522469472  0.0  2.7133761698697463E-75  6.26506202784287E-4  0.004829752989001412  
1.1681391715970195  1.289715852872699  0.9376976128135438  0.7246387330582432  0.8619561973885471  
9.309942809432846E-113  0.24838150959207658  1.2656188535316232E-204  0.32755621505049193  1.0178286976370713E-86  
3.798300855525492E-47  7.829478559686866E-71  3.622955462811955E-14  0.2723525245415977  0.02987728651148237  
2.8764269468142644E-114  1.4175901998841138E-15  0.14442672443286728  0.322647721063347  5.422612008482705E-53  
0.1673179809625409  0.1938617053917787  0.7782011737182424  0.31571099495237476  0.38762357284740767  
0.5159317934348647  0.43636618765975066  0.5745783234851668  0.6807970604925303  0.5328745644714933  
0.4208399290180523  0.5481195869840401  0.786349310629667  0.8839928416729806  0.6046901489007508  
0.5669049795016238  0.5632236453300709  0.8799811501964645  0.6105042302244802  0.5355417900961261  
0.6282612701894671  0.42527944462988393  0.4306491699970276  0.7353987659031037  0.50528339887447  
0.4518897506190968  0.3558610970067976  0.36869104484307186  0.7678108610441254  0.6177909628923762  
0.3038433881217091  0.34664041757200476  0.5076098052883609  0.38186387862171584  0.33981351365744245  
0.2348742272360197  0.18507571861966257  0.26073271093954564  0.3411564404604942  0.24062181937588384  
0.5370536419879559  0.6192863757419066  0.7092263552760507  0.8475524132771312  0.5501513382506144  
0.21455557911654768  0.4265784661170559  0.8494060689078463  0.6821393462559885  0.4468953204580424  
0.49201307479435036  0.6695917984324997  0.6157881570204661  1.0696611410713763  0.45890610012213556  
1.0472308235953942  1.225242627126622  1.0247742755815206  0.8267011884760405  0.881457099361718  
0.14595263035632272  0.14175268477231157  0.0  0.0  0.0  
0.5561873181646401  1.3393267072935466  0.8163468755285399  0.8777135614154625  0.8924394856327862  
0.24024163499382012  1.0387365137833522E-157  0.1086012768476324  1.340810872123417E-27  0.025915943075446358  
0.0027377074038629763  1.8262807133445373E-247  0.0035683338824744754  0.006856958929832309  3.5777692047589195E-133  
0.2962720256352769  0.4775806071229723  0.35165680306951297  0.6223294849769246  0.4063462278965534  
0.3023796480363354  0.4737498619969948  1.0138353657865045  0.7603272644069469  0.752161620738408  
0.22533325788624667  0.3125151449721625  0.40213316404237764  0.48618176960838144  0.4649900999535277  
0.12068857289154804  0.260068949010961  0.2897077402241988  0.4493178997400561  0.245588207898193  
0.5237943746707884  0.474459635714425  0.6068643017053963  0.7316652224440622  0.7744935983981308  
0.1565425464973631  0.24365937988362943  0.41882489663682665  0.5607540941806589  0.28748325991517076  
0.6511294348921627  0.5703188878251506  0.6825173087670614  0.8057483494724282  0.6045973916221457  
0.3381791010428097  0.4186416765474116  0.4510619227214904  0.6144117028482862  0.602715186803727  
0.45518139257897916  0.3945917504026862  0.907911331043789  0.7291514509794133  0.8708570623637006  
0.6443386479106724  0.45327739566896225  0.4920697209152426  0.6753476244759612  0.7525709902302404  
0.15601714250363902  0.416993228467596  0.8660599667963289  0.6602292452589128  0.808439972943027  
0.18068604080420994  0.4534436726852314  0.6439239804089419  0.9266527690977492  0.6577320334508383  
0.07870745562449294  0.27684595720737937  0.2867893743374692  0.5826889262165535  0.34304995562207263  
0.5302473397373707  0.5034340708265719  0.4797220819035262  0.5974405225046545  0.38360603327187454  
0.23545630668612746  0.3174219837719292  0.8139503848397607  0.49403281680784017  0.5543483130312434  
0.7349857523384776  1.2747164910276017  1.0596967569774356  0.8235403146897764  0.9128346980568688  
0.33241412159725725  0.04602526799952628  6.105190861455544E-171  0.0  8.780923616992359E-135  
0.9799753129344178  1.164261946668996  0.9379951050841338  0.9931655600732149  0.39234530765032677  
0.0787587707042392  0.11840364772135376  0.0  1.6818728785771972E-14  0.0307237509482639  
2.695042914878152E-4  0.0  2.2922344145617875E-209  0.0014941774388338434  9.914490709638071E-253  
1.3214621989987376  1.20377181827252  0.7218382103360254  0.7693584124469168  0.7229365289070535  
1.1451971905099177E-157  0.5591977644260812  0.14299484834426415  1.825564218294993E-102  0.14629447647429678  
6.074605583E-315  0.14674701644566554  0.015686035356351217  2.359189496912744E-19  0.10895241142300449  
3.6702416053620364E-223  0.1553011578395001  1.6707181612743612E-60  0.13412647613245515  0.10807471057565225  
1.0792612439462528  1.399044299825991  0.9094935092143354  0.2922003349875644  0.9323220490773277  
0.15348373454988984  2.1124097899855574E-11  0.3008515870371061  4.388568883449719E-18  0.11218760936798719  
0.24083966261001089  6.365709066032801E-36  0.12712227193176664  0.21811679851074958  0.03459444827991688  
0.09688072162116504  1.4354149303996934E-15  0.15435040577572898  1.0747821047632397E-38  0.06276430758640693  
0.5831852886962987  0.2931121038762707  2.071657661794176E-39  3.228405663730718E-16  0.013017245593077095  
0.27525044651309066  0.47573224928408137  0.5070665976419204  0.64715455441565  0.36043543639630393  
0.42581100828231766  0.4867795779125271  0.8914956498944615  0.6907538871650546  0.6237578321217763  
0.31618858393516164  0.3925600514783942  0.683718093850686  0.8749836949012144  0.8233490470730043  
0.4637093891318073  0.3997833236068478  0.7191899997749858  0.569059993130031  0.548169274278719  
0.46007180099643585  0.5383696380686873  0.954940794003833  0.8477345065283071  0.6133309220159864  
0.731953984749472  0.7287266650476484  0.9088604338176423  0.7539832824621605  0.9045673489142981  
0.926338640573075  0.05040995608089029  0.02178371526988315  1.0269744183176297  0.6422694657876565  
0.4008024941471001  1.381571555762053  0.8450628058356715  3.1011364879856566E-104  1.4133089190394787E-23  
1.2253535052159636  1.4589069748782223E-23  7.500970493887065E-81  1.1217310512785255  3.117212136887354E-18  
6.516558645302319E-30  0.7356002529252016  0.7228088698796425  2.2035908351311525E-52  0.49749650439533677  
0.17262661035182478  0.8407024453027642  0.02132391595046424  1.1430999542545894E-248  2.6516237286902755E-240  
0.26707271052561604  0.47780801922292176  0.8950607246161906  0.7186831086449679  0.5635499283270062  
0.33851630026520746  0.37886347407467524  0.7199430855093166  0.5673303864768104  0.7623310769423604  
0.5014108651457584  0.5527205024369839  0.6563273886271981  0.8787952988143739  0.7844722729680025  
0.5461576089909339  0.43851272712527545  0.4160896191330409  0.4825803206367234  0.3013808984084061  
0.25056708071214334  0.19992752396680383  0.3636013467715148  0.256094245198895  0.430412580597422  
0.33018281186091797  0.3219307467984533  0.5779940574551709  0.6330398287552579  0.438638843626032  
0.4704070338579775  0.45391167179244607  0.8200104434563935  0.7161348425693563  0.5805594498707899  
0.3296937984804789  0.4926607061651864  0.46205407593467535  0.7193480013565952  0.6767423783579636  
0.5891727387752576  0.4200300816209651  0.9183391956166591  0.753252910612077  0.8536061226729553  
0.59590193063573  0.6899334854277895  0.6376868450498885  0.9819038400445141  0.6534572822389102  
0.47950199332885246  0.40355124297572925  0.5544236286761547  0.4773253625281575  0.3819914414312788  
0.2650092082420921  0.3071991456812394  0.3950592079613804  0.5603684303592744  0.4095965474022605  
0.49858672317072583  0.6218549400775135  0.7758894844525928  0.8395084553945338  0.6388127265841577  
0.18998988562513375  0.4989008984027953  0.7607565050082319  0.9522442197564558  0.45214265108383705  
0.3856016975273331  0.29900258168173843  0.4143150544548543  0.706183801553608  0.5712294464914062  
1.5203143553519634  0.35268983822001293  0.2547393614634884  0.4677527172888617  0.47038292218462585  
1.651537116835123E-79  1.1587090878882076  0.6081275072012329  5.918590610100377E-47  0.3688574759802729  
0.49984613448799176  5.3691698752495304E-12  7.517539658421382E-11  1.1378832318839551  3.1198953378852846E-41  
4.0509491866461575E-23  3.302283147162024E-72  1.2352936112072113  1.070743234490227E-17  0.9187341387039613  
0.048957481135604705  1.0809662547166388  1.1151596757920916E-138  0.0  1.3249745741339136E-193  
0.6410931411721204  0.5349623254333193  0.7631383514686755  0.8864860459558279  0.6794136650453138  
0.13538864919657767  0.2565965399262392  0.342727954701136  0.38245386510865514  0.5549749205471495  
0.6733407878948385  0.5766030773916665  0.7586341080144291  0.9005006241544113  0.6294836698782335  
0.6290281328400659  0.6201402114101597  0.7676482242979523  0.8950832533744347  0.7010543511291474  
0.6957264056224107  0.7827454149671162  0.6618710284063876  0.9520534903552024  0.7860519819184733  
0.5012799183157051  0.3576250213730834  0.2553660044392426  0.5183852711626014  0.47149273139818565  
0.6039406892148341  0.5600269240003088  0.46985062660926574  0.9251114147715218  0.528317206618823  
0.3855342043929132  0.511755346692938  0.7368080256789944  0.8754029516916878  0.7435822908541166  
0.40582152260372634  0.37934743151641187  0.7042439305566248  0.6777037096939581  0.38750412022750397  
1.0629761913635841E-19  1.2003577467252417E-27  1.5391892760455064  0.28337385736919896  3.4520847577634663E-15  
8.161914804353925E-144  0.12260377635140716  3.938393248106936E-149  0.7035125997410598  3.2019171174600965E-138  
0.11457374133676387  9.521399321440385E-66  5.2594801947333215E-245  2.3282866132410925E-114  0.6896289381562402  
0.8380892204525439  0.5677438900120182  2.937144985004897E-96  8.388364059272861E-243  0.14354785501001185  
5.23534427781771E-17  1.4856666825764855  4.466366192248192E-130  0.006614547305756268  5.466717942392772E-94  
1.3841691832048871E-154  2.8429588589343883E-294  0.011519104540859543  5.39378786404629E-4  0.0011635045022409564  
0.963966541718127  4.2134512684765575E-206  0.5526242058228222  0.4620993639244615  1.1569796922242251E-94  
1.2015676227223171E-22  1.899345002377901  4.232531800297083E-46  7.600855391856582E-17  1.2161801419842515  
1.3898309277174452  8.030683217350238E-141  4.107804078289148E-58  8.152567460857552E-10  0.6773233580907471  
1.0235865288381453E-49  1.1780229921631242  0.9400368916322387  0.22692912808788612  0.05605801493143242  
6.067441049067044E-109  0.4117224224154707  6.063380962391656E-17  0.23648612749241402  0.1609772191971154  
0.8626977318942778  4.5877560962431734E-23  1.0161705299765291  0.570421803371134  4.320004646622893E-5  
1.5104902183413374E-18  1.0410905723942674  2.1232986970624402E-10  0.9870624101986011  1.581040983693375E-57  
3.1417107926698615E-22  0.204692089639239  0.3078129267118813  0.3552257533971509  0.12591177600379996  
2.0411565169858424E-30  0.12112327614329176  0.47154600428170795  5.781334700089602E-5  0.9286744463169595  
0.7415676269675526  0.5676074164628877  0.6512971460027395  0.8720314330138559  0.8675336442787077  
0.3260764702256399  0.5149378651801093  0.9185091388304901  0.7305124441833483  0.8666511267871867  
0.3881619205030859  0.34971546988024155  0.9786743828099859  0.6907054382605708  0.8043425721576126  
0.6155836112666546  0.5760268759527524  0.9432375997196804  0.6819098458102276  0.8577311001115985  
0.24053090041977884  0.23598595508363546  0.5914375409334173  0.5957529434850419  0.5971003351653075  
0.33622873630897787  0.41233247679103535  0.5144816175921324  0.5140950801333473  0.49647235212176627  
0.12361696584486066  0.34957089406136327  0.4705490698948837  0.6337759832417664  0.4308652783741394  
0.3525240981090955  0.26355870364035533  0.4903899976868398  0.6027953234011303  0.6995654304107787  
0.2621027093005994  0.3348632868971334  0.7757440083835049  0.5661401407408522  0.646738201697786  
0.6157168407683273  0.4551223143503687  0.46389457145101953  0.6007995683887657  0.7266688434638141  
0.37090124030072524  0.3481496562828246  0.4039872806281884  0.6531791421356906  0.356892779222266  
0.751848542285052  2.6297492007269E-56  0.5361779725429431  0.7976167281633276  0.2839238102482696  
2.6285107183634474E-25  1.768610346915714  0.26253077532403885  0.15248245270293376  0.6364639000503519  
0.17370735876441296  0.034415699591563854  1.610329280099097E-10  1.3448800982853104  0.3485377954060914  
0.16583611763329212  0.3254395038281975  0.8318416646127091  0.8931057977979486  0.6655312192038235  
3.613433036558791E-36  0.13093128358289807  0.646813127316059  0.3235257731262503  0.508184202511079  
0.5251538136694821  0.5788649934464772  0.445405229690674  0.76706247810452  0.6557970118484369  
0.1730043620750594  0.22875865469166717  0.7438937514750944  0.414031647115552  0.5488612962881121  
0.13053544569313813  0.3032731201110247  0.3765936094052472  0.4625833215960552  0.3327201288290909  
0.28612981197802206  0.5034105860786346  0.40632746369797257  0.9121743581832467  0.3769963231462621  
0.34217013613071334  0.31534750196081673  0.4828028514149927  0.7083255079435783  0.5692898737658753  
0.5415777335861142  0.37758161953973435  0.29648971602678725  0.45692655627305145  0.5453195014218214  
0.4206226387384235  0.3375791380700736  0.6935812277939214  0.414104986076138  0.5534277349031137  
0.41581417207016247  0.32027714222949494  0.9050356602656044  0.7397348773558877  0.7603873566197089  
0.35427411562437866  0.28551916545238626  0.32599325708113625  0.34238358531377056  0.19989123090249436  
0.5397887253421921  0.5895100959555846  0.44240195501408436  0.9835001501865256  0.5714352127982424  
0.5530041802162918  0.6283132352787361  0.9829388972114884  0.757838122174742  0.8403351546681194  
0.6662049250122913  0.4287186133782417  0.6510279885713987  0.6241600673634518  0.3856447834495726  
0.47807468429610994  0.44700014414093003  0.5754022928032791  0.6187723721858026  0.5278242807831813  
0.2468255569344612  0.3615947509122103  0.7672198814682395  0.5700947028391948  0.5145107178437149  
0.4461007989698447  0.32280905869914145  0.6554942733095908  0.5458414199765829  0.40611621681403265  
0.46002832774389735  0.8426099400038252  1.2744092238036313  0.42295205180987283  4.33172003959529E-36  
0.65698219550637  0.889703467744268  0.7589865592779845  0.903100957088762  0.9386532310697527  
0.299679058965112  0.36632039862748816  0.5011992142569266  0.7052302150691027  0.5584731116476324  
0.4330036489223483  0.48037887155289705  0.8217846511252159  0.6907035973808022  0.6850929910168159  
0.03340414413345917  0.38342615780787187  0.7321225486057955  0.8530826663020201  0.6848929940454583  
0.5764633066642864  9.34997341882506E-8  1.1261965725937326  1.5216893272391382E-8  0.15144014010051304  
0.11536062001085245  0.5293870346189735  0.04099427472970034  1.0713140046053862  0.2671152412239226  
3.026738388902055E-17  0.348206367102709  0.42610215812538355  0.3067586619072575  0.8727164119165746  
1.4169393527411487E-8  0.4818046639423477  0.7399487264685757  0.310524525455625  1.0339845635533165  
1.2380962462736111  0.41450208245011055  0.5786830784510335  0.28084366119629256  0.6480654160500946  
0.029335477109461418  0.28613897586617565  0.4681813140426877  0.6776521511070078  0.45953670850949596  
0.018273373274286908  0.42380323732511566  0.44658899121449236  0.6364436855975549  0.47778948045496294  
0.4891299464669478  0.42921070870340966  0.5396328113882433  0.8022432311415654  0.5496346121876085  
0.030404521545519543  0.4758025409460099  1.0507185946024742  0.7310393356938991  0.6161714170606981  
0.4799983156509313  0.5828212786842284  0.8802896929762998  0.8580318497925498  0.7548482793729927  
0.7018289940380099  0.46544249356059375  0.6916617892383687  0.583498879757891  0.7284275007798544  
0.6999969764475351  0.759513919435901  0.8910008288557482  0.8586772817192081  0.659587936074258  
0.39117077400174305  0.31761374219613797  0.6566369602895655  0.46122520516484516  0.3475434848620713  
0.1092282491352131  0.23780039029993175  0.3021312189560671  0.5462277443260342  0.30570855008203707  
0.3602459708306962  0.6248281282572552  0.9399321508872156  0.8838593151798071  0.651292228945552  
1.2999620665280733  0.7118023149908684  0.750256086057801  0.3082190710376698  0.15873121214112992  
3.1689102091550234E-57  0.6269245165381648  0.007457039453984994  0.4962587319709024  0.7296809822172121  
1.0845928095553616  0.07358697633009495  0.7706000924716118  0.6747317235798785  0.346687578294246  
4.152658974084498E-28  1.0712940410898426  1.6819555996220803E-56  0.4270064568557473  0.28098418725043184  
0.045328434955121344  0.5616195595810183  0.2788837483204523  0.06304542140414415  5.962199176071582E-88  
0.4005063736194329  0.29474607903054095  0.5975644737467443  0.6056275570201691  0.687156376058582  
0.6683281260805369  0.6489489407166411  0.9763325463835  0.7347619649293659  0.8629204073540474  
0.5298044967933525  0.565535559056904  0.6014923863991275  0.8659544925488933  0.7034994609014825  
0.19455336754209115  0.347746575749216  0.856885090234851  0.6389446449354469  0.4288492498782911  
0.17055657493596518  0.30277593541828113  0.3873176202977957  0.39891810170031206  0.27042045382160623  
0.3206581893973448  0.4490382306017726  0.5001374037543715  0.696988550051197  0.6156637341790586  
0.4427809011233315  0.314855357198888  0.7927062704501289  0.5281104732849632  0.4903652182584274  
0.29409272073634113  0.32514009666861593  0.5208417947187055  0.4172660787559845  0.32970106453180503  
0.28471024128654165  0.2902805137292709  0.883837457322445  0.4375980792773601  0.6049637233498696  
0.414140163921606  0.5415704992045012  0.5665240409038033  0.802444441044784  0.3699251980004856  
0.16679165282091127  0.33219421896630175  0.35509102861356806  0.6383215027235262  0.4389065830037566  
0.26416635278369044  0.3814913293465952  0.6944105517857675  0.7067020998078136  0.37171183198764074  
0.5121039961370425  0.5021785187746401  0.689560773755334  0.6634833002319603  0.7057090661611752  
0.34350891073911527  0.46870152752299576  0.5465556206376544  0.7419516702437712  0.5220774540792902  
0.4771640525232241  0.3856484470304764  0.7896018784240191  0.6024839332060238  0.6186254097265529  
1.2289918216644145  1.05182006453803E-20  0.314471998270944  1.0669334215364732  0.7641480463722109  
1.1824359555594833E-93  1.3959303993203633  0.3787697214280211  4.0934714760607786E-176  7.99243382058209E-56  
1.2793627070084426  0.11042800662326424  1.1385763343089398E-18  0.877710741114586  0.06388133622029057  
1.3313196617263266E-51  0.21510511078142852  1.146209491146096  0.8723363675740741  0.5965086916788146  
0.01213332275562896  0.6751266863204177  0.8727055116104517  0.38329733786313935  0.14982896338105217  
0.22429846941349596  0.31741957271295806  0.2905268715173128  0.4450069195190425  0.43374226082041745  
0.20928595856834015  0.21169011434890736  0.512416667879579  0.5195884639600704  0.4883827629577768  
0.3111603869664995  0.5241216161966931  0.8788368673453016  0.8892377057714196  0.6552731888385697  
0.8732580029034411  1.0609950462115054  0.904020558933862  0.7839352682060333  0.8791900632971167  
0.3656794920847065  0.4860511709830516  0.5322050765130526  0.594567976579169  0.40561366503005675  
0.684240609264154  0.7160266214495601  0.8486527109384939  0.786039569950527  0.9069589609915812  
0.16557920002984317  0.4148204153973129  0.5227990205508775  0.6898750945647619  0.310952586042643  
0.4559782540183859  0.4315185067165246  0.7330516975385928  0.4775775860047044  0.49213606528291814  
0.5757334578446823  0.40808751274847227  0.4908331142381807  0.619162605493606  0.6837964093870664  
0.2972808672220043  3.0150335485645717E-198  5.1517931093442594E-189  1.2768906152762464E-176  0.41560645372623395  
1.8824783608126881E-31  0.29753739981884797  6.050803606748961E-127  1.34216321556864  1.9719939653204228E-12  
1.6522077109755732E-21  0.7688520376551785  0.46976176650744206  0.04248183939694188  0.7892446461461596  
0.8416379886715423  0.09685550827887249  1.1445857136561708  3.1474772440863163E-80  1.0371923682416236E-114  
1.3735423116653534E-165  2.7987018301424673E-121  1.679720503421424E-58  0.0036608659449282916  0.33194172233211955  
8.478566206979945E-54  1.834480064024126E-80  0.0392042991913137  1.0490777342870457E-131  0.02990945137874701  
1.0763756203697497  0.805404776100091  0.4883847951544475  1.1257928154376333  1.0909789083600143E-48  
0.23935597955005444  0.3882306027918297  0.5564438961117495  0.30456653499186515  0.6922837870988691  
1.4878184186104584  0.08274908103246521  0.4790977055908074  0.46816305917712076  0.1175419100771069  
0.22949431735739517  0.5345377658746094  3.9466551758968195E-21  1.0175182346220706E-14  1.1189273633970014  
1.3602054836983952E-42  0.41860462760889694  0.6658459122310175  4.591098249156959E-82  0.5686081684790949  
1.2235622110468256  0.6233332021339891  0.6776937634627448  0.5381114581355986  0.574255234043116  
3.756732380973958E-14  0.46986013140536015  0.39672882112889546  0.7340777534403865  0.8089596570238167  
5.555847004596149E-10  0.7306425026530836  0.4769737137261813  0.9461203854782152  0.9905889348876561  
0.8475571821435918  0.5560841646011525  0.9149593606333843  0.7100098242896371  0.3156320588324275  
0.11344298066756366  0.23857749325303593  0.5788684490534883  0.3594355908547088  0.5272526675911665  
0.45759837331152137  0.6598629608083803  0.8382152540124979  0.9228332556065497  0.6674530653179777  
0.15584283451808653  0.2564157309718554  0.25041820772420165  0.4739146168699872  0.19554718642524851  
0.3711316747596444  0.447718903338316  0.4060050827939257  0.7360884918457719  0.4300827034337165  
0.5452183111872005  0.5220433610358453  0.5516096279734243  0.8028829032425147  0.6210456965166511  
0.28717819433563635  0.33334079214391754  0.9105082699849523  0.7014418667087293  0.5505937471749439  
0.19645620164409333  0.37836801384592234  0.6049093264547135  0.6594012320475838  0.361623057240702  
0.31270469092663206  0.39097117031427786  0.47248493355331  0.7342627493725941  0.6243503380783387  
0.5950351601713164  0.4694181843028865  0.8892376742016932  0.8053722232147214  0.7454668860709533  
0.5121527731131467  0.5926511028296974  0.5438344698803756  0.9947999402888245  0.7228590612822351  
0.6423102970731827  0.6579778797684867  0.7591540562671215  0.8741835301958552  0.8353894308456715  
1.0013201302901515  0.18527112115056457  0.40151346926888337  0.2219394314067336  0.9940412958586905  
9.328337108672062E-8  1.0221988172374254  0.5852239328436424  0.8693601832710286  1.564211504294252E-20  
1.2575079481112243  0.11031950703221492  0.5029271533524178  0.7139032477230215  0.698977995427622  
0.08307824905975475  0.21070592868830895  0.6396923891363561  1.1026236707160435  0.8050562918758625  
0.0073642008083908365  1.073205010328343  0.5007256184506843  0.24390335209401723  0.406350427838183  
0.49942176535431704  0.59373372397165  0.7290750610598264  0.8087979001964847  0.4452861073382309  
0.416161164000554  0.42540704116744027  0.5687771974381027  0.4782206236514303  0.3957322727913922  
0.42311986568658927  0.3397003202844064  0.9203553362605902  0.7188911790211246  0.7116798755454005  
0.4742378267475425  0.4446742330810833  0.44209632033604845  0.682167409727899  0.6955140801091017  
0.46267853378756696  0.4475735378571699  0.4206765947494009  0.5138554999780961  0.29052984309488794  
0.604884374688589  0.584672895829491  0.4274258563684953  0.9530757268535601  0.5603513086494645  
0.5257934363484128  0.4309465077983075  0.9420646448892527  0.7455722289272273  0.735068128585848  
0.5355798092321727  0.437657306188267  0.7885519827798264  0.6771932513278622  0.4905821275777207  
0.15544193360496336  0.3415439425435442  0.6430093805404046  0.4855564063862398  0.4832232032925654  
0.3483803111899941  0.30061027466750706  0.30875355192147036  0.4567866067617894  0.4369366101047638  
0.6012373179590879  0.728654504843464  0.7424249471866012  0.9353863462267215  0.6994355959984682  
0.655482125511081  0.5042027714041843  0.4044824353476036  0.8387183978561411  0.5897256752447368  
0.573851874615176  0.4349927159060592  0.7128239003537566  0.6121014427174725  0.7026325430880148  
0.5170683014238665  0.3991581005847949  0.8917212543347542  0.5116739573973468  0.766112739246827  
0.3685069820898054  0.4103102975906844  0.8550935779351425  0.5450861989170129  0.7451205282077455  
0.05383271826381629  0.36725193572766984  1.0654550318971852  0.6208606455360185  0.8196744169636284  
1.2337819682875302  0.504541543359368  0.32640260041677166  0.6571654592747093  0.6874081201883513  
0.030105218512503633  0.1991599393654357  0.21659658009161176  0.29222545417425977  0.26625316040620317  
0.039437092543642235  0.4598819086565178  0.8334253099979287  0.8070013230877319  0.6729224865785423  
0.3534399235839781  0.3309226458688222  0.900420419114454  0.7166675751322732  0.5634457354841378  
0.28633420263210707  0.2575947255542631  0.4773805631360845  0.49940945103506273  0.5681887157567344  
0.2159425594768137  0.20451366730890616  0.3384101554635256  0.4000955930118106  0.4748545469484173  
0.2307203923242541  0.2959947813371956  0.844043748253216  0.47440441147548423  0.5864058078265717  
0.23630692119170887  0.32473041435857264  0.4814664972451296  0.522618566580452  0.305813883218502  
0.7418234006253074  0.6254423148062721  0.8721051679133326  0.816673144700998  0.7231854917159026  
0.6122564091470074  0.7410478735130972  0.8207000020599247  0.8254294170755707  0.8920304560904739  
0.5623879633130853  0.6486824834396954  0.8712819072835761  0.857279573163718  0.6879259836296963  
0.32906072533779485  0.4211444856044784  0.860947550042621  0.747588817496018  0.5072535429607076  
0.40778453490847133  0.3731666744432522  0.7322774246761174  0.605228740180268  0.47633939210562115  
0.11157908410920817  0.37717856183996296  0.61921827068619  0.7483441333557422  0.5277472942277169  
0.5942328687909789  0.4508226181298882  0.7605099228280461  0.8152890154220067  0.8575355712121147  
0.609558767513335  0.5885006136431143  0.558697541270888  0.7617620099349253  0.661170471390969  
0.2921640369293399  0.26902321044352107  0.3917220041757247  0.5824668050094834  0.3095410109552069  
0.35450221798362946  0.5212044644857804  0.6582419554384397  0.7188636698469009  0.5983379155209596  
0.31523672290647164  0.35501022016628014  0.253958072758896  0.45329695501280914  0.35877851512247805  
