0.8275830360078856  1.0440945259946501  0.7244686939749452  1.0970247986928485  
6.974636678795102E-63  0.0  0.0035240544146539505  0.0618679251163789  
0.8406646583814913  1.1195100485750202  0.5056556830722636  1.122340771599191  
0.0  0.0  0.1449147813431998  7.771537536280569E-126  
2.1086362666267122E-7  1.6012842854885306E-7  0.0  1.971902942635824E-7  
0.5633801496207005  0.27909380515533316  0.7553537307583011  0.47779027765622134  
0.33622580816774195  0.3443391706193426  0.41560116233020333  0.3263814169785188  
0.7730802701969368  0.3116827543784259  0.90540189841367  0.5218589035707317  
0.45824406977959636  0.2624520700583809  0.6143720946354423  0.4561825084977607  
0.833039632081947  0.4691685493843665  0.9058467707596383  0.6514037780380757  
0.7025172808120068  0.6694493460906619  0.85396803235818  0.6945311497089058  
0.6775676381236454  0.47537822180352474  0.7597237920142776  0.43530342937761163  
0.5847549028542792  0.33386446837707123  0.7479711720891207  0.5550251014323477  
0.6811365793238715  0.5923104475795156  0.8666823372506716  0.6978075706048873  
0.4763754490050437  0.3967766922209666  0.5584869379177022  0.3969820027918918  
0.8457164529843316  0.5601889120613376  0.8786677853419764  0.7620351025258124  
0.5123394550463518  0.49454423909299416  0.6892016802828255  0.49983144787565287  
0.8285950018513865  0.3991185679783526  0.8965465075226091  0.7287939981708128  
0.7238065223986356  0.17730127024784725  0.9019052654843241  0.5056553692582915  
0.44822216306734475  0.0832586395673021  0.5430393916909914  0.20645570372125704  
0.7840312454689404  1.0754787649121904  0.7172836224411627  1.0828656256835738  
8.380206864982392E-6  1.7370604468857055E-183  0.0  2.851423034179215E-179  
0.8217394685202706  1.0538501898620607  0.7217645794517515  1.148124211728571  
1.1689720020459295E-161  6.76778847067616E-250  2.241358422780518E-4  5.089823061817512E-4  
2.63085E-319  1.1253316316190932E-63  3.0089419213716955E-5  0.0  
0.47627021378565904  0.22467230961108278  0.493165228954946  0.2970663250588698  
0.5182878022268946  0.2931584725969344  0.7336021374635464  0.47149874147336  
0.8305111246480412  0.5868794445021122  0.8715691596020593  0.7879717202760584  
0.8549158746520322  0.8016043456158704  0.8192532104925804  0.8823880946868196  
0.643008456065906  0.19872345149167334  0.7678892940715023  0.4082239705815488  
0.37529930262276473  0.08208582442692998  0.4406286665967437  0.20079353493318688  
0.7322104831379135  0.4325114578067304  0.8449937113860987  0.44229942794939753  
0.5924310356514906  0.4637455440709424  0.6810384561279734  0.4116229839318118  
0.8562533886242796  0.7348205606929283  0.8394138540096444  0.8467027729154705  
0.9261057984545157  0.7968058453529624  0.852236011130401  0.9026741528748505  
0.0  0.2560158859683672  1.11245521190553E-310  1.2580935710189416E-289  
0.0  2.661176888911064E-309  0.014053401664294788  1.156357047809504E-187  
2.9303889569559105E-5  3.0385704546676207E-4  3.8179673176E-313  6.686138586373359E-169  
0.0  7.241935053419561E-6  2.507457803832758E-5  0.0  
3.54644925051453E-4  1.2615967815839485E-37  0.0  1.2889155612893697E-83  
0.8238923595712906  1.0503561755158164  0.7224670668603269  1.1257433568726514  
0.0  1.3180559369954843E-49  4.9310446796230964E-85  0.02425657570062048  
0.8690275357681001  1.0669245976707866  0.6542106590480637  0.7407697737680216  
3.70155059284819E-228  1.447997112768216E-22  0.09809970147046866  0.2187079734501113  
0.0  3.90549263287456E-4  0.008959677611529297  4.15E-322  
0.6267605661355928  1.136695204251521  0.5144683659819301  1.072043660112566  
3.593034115792587E-26  0.0  0.10828473880984925  0.1098320180192879  
0.004205615445255269  0.0027748452506388284  0.0  1.85459338E-315  
0.0020831445458129455  0.00216340228540422  0.0  0.0  
0.794599344255515  0.5822634730186865  0.875735521083844  0.5614537563193075  
0.7269152841674682  0.5762353856283203  0.8780851704002525  0.5806519067045249  
0.40560227649025754  0.16100202234984984  0.5194131442114017  0.2259237033157848  
0.3557758887124305  0.18969428443466477  0.5095068500821966  0.3870920390372476  
0.5173481835676146  0.13163862451358174  0.5646850274423496  0.24088451786626142  
0.8401481367224592  0.431300700640044  0.9039709682569852  0.6869191847818945  
0.3939940674040324  0.2003788250602283  0.5902683531195763  0.4660417692943032  
0.8402467522025723  0.4436635679456213  0.8971733918846312  0.7173075590284909  
0.17657658633798265  0.3955355354823522  0.3800770895449894  0.37007814503289066  
0.8274342376825689  0.22907069410752853  0.9340324715144962  0.5869644115583444  
0.45796241521719705  0.3842366784838172  0.5494332439255227  0.37008200352864284  
0.8271399765411919  1.0649878826612922  0.6911986090918242  1.1275110903276586  
3.5196598499148237E-12  0.0  0.0013534160168525125  0.08207967249351705  
0.7893017778546723  1.0325179257890553  0.45456797291710055  1.0627798448431693  
0.05679393985991762  0.07381486222282203  0.030329373954467588  0.08291552242102998  
5.77057255747294E-20  0.0016605927214256451  2.3066692843453737E-253  8.262236504743145E-5  
0.8098424555791064  0.5114810059909065  0.8942962852524199  0.5182864436398847  
0.7771124467632677  0.6326499222244167  0.8664268978635766  0.7797300125092065  
0.38682689428737094  0.19465594767882002  0.5825613939394287  0.42410482637925284  
0.8431745380203836  0.4802338441485152  0.8847985468767146  0.7674124317108242  
0.6613453741727268  0.3148711454705005  0.9066562881518174  0.6025831665627311  
0.5594755156199401  0.141756881043159  0.635714666332538  0.4125260302328954  
0.6135625760675621  0.5018641407221309  0.897180840002053  0.6421163113969576  
0.48407111837388617  0.2630875551808874  0.669973371370943  0.3270322416707427  
0.8557947632418481  0.7860442834672651  0.8245572853443256  0.8694256023650936  
0.8546414578288675  0.7740458404664345  0.8269111301185895  0.8750277979884169  
0.682771522706685  0.13190406183986897  0.9224815840924724  0.5124844635326224  
0.4709477226331669  0.32919535353806884  0.6606736611052162  0.48125941347769374  
0.6256030117375521  0.34345888023844406  0.8106922045153172  0.5212518088696394  
0.8552321911396205  0.7111829337120235  0.8453295699555495  0.8390633588855682  
0.790528287680504  0.34423150169431715  0.91686428881511  0.5896973950288749  
0.8130673714804474  1.0675366359971725  0.48945854488946205  1.1546912622541614  
0.06201362332037815  9.032138612699894E-73  1.3654725797623863E-10  0.0470665814491337  
0.8350452818645928  0.986430616416525  0.752405978715444  1.0268875881295887  
1.3430456571422503E-38  0.06720272493213227  3.174377319742162E-148  0.07593750684278326  
0.0108536112672865  3.455118069127194E-140  4.088850771511595E-73  0.0  
0.5955020123911144  1.0548798513965807  0.7507913609671608  1.115856677406725  
0.11437015842070772  0.0  2.9070903696983137E-206  4.375294834630039E-57  
0.18082230784058753  0.0  8.215228973604932E-178  2.2673006311279062E-69  
0.37822387783577727  1.8442748881923634E-172  2.599883017981794E-134  0.02059482441885537  
0.8247800647719683  0.7233200355482899  9.903993402343E-13  1.2127587533161344  
3.0730840663578396E-50  1.991729266551974E-33  0.9080429701737007  1.1296198518409208E-105  
0.024809578240706256  6.766168341572264E-147  0.07526919688497268  0.20613510526890538  
0.04842989098864081  9.614404532411778E-167  0.1102998855273897  0.025106024861014483  
0.05423327577012292  9.670913024136165E-107  0.10353500425038897  0.0033201286457228063  
0.8459795531312215  0.6041806256123278  0.8677967857436032  0.7989189553457386  
0.80988557875504  0.5489734749939217  0.8897024038180039  0.6923019841926971  
0.3579391118085206  0.26329570039901823  0.5656860322147192  0.47583707032575007  
0.475842306994777  0.5209103795366066  0.6121943304651144  0.47463880112511475  
0.691111321419386  0.5340796945589248  0.8206228403118268  0.5572296739004786  
0.7198092846857727  0.1635620559289529  0.8316647308795666  0.378338037761673  
0.4409022021583578  1.1656738053919622  0.3515946671456587  5.561543004510448E-228  
0.6122855148766091  3.5831098519085553E-43  0.29483922585544303  1.22762702327227  
4.9478643229089493E-188  1.1801886069274883  0.5016828866196632  7.791214576356271E-60  
0.7737634914718167  2.6068955549034365E-163  0.09625923966831555  0.46410691323549  
0.1711333641063465  0.21459714610599862  4.493165010537955E-116  0.4719390085713523  
0.6508080117933075  0.5110538665809523  0.8337098737884292  0.47512671439986986  
0.6961089013296532  0.35680347113990585  0.9294832139099894  0.547455593551912  
0.6901076311372611  0.3706879587199368  0.8406441467714454  0.5568342158973308  
0.8487970319377791  0.6542494816660532  0.8640523470075593  0.7787787839228503  
0.7211297858609118  0.2384065906421431  0.7813413402079744  0.3760236090702095  
0.5240493987799993  0.4869708978596885  0.6960446578472435  0.4292255760546332  
0.8559470471381239  0.8244118767947218  0.8133841395281556  0.8842424561988891  
0.8511537134507957  0.6555342417922174  0.8585147728201815  0.8171034286967462  
0.5322636889103312  0.21118296752654458  0.6427158767358095  0.4577501827788106  
0.6118845463458714  0.42912068877284304  0.6887465769643882  0.48754807910502457  
0.8408476261985913  0.5762600096993349  0.8767719844819034  0.7609546186373337  
0.8523770818591091  0.676610164481486  0.8499410869174603  0.8487538658806604  
0.7113855711444738  0.5382396882885165  0.847096575689892  0.6242225921620074  
0.8120255701993571  0.21295138605227804  0.9288075603549083  0.6143917798736983  
0.8502878508309983  0.7037167945136761  0.840940940470197  0.8728592778078813  
0.16231085809955076  1.172942968885222  0.4710272221148693  0.29558395762996936  
0.6088530495381416  1.4718327237371416E-154  0.11812248882206491  0.8610490253632579  
1.7164495370325427E-182  0.8959333193203833  0.3233092280825008  1.0190471398995074E-245  
0.6447946310340471  0.1816443330982933  0.4796032896870578  0.15403566316486783  
1.3988308291953596E-85  2.533734526004403E-182  1.9978910232815386E-56  1.2271774428637792  
0.8336134586207674  0.5936956148783634  0.8780225024939234  0.7352411324047781  
0.4214494038563685  0.31776289352889325  0.4212980706659993  0.2664307524666581  
0.8132536116779882  0.44465764338736724  0.9004079643488951  0.5019899894552119  
0.6800564357820704  0.30294081157265  0.7359697949465642  0.4704203246445181  
0.6821285724429021  0.1474297110670162  0.7125371750024675  0.2809392257822042  
0.855913585041749  0.7942145526558939  0.8221027618498431  0.8733587459621936  
0.746071427160406  0.25662063663095735  0.7722875446154954  0.3428071457997967  
0.48480453123376444  0.35513916009860996  0.6833856146436403  0.5285668435339964  
0.8438940188964195  0.5366734406987974  0.8833200516646798  0.7507806224354524  
0.34294814244288363  0.9643380829238557  6.269918873585478E-82  0.22220082779656694  
0.693691885032618  5.156649838674278E-69  0.17354478942330634  2.4339887683173394E-305  
0.0  0.0  1.1172342247394327E-145  0.26949408456436647  
3.3866037868423867E-50  5.814157522319471E-177  0.7574970961474607  0.33762577626441775  
0.0  0.0  0.0  0.4471971105333404  
6.511037829261954E-4  0.0  9.406002153396663E-142  0.0  
5.704262775395837E-214  0.8806999314575924  0.8012920487480826  9.199367159643931E-188  
0.9603101481014366  0.43116162605553354  7.309413887507442E-156  1.286674952958138  
2.3748373917120558E-45  1.067904500419572  0.7311777639732562  0.17906500094491584  
0.9782340218886661  2.9643135781476117E-94  8.173624916597985E-171  0.364378512742192  
0.010712624111997388  1.3349763317080785E-136  1.3621264046888996E-67  0.42740972263725474  
0.6841388063829517  1.2307971058719214  0.3807157387814406  4.882844061909189E-19  
0.9285917741991512  3.5177730411423074E-32  1.3550058465299982E-21  1.0838315603407038  
1.0025208613175793  0.19248842231545465  1.3340968961317608E-125  0.13989883524575028  
0.926781822277195  0.08967569941792511  0.24581594191309078  0.40615772228309005  
0.8377887965471635  0.35673582234933304  0.9123639366838164  0.5058616220580754  
0.652873618305931  0.23970847202041617  0.8545878396678731  0.5023343048083416  
0.6888868097900632  0.260257702568534  0.7630308265319361  0.47649585248825077  
0.43874947861021735  0.5004969310405444  0.7009764618534746  0.5312048879723372  
0.740654707539496  0.26947284277403716  0.77874697473607  0.5362803227173164  
0.8369321052317814  0.4010080888553845  0.919064515610313  0.6156118585275868  
0.8482783694575691  0.5480604442848391  0.871168897575833  0.8151170485706389  
0.8467325833748952  0.5895634307916947  0.8687120503447223  0.805834025059336  
0.2559847929769512  0.11767782612689888  0.30910052108006497  0.20523600784581403  
0.8413568334805864  0.519853814255737  0.8869525363139832  0.7406195211564494  
0.8344557234706552  0.49098579794877245  0.9010166832600274  0.5094493386399158  
0.20281820036826678  1.356678972300511  3.3694708568979114E-33  7.094445117425043E-80  
0.423587093553848  4.977056157596472E-112  0.6463184829405235  1.231249786357481  
0.8789171509927032  1.1267170354614482  0.34431322787852714  2.4641691596635698E-32  
0.16946476950740358  0.1008916313224046  0.7521881324726343  1.1607140413732082  
0.426379880826745  1.7171667534210583E-40  4.33038441747387E-71  0.3388708553908282  
0.23606362093030508  0.5590501469379066  0.49822719495665246  0.49354793904308125  
0.8517765617189786  0.6317975665503605  0.8712675313084617  0.7476752615262023  
0.807573278881004  0.6348374201223204  0.8664261500618615  0.7789236518908944  
0.3312523678363848  0.18058270117561462  0.35788546909051766  0.2463255610376466  
0.4883275933231118  0.4245526720045908  0.6937741281300805  0.4927198849994439  
0.8576175526392631  0.745478370319444  0.8380523825561244  0.8378759455487553  
0.8378049220460612  0.4480451705291111  0.8990077515998481  0.7071950782994519  
0.8449894333557785  0.5865655996937219  0.8775286155216152  0.7455770753578401  
0.6432784802312156  0.34636141846966795  0.6928720629854186  0.39405475941442275  
0.4001530721458166  0.5471400043264654  0.6507601797883722  0.48805392260021585  
0.7392390810859004  0.396769364879023  0.9100688781433668  0.6602557670978535  
0.6970768796187747  0.652225204325108  0.8312532659584834  0.5741840198619699  
0.8453075118271068  0.563810443774354  0.8743094330038067  0.7899365292163456  
0.84981408471134  0.6767616629944447  0.8475792503696107  0.8619970264101086  
0.7993321134519009  0.5477844425851477  0.892310769261351  0.5978754533707202  
4.841100876989961E-19  1.034734340622883  0.017138865056953785  1.3285754535134178  
0.7803202285441999  0.09230790142327565  0.7737692079830345  2.7794383030697164E-113  
0.5198585273656571  0.16817615517564788  0.9754945587414324  0.277138816117052  
0.692504870246973  0.16785826374850363  0.8004026356974987  0.5372543818849357  
0.6161105220277722  0.15202265663450476  0.04473795409836463  0.7877559169854185  
0.23212193915883184  8.621433172970706E-9  0.8803235869689156  0.7984502429485693  
0.9472881876861623  0.8628939807464862  0.0066237331261283896  0.40540762889770043  
0.21653029248086766  0.08666771952458804  0.004858984362164299  0.11347506937522299  
0.35771161993712836  0.0450244434485795  7.022092921969835E-9  0.5827755645320304  
0.8481348985758776  0.6628131629426276  0.8557485513448069  0.8289304550686983  
0.6688315314430517  0.34748093932249263  7.451812244704451E-6  0.8496148116001627  
0.8376166233376406  0.5379388842372423  7.846912772858607E-4  1.2027301761532754  
0.7169829420635304  0.19317277230996246  0.046736301029421196  0.9136742732111902  
0.786812264293994  0.46534174667542666  0.9070098993862753  0.6448795133698019  
0.8409543600299932  0.5334128488325395  0.8820642581394991  0.7630937656347989  
0.45653152246913614  0.2285607182297905  0.6615563279889923  0.4562794715063  
0.8375838406308257  0.3726742267019681  0.9164044095249392  0.6404107098804902  
0.3217860815692559  0.08080370167370243  0.37325491922161835  0.22593470329168966  
0.8402993823137116  0.40219183081856474  0.9028084236897278  0.7000419725819068  
0.7082019475004471  0.4616549593948635  0.8940576712005818  0.7206348138579046  
0.14363368106499405  0.7614035699008065  0.6028013212267357  0.7643403833766066  
0.6511053402353494  0.1258327147383049  0.1223412587602552  0.47597538361056807  
0.5238962182552303  0.7593039632868978  0.707574423841028  0.24868371677617554  
0.295750229665621  1.764717935795454E-126  0.06775839526317659  0.6163911631752635  
0.06629320316985439  0.19579102928003667  0.042038072524939754  0.33046209970171614  
0.6986847954457  0.2512758664997226  0.7664746931526583  0.4018315755819505  
0.650899996471113  0.38788744943382175  0.731190072190771  0.4363720923327428  
0.36890276175176884  0.32824873285148676  0.4695846404913958  0.3246297824343954  
0.19366764330626227  0.4763915078072933  0.3951025621234641  0.35693394880141316  
0.7483239743530604  0.14935630980132863  0.7434218235469566  0.3211784405115133  
0.8471880319461178  0.5264066936423519  0.8816115823358063  0.7705203843532665  
0.6159217076751332  0.43583923262428736  0.9080287314709529  0.6421695438465057  
0.3022503126018422  0.44152156003395365  0.4237036158758678  0.35094426743332974  
0.4155119100866908  0.5024476944077905  0.6707198558601312  0.5330117671171725  
0.8537786051848213  0.8076864289118463  0.8163287967325327  0.8930513213243997  
0.734988235314792  0.188762640645418  0.8132927828076318  0.5326290143742752  
0.3995522260911193  0.5181582821313844  0.5690320914689542  0.47078198758029083  
0.677656104626923  0.22499174155224774  0.6944762472044939  0.3344440018673485  
0.8310953927360644  0.22161713887842752  0.9343993370566884  0.5879898091523643  
0.7826969598071001  0.4760489105550377  0.9019335313598428  0.6718319244889108  
0.9014404484753452  1.081390610257759  0.6695406002639116  0.16213015006404627  
2.0539523205829372E-47  1.558105347352792E-161  3.6568836041033213E-35  1.2201975936760467  
1.863290789602809E-70  0.9658120271316387  6.79907984550685E-18  0.5509439863835145  
0.9462913588291006  0.05466327005586724  0.9468478605345589  1.4798701167116998E-46  
2.916845761520632E-33  0.43496957054879626  1.1649711787381066E-131  0.657936381577263  
0.6923804232347621  0.5805715600414315  0.8762150030290532  0.7547895742386708  
0.7489293763538915  0.4409451412917032  0.9034491603712889  0.6814842362691025  
0.5983371303564924  0.2569465878878528  0.6646654017885129  0.3564028449170323  
0.8078908821953374  0.21496044154931826  0.9300358723328286  0.5826789738653596  
0.6668678257719394  0.5880244951713219  0.7437213392927585  0.5473502355016724  
0.4222678852940579  0.5425799436607871  0.7446920142347996  0.6867191211080382  
0.38088967591916983  0.297833935790891  0.4831065665293366  0.2746105601088243  
0.3813507071954632  0.3634030117789947  0.538589496942355  0.4330657814328037  
0.556941389276677  0.30801130134478094  0.6380176159961466  0.3753597679320904  
0.0  0.0  0.08890510772086918  0.0014497483001466398  
0.9936163896641538  4.6116001238236106E-12  0.04250034668617664  1.501682460101874E-61  
0.2996277030393717  1.0292838692228402E-20  1.1038984281470687E-233  0.6114022107072019  
9.044580648100733E-33  1.1068523135259973  0.6479560080343171  0.12356715700654711  
2.4588378359139063E-297  0.19325255457909263  0.0  1.6930356375782117E-134  
1.441052109068743E-268  2.8924877204E-313  0.17455418610569073  0.35297028758995425  
0.516531192680384  0.40746413855353303  0.9110943447146206  0.759782847768789  
0.470299081442415  0.4037006690402143  1.107660446869951E-134  0.3642831229038491  
0.3903472970300047  0.5882174418204241  0.9098043071953809  0.6810457495671913  
0.7426130178954371  0.06833904435157902  0.35452978396889273  0.05901066457902948  
5.295769725468479E-6  0.4397601981677116  4.361009405730943E-125  0.35163657147706273  
0.8942500686183648  0.9308481868087244  0.30092792292500753  0.6211506229544154  
0.9162256521586458  0.9141107160662552  7.257505904284187E-9  0.8591389403946376  
0.9543211809703075  0.5149495082363613  5.142310575758569E-56  0.9321353544083862  
0.8908312575623948  0.04358775882175717  0.10683003823121429  0.9569009826351629  
0.8515772844425354  0.6489070201543216  0.8548673771979619  0.8472631544467597  
0.8359504896524409  0.31983443218124735  0.9203248813769501  0.6337997887344677  
0.8190602217809341  0.3262485287921106  0.9097444782041666  0.6103664609388652  
0.6434928256287241  0.2315841939137403  0.7431006340066919  0.31721717975595776  
0.7090733278223643  0.23776847746937002  0.9326292916947636  0.5643734944144254  
0.6241217796089089  0.5714300782886098  0.7430211126187544  0.5108667377062271  
0.8314046627453445  0.5505554834879114  0.8737047492306519  0.8043096360052214  
0.6133660417538017  0.5016422535784277  0.6950384032887935  0.49682955685065067  
0.8424569793985263  0.44528262580855915  0.8861458611455975  0.7669368227554875  
0.47545751470935677  0.41115181857056915  0.6539205759774236  0.4179177425391864  
0.6646842362184109  0.5900319630013335  0.8730128217935004  0.6502633677215683  
0.8521737215220779  0.968696998227775  0.33452253606891313  0.3492359299177261  
0.0743061454136238  7.755420082037308E-63  0.3995437008721684  0.9812934721978955  
0.8802146634537313  0.46455504182049684  0.9530101655988306  0.18347262486345697  
0.9950467617598125  0.5177582808756384  0.05002518488187088  0.39100385931522014  
0.861795981098338  0.42830424770544406  0.004561160677138517  1.0999633341281194  
0.6166733140506079  0.5954611538934399  0.8279787772980214  0.5496352963159696  
0.8453890527424371  0.4525478988317391  0.9041134899906853  0.6768558190758992  
0.7635112693525532  0.4831597303541883  0.8684866006160357  0.642789295257388  
0.545873187678035  0.5529481524149158  0.7909945636399864  0.5929971882980009  
0.4900018457458599  0.6227134496884649  0.6139027988699448  0.48304054973069854  
0.7490865528764401  0.546233771345878  0.8803991171562249  0.7594174036485626  
0.7210969111693075  0.4281671700818854  0.911946837947894  0.6377953217725741  
0.5131178010384256  0.5124161511216571  0.7257357647729202  0.49161278809696357  
0.6855593036660496  0.43562236328082543  0.9053707305257657  0.6700078086554389  
0.7016931896599373  0.6559594736419229  0.8546573877089256  0.6923814994586619  
0.5386661156386542  0.2774168962363034  0.6293191452426351  0.4058162829849752  
0.7984682574505063  0.49117858899596417  0.8962063802443982  0.6984708719912792  
0.3329056651747825  0.501186849930955  0.5905709595222378  0.45672502649513586  
0.7892955947745838  0.6319312915856696  0.8675615988568991  0.7727328855569757  
0.43471576954106783  0.565596344403969  0.6831796428352814  0.6031406146610081  
0.8573541830488228  0.5401523869772218  3.575463533837592E-5  1.1587583073460963  
0.389523237874854  0.493077586910251  0.8782114571562768  0.39250511022793877  
0.7395216159586789  0.5897786580671411  0.8767191645336581  0.7444546031856326  
0.612787088113869  0.44490737914471234  1.1419483177124984E-7  1.0233282414555436  
0.6839713202681802  0.46334694007478294  0.8924853875061964  0.6314022698749936  
0.5255029695205149  0.3072316815584663  0.7245911316205366  0.4015509513619584  
0.6288016252829651  0.5179796554586074  0.8946986379514907  0.672091383215992  
0.8547825375028945  0.7228094515122325  0.8414000515973262  0.8505624626558178  
0.6030774728997343  0.6194367311381169  0.8043487949688823  0.5878555955968203  
0.5799122206850714  0.40623834126268954  0.7362772381342526  0.49189322360856985  
0.4231281494264785  0.2706522771475328  0.42535205185730735  0.2621769514384981  
0.454901189093247  0.1595383445316926  0.4074358848152551  0.19915878147679686  
0.8553793945935044  0.7665927628294827  0.8299260849330379  0.8646913176016202  
0.6709530653853724  0.6507285421630397  0.8584806711477957  0.8121641961293801  
0.6775856941816923  0.5410512534026509  0.8895215992128293  0.6953589155854483  
0.716883223485661  0.4595624317065349  0.9104970385370311  0.5226223417547291  
0.3357431342567678  0.09943105428709312  0.5014037057870296  0.38920648533481417  
0.4929142478329555  0.24399967849426005  0.682522553547404  0.3378616188148657  
0.8178779129182606  0.619871369298974  0.8690939985936734  0.7742294912505653  
0.566650157698136  0.3048942806580215  0.7164101223725732  0.3814106707715149  
