0.8093306422938232  
0.01090211450012971  
0.7968246959571713  
0.03875016898233217  
8.167074108788425E-8  
0.8054824028507606  
0.1704387057767231  
0.571567662355483  
0.8054824028507606  
0.8054824028507606  
0.3655111017693604  
0.8054824028507606  
0.8054824028507606  
0.8054824028507606  
0.8054824028507606  
0.8054824028507603  
0.8054824028507606  
0.8054824028507606  
0.8054824028507606  
0.8054824028507606  
0.7962972310254184  
8.112593458297706E-8  
0.8125923159675964  
8.133080313727502E-8  
8.146054709884013E-8  
0.8054824028507606  
0.8054824028507606  
0.8054824028507466  
0.8054824028507606  
0.8054824028507606  
0.8054824028507606  
0.8054824028507606  
0.8054824028507606  
0.8054824028507606  
0.7307307726797732  
0.03421413794162849  
0.08169347445290612  
8.126913003205029E-8  
8.117290023179659E-8  
8.149006552314733E-8  
0.8078181172610052  
0.017394793027005518  
0.7502423859054043  
0.07346861053812256  
8.141207478545003E-8  
0.7465152852808652  
0.05422715001463794  
8.237977312309788E-8  
8.150085221489856E-8  
0.8054824028507606  
0.7367735317193516  
0.8054824028507606  
0.05969072241079212  
0.25414004981301114  
0.8054824028507606  
0.8054824028507606  
0.8054824028507606  
0.8054824028507606  
0.8054824028507606  
0.8054824028507606  
0.794882724532865  
0.014416530036196003  
0.7783292236109681  
0.022901445147124392  
8.11161621739669E-8  
0.09455823217243377  
0.8054824028507606  
0.8054824028507606  
0.8054824028507606  
0.8054823731266025  
0.8054824028507606  
0.8054824028507606  
0.8054824028507606  
0.8054712345338214  
0.8054824028507606  
0.8054824028507606  
0.8054824028507606  
0.8054824028507606  
0.7015713161085263  
0.8054824028507606  
0.7864495653306532  
0.03208981250487609  
0.7902690161266684  
0.02972767728776142  
8.149999620526302E-8  
0.8125014349200591  
8.308998842491398E-8  
8.264717172710549E-8  
8.275466476952076E-8  
0.8066974094606582  
1.1551145707358847E-6  
8.599604707784514E-8  
8.247661781872519E-8  
3.372606195418519E-7  
0.8054824028507606  
0.8054824028507606  
0.8054824028507606  
0.8054824028507606  
0.8054824028507606  
0.4386958376382389  
0.4254414827485113  
0.4963938637023608  
0.34945183285201137  
0.36984577102189603  
0.1634453474680714  
0.8054824028507606  
0.23269564616670882  
0.8054824028507606  
0.8054824028507606  
0.8054824028507606  
0.022915321496401575  
0.6399422761049909  
0.8054824028504327  
0.8054824028507606  
0.8054824028507606  
0.8054824028507606  
0.7855795161746991  
0.8054824028507606  
0.8054824028507606  
0.8054824028507606  
0.4373190095429341  
0.3803351429631386  
0.2833489583781012  
0.28094317783802136  
0.16805042191412956  
0.8054824028507606  
0.40173101792230553  
0.7631410575561837  
0.8054824028507606  
0.8054824028507606  
0.8054824028507606  
0.8054824028507606  
0.8054824028507606  
0.8054824028507606  
0.3220531670059974  
0.11040644269822343  
0.07893660154317145  
0.2111862184112634  
0.073314481160673  
8.144497271079167E-8  
0.29412240722739497  
0.5882798123919485  
0.36845994949533184  
0.37717806488604777  
0.07251426007053277  
0.2710932660977382  
0.33630278718622186  
0.0015859730264710106  
0.16957178708115084  
0.7418471666032501  
0.2261047566792989  
0.8054824028507606  
0.8054824028507606  
0.8054799962466059  
0.8054824028507606  
0.12166326982385595  
0.8054824028507606  
0.8054824028507606  
0.5220089210372357  
0.8054824028507606  
0.408427331821803  
0.4043082083661983  
0.3331813237808347  
0.42261252397119486  
4.85281950904804E-4  
0.8054824028507606  
0.7895319846533857  
0.8054824028507606  
0.8054824028507606  
0.8054824028507606  
0.8054824028507606  
0.8054824028507606  
0.8054824028507606  
0.8054824028507606  
0.8054824028507606  
0.8054824028507606  
0.8054824028507606  
0.8054824028507576  
0.8054824028507606  
0.8054824028507606  
0.4592599272432997  
0.27012436093354314  
0.805851151840165  
0.30530905530818137  
0.8054824028507606  
0.5292742865725157  
0.5084068644067266  
0.15030995731452884  
0.2856401994616334  
0.8058512179335507  
0.02249066580385994  
0.8054824028507606  
0.28098606998226217  
0.30531001181933165  
0.8054824028507606  
0.8054824028507606  
0.8054824028507606  
0.8054824028507606  
0.8054824028507606  
0.4356164218448104  
0.5199280617251224  
0.3010545690285824  
0.41900826311351297  
0.2570685866626854  
0.15336850711088043  
0.8054824028507606  
0.1335316448337472  
0.8054824028507606  
0.3850936419323968  
0.8054824028507606  
0.8054824028507606  
0.8054824028507606  
0.11377645023573135  
0.8054824028507606  
0.8054824028507606  
0.8054824028507606  
0.8054824028507606  
0.7806122073248642  
0.021799610244778382  
0.5311765896200188  
0.5885203418782037  
0.2941146513069754  
0.35334245685996757  
0.27918908816163185  
0.15834647261874843  
0.8054824028507606  
0.8054824028507606  
0.8054824028507606  
0.8054824028507606  
0.5061741565827009  
0.4815239725524791  
0.8054824028507606  
0.8054809177644585  
0.2709224897684058  
0.06430815206360807  
0.11002379149542146  
0.3086101178805312  
0.2806187835768427  
0.02715062807765477  
0.10243260623305345  
0.526090114793298  
0.3374164299573123  
0.44303738375178103  
0.11214011194590208  
0.22220212401915668  
0.49934753157099027  
0.30531062347326116  
0.0761770640137305  
0.8064465123286506  
0.8054824028507606  
0.8054824028507606  
0.25593914703641973  
0.8054824028507606  
0.05162013736388202  
0.4335428123099851  
0.02749692609484857  
0.8054824028507606  
0.721768468865399  
0.8054824028507606  
0.8054824028507606  
0.525432332647613  
0.049732891668047445  
0.44799271336082197  
0.05963144067092035  
0.4710305759453537  
0.8054824028507606  
0.6090843877212506  
0.8054824028507606  
0.8054824028507606  
0.657835019864996  
0.17090285293699553  
0.8054824028507606  
0.8054824028507606  
0.8054824028507606  
0.8054824028507606  
0.8054824028507606  
0.7732341596090079  
0.8054824028507606  
0.4972108144383642  
0.8054824028507606  
0.2431535788445672  
0.8058512179335507  
0.8058512179335507  
0.08318394249667382  
0.3053104941869967  
0.6908006367155783  
0.4148960852181648  
0.8054824028507606  
0.8054824028507606  
0.8054824028507606  
0.12373944783456264  
0.4427991370484144  
0.8054824028507606  
0.8054824028507606  
0.8054824028507606  
0.3742838331982374  
0.8054824028507606  
0.8054824028507606  
0.8054824028507606  
0.8054824028507606  
