1.2357473638678491  0.8199129316401081  1.2500903586853565  
0.0  0.08849803351238793  0.0  
1.162418663254243  0.7334752841937784  1.2876408121168668  
0.0  0.0  0.13989826436017308  
1.8476731397964922E-7  0.0  0.0  
0.6674546048934035  0.9456029805243195  0.5729057018648593  
0.20061481427736763  0.5120919027247053  0.26653776724115263  
0.17741685374877897  0.6898117407574942  0.47894473960960826  
0.6536533460650522  0.946681021998916  0.5362929104990514  
0.5576144313945964  0.9537496958155028  0.38151239160055117  
0.4056983823252865  0.7595824446957969  0.35063528790644655  
0.6248516056137126  0.9487010303916971  0.5330085203542  
0.44863002610149194  0.6689514723050137  0.24149954579844235  
0.21732781511644966  0.28837249618009747  0.08753087800928848  
0.2786110600866061  0.8837524224413987  0.5064168894464249  
0.3636899263931431  0.9670195518423  0.4942887049124307  
0.32530163518639593  0.4108491220132394  0.12165961943442234  
0.40942243041245846  0.952340085512977  0.4827741958393926  
0.36121151492698855  0.8720797161354573  0.41920221251436945  
0.5429356797588683  0.801651789767471  0.30578824493305834  
1.2395481841842608  0.7822409540945259  1.2699676248608975  
0.0  0.15353616427156866  0.0  
1.215086877755652  0.92227205078478  1.2449903761455523  
1.458450037707362E-7  1.1203642419682204E-7  0.0  
1.5161648481013742E-7  1.1072996964867899E-7  0.0  
0.7027495653714986  0.9436216774180834  0.419500465832286  
0.6437414700352952  0.946827637325947  0.7093822105135341  
0.7448694863040133  0.9405552673127539  0.46009623746712003  
0.3432435334309096  0.7423711595735385  0.32341453436965  
0.7725087107019643  0.938937771583913  0.3609705101919114  
0.28774123121042616  0.6730982720212598  0.32441900402120116  
0.4340646194995102  0.9616101381864954  0.6612155950813611  
0.21582198384406187  0.8022451622049028  0.5414683713947023  
0.2782517365138225  0.8569623813598548  0.5079380790941177  
0.8891298935412226  0.9759020756494373  1.1843493545797463  
0.26001332054235865  0.0  0.051246920010513085  
1.2142388812692766E-7  9.229883479009012E-8  1.2516532426309932E-7  
1.2150868919552757E-7  9.222720615625413E-8  1.2449903906946307E-7  
1.6249901665994336E-7  1.2362535109483556E-7  0.0  
1.561928438530601E-7  1.0584656536880858E-7  0.0  
1.1904139432341418  0.9257585216525225  1.2418503058152037  
0.026720104866570643  0.0  0.09854854358608309  
1.1776949718757688  0.8171163061507161  1.1953072082165814  
0.0  0.12580963090455505  0.10153356485795392  
0.0  1.1312924091435608E-7  1.4374000019502477E-7  
1.2701907428748498  0.9488102420301227  0.9180122702309319  
2.5E-323  0.0  0.32935512774533077  
1.380755546744751E-7  0.0  1.3885264120833689E-7  
0.0  5.7190366162483295E-5  2.126409598174721E-126  
0.4873747131307427  0.9579042205074686  0.6570402477458805  
0.6872890260389665  0.9445942055836546  0.2848315035904757  
0.7668155314273426  0.9395700166425617  0.28595064573039125  
0.247340278194603  0.7586360940460447  0.4261959832511744  
0.3474152766705471  0.546328823850559  0.2021520470952275  
0.5182958437396603  0.9458242186654582  0.41793344839121294  
0.5354584211269973  0.95498389823574  0.5182201924753184  
0.30366998995761335  0.3573175568800981  0.10462818426292202  
0.4993191818574426  0.9574051111583416  0.5501529531434727  
0.4757206399086063  0.9590096125697595  0.563442711712615  
0.206576941088859  0.7862551848654347  0.5398399782943625  
1.2417039533889458  0.7688718801713141  1.2535620708225812  
4.9E-323  0.19760554159840943  0.0  
1.0729726947541065  0.9033207603119079  1.142802489341195  
0.13752607860210325  0.05204494349131712  0.14380334763474742  
0.0  1.5513736534277456E-7  0.0  
0.38852504726634685  0.6118315873275169  0.23480233870856532  
0.5436033062451826  0.9538881263090435  0.6866495978879728  
0.3943139268761464  0.798243637939745  0.366143961250533  
0.41948958388957197  0.6273273019600633  0.21512365173772682  
0.3576595869796917  0.594021364410062  0.2391015861473862  
0.466268820038095  0.9598178216139976  0.5156520484385754  
0.3244104835115806  0.9695516227061364  0.5622066615035511  
0.6226467282438837  0.9484260317987618  0.6695263216168141  
0.5948720115921587  0.9505132156533872  0.6221397225193502  
0.21110663481275285  0.8001752578358755  0.544747019112495  
0.2582661501820617  0.5586293352909324  0.25145330056534393  
0.31040896870346263  0.6649289894605598  0.3017930336792953  
0.31828410618419806  0.8422800599494952  0.4468967732460608  
0.33848550907157904  0.6360588356787077  0.2566780622539278  
0.45360632625199054  0.9603112793469734  0.6406234565718205  
1.2313944149982923  0.8289180000065323  1.261641872554369  
0.0  1.6161149964601862E-7  0.0  
1.0164798745163186  0.7570646445394354  1.292941086696634  
0.06764756407065667  0.1245376187033071  4.4E-323  
1.711170315785043E-7  1.0438744931228577E-7  0.0  
1.2430544767016756  0.9331610384236805  1.0944326901848147  
0.0  2.4E-322  0.06844922322827829  
1.04E-322  2.03E-322  0.08233275351809727  
8.3078E-319  2.9273345553382747E-131  0.342617216810855  
1.1744690047653026  0.8847640527087681  1.2306777727946154  
0.28056315783671815  3.279097380192642E-238  8.147157992268972E-60  
2.0206765795640453E-4  7.768977166560223E-5  2.8184382490122246E-4  
0.2411285746160293  2.7235893843139863E-231  1.2363862999310365E-28  
6.288194567190742E-4  3.849566718538413E-123  5.805032592230813E-4  
0.22616908213577702  0.6791217055289246  0.36787471810590977  
0.5434782820237439  0.9542584314206174  0.5713182979927939  
0.3595192880817457  0.9672356675489362  0.5203837766097762  
0.36757310568874746  0.9559098111723735  0.4997821624354178  
0.4403181426788635  0.9616207688015784  0.5177727514023319  
0.5099097511662724  0.9564849338327218  0.6081861529449198  
1.2287363389954404  0.23062153877503128  0.22309223012838061  
4.9E-324  0.7167414655276371  0.8784666453940599  
1.112264867446745  0.0  0.7259587128263056  
0.0893476514145473  0.44308271365132257  0.5792933666538663  
0.0  0.6841466252380304  1.0E-323  
0.3228488939681145  0.4870467883995725  0.18732977064906364  
0.16503589685450382  0.6901193018236781  0.4857989386779327  
0.2667645949487947  0.47993839886830125  0.18167711750914747  
0.46473278718475597  0.9595133239292005  0.6475860236006972  
0.5532931866212243  0.9532424163894698  0.6769605586262776  
0.36145560797625526  0.9492989423015156  0.48122130618929065  
0.5317143558347357  0.9550926061122915  0.5669956601569938  
0.7036071825393697  0.9429494187290867  0.6144211158771109  
0.40303143439247924  0.5492433785580343  0.16605676255491741  
0.5724811187914747  0.9520881874538769  0.6181248128763425  
0.1845955027594154  0.44160566330328127  0.22110329549081337  
0.24274285937185117  0.6971148127928904  0.3987192454362593  
0.2886696338315949  0.7945895635112894  0.41019234408558813  
0.30282787516074733  0.5861926333875658  0.240166391924028  
0.43665774338447344  0.9226106024084724  0.43919838630246816  
1.258752086156929  0.5679354982869188  0.23787759435983102  
2.0E-323  0.36720275186371654  0.9836417210700964  
0.8797330906310704  1.5E-323  0.3579860826797402  
0.4321856623102684  1.014649076393559  4.284428494219603E-290  
0.0  5.4419220220100715E-301  0.4523948020367209  
0.7208523987082718  0.9415576319211915  0.6741302224004555  
0.5020429293832535  0.8121196633213092  0.2950671154170399  
0.45532052405884077  0.960166932936032  0.6485440432176841  
0.15905848587599225  0.5021662872105073  0.2867219643328021  
0.4327069774063779  0.9622276575557325  0.49031591038773487  
0.4790932226238282  0.9586823312391552  0.5929530944441268  
0.4176881044605032  0.8629203792420077  0.43535887923847727  
0.7273265866922722  0.9316746171263182  0.2681328229230757  
0.6238276428110934  0.9488835662571585  0.49754705481515177  
1.2764303273691489  4.9E-324  0.852209182217747  
8.576031426642944E-195  0.2775274665974429  0.1497263661915401  
0.0  0.0  0.4801164264529249  
0.0  0.7180326241386009  0.0  
1.8623672242061253E-7  0.0  0.0  
1.6277369582878678E-7  1.1218900586845412E-7  0.0  
1.1830345724705387  0.21706581501473218  0.0  
0.14690802458936605  0.7764670871506234  1.4516553923082551  
1.2720310004958104  0.10264624664338617  0.40576763241377956  
4.9E-324  0.7121574873050063  0.55163158972658  
0.06176991781178237  0.20110264444478962  3.8352760693534544E-141  
1.3500161622365077  0.8355495362945028  0.12913310777106873  
3.36E-322  0.020127302709319162  0.008262205361449448  
3.95E-322  0.021724334316378758  0.002752685823295645  
0.08324562540655343  0.6284309379306623  0.5792969452743677  
0.7644477285800063  0.9396948914167766  0.29885411740419826  
0.5137029180214285  0.9565906913023811  0.48959837459047206  
0.26624494753754835  0.9521806155229106  0.5908054337103545  
0.11906074754982082  0.5719431823569654  0.44181656726454877  
0.24780042744033756  0.7989862228911767  0.45403261976779424  
0.5769306954539196  0.9520577374305754  0.5287743300560668  
0.2540526724882128  0.7785359813914993  0.4665467921387683  
0.14729196382974466  0.5801613853267503  0.4028459181104506  
0.3187031658205397  0.7745890502824928  0.3978030269325398  
0.36556268749963594  0.9264790036079917  0.47745584310495176  
0.41919729219125285  0.716883664252332  0.28995618674983636  
1.1627898148093274  0.0  4.9E-324  
6.614307541274021E-253  1.001020439102874  1.2917007210812268  
1.337933635851783  0.865033510329802  0.2774956665051291  
7.710246579128649E-30  0.5442855308041079  1.449916196329475E-159  
6.916488811942988E-101  0.3311120764113633  1.021400099889697E-151  
0.4364330638880424  0.8896991192349096  0.40807291617656116  
0.25468179842308336  0.8262160517655132  0.48497642532635626  
0.15413219074830284  0.6505204155387982  0.4655706526275738  
0.23201402029249887  0.6542516068475357  0.36241943608713995  
0.47467685052260805  0.8194825247310525  0.31510869379475137  
0.5430465439869266  0.9540613455170197  0.6438407043158454  
0.3868089032668463  0.723051892085201  0.2937644840413033  
0.48540011431032165  0.631580144808368  0.20062466045166033  
0.3579957510971314  0.6889429605620109  0.29455079998833866  
0.43449612089947476  0.8393099805726346  0.3804262559955323  
0.3137620266286301  0.5803613760330606  0.2349571649668345  
0.41829167537023426  0.6689582205154349  0.273708513067293  
0.30959503015908674  0.6337941429172332  0.2824192522794695  
0.6360134285261181  0.9475884243126877  0.6392693031254872  
0.6134225742388564  0.9500542540769757  0.3546014648825155  
1.1657679694006038  0.8410252896848038  1.2574064609532238  
3.0E-323  0.6360099704877332  5.4E-323  
0.48334231727176497  0.9581840413258151  0.6575247285695829  
0.14806217511715086  0.34085562281013904  0.17555239525827201  
0.18766460593987727  0.7607303639507729  0.533787767281689  
1.1602004782877569  0.9191988606024699  0.15754830384570004  
3.662960557361213E-141  0.018075589211620467  0.5699793299869124  
1.0238028836100275E-145  0.00948848465728806  0.2813057528266732  
2.937257508392996E-123  0.023357581804559904  0.9867696323746551  
0.28167633707620354  0.6442679786789042  0.3010308065729269  
0.8358910566015797  0.9342060719314861  0.4592367138029979  
0.4451814151980803  0.961201688064931  0.5435030741862029  
0.607148139911067  0.95021561791845  0.44374256130238526  
0.2631246572017499  0.8289600845596982  0.49853388300848445  
0.3476877988290195  0.5491816641729598  0.1883457461899997  
0.5860732081988004  0.9516873534074336  0.4432496981664619  
0.4758727677909635  0.8907594420024849  0.410766313974724  
0.32694374450080776  0.9570106426654318  0.5537847532387533  
0.6136815140815981  0.949122247985124  0.6470974628404526  
0.07828722942920399  0.499200608853201  0.440972060966854  
1.293901682697736  0.49975656322671064  0.6116184110438005  
0.04567840193191833  0.35015546277039084  0.6354047437862412  
1.0749284972850421  0.2506835405416606  0.38600535067156994  
1.0E-323  0.43545094092912884  0.6083387074131921  
0.3062999105465938  0.04912515865321857  0.22931333173606042  
0.4051811062413592  0.9639417680480935  0.559314891859233  
0.47933075960886207  0.5852400519967477  0.15664733321305213  
0.6640001601463128  0.9454959178451265  0.6834949538832384  
0.20918383056368314  0.5125520961912708  0.26915935093857574  
0.7413870009594195  0.9407865655766593  0.4638255062085555  
0.3338973224030095  0.9687445614128147  0.6130987876912696  
0.43270196248502735  0.8733453774267044  0.4142020905523744  
0.7204131814635106  0.9419336799950578  0.5645078585655928  
0.4399059178016557  0.961840287961257  0.45612555458186144  
0.5372603676807254  0.6328692316019702  0.17459267673267323  
0.5152410231774615  0.9560495153708728  0.6284646034571686  
0.5625318819004783  0.7728189956470911  0.24360571640062315  
0.26623963743543766  0.4611198156741834  0.19733824292678334  
0.3023253378929232  0.6087902545638342  0.28100749743468006  
0.37345209337381957  0.9660526191201726  0.5920110877027972  
1.2830629113460232  0.8396600205439417  0.3960434080680872  
1.8899010597144336E-27  1.0E-323  0.8913144403642073  
0.8152005103169225  1.5E-323  0.5929616235501227  
0.12469399090068868  0.46595194116384236  0.5704669674956349  
0.21765617168972656  2.286027105010909E-76  0.2892035277939527  
0.5896848868001706  0.9507081331806376  0.6753047947135797  
0.515665284027094  0.8265357425496408  0.33383822290820453  
0.6609808077991617  0.9455536479075602  0.7316278324197393  
0.6485879905345917  0.9473972997010934  0.42053006786857106  
0.765760929541849  0.9382444686245551  0.7306582719113619  
0.3322299693912531  0.9543934882995042  0.5549290914741725  
0.31984463124696394  0.714505384819717  0.3239106879993687  
0.43670716592070913  0.8262430434790907  0.37527327504375346  
0.33759019058613016  0.8609787817776761  0.4723989405325972  
2.9662552966070254E-7  0.0  0.0  
0.0  0.6181186145370315  6.303964775745181E-89  
0.7161608063118219  3.7853273556195846E-4  0.8106295751476192  
0.8380183634741819  0.5507899707461956  4.9E-324  
0.011429552176053645  0.0  3.317930649333662E-287  
0.0  0.0  0.5144744115781046  
9.146016734616603E-277  1.0929897707437817  0.6286047783028501  
1.3789214923958124  5.491597517891049E-130  0.5365679075006887  
1.2811182324477879  0.07459636243305387  1.3007955330330836  
0.0  0.477520723500297  5.4E-323  
3.5E-323  0.2963033620930729  3.0E-323  
3.7238665974816976E-140  0.012197549167716497  0.45562958527046543  
0.12540061855660256  0.32703078407744574  0.18403120379963608  
1.3729734881871423E-141  0.02175685157408682  0.6998379133063197  
0.36784540757514556  0.7082080255639367  0.3135157655827047  
0.09783756858440643  0.3306733855917676  0.20889037466038568  
0.31746325905516715  0.8646603378099834  0.49100972689940037  
0.648712385891571  0.9468377184121374  0.5961802771291159  
0.23184372130843914  0.7290020769272825  0.4394409473968463  
0.46151111089804847  0.9545152593014559  0.45255842827257586  
0.26310982676816835  0.8914996038992875  0.5350882365015862  
0.20612535932067277  0.36497593995998806  0.14957309243556063  
0.6505837908692514  0.9468323590008854  0.5563204253149487  
0.3956760754141264  0.9643017755950324  0.6566885446522859  
0.2513402084944107  0.8445110304341604  0.5180315513291491  
0.2593200353965872  0.531601085568884  0.2672103237505584  
1.2070508912694475  1.0226902743140847  0.16995846753289182  
5.973757183393994E-34  0.0  1.088186317839823  
0.4483683543959814  0.8883733496608125  0.3755210276369978  
0.6148041536150133  0.7898000830513865  0.2444182253041015  
0.170133578606163  0.7380163859338763  0.5421657056010403  
0.482836989511441  0.7060804893386349  0.2598309839977694  
0.3324351793832288  0.7267804655793823  0.3521880651149485  
0.5058377246893987  0.9569353118325955  0.5549870579695206  
0.5934948330026629  0.95030425958313  0.7187543188581986  
0.39502748064667675  0.6178520129934276  0.2431177433405545  
0.3996067920693758  0.4611134922897436  0.1212849799179782  
0.21715027935102943  0.6265224659118501  0.33860159329983963  
0.27340355845566533  0.9352484081169633  0.5737750231863663  
0.5258717525349321  0.955785812479794  0.4755287209986672  
0.46422537168158184  0.5767534890162527  0.16035209448662627  
0.5637529056739999  0.9531030983806646  0.48845959744551554  
0.5790468529670802  0.9520174497885902  0.4944534516129554  
0.3546412812839175  0.8605955586950591  0.4687403941959859  
0.4431116226484358  0.7824867864536479  0.33683200172905314  
0.274747111655795  0.6436115678840616  0.29548373265250333  
0.387501110369399  0.964985466471837  0.6201693474753737  
0.21699967731698913  0.6779629161334727  0.406838610592896  
0.33688064581220395  0.852072099485713  0.46554581696319547  
0.5483853605108145  0.9539362607081217  0.5648716115188678  
0.3582114001725063  0.38205214394238013  0.0917387283343429  
0.5846262507998033  0.8193717189331357  0.279843438348119  
0.2652026517960263  0.6495061285766001  0.33497583182544144  
0.5706871957856481  0.9520723950306298  0.663040201102129  
0.3813217268925262  0.7355120693017182  0.33229528595312746  
0.19847176251987855  0.7226094365678039  0.48407756046741107  
0.5414374572115012  0.9548512429471847  0.42700994340452003  
0.48123615649553786  0.7883510579364984  0.2894835977876193  
0.27344694065988495  0.6644525758456501  0.3488349601376806  
0.25584901971117785  0.3617525106281743  0.11756266249283835  
0.11661773738385915  0.3713837165405094  0.2122574913701566  
0.4669396646418074  0.9593172254959682  0.6610663638269048  
0.48737854958283167  0.6660068840807359  0.23957468967488138  
0.24083896699456034  0.3434710043873951  0.12011708022441535  
0.7080494594071679  0.9424117831829754  0.6866152014882125  
0.38721860651951573  0.6391166663086572  0.2470060733673436  
