0.7653212029940918  
7.67235046981675E-8  
0.7651683129188771  
0.01600183531837007  
7.66370952061853E-8  
0.7640099101485485  
0.7640099055168545  
0.7640099101485485  
0.7640099101485485  
0.7640099101485485  
0.7640099101485485  
0.7640099101485485  
0.3081574784842725  
0.7640099101485485  
0.7640099101485485  
0.7640099101485485  
0.7640099101485485  
0.7640099101485485  
0.7640099101485485  
0.7640099101485485  
0.7649847244632663  
7.659193018495001E-8  
0.7646924366701529  
7.658745353550192E-8  
7.659627501103504E-8  
0.7640099101485485  
0.7640099101485485  
0.7640099101485485  
0.7640099101485485  
0.7640099101485485  
0.7640099101485485  
0.7640099101485485  
0.7640099101485485  
0.7640099101485485  
0.6898143341677655  
7.662448431863837E-8  
0.048029809243564606  
7.655922284949684E-8  
7.664156931760501E-8  
7.66874987399923E-8  
0.7548934295252752  
0.010578227703236333  
0.7227666116304003  
0.04793367864953801  
7.66924522188724E-8  
0.7651683129188771  
0.0643363515475427  
7.692264075328153E-8  
7.698133104362007E-8  
0.7640099101485485  
0.7640099101485485  
0.7640099101485485  
0.7640099101485485  
0.7640099101485485  
0.17464708623086947  
0.7640099101485485  
0.6994424755535874  
0.45499583908698243  
0.7640099101485485  
0.7186030477023133  
0.7649380770391279  
7.670441849145227E-8  
0.7214141546305908  
0.031746370165945614  
7.657079259920364E-8  
0.7640099101485485  
0.5950661018419704  
0.7640099101485485  
0.2816399264300655  
0.7640099101485485  
0.7640099101485485  
0.7640099101485485  
0.7640099101485485  
0.7640099101485485  
0.7640099101485485  
0.658061810093367  
0.7640099101485485  
0.7640099101485485  
0.7640099101485485  
0.7640099101485485  
0.7353099349579613  
0.030331589818769104  
0.7644847570800517  
7.677001249954638E-8  
7.66120819188484E-8  
0.7649847244632663  
7.730062059359052E-8  
7.72324412614471E-8  
7.691803959676843E-8  
0.7649575649021483  
7.717151597923807E-8  
7.751133190407475E-8  
7.724485152119351E-8  
7.706099639309614E-8  
0.7640099101485485  
0.7640099101485485  
0.7640099101485485  
0.7640099101485485  
0.7640099101485485  
0.7640099101485485  
0.3563745162376233  
0.41821042079928333  
0.2914800917001075  
0.38352953968737813  
0.11196454454471955  
0.7640099101485485  
0.7640099101485485  
0.7640099101485485  
0.7640099101485485  
0.7640099101485485  
0.12066497598834348  
0.20598308902570234  
0.7640099101485485  
0.7640099101485485  
0.7640099101485485  
0.7640099101485485  
0.7640099101485485  
0.7640099101485485  
0.7640099101485485  
0.7640099101485485  
0.4843812890104511  
0.323698376740108  
0.3188179616468116  
0.21593191383396543  
0.20519467749759396  
0.7640099101485485  
0.7640099101485485  
0.7640099101485485  
0.544717098219567  
0.7640099101485485  
0.7640099101485485  
0.7640099101485485  
0.7640099101485485  
0.7640099101485485  
0.38346686137056357  
0.10461433594101538  
0.09563123236259133  
0.12704014135423058  
0.06979390885170915  
7.65754053914286E-8  
0.2249835803719647  
0.5012422513872  
0.306023711674163  
0.3409185698014357  
0.10111632253461544  
0.42003054457259215  
0.40078090965735985  
0.010901263529862955  
0.19830936187153797  
0.7640099101485485  
0.7640099101485485  
0.5379327661723842  
0.7011642351326858  
0.7640099101485485  
0.5197235845110204  
0.5114889214900277  
0.43362512140600157  
0.5102763263261525  
0.7640099101485485  
0.7640099101485485  
0.27956070475768974  
0.41168940934429377  
5.421094582629762E-4  
0.3154165378389394  
0.1994315718496378  
0.7640099101485485  
0.7640099101485485  
0.016091717145967847  
0.7640099101485485  
0.7640099101485485  
0.7640099101485485  
0.7640099101485485  
0.7640099101485485  
0.7640099101485485  
0.7640099101485485  
0.08182608735002303  
0.21580162601945824  
0.7640099101485485  
0.7640099101485485  
0.7640099101485485  
0.4994629202834432  
0.14425192194556893  
0.7647590721885743  
0.0940106804985651  
0.18621499244600215  
0.05232122848422146  
0.7640099101485485  
0.05383657170349121  
0.11582901290393681  
0.7647590721885743  
0.1862157199296353  
0.1736524997538689  
0.1862145276664542  
0.7640099101485485  
0.7640099101485485  
0.7640099101485485  
0.7640099101485485  
0.7640099101485485  
0.44310370554622025  
0.7640099101485485  
0.4527514314104425  
0.2844834041309998  
0.4126256590674892  
0.2468533647969129  
0.12946655105922647  
0.7640099101485485  
0.7640099101485485  
0.7640099101485485  
0.7640099101485485  
0.7640099101485485  
0.7640099101485485  
0.7640099101485485  
0.7640099101485485  
0.7640099101485485  
0.7640099101485485  
0.7640099101485485  
0.7640099101485485  
0.7640099101485485  
0.7640099101485485  
0.7640099101485485  
0.6058150106959291  
0.19542131319769837  
0.443045565341922  
0.2208207178166521  
0.2209954413279569  
0.7640099101485485  
0.7640099101485485  
0.7640099101485485  
0.7640099101485485  
0.7640099101485485  
0.36545154304044136  
0.5111023744292199  
0.7640099101485485  
0.7640099101485485  
0.05059583691086696  
0.16332265149731132  
0.18354019789263692  
0.2626304602519243  
0.023875660259679504  
0.09644227517127307  
0.500284417145477  
0.25933130654251785  
0.4496040258727664  
0.1332303915242497  
0.17127337452484773  
0.7647590721885743  
0.18621606259169798  
0.023200622094967205  
0.1862159750863576  
0.7640099101485485  
0.7640099101485485  
0.7640099101485485  
0.7640099101485485  
0.7640099101485485  
0.7640099101485485  
0.05959548015042201  
0.7640099101485485  
0.7640099101485485  
0.7640099101485485  
0.7640099101485485  
0.5988486627467173  
0.18237647980977872  
0.2945562585982156  
0.1862152436895584  
0.43069224623071173  
0.7640099101485485  
0.7640099101485485  
0.7640099101485485  
0.7640099101485485  
0.7640099101485485  
0.7640099101485485  
0.7640099101485485  
0.09320584136563187  
0.7640099101485485  
0.7640099101485485  
0.7640099101485485  
0.7640099101485485  
0.7640099101485485  
0.7640099101485485  
0.7640099101485485  
0.2133191461068917  
0.7647590721885743  
0.7640099101485485  
0.18621589739511696  
0.04397990493108505  
0.7640099101485485  
0.7640099101485485  
0.6406574806635037  
0.7640099101485485  
0.3443725909704331  
0.7640099101485485  
0.7640099101485485  
0.39185730122604984  
0.7640099101485485  
0.7640099101485485  
0.7640099101485485  
0.7640099101485485  
0.7640099101485485  
0.7640099101485485  
0.7640099101485485  
