0.8365214151772851  
0.010622425473659944  
0.833854382808828  
0.025291274408340135  
8.508776386900365E-8  
0.011612747518235685  
0.5710800074143074  
0.4593732657338987  
0.8133512672920176  
0.8133507640462369  
0.4404086865487051  
0.8133512692586525  
0.613312220634183  
0.8133512265308607  
0.8133512693834956  
0.8133510512939278  
0.8133512656808173  
0.5176803269261805  
0.12338088678956576  
0.47694652923813063  
0.8364186070102034  
0.019372297629527493  
0.8422458473802925  
8.539266472664545E-8  
8.491636713700463E-8  
0.8133512516504247  
0.8133512679473798  
0.8133511232354157  
0.8133511960710538  
0.8133512138305576  
0.8133512690697658  
0.07891319115123145  
0.8133512694399966  
0.8133512463057069  
0.7279976631743851  
0.06337460759157106  
0.05960880932941614  
8.445831029627102E-8  
8.533141561802512E-8  
1.1966284666625343E-7  
0.8235616321787912  
0.027489834424647325  
0.7862092748146278  
0.05428675954783841  
8.64543144566303E-8  
0.7955379141042362  
0.060875114836492654  
1.0053545137255296E-7  
1.925371352912091E-6  
0.06537385384639673  
0.7389061486591654  
0.16307658366522895  
0.6206614130404131  
0.8133512264791267  
0.41484824965662576  
0.8133512701355312  
0.8133512677510132  
0.8133512698138972  
0.5852825525574249  
0.8133512457233095  
0.8378401074539134  
0.01880446759793417  
0.8181705913510793  
0.03419245012936913  
0.0076894926607619625  
0.813351263424976  
0.813351267982163  
0.8133511312108583  
0.8133512672280903  
0.8133512683563329  
0.8133512667905476  
0.37842002137667785  
0.8133512685725548  
0.20064409502907268  
0.22450831884446767  
0.7471670680770534  
0.8133512118115831  
0.8133512644251547  
0.8133512646731906  
0.8133512367702108  
0.8321069065114111  
0.02135133536142289  
0.8270759368697116  
0.037610733414954974  
8.559116368093058E-8  
0.8410389841763793  
4.5010495646695967E-4  
3.6925589466326977E-5  
0.0027040144617665202  
0.8250248331188051  
0.00831801618860732  
0.0065512961211276945  
0.003979252206791969  
0.0035344039694810247  
0.45218952273619284  
0.8133512609061185  
0.8133512672737725  
0.16647050503668576  
0.8133512609464922  
0.8133512571657683  
0.4399035895514608  
0.36003609656855873  
0.2821958610842347  
0.4197562774080997  
0.10746117979127744  
0.8133512686868847  
0.8133512698517033  
0.8133512700424722  
0.8133512592205214  
0.8133512420526143  
0.81335125568036  
0.27518018770796576  
0.8133512603514659  
0.8133512348877854  
0.8133497612556051  
0.8133512666806907  
0.8133512643166384  
0.8133512689912732  
0.6378877807025943  
0.17440675767952793  
0.46445974001385903  
0.500419626981183  
0.26596051361869  
0.2665788354979649  
0.26132382022246675  
0.8133511492158556  
0.8133512653458143  
0.6147906869515719  
0.8133512517759499  
0.7818296809018106  
0.6273059242148779  
0.8133512621313946  
0.4149153588772368  
0.8127687115411029  
0.41288533978495345  
0.28339918211095144  
0.22224669899868776  
0.09516915771847191  
0.05075214571497379  
1.255563141681982E-7  
0.17944048545548924  
0.7032699920862266  
0.36898301540424483  
0.3596998316516344  
0.05398462526450484  
0.23138077658075082  
0.19280469316286644  
0.06442024588529405  
0.4738468568857656  
0.6118720221567505  
0.5987945371083262  
0.8133511627422402  
0.8133512699627385  
0.724162075255791  
0.5993612887509826  
0.8133510802138801  
0.8133512625279469  
0.8133512673657903  
0.8133512699444185  
0.8133512690564964  
0.3264720401405987  
0.5477854457594988  
0.3649812571514046  
0.353673558509139  
0.20028573401545743  
0.7583390174946562  
0.8133511935934827  
0.629056923337022  
0.8133512688147186  
0.8133508875216884  
0.6695271742121239  
0.6292186580301476  
0.8133512694328465  
0.6069313186816717  
0.7228007074923312  
0.17328118492606992  
0.08207151363503902  
0.813351266269995  
0.8133512507641073  
0.8133512700467417  
0.43093344707874864  
0.20409595092175564  
0.13202613219473427  
0.2416383588771523  
0.8133509918035987  
0.1942910065694666  
0.15306549090272095  
0.45613556886021794  
0.5030956247457601  
0.8133511493362356  
0.8133502932967818  
0.8133512698480859  
0.8133512699977316  
0.5665284533279071  
0.6292022521617289  
0.8133512136648818  
0.600561817800157  
0.8133512619276603  
0.3825701317646307  
0.17166686780698065  
0.4503789285175811  
0.33079587442371944  
0.4305203095831529  
0.2993800339844295  
0.14801654435109274  
0.8133512655179086  
0.40914702651103213  
0.81335126715957  
0.8133512648707607  
0.5750845108086715  
0.8133512595027141  
0.5496777724544536  
0.8133512696777825  
0.813351250193322  
0.8133512421174757  
0.8133512700558125  
0.8133512699930889  
0.8133512641962706  
0.5850613991419786  
0.8133512699678389  
0.6796562523944046  
0.23092633117237832  
0.20748046771819953  
0.3428261800536038  
0.3836146838548931  
0.8133512626575704  
0.8133512238426829  
0.8133512379121505  
0.8133512674483732  
0.8133512644531379  
0.8133512685534123  
0.8133512684837889  
0.6337636691447445  
0.813351267635779  
0.16629416660732707  
0.18627616728251406  
0.29796889978491603  
0.13268162911480574  
0.028251803369307653  
0.05285514844979375  
0.40792310028937884  
0.5015599613699397  
0.4955286198029177  
0.31442549308769197  
0.16783323682160944  
0.010576936837386869  
0.8133512264898168  
0.8133508473873703  
0.8133512659776807  
0.8133511911676584  
0.8133512159929271  
0.06501636812469845  
0.8133512649965651  
0.8133512643327688  
0.8133512687463818  
0.5655484490811129  
0.8133512520010459  
0.8133512701173483  
0.46548155749280634  
0.4303529539657585  
0.6264786420873879  
0.07276257820681631  
0.8133508217226095  
0.81335124307494  
0.8133512696245443  
0.1330187414386416  
0.8133512587818731  
0.8133512699237015  
0.8133512699951553  
0.44171285218411493  
0.8133512688777766  
0.8133512542841588  
0.8133512679357003  
0.8133512675849832  
0.8133511898168685  
0.4360106757843253  
0.18211320973206999  
0.813351268872332  
0.8133512661472244  
0.6885673180046695  
0.8133512698749522  
0.8133512695150534  
0.813351258357734  
0.5683224197443159  
0.813351269677639  
0.019411827361281078  
0.813351058731805  
0.8133512692948145  
0.8133512676490544  
0.813351269089794  
0.8133273605625904  
0.4923134196298498  
0.41411674366989665  
0.8133512665060353  
0.8133512632742648  
0.3617156211358617  
0.8133512119083729  
0.8133511298047001  
0.2801145007021512  
0.12935291094630688  
