0.8410550973528282  
0.017037777554012253  
0.8256332604712205  
0.02489968434356007  
8.565521361354863E-8  
0.8331041071098149  
0.8331041087282907  
0.8331041067614045  
0.8331041075542076  
0.8331041069010985  
0.8331041043733769  
0.8331041087269482  
0.8331041075016399  
0.8331041087523918  
0.8331041085168543  
0.8331041083400126  
0.08954767699756203  
0.4956443807527426  
0.7509968586334338  
0.8331041087834433  
0.8524510235109437  
0.021649774559059705  
0.8468464103121729  
8.5744763165381E-8  
8.524960078187232E-8  
0.833104105999342  
0.8331041079792776  
0.8331041076597561  
0.8331041066851957  
0.8331041077110869  
0.8021957155370882  
0.14514633903828206  
0.2752603960872527  
0.6958758391983244  
0.7132916572044345  
0.04194996224442108  
0.05491494483309878  
8.584446315183614E-8  
8.590359333935934E-8  
8.591077877871375E-8  
0.8399918917432958  
0.012216902491967326  
0.7913770831483545  
0.06665923111742855  
8.611534630029945E-8  
0.8516656558985909  
6.272581269606444E-5  
1.4314502729143277E-4  
1.287895852336971E-6  
0.5143154789748803  
0.632945194385133  
0.5060929445987767  
0.8331041082589039  
0.7211117429209877  
0.8331041084012218  
0.3125200931991115  
0.032785911460490945  
0.8331041078195401  
0.8331041074282701  
0.6972037848516169  
0.8349198756557191  
0.020255970748220258  
0.8106362547255431  
0.05575265478469151  
0.00770187814703785  
0.8331041083507412  
0.8331041084500195  
0.3690723437257849  
0.8331041078526641  
0.8331040257015907  
0.8331041083351827  
0.8331041087370094  
0.8331041085653562  
0.8331041088150608  
0.833104093867507  
0.8331041069731047  
0.8331041087382429  
0.8331041064147724  
0.251010818950475  
0.833104064047952  
0.8139260016981373  
0.04133054889556236  
0.8255161353522148  
0.032409714756539615  
8.617943094279463E-8  
0.8482281808865128  
3.4995289807482997E-7  
1.7691516949343853E-4  
9.303683176099336E-7  
0.8500704237192457  
7.241692828436457E-4  
0.0016893890180624581  
0.10415994676320808  
5.764373117184896E-4  
0.6167086197373742  
0.2185512885333076  
0.8331041086282889  
0.5399427468830751  
0.8331041083410334  
0.6008666485200319  
0.46001673407525684  
0.326767638919472  
0.4266264451528376  
0.217262689277499  
0.15580148076961775  
0.5794629055833722  
0.8331041085241764  
0.12030926489192945  
0.38075032015423266  
0.5642210969421364  
0.5616018391787398  
0.8331041086650273  
0.160842813210914  
0.8331041087961991  
0.83310410876583  
0.4165384432910816  
0.8331041072626154  
0.25092876067653014  
0.8331041074702245  
0.8331041054110048  
0.5400193924045401  
0.3552514318491544  
0.3423501802940143  
0.3392180770646825  
0.1800205463494438  
0.5697084110703803  
0.8331041059350307  
0.833104108126892  
0.8331041086789996  
0.5871939481142237  
0.8100848546955666  
0.7214566156833454  
0.8331041076907799  
0.83310410584821  
0.3784482451455751  
0.1251830562873232  
0.08390331662824865  
0.17239485873162966  
0.09166300184415543  
8.627115836415059E-8  
0.275877816957515  
0.48184876300622714  
0.4680205661046449  
0.2358339953072157  
0.061770069605400615  
0.5306218703471185  
0.012003129319890032  
0.005382962075252707  
0.2899251448308821  
0.8329451523673638  
0.46839900710100235  
0.7916391107678403  
0.8331041083834226  
0.8331040951206076  
0.8331041067004061  
0.8035695956689233  
0.5886837274258211  
0.8331041085886225  
0.8331041082860956  
0.5812272154212039  
0.4689234472004289  
0.424364110349434  
0.2390288759848968  
0.505857092676462  
0.1483732366379345  
0.8331041080194739  
0.8331041087466639  
0.8331033568858655  
0.27626510850534275  
0.07903380676210907  
0.833104108366905  
0.8331041084396517  
0.8331037812053289  
0.2507879205518955  
0.08309370698854536  
0.8331041084676625  
0.833097553594044  
0.3528868084058773  
0.05189943244098696  
0.8331041071808067  
0.4474982790270583  
0.2334689619940791  
0.8426695041282923  
0.5942848640582102  
0.21966001581175756  
0.39007491241903064  
0.43003084679499337  
0.12037592197734776  
0.2069217260780352  
0.8331041084533649  
0.5929561274327643  
0.5907150829151049  
0.5923214306814603  
0.5946236209755298  
0.8331041077210825  
0.8331041078850288  
0.8331040972337382  
0.8331041087686332  
0.833104107544536  
0.8331041065760433  
0.5994124378375315  
0.24794805376166637  
0.5055861843336422  
0.20019489584668518  
0.14914262482404558  
0.46136425823952  
0.8331041054448001  
0.23190778960387348  
0.8331041079791357  
0.5698869371472897  
0.8331041085834319  
0.8331041079558319  
0.8331041056142999  
0.8331041083341406  
0.8331041083288715  
2.759782829245027E-4  
0.8331041083731421  
0.833104107777947  
0.8331041037124839  
0.16495365730661182  
0.6746776183091182  
0.23395074829250595  
0.37500550380028363  
0.19006209337260965  
0.24826141617479738  
0.5258082377644541  
0.506190577307427  
0.833104104903844  
0.8331041049484723  
0.5469795741318426  
0.83310410870654  
0.833104107328275  
0.8331041077355701  
0.4973429986124433  
0.14117315263401822  
0.19454422919390438  
0.1269166392204206  
0.39671801405810314  
0.03331508182851222  
1.435759428760793E-7  
0.5804571809889759  
0.4893959801562885  
0.4986234270817681  
0.07292484661220494  
0.24392271158746034  
0.5954201399245332  
0.27361618007633004  
0.49178222174554603  
0.5572482631223739  
0.8331041086150297  
0.8331041078551157  
0.12792856763592428  
0.32926979080378826  
0.8331041082536929  
0.8331041087577877  
0.8331041087551866  
0.8331041076822375  
0.8331041083073886  
0.6061909239957375  
0.6750834015291971  
0.8344410294281994  
0.34920557070901936  
0.2998070624303005  
0.18778314737064025  
0.6879078965739077  
0.33922436356900915  
0.8331041058173867  
0.8331041086344493  
0.16743091471910532  
0.8331041088470996  
0.8331041066520563  
0.8220795839620854  
0.8331041085420806  
0.833104107683909  
0.8331040926841004  
0.8331041052429202  
0.8331041088067876  
0.8331041081014526  
0.8331041021356189  
0.8275790285170327  
0.5943992767229269  
0.6708908900925533  
0.842406615195751  
0.593811224799956  
0.833104107679298  
0.16972249328463154  
0.8331041086107622  
0.8325875159933991  
0.7479326793466642  
0.228937621082484  
0.833104108261663  
0.8331041082853721  
0.8331041082955603  
0.8331041088323451  
0.83310410843742  
0.8331041086769441  
0.8331041088463925  
0.13274005477817175  
0.7851201736223798  
9.790600153075026E-4  
