0.7193447618599234  0.8548184243496629  0.9006380997276165  
0.015626828189701673  0.0  0.02544046779523937  
0.7622110081735252  0.8286385384659495  0.9186569629521453  
0.0  0.013062877744326747  0.06987963200325285  
2.3985142025322833E-5  6.707927420210383E-6  0.0  
0.4377510974236874  0.8679367109131958  0.42546764011891763  
0.6899500832768646  0.5431100124678125  0.750608582915561  
0.2853015709281253  0.5949220259860382  0.27471929835340975  
0.32052590056960373  0.49586737400042624  0.5463769963750197  
0.40813633224357715  0.5473758014679658  0.46212656968585136  
0.7170608809592525  0.7970801228244091  0.502503125784837  
0.5885813193969271  0.4102632765749349  0.26833503667845965  
0.6592749932982529  0.8354735313673337  0.838968144403408  
0.7215207719040794  0.814165609852608  0.8580775764366615  
0.7555932891736976  0.7603181776673601  0.6289286158216134  
0.6183477481925107  0.42303123240443263  0.6227458605215419  
0.790310125056478  0.6910149192064016  0.7534897840615151  
0.45239089327721943  0.2925741779014123  0.4073863260426124  
0.4761695648735489  0.7965182502148571  0.48359442623142335  
0.85072323441313  0.4203129809833433  0.5324794653682695  
0.7113579404872588  0.8597064484027798  0.8903814868572143  
9.28372609444954E-50  1.4024975921690965E-7  1.2294157765070433E-7  
0.763697319707497  0.8265188137621515  0.9172050183874753  
9.833773664162604E-8  1.2809082873059929E-107  1.2065164484685287E-7  
9.736693816443116E-7  6.95870382187996E-7  0.0  
0.47512554401696605  0.5827134793444801  0.7752341518412784  
0.5022409356774803  0.6954930446641587  0.7944071186251344  
0.7502574469315006  0.6574559603234327  0.6339089496263768  
0.7658322032131076  0.7474451541689981  0.7293886222731452  
0.3061128479955754  0.8096947767862259  0.42523270209960023  
0.5101761914003672  0.8476013201559  0.633928372022655  
0.6349348844207849  0.8812972444921379  0.5720726642144595  
0.6450703297188006  0.39092295215394873  0.31369043909630456  
0.6637175353022238  0.832025290531561  0.8415229689510749  
0.5205459354309802  0.9731215737506363  0.7477366297747687  
9.009E-320  4.671869961412624E-5  4.995092546814405E-6  
1.5821821649125268E-23  1.1594229669939733E-153  0.30980339354892894  
1.115678913765205E-7  1.1181314409634187E-7  0.0  
2.0539784427783094E-6  0.0  4.0985031375591735E-6  
5.972036103008642E-7  4.629822447683921E-7  0.0  
0.7551605314541381  0.8401999033881624  0.8881777529234786  
0.016280185796035795  0.0  0.02056356318429999  
0.6645886759596592  0.8542859139179542  0.7898344953906449  
6.115535774413126E-17  3.876557996014809E-9  0.2273610184858062  
7.470759167647889E-8  8.203513015037917E-8  9.342329114442689E-8  
0.4017435891352228  0.6480301593816516  1.1004193427874982  
0.3698421756595044  0.11417764711076582  4.9E-324  
0.022253632673117623  1.0918375886909475E-17  1.0E-322  
0.021126267840640093  7.422799501799603E-4  7.456573859651929E-289  
0.48854776913517806  0.7856561273316974  0.38420611790256903  
0.5468124917541571  0.39197052704592356  0.40810528597523815  
0.3533499814187648  0.7629038107021936  0.5732020812435898  
0.6720799011538269  0.8556360841306632  0.6920655286621418  
0.43338713360589226  0.6015263791581166  0.24628871812128642  
0.7224422200047543  0.8132741114629042  0.8567601064101755  
0.8631137008202343  0.4727971491335238  0.47535531415142124  
0.7606241780060908  0.7581541304843358  0.7737828664214538  
0.6716880227252368  0.7189333717775079  0.4133714997990247  
0.7217952224502273  0.8138713985032722  0.857833969242634  
0.7233868292748686  0.8123804111279447  0.8554705516298441  
0.72195347499413  0.8556484305342035  0.8828823917165247  
0.0433153196455861  0.0  0.07240006910645538  
0.6785099055756237  0.8108997454817904  0.7722614854270371  
2.2396511725075511E-209  0.10801931356971692  0.09680094214694535  
0.012199581097873852  0.0  0.015137205070167165  
0.7219841679180932  0.8137154648981314  0.8573690479493489  
0.4390568487362036  0.6085559525714572  0.2961605139591598  
0.779895861392542  0.47390010470377103  0.511318070192973  
0.6763727956602437  0.8526667206117112  0.7017379022425645  
0.7000873600463109  0.8381951572829994  0.7330007617836451  
0.7199534031396736  0.8175121425013165  0.7201508524144337  
0.7328204246969549  0.8021467739985384  0.7521514289083419  
0.39700451057317054  0.9066641162715249  0.5395556223081155  
0.7733065320760594  0.6942309843928299  0.7987045404663873  
0.41355911567496334  0.625600861560112  0.37296193223045887  
0.47059182976677083  0.6580486912588392  0.7902569135248804  
0.5687848954343677  0.4273134863941087  0.7138600079016663  
0.7842401524144821  0.5806556338786522  0.6666737265515914  
0.7314810942511832  0.805232678518124  0.815280561987292  
0.7213898129312902  0.8182886196607436  0.804742256647935  
0.783962984781284  0.7781149685666912  0.8365014783952331  
0.0028456580113109366  0.012754514963829029  4.582671233168197E-16  
0.671961432051597  0.8790511570451288  0.8730129740208165  
0.027966128229913668  0.0  0.03814545870353482  
0.0  5.53226707635861E-6  0.0  
0.7472774658951946  0.7985245208635283  0.941671583123094  
0.02987514088765969  0.17603817007947228  0.0  
3.0906104338380154E-111  0.0046465598634907205  0.0  
1.4587601643613665E-164  0.013856729672089861  7.855910970309426E-196  
0.7012779241438906  0.8403578957769454  0.9180057670498479  
0.10962564527037469  1.2832658775433714E-254  0.051776818773542135  
0.03506321626623284  6.7857513038E-313  0.16588002066542634  
0.01879776621019868  0.0  0.02031128952328413  
0.02765169630320282  2.607851474986687E-198  0.031155721066948548  
0.7996534920332736  0.6756868928822853  0.6966345071726633  
0.44291666390814893  0.34790356904721786  0.4594758577370727  
0.8121198400616033  0.6483143553306253  0.5554741868928066  
0.09945634369978233  0.19403161807354072  0.07566064151157285  
0.2519165168802817  0.6780941197625242  0.2632810079827104  
0.39397617348224256  0.4485624209032003  0.5230414238464689  
1.0542961155864308  0.1657114806761956  0.08578080872875844  
3.875049015898021E-94  0.4420811616849205  0.7137919585534254  
0.6381199452546257  9.407815244788664E-36  0.3986988138581586  
0.07101753616894428  0.7545175586406719  0.28082036766679674  
0.32445235161914354  1.0E-323  0.2230884958795992  
0.43742067109668287  0.24325287138024304  0.3291076449707827  
0.40897955111714496  0.7678851462569082  0.5007346137395317  
0.5492305639815803  0.8792906302946176  0.4276889084411907  
0.7609933696787688  0.7520468467021554  0.8102756956180068  
0.32686794549623316  0.4961349586425972  0.3141046266470097  
0.7926823001926923  0.6646562360065789  0.7579005269382761  
0.6750032378035634  0.8434207040559284  0.7811422136299921  
0.7777262448876306  0.6818143905355799  0.7918200900693381  
0.7761481866462486  0.580065609888152  0.7872263660938034  
0.7323615781055287  0.8018559634788646  0.8421160736884041  
0.5046783702102928  0.8035167949320312  0.6049363256935162  
0.3997219320210244  0.7293868219961768  0.3882116460756881  
0.7215783306757536  0.8140996556564226  0.8580652909385615  
0.7095214820209937  0.8270706116509072  0.798812185962504  
0.6638320234365087  0.8605098690467278  0.5078440207275186  
0.716791468985535  0.14210260056105214  0.32890796667859673  
0.03737590722348458  0.6944770345928212  0.5831997714553068  
0.8551915614400704  6.383404033749075E-130  0.21459676362474409  
2.275583541965563E-165  0.5381072037303137  0.03144263573352491  
2.935271473315671E-96  0.0634100724061674  0.6131578174679045  
0.4923470853624028  0.9083837623445665  0.46440582285376547  
0.4164126288838682  0.36708701797852966  0.36581149572744776  
0.44033062411569407  0.6295640426318978  0.36955531975503386  
0.38368929688448145  0.3615460340147498  0.2208610052330158  
0.7711486801454165  0.6968076816097191  0.8018071933422255  
0.39403609876930146  0.18229721437338134  0.1677021048092241  
0.7018498627339557  0.8245896070526274  0.8473395493693568  
0.70487631445144  0.8291747527349578  0.8005098420744303  
0.8434977247838701  0.5780927264950758  0.5182410412117421  
0.2985823712242427  0.8117688849584335  1.0638035415370625E-156  
0.20530989492682206  0.0  3.2685236257382585E-235  
3.2752364948970436E-108  0.0  0.3841805526985586  
0.08946164852916508  0.07335634791628054  0.6770411906325939  
1.0E-323  8.278101842008739E-10  0.45063417097722763  
7.537999287747486E-8  8.319837582847852E-8  9.35109253152676E-8  
0.18353543089030608  0.29976302955748624  0.46324102794043814  
0.7757390027976194  0.5392156661247173  0.46574345561611336  
0.12522458868591013  0.024057210785766645  0.9062840470475962  
0.5168755439852415  0.4737913902625678  2.2428324479609733E-78  
1.766412684028357E-50  0.21782665170658908  0.17774515062466326  
0.8533043665491323  0.7911490138768381  0.3291822605465819  
0.7199664386950324  0.3428585910723088  1.784766164906636E-179  
0.5979842889256671  2.108275216588128E-121  0.1027185964998982  
5.816489830003274E-11  0.026745354796003543  0.6021729953528038  
0.41313435481406596  0.20208702502624407  0.16672923506880857  
0.7036273510221246  0.4963236696697604  0.3281887033850168  
0.8009383617468957  0.6588790457181332  0.4976538567781299  
0.6938840838587266  0.8433447785822353  0.6938580431556591  
0.3650311072206414  0.8334611151479497  0.27270471647440825  
0.23256067623722657  0.2593875814172101  0.24362931735758553  
0.7984786148158363  0.6580974315717927  0.6730871803499106  
0.784146036127265  0.7028503578103457  0.5557743158039434  
0.36497632123817064  0.45480965052031636  0.22870412559056238  
0.6626145491480607  0.737617678392325  0.4798796198457993  
0.7218587302152712  0.8138014779917968  0.8577924754408867  
0.7366379065182433  0.034855373161188065  0.537644073689071  
7.629108339599634E-115  0.7908657071424079  0.2422084885358226  
0.7809245970310926  0.6492850302992683  1.4070169778907297E-76  
0.7910969721008322  3.8787012787972725E-20  0.9171928384671709  
0.036423405042514255  0.6980367278602806  9.801630067889195E-53  
0.39308968856380383  0.8714481782251563  0.5821096030190769  
0.43011147846470077  0.6036817664670326  0.44705798699447313  
0.6637610325039378  0.8298924392698496  0.5603624821030284  
0.781825659675204  0.66301047110709  0.7850888973857248  
0.6384589902976548  0.726273486389133  0.6720370235227924  
0.39180216227430703  0.5403128844905611  0.38305566538841285  
0.46352392464887315  0.6136365202872607  0.3823730763155219  
0.7939912040241556  0.5992038756833022  0.7606298249049066  
0.5582402958319005  0.6801001818446759  0.5526720578725789  
0.7222341166727374  0.813428194288569  0.8573063947831546  
0.7234287222808766  0.8123823300365421  0.8551864365267093  
0.5860322361086334  0.8812493236172225  0.6356089143714232  
0.5506005650340072  0.887672649730711  0.5748167917046217  
0.834915308949906  0.4987441473736259  0.5930042210251081  
0.7242902655392223  0.8114689025279787  0.8541812791652899  
0.9853604857160814  0.3630880901284091  0.0898603780404648  
3.028145724684639E-49  0.3718323596901232  0.8587095440819061  
0.7512010918172138  0.7754167972867586  0.7867810299936172  
0.45223078867610284  0.07685670377233411  0.016653444464434487  
0.910008203445599  1.0292849171699102E-4  0.356507240191269  
3.1980271539430322E-28  0.9141825997018849  0.7686239312660496  
0.9439161953504608  0.483424849711094  2.7879391753951126E-11  
0.8308029027493866  0.6208014994751783  1.3602009887742294E-15  
0.038307791199372825  0.6324949552121463  2.623703540100712E-55  
0.6005310552947232  0.8067978739564685  0.7663290949558906  
0.9706889798574004  0.023619706577017435  0.38143740179925223  
0.9590047911541358  0.03790661763128753  0.18928985791773684  
0.8141742261221896  0.13007262355338362  0.14294013638639375  
0.4540606182629412  0.1804035198819751  1.8135601077396603E-11  
0.7215816442419684  0.8141073793835717  0.8579632965731377  
0.6838625878729291  0.8402773179919731  0.4721276834896103  
0.6492790955949707  0.874148909477198  0.5371116624413407  
0.7251597163333611  0.8106930856769435  0.852429254105967  
0.30112514029377413  0.4403345675357503  0.6027026588401794  
0.5761418920098248  0.7303613542324947  0.33711002024165376  
0.33854993279979095  0.2900911271287775  0.8609575382394896  
0.37239172520619945  0.6364360829691789  0.018111015938392278  
0.2311860441548312  0.3464392079559446  0.6568293239425217  
0.48099558246818674  0.25984657497990316  0.08772807495917474  
0.13426801033674354  0.0780291633794062  0.16771556141639424  
0.6170993533230685  0.6570942315586481  0.6908676696882844  
0.6487465924175517  0.6242992309988245  0.38525892263165507  
0.7268976920001653  0.8106406439438557  0.838407346448906  
0.42832335742823124  0.47599152246220033  0.6743882801861886  
0.7203112443425137  0.8157888554556851  0.854223097988817  
0.7231818587216183  0.8127644159804305  0.8546450904389493  
0.6762221529543498  0.54532970809701  0.34195959505152274  
0.7623652241077675  0.7434204424760188  0.5540459410685084  
0.727441500052973  0.8090967313799027  0.84573034280049  
0.7405739504087896  0.7863654639222716  0.6277870680835331  
0.8039189983084812  0.6690316978068508  0.681479008815753  
0.7232337430008383  0.8125413753191975  0.8555827044371278  
0.6072566305994204  0.40588091466755355  0.36513933274418514  
0.36561596509052185  0.7155844892873365  0.682327907200074  
0.739490081231791  0.7812946634591661  0.5356705950104661  
0.832880299637364  0.6584483218874195  0.5505962882955434  
0.4382084649824372  5.4658513990544434E-17  0.47584262472665206  
0.2510797253753168  1.6982318789861617E-204  0.9146595057482266  
9.368063063425736E-68  0.841130015474512  0.1326368393713732  
0.5084057031255381  0.09829979717511847  3.0206037800352602E-55  
0.737187926188665  0.7883078980791557  0.576449759122081  
0.7140516686809202  0.8250502600611858  0.7952248234447666  
0.6299885496748918  0.4729339114095079  0.3096365680775075  
0.7237291898871336  0.8121540627058702  0.8543417123703209  
0.5873049179680907  0.4911112080064006  0.40437978020006793  
0.7234852569750675  0.8125692585881756  0.85343660756954  
0.5758467692382064  0.5020012318674925  0.6231078923779197  
0.8089482073862212  0.6415442690789084  0.48378175742300494  
0.6917849646952461  0.8434258711356635  0.7213879090083548  
0.2028506430147046  0.0  0.1839726833040347  
0.6145229730512316  4.3543021025178975E-60  9.141676387193998E-83  
1.2016408377351703E-274  0.5866465246082849  4.871595649748414E-27  
0.5481770382656734  0.07557436146805485  0.3698574925844387  
2.8291266079619696E-5  2.1385994631864967E-52  6.133966998737541E-6  
0.0014190330791811496  0.006251601420936988  3.6468164322147555E-51  
0.7324895579023682  0.5903258798387595  0.742682066451557  
1.0812315933598098  0.22695026251622247  0.07461141709864706  
6.682873552730746E-167  0.416320067582726  0.9805928540373302  
0.07809292867794662  0.7447136891030866  1.6822611112173232E-12  
0.7849530336715228  1.233452718499901E-30  0.098655765081438  
0.6347567514939775  0.941037160781007  0.01772146749566627  
0.8383412948639859  0.10197138071938752  1.3815778585764079E-41  
0.9840016448065342  0.1710581484689787  0.3772338109851628  
0.605488840582486  8.454244863953898E-30  0.8118161600187034  
0.7884685357441069  0.6994836720015731  0.7528024624384759  
0.7285783187000543  0.8047187467727183  0.6790319393571099  
0.4110758538600669  0.8742879144526514  0.40449296138001617  
0.456804029768191  0.5402146420308913  0.4154218688323835  
0.5957901738294733  0.33764369485103163  0.49384803520766385  
0.8081520560442862  0.5903510559692575  0.7140431099796251  
0.722084150181246  0.8136143936836172  0.8572635784613614  
0.637338923177046  0.8768981813214249  0.6132014831741709  
0.7233456050732309  0.8152328714996138  0.8199234754714363  
0.6886118092777745  0.8465537442832181  0.6551832255340176  
0.5063667023195769  0.8726210786055114  0.7249112116923198  
0.08261706535809184  0.9738024687993722  0.30943315045887915  
1.0860445854481497  0.11666389313507147  0.19176760617612487  
0.5391683464005191  0.993443342700853  0.10982080763006015  
1.0090975719897046  0.08448680446064231  0.06816201983767615  
0.43415083848402963  0.12542369467588596  0.7097197772668431  
0.6212250576148448  0.8528742671658083  0.5556072227515031  
0.7282421397017029  0.8084795794300949  0.843472957766218  
0.7234659601333129  0.8123024438731073  0.8553781093364864  
0.22123300673384821  0.262483331957849  0.275135368328882  
0.22658642382916516  0.19514732505530136  0.23917282709602797  
0.5934784921487404  0.77133157004213  0.5370877895391541  
0.7016511410683552  0.8359176086866015  0.7482926903297386  
0.44345793834213304  0.707003543478051  0.5566791383851117  
0.7087285056627854  0.8266820367673448  0.6508647222591076  
0.45283943204650934  0.8590455798001438  0.713129795242716  
0.7209626100854049  0.8149990991459782  0.8564272341749648  
0.7276978351574972  0.8084923010654343  0.8470401807202386  
0.41450661043805787  0.5420110572686093  0.36927918451741665  
0.7329530131230608  0.4328606451898689  0.41139935611512635  
0.7573407463749621  0.712340582449854  0.35205454724596336  
0.9880868728499327  0.10054280313153023  0.10797421415812637  
0.48894523089229247  0.747547759187626  0.8896357019124522  
0.5198897424379858  0.8812399714606289  0.7707623477975725  
0.9940587982784096  0.15694262362865108  0.16666964392523334  
0.8079613309918106  0.6054427946899893  0.708535834975792  
0.8685234915536613  0.37080567315066604  0.36137051138680915  
0.727869023791874  0.8084771332116335  0.8460581006879712  
0.7059738192317645  0.8270394434347805  0.8162801454236488  
0.6471635407348733  0.8626218701242853  0.7003618503031107  
0.44553284067558463  0.5980592504947156  0.3054252108961775  
0.40819871975830224  0.4848418058589015  0.45484261049534597  
0.22200943872814694  0.3045749868629994  0.3685949856261943  
0.7614111827370921  0.6933629330957976  0.4355697560043769  
0.801771536918094  0.5982912866586512  0.7336006104055106  
0.5349457030605504  0.8868659510884163  0.6249982204499613  
0.7174950068971172  0.5317558925999286  0.7617108881289364  
0.40885190250598746  0.2674853541084861  0.3624344946168149  
0.7290490209946758  0.8078788258248586  0.7763910447854153  
0.7251481041839994  0.8106247908020383  0.8528268889657133  
0.37995004362523116  0.6508709556458588  0.5531126257237595  
