0.8624870942382689  
8.841814742602858E-8  
0.8636349892863161  
0.025453570457952802  
8.913477628481618E-8  
0.5375627059475748  
0.8581316553473607  
0.8581316553066826  
0.7382189055852516  
0.8581316554056738  
0.8581316554150977  
0.8581316554069475  
0.8581316554257766  
0.8581316554243366  
0.36736938736667785  
0.858131655423172  
0.8581316553393884  
0.8581316554288322  
0.42758070651614666  
0.8581316554295272  
0.8644081183092285  
8.823314870396879E-8  
0.8786954457481465  
8.799744363217696E-8  
8.72112315138756E-8  
0.7386115676902515  
0.501562818253514  
0.8581316554079323  
0.8581316348958857  
0.8581316554245535  
0.8581316188422673  
0.41000324847728553  
0.8581316554300797  
0.8581316554278243  
0.7189157083756496  
0.05354768768969025  
0.05347366582403132  
8.916063346226792E-8  
8.836878825467225E-8  
8.758997311468577E-8  
0.8525815408693987  
0.027663114649020278  
0.8044412028871231  
0.06263849118972918  
1.2346002655689392E-7  
0.8082530010019943  
1.277382310632602E-7  
1.0527565734570058E-7  
8.960707438329022E-8  
0.8581316550176239  
0.012656915603534715  
0.7013605851774933  
0.8581316478144163  
0.8581316554094826  
0.8581316550778169  
0.41883772105722256  
0.8581316554128099  
0.8581316553949253  
0.8581316554029621  
0.25640719361957615  
0.8644081183092285  
0.02172153117280858  
0.8213817150610425  
1.2617499494512016E-7  
0.00976921872221091  
0.8581316553744929  
0.8581316554219746  
0.45290518009950265  
0.8581316553997294  
0.8581316554293927  
0.774643046481647  
0.8581316553709387  
0.24034595904549383  
0.8581316554289796  
0.8581316553705266  
0.8581316554113606  
0.8581316554265999  
0.858131655429433  
0.8581316553705349  
0.7789276076294539  
0.8583900667731432  
0.03579423693467783  
0.8486996461652839  
0.03212700399935507  
8.880532895728025E-8  
0.8789043726418888  
7.209801498306994E-6  
0.009556262436321768  
2.9561465472334475E-4  
0.8714141434476723  
7.687175864581883E-4  
0.0026973576692842006  
0.0337938805109711  
0.001840007518987917  
0.22692962991021173  
0.5963388354183201  
0.8312641216818681  
0.8581316554113068  
0.858131655403627  
0.8581316554012994  
0.40057049858814986  
0.46741971236223906  
0.41050818459207356  
0.3071518737417612  
0.1622703006163273  
0.014137840272156355  
0.4726633478219557  
0.8581316554191345  
0.8581316487275124  
0.8581316554019591  
0.858131655429912  
0.49990380161002584  
0.8581316554279605  
0.8581316548500778  
0.8257409686787145  
0.8581316553171137  
0.8581316554071727  
0.8581316554177407  
0.8581316551119558  
0.8581316553746403  
0.502941211502978  
0.39677255680305706  
0.41430702937307795  
0.2339498803679686  
0.24441410510149394  
0.7465110303167976  
0.8581316553184022  
0.1744997872687227  
0.8581316554066291  
0.8581316441617477  
0.7886385211405778  
0.8581316553814886  
0.8581316554125779  
0.8581316038028751  
0.35724705007491353  
0.09544765152990896  
0.12459084575372209  
0.049852036851526865  
0.07057659521469553  
8.923691535999544E-8  
0.279093181599581  
0.6567621661733322  
0.3904539610622496  
0.4889265157763289  
0.1231172199201585  
0.3793517199590238  
0.23266319378207578  
0.21206767570765603  
0.39289716939518354  
0.36607940985081394  
0.8581316553886736  
0.5502168100409753  
0.11801037034989705  
0.3359610579438052  
0.8581316554122187  
0.2728351249957132  
0.8581316553147459  
0.8581316457437829  
0.8581316553246927  
0.8581316205811677  
0.4394334770983712  
0.43419221813525116  
0.25080186292207723  
0.5178336234208584  
0.00561498000284536  
0.8581312795521175  
0.24511278282780138  
0.8581316554127697  
0.08980183854582505  
0.8581316553989847  
0.8581316553685693  
0.6421789834685707  
0.8581316554176849  
0.7312495393224598  
0.12351800573848618  
0.2403159930512682  
0.23422085440688528  
0.8581316554210655  
0.858131655419852  
0.4155906978449018  
0.8281246658765182  
0.08035530466103642  
0.8092982611439894  
0.8581316552983754  
0.8581316554008632  
0.7175627081013588  
0.8685694231955884  
0.7175617778746515  
0.7164344201809266  
0.864015282833046  
0.5635078436644388  
0.7600860724370856  
0.12417927974194246  
0.23473982124806808  
0.827793174721688  
0.8581316554267472  
0.8581316553272609  
0.8581316554225908  
0.8581316554197578  
0.8581316553141132  
0.5846185819751387  
0.3408294201095439  
0.40606546576652386  
0.22766131447760002  
0.1950987953650393  
0.8581316553497498  
0.6009747485594472  
0.8581316554252333  
0.8581316554094623  
0.384020564264334  
0.2880643271226571  
0.4833092444794901  
0.8581316544625918  
0.8581316554236377  
0.8581316554229833  
0.46034019861885767  
0.8581316553969841  
0.85813165541852  
0.8581316554183227  
0.8581316554183984  
0.5851067314192506  
0.2779166578349633  
0.5828097315574682  
0.12566210787425477  
0.1856962986893579  
0.030002672950322745  
0.858131655417004  
0.8581316554251538  
0.2951096223602343  
0.858131655221096  
0.1111778792727231  
0.8581316554254451  
0.8581315314780299  
0.8581316553894027  
4.1463443207379015E-6  
0.10237754573976951  
0.27212422730159785  
0.2781763533454035  
0.033351530549227425  
3.818498963562467E-5  
0.7200780707286317  
0.3912668058719832  
0.5664854786238982  
0.10806285070137243  
0.1974163311826703  
0.8640145824609987  
0.020886084740114115  
0.5657835181108007  
0.5663156440999092  
0.5954001030468629  
0.8581316553595852  
0.7855796234524846  
0.8581316554194476  
0.858131655429263  
0.46243194464693643  
0.8581316554301213  
0.858131655422955  
0.8581316553200505  
0.8581316554300535  
0.8581316553971904  
0.6725869423610704  
0.2933599500934147  
0.5980135660684069  
0.03709300835741694  
0.5306938038910586  
0.39998389307755267  
0.8581316552565066  
0.8581316554151367  
0.8581316554297022  
0.8581316553743351  
0.21645637634107276  
0.8581316554006404  
0.8581316554192008  
0.8581316554058943  
0.7961321181257266  
0.8559839791777907  
0.4190886371063842  
0.5541845091274199  
0.8581316553065302  
0.8581316553277535  
0.5238491846326062  
0.8640152828330286  
0.8640152828329496  
0.374495089745644  
0.5657222267776904  
0.8581316554136698  
0.003150350600357518  
0.11677307471265208  
0.8581312913465751  
0.8581316554231248  
0.8581316554181648  
0.23067805715298076  
0.8581316554154543  
0.8581316553992756  
0.7442621374357883  
0.8581316554218588  
0.8581316553932192  
0.334773982506946  
0.8581316552431325  
0.06007037877110293  
