0.9098306349748965  0.8599141654468601  1.0066906776261642  0.8912941650734311  1.1638910438592343  
0.0  0.0  2.537542189987464E-7  0.0  2.9810467873427743E-7  
0.9825647536208272  0.6078914626206006  1.0124694554574478  0.9060868588261132  1.1494298063873312  
0.0  0.1511251386774875  0.0  0.04859118304426445  6.3517012142524024E-71  
0.0  0.0  1.3671593067479372E-7  0.0  1.5041373933597108E-7  
0.31515020215526524  0.46908493748539704  0.6614203075846006  0.4427976458049086  0.16458619277621733  
0.25504467151289256  0.37089199096602277  0.4969537954031661  0.32446848054592414  0.15774195320342235  
0.5060142870439396  0.5131913140524157  0.7392880606502843  0.5642556489325808  0.15930871060872442  
0.23767719352278266  0.48896497436448  0.5618267601270134  0.5301653626825616  0.12034098080012537  
0.3200872514237678  0.7737338736099046  0.8986106507796928  0.6565813658068351  0.3584126974190806  
0.42804926374480373  0.5143575545819192  0.6290813856205049  0.5144631565196401  0.20557106221977567  
0.5142320062859924  0.7028924784367876  0.7364912738282563  0.8556287645272781  0.28582282206102433  
0.6286420434990797  0.8314737475452431  0.9509567107517314  0.8695280705726578  0.5005587014398238  
0.5378510417547726  0.4797322734380288  0.5204540114704302  0.5754640096868554  0.2395411503049686  
0.2676201474398577  0.6418175263433112  0.6800874888947511  0.5719689773102176  0.33525597611047603  
0.470239426030274  0.7058237333287635  0.800718639980007  0.7346334621165033  0.28082569351032866  
0.4862973726093818  0.7531887980520826  0.8425781115108252  0.7349763022258775  0.31574875077938025  
0.27774821444589215  0.5816432192987462  0.5756099399511688  0.5861096032481922  0.3169017309367054  
0.30333803804939036  0.4027409332582622  0.4603243385347901  0.47179951593143377  0.13117661797314462  
0.6643451521277582  0.6942818522398203  0.7926529828585706  0.8011559233469804  0.24359289831700073  
0.8934491000058904  0.8614965908844348  0.9872857837694599  0.8801456779786245  1.161250488980937  
1.229357450089384E-4  0.0  2.3901377079832916E-197  0.0  0.0012014041635039284  
0.9100890106387808  0.8597454957610405  1.0061853459649388  0.8913918114779098  1.1632502729156708  
1.3421007459639895E-7  2.486940926067986E-171  3.785019337838024E-7  2.9893108679900455E-7  3.195686328032536E-7  
0.003080803748832252  2.5810681662995184E-4  4.4411625598383514E-5  2.0632824095490466E-154  0.0  
0.5239808847588323  0.7899538380385004  0.8400845025421726  0.8528402754109327  0.4079197162528973  
0.7040140101763191  0.7096257194681813  0.8647927680751578  0.7323746335254734  0.4364139462572164  
0.5742708826715298  0.5929902447740937  0.7758512046365603  0.6007462469395088  0.21794060548228536  
0.5345774307647803  0.5046132673850487  0.6132589552114308  0.458049743719845  0.2915443769663796  
0.3728277618015229  0.5520085998931117  0.5600470385279507  0.5956320047144918  0.29674734914509027  
0.38323256862776756  0.7233168834533023  0.7438665442311908  0.7108164046635292  0.35974873144623865  
0.6135895165568094  0.7409428183556043  0.8290247601649202  0.6799627253571978  0.5145346273377172  
0.5567629825173538  0.7538056066664192  0.8314462994863918  0.8635902942042876  0.3861702096086382  
0.40832015281397116  0.5839129774279334  0.7233428232990898  0.46125863481611123  0.2187503440328586  
0.882975233966654  0.8963813215657275  0.9645745152608023  0.9447730749166248  0.8350438415500919  
0.0  6.949160585749475E-4  2.8361717835199636E-257  0.0  4.785873792591438E-54  
0.0  3.0E-323  1.5E-323  0.0  0.411040822897074  
1.2661375852569096E-110  0.0  0.0010116546262945649  0.0  0.0  
3.06782038377591E-278  0.0  0.0  0.0  0.015607639950393014  
1.1078441802756989E-7  9.863993033941436E-8  1.4144593246076191E-7  0.0  0.0  
0.9131389728926398  0.8344682120205454  0.9795836709761991  0.8986745515378155  1.1620871280371894  
0.0010826249859976257  0.0  0.0  0.004657844668127561  0.0  
0.7248823969015205  0.8537751206629589  0.961624163168194  0.946763439528096  0.728598183827133  
0.13971449865136765  0.03049976042616977  0.04262923194182616  0.0  0.2327522152020581  
0.0  0.0  3.063305863750935E-6  2.384043440647375E-215  0.0  
0.8899996746164076  0.8625536790259621  0.9712630239533322  0.4626608942246559  1.1952415294630618  
3.169408189448402E-160  9.04427043097867E-92  0.0  0.43715460114021987  0.0  
1.1370007777139893E-176  5.42470935352064E-192  0.0  0.4589390105024729  0.0  
7.261029672506579E-4  7.591130199906384E-36  2.0E-323  0.48169303596984187  3.0E-323  
0.6061010340329632  0.5816739100761912  0.6768117930048452  0.7547683755933481  0.21551432356929923  
0.23401976729542792  0.45799858449178804  0.4134261231992439  0.5351803855140302  0.22473628673889648  
0.47463746809526763  0.789066159774722  0.8945909614093213  0.7671346858464438  0.3448531789588296  
0.6879921175647405  0.7840537816297107  0.8997585896925718  0.8543722648191276  0.4157151360490517  
0.524988015917309  0.5471052580335534  0.5925392494050712  0.6610170914098511  0.2288697371554262  
0.722030264715453  0.8247360489551063  0.9491740786324968  0.8586368707279569  0.47823737386299897  
0.5264604771564179  0.5495457487194131  0.7738683112421109  0.5501988146324157  0.19777404603620058  
0.2673165618709596  0.40210726276790465  0.39292939996728415  0.48869271841620654  0.29844800579514047  
0.31383137586205134  0.5030296219769641  0.4417813162487773  0.6291198944524837  0.31908677111249456  
0.30963947939539616  0.3609220962998188  0.38879739325510354  0.523182366666057  0.1733922077349956  
0.5788840507444516  0.6778065289806626  0.9244741622695333  0.7152819839333348  0.13717641158992133  
0.929877454830828  0.807978275663228  1.001965223001867  0.8708245291923897  1.1614980622226216  
0.0  0.0011350872578199888  0.0  0.0  0.0  
0.5424808617109512  0.8572943483702654  0.9589522386563045  0.9046389945970541  1.1034184998235073  
0.35791183534487614  0.015268797690512577  6.828086232158481E-153  0.0  2.021557687285466E-266  
4.075910625778756E-70  1.251982882154202E-5  4.480928360681303E-4  0.0  0.0  
0.5900074352903031  0.6377957938611827  0.722814292321306  0.8212971131481485  0.2800055941493429  
0.34993367710642603  0.5071803684887423  0.594523966885918  0.6345338270247655  0.21695022885082021  
0.5874929623137691  0.46767891956345514  0.5703123311600302  0.5712763649890679  0.2428422339652943  
0.7314019566990256  0.8339106077350468  0.9565504624764508  0.8696456921172894  0.6678086624957642  
0.6518074678492484  0.7717955186347137  0.9506072630847702  0.6898088525568505  0.41474886883535633  
0.5990909692862799  0.7285833663314838  0.9535388747336817  0.7964430159120303  0.2642371423854981  
0.4541249093796494  0.6716039458928778  0.6901831993146975  0.6406800883719869  0.36260978970548075  
0.7273518617456185  0.8340615079880135  0.9564455986629522  0.8697231789469205  0.6608410905792771  
0.29008407808652314  0.6581253139834486  0.6497677552841086  0.6768029203981393  0.33217049815217403  
0.5356665143630213  0.5102720248539497  0.5808261034027772  0.6296255148329896  0.24632063945176386  
0.7423008294810757  0.8352038597326165  0.9585929581152111  0.8712483157780558  0.7326838938646466  
0.3386958075513761  0.4290682386939523  0.3858028096394091  0.47187381043810106  0.322410892666897  
0.41348559111806626  0.5671547291256662  0.6662189858640077  0.5359958208753398  0.366844359795027  
0.5006130168621212  0.5039681275873573  0.6294635334352886  0.6298998419054337  0.1694696437035283  
0.39257951028951893  0.7952922433748945  0.9503426254677136  0.7247045578352002  0.27327637164656043  
0.847774708481743  0.8748834745361913  1.0171348050332125  0.8335717453915782  1.1622235171055424  
5.9E-323  0.21095933450892768  7.9E-323  0.0  5.9E-323  
0.9342334107114743  0.8046317460124265  0.9854333529879941  0.8835828667783927  1.1368068583300344  
0.0  0.001436276007183482  0.0  0.0  6.814724948520925E-189  
1.5039259443931456E-4  0.0  0.0  0.0  0.0  
0.9561476116985554  0.8714491841076547  0.49258597825837747  0.7647636642063954  1.1525593668130614  
1.0E-323  0.0  0.5309240221607581  0.25527851901786464  1.0E-323  
1.1204533792704742E-258  2.5E-323  0.2590677205664046  0.5680372344845982  1.748968704259199E-298  
2.0E-323  9.427158032594213E-293  0.3273504874024904  0.16357634822862913  3.0604491159395346E-295  
0.9173087735298349  0.811691313802723  0.9814579692274298  0.884344268981815  1.1596136870078642  
0.008557366374958342  0.005171616289475093  0.007709471205392908  0.0  1.3721009674370263E-239  
0.6001385414490041  2.956689493812486E-39  0.05735797229048695  0.0  4.3898229750621135E-238  
0.008449315022156506  0.6652113820736562  2.976060190830146E-14  0.0  4.3422671615778736E-49  
0.18981820036059172  0.001986520967347132  0.026058553413255317  0.0  3.4671897876040164E-118  
0.3688870578915235  0.5186229277433639  0.7164986764880925  0.5310792034362967  0.18704798227290506  
0.5502041816432527  0.8322340228690667  0.7712166429442256  0.8563435401461883  0.5474418026437142  
0.33425192959092864  0.554793008759608  0.733768204141068  0.4105587099850957  0.2413901687985687  
0.25570388866103444  0.4723584334470619  0.41205380851811213  0.5579059890310784  0.3558104900694145  
0.43973147723425265  0.42421157757647526  0.4434013140859771  0.46060040839333  0.2326792023967669  
0.6409898407218284  0.5835032739345907  0.7083614541263682  0.6536557693084952  0.3381887459435151  
1.1060581389810138  0.41044657592800793  2.873429186E-315  0.5353431618292284  0.12869944293259025  
1.2356642805194182E-306  0.3966543894676205  1.097925060627556  0.34220192489036116  1.0792640709984926  
0.8352967672275295  0.7794229900763116  0.3385842307327376  6.420631651125427E-177  4.9E-324  
0.10564713925773472  0.050123652143289406  0.31492702832213093  1.0294842366087549  1.106058393043589  
7.440637983514948E-17  0.4181631651513159  0.38448362495022476  0.0543801948024994  0.0597896290960464  
0.38028463624623393  0.6045121094115825  0.6262693828947731  0.6930425489612266  0.22842136777220298  
0.6256609646399811  0.6825259708872115  0.6797508588570611  0.7747658084243525  0.3840295613562676  
0.4612708482144574  0.7970988430269293  0.9034412534820224  0.6848433763355788  0.46919143278439845  
0.694673793608134  0.7413317776318834  0.7889741258093037  0.8539305878324247  0.46070460798334456  
0.3345166179114009  0.6535693682028155  0.7547784956754167  0.6152544690830523  0.3523219027947728  
0.27543339810476825  0.35432350972449084  0.3403357770708521  0.388354387578681  0.23733757529236574  
0.6763911454073073  0.8226547777235843  0.9480239144734023  0.8571223271991247  0.3901103381280725  
0.44721739929503895  0.6264958591017253  0.7117017376867949  0.6584784941876598  0.2901479638260869  
0.6589746198563516  0.7977995740314912  0.9043354642121055  0.7630098055977986  0.35296419453591005  
0.4389498701658245  0.6353730827415123  0.7697844780360233  0.6670620349721588  0.2703229431678171  
0.6088533286146447  0.6862917494275272  0.8074208603604001  0.7918558133106248  0.24397730739275608  
0.5570400180886669  0.6097206005870536  0.681163647894869  0.6217197906443009  0.381963948405324  
0.5145771850152093  0.7283997246999051  0.9076612312060309  0.8242770093567132  0.36266395622926634  
0.5288385763802338  0.579277572938249  0.6572022665261121  0.7138139069028486  0.30253661378546626  
0.4228028984715026  0.7028759309027832  0.9121965362954553  0.770898595177018  0.16733096224141664  
0.8608260725004777  0.9111086239344508  0.40273095733853087  0.6540679453027839  0.09163175241579972  
0.23080046094721035  4.9E-324  0.710290557180082  0.2759764983065616  1.1658905898208483  
0.2555929317749711  0.7248650599382783  3.508424666436182E-193  0.13626127804050903  5.703732016458315E-98  
0.3348785733969687  6.592041737039045E-11  0.7685006241177792  1.017719844344405  6.659991287837363E-303  
0.30971567839139447  0.0  0.722544170894801  4.9E-324  0.8736162453310947  
0.6424686099715959  0.5202400728148066  0.5700886299648762  0.6385672591362961  0.32153175633673065  
0.5879516153991794  0.605718475398891  0.9103198790326779  0.6211828739251711  0.12928954522537078  
0.6502074781598618  0.8207973792452358  0.9455915660636448  0.8609273986854151  0.42179340831373185  
0.4993143775961565  0.4622301966667399  0.5514123888543021  0.506496928347599  0.21220352083704658  
0.5369348369276471  0.7999451049643198  0.821157021183313  0.8681026950904078  0.40849889900476194  
0.6697913992533827  0.8272932705266304  0.9506114342336522  0.8355267359272756  0.4603711450560793  
0.3809852567272699  0.6615915187565088  0.7177853322630231  0.751642334679282  0.26177656841235475  
0.7445013530668899  0.8256218937892532  0.9538320381741338  0.8639498163549223  0.5806520491960947  
0.2877048487471881  0.6457609447928067  0.5324108786370718  0.6765450927678953  0.43411523275118874  
1.4387030369836598  2.2678786787393954E-239  4.3323549176719286E-10  0.2760733823554134  0.6984697151218102  
0.0  0.21779700654719816  0.43866663871368494  0.0  0.0  
2.4329370630471343E-46  0.0  0.33078048006262545  0.1976200548480041  6.087841746075713E-54  
6.275114380680069E-220  0.7060069379545318  0.0  3.0E-323  0.0  
0.0  2.5E-323  4.062447735402481E-9  6.914771139268262E-167  0.5529713801948778  
0.0  0.002568316206926338  0.0  0.0  0.0  
0.7633894720293081  0.9498665249210296  1.6649092564871032E-284  4.851102834690331E-11  2.350824607779988E-9  
1.381664470888853E-65  4.825507458034045E-101  1.2093022413041172  0.8426193944224073  0.9599950762581417  
1.0390908807690717  0.6892720843513038  2.355846431435513E-4  0.3957265835734411  9.747266370023434E-177  
4.9E-324  6.288180731764136E-204  0.8879501692911913  0.3297566536125617  0.6951898080142503  
4.4E-323  0.195001631959226  2.5242531574933557E-170  0.234558555762938  0.0031181468153029606  
1.9336109849302094E-103  0.9373166504932587  6.030204957307897E-73  0.5549901863046529  0.04662619399597701  
0.01886579572357059  5.193127393788697E-168  2.175221459544553E-25  0.7798327612578525  1.2710001280302183  
2.859849996597815E-38  8.582660681284427E-4  0.02807397781082102  0.9179348424517558  0.049878602529211676  
0.4451004845696167  9.612426176142166E-42  1.0631719947681553  0.5885479003990572  2.24788746269619E-43  
0.7363031673221588  0.8370172286640508  0.95905726346043  0.8724048395532532  0.7589807251931431  
0.6918169061847423  0.7189774518380319  0.7170830470910027  0.8523440448741542  0.45843204471701854  
0.7437514241272833  0.6461674859595515  0.8773652753709926  0.7597436374324125  0.17278918680819733  
0.5461686189090723  0.5414783312868897  0.6343219206677504  0.52388784733423  0.34389190989575324  
0.43413929059005546  0.49924256830395786  0.7192819007754614  0.4895030080262518  0.1281895902589002  
0.47252458580417833  0.7683579852510816  0.9449684959687696  0.8204165631695024  0.20743233395067595  
0.6750105811605548  0.6973844310121413  0.8810570210640281  0.6754420165092396  0.31676644616194527  
0.6681671683028872  0.7144525778173544  0.9173917100643443  0.6488799734225316  0.3271083704007323  
0.6351086138299593  0.7664972249623887  0.9575064489311162  0.6460537511331145  0.36530779495195975  
0.3834506337776965  0.6459782300478021  0.7655421560014646  0.6539569288893406  0.20755281535134282  
0.5109133425948251  0.7070694553470741  0.856310252417026  0.7379805827968647  0.22166837585291368  
1.1671682607840874  0.04756205175264973  4.9E-324  0.2454732875496116  1.0540594099586358  
0.826577579278334  0.6679865021015517  1.160263826988154  0.5575514074903511  0.1102648771685768  
4.795432486159825E-43  0.8192734975335753  8.568680376869848E-146  0.787840556487527  2.477409282927644E-151  
0.789808032658546  1.8006980739574058E-92  1.078049531223236  0.31345564437821954  0.542481386143695  
2.5556894072530277E-131  0.06493917121853546  0.17800967971177173  0.9969493269934847  0.6094910547499189  
0.22600040132547883  0.3803563910104032  0.46220690537414505  0.3503010244939783  0.15745020666266102  
0.6719898843667207  0.8327006721645739  0.9540448280251251  0.8695415423788824  0.5604319062356035  
0.4792310394914294  0.39835650055820043  0.5654636461905747  0.48424590718000615  0.12357079746763616  
0.5386668688046933  0.5521258193590489  0.667966714227643  0.5514301805156614  0.2184378819756324  
0.3607022261970627  0.6527697214148105  0.5913570914456164  0.7695266685264709  0.38107843969471966  
0.6125825873567949  0.6860033016200432  0.9285074901048562  0.6678941714011377  0.26513006303607056  
0.38320901981622646  0.24613632919118722  0.2932691356952689  0.263159916665145  0.13694781963426392  
0.16493589250608207  0.2626306115162277  0.27584567097601154  0.27683517538937275  0.17265883157235906  
0.7170508762863782  0.8067273299560277  0.8822260436874989  0.8530111551063431  0.4308253077027084  
0.46010354448201524  0.7954006714427038  0.9512123125583115  0.6741966423107436  0.30751881507580614  
0.5204543782133098  0.47589131123109285  0.5273358916328675  0.5147758734352791  0.24482202469892456  
0.2515686153887802  0.24663485219126716  0.3096933114273849  0.4001531571742094  0.06530743997622229  
0.6285293649343825  0.8302587983452112  0.8131537586414663  0.8668639238101356  0.5031018202457738  
0.5865144367843284  0.7601660431917193  0.9494842371662084  0.8506416757976893  0.34978453941330756  
0.6236580166023469  0.8047114894143804  0.8902535053178704  0.8590199471276945  0.38685234690634057  
0.5425726653624169  0.4351378247468413  1.038705766194019  1.2855148501172087E-27  1.2775812658170562  
0.7284694614188852  0.46785108935209174  2.6783614065661697E-75  0.7976983771386519  1.0502190226289998E-205  
0.6081781214073245  0.8279099525073509  0.951943917014499  0.8395389065692678  0.4487407147914133  
0.47353159115527477  6.766739460390117E-7  0.5849048001486201  0.7476128184931004  0.6137650743870476  
0.5080484581932915  3.0693771382636713E-7  0.8164098798942333  0.6392021953122059  0.5892501063221312  
0.5122074542022292  0.6719507806149358  0.771096659548633  0.7825425454185132  0.18915910889912277  
0.7409891285054234  0.009227166812538693  0.9967815270419802  0.842216151450997  0.2258899495050554  
0.674758787353825  6.674090679399959E-4  0.9191417359945726  0.8570175943792822  0.2671269421463271  
0.605542647953821  0.8264003668221297  0.9276105879690069  0.8006808142995786  0.4118911069706882  
0.06262765518315147  0.8514265223827002  0.06412330700644946  0.22692767244990208  6.942959052732399E-32  
0.5557709880778743  0.5487596687302364  0.6274680017442992  0.7434970460571275  0.2932590518937916  
0.729864489010668  0.8375376242628271  0.9589171024449596  0.8727793798084239  0.7554255454044021  
0.5536236904869578  0.5791995801197302  0.5522749166084747  0.6989886814420567  0.4354112836355529  
0.6748889693677075  0.7496468192592861  0.7441891580732476  0.8226049981827115  0.5077026901040125  
0.6348049408022725  0.819610827375633  0.9548368759670677  0.6974667382111038  0.39864620972524223  
0.43537216625718217  0.41033009053120484  0.4431215254275862  0.45507612377505546  0.2800575737971402  
0.29661747306458724  0.5333422381084357  0.5755547728864643  0.692732626669814  0.13287901179173214  
0.7243954012343052  0.8365379636573841  0.9579158976240626  0.8720900456388814  0.7167823185667843  
0.37483032648078524  0.39755633437972837  0.48951532897201244  0.42358349954277075  0.1894841414873512  
0.6312078344532505  0.834140132188366  0.9041083421943275  0.84290537132762  0.5567738178158538  
1.0244075198473415  0.5915651667945586  0.6386700755661335  1.028963645615245E-21  0.5634295103493363  
4.9E-324  0.26732674081685115  0.4261898745643026  0.9315794357778856  0.4215463698903132  
0.9039816613128924  0.7126900164101253  0.3647765573227815  0.6441235461392394  0.27242358389053206  
1.0E-323  4.080538001979406E-77  0.45568798517427955  0.3361719984473998  0.4860373199905437  
1.432192315165105E-282  0.0869261254969198  0.3347525218127306  2.0E-323  0.2605418804176992  
0.32371412533886385  0.351580304622796  0.46337353363730277  0.3736550573705766  0.1210857768655195  
0.47704921378614235  0.6074218541809042  0.705585347087639  0.6087693347523663  0.2413712205501437  
0.4514384409411129  0.4908325663495152  0.48941818959716943  0.5866986971517529  0.32864367077004236  
0.6404237012491545  0.8196200607304848  0.9539472819817872  0.7468782556414862  0.4615369389655464  
0.6073317316857028  0.758855440588999  0.9468590662477963  0.8181223284966607  0.2462983876290682  
0.4470881520713291  0.5485284102396931  0.600266656423275  0.6291387157313006  0.2712825211207927  
0.404291092769539  0.4187921676417084  0.3891183703491228  0.4525759887663963  0.3653189638784253  
0.7668257222414882  0.8336271647965359  0.9619652049116771  0.8727528151284545  0.883286922450235  
0.46260031535647805  0.6855708058185679  0.7141497909577101  0.7850967038955065  0.42262275174002867  
0.35105422004100634  0.5707355433624975  0.5426561002768141  0.573928538188879  0.28411392712492217  
0.6547014690929049  0.5192574361885989  0.6501936013605599  0.6870508060745468  0.23096693458988882  
0.45878648281022744  0.7777799398255871  0.893288431412989  0.8071444561200454  0.40334597258182003  
0.5744206519678406  0.6340311228924517  0.6670575606873016  0.7979210650997236  0.30987792970739914  
0.5611365319632481  0.5628125233568952  0.6642996689516107  0.613100108393203  0.265893015141406  
0.17909847813555577  0.5143149117868637  0.4991396406675535  0.5099356787684626  0.22660954655315985  
0.7557002428547154  0.8725963029120382  8.65612328559719E-149  0.946099285378681  1.0326589782951272  
0.004139350755606886  1.8668773224101447E-291  1.1870079476146982  1.0E-323  0.09612311326928802  
0.4002388836414506  0.006501398967839458  0.9679895065701418  2.2497833906073735E-150  7.08497832569968E-103  
6.830727013073539E-124  0.8782771934464918  0.5016864479158697  0.859240975172104  2.981549177548184E-101  
4.998837526805903E-36  1.1737886342105028E-25  0.785343647961749  0.03550496867115771  1.3076384755080368  
0.2763440020262761  0.32781872507658466  0.47546083551538876  0.403725328009447  0.06341713785220922  
0.5618477118161943  0.6845040314218099  0.6898419326373314  0.7277905540457872  0.39974775475207525  
0.45150113979427764  0.3742260413098568  0.4576322031766658  0.4574086562648803  0.15812021815461577  
0.6317829357040505  0.7108889155908958  0.7304215122152573  0.8576249160939036  0.4442419147056031  
0.41213116592128807  0.693253298143285  0.8454195863449474  0.688329662504565  0.273965484949556  
0.5027693290224352  0.5677771569670912  0.5643214886345748  0.8030751704422091  0.3741134184485956  
0.2333073129463407  0.5824246116950544  0.6931857179337167  0.5411431648985865  0.14540364309653542  
0.5213006351446628  0.6169949974548185  0.8278495601322285  0.7187463730137285  0.25586199844327007  
0.5256240604863337  0.5507193746911592  0.7867723057948971  0.424203177039775  0.24155106503230378  
1.0123460494034628  6.657074322303349E-7  7.9711248372470605E-53  0.0  8.123720777090692E-230  
2.0929150415147035E-133  2.5541503415029773E-105  0.5625456996343106  1.2806093074803066E-204  0.0  
6.559629529834193E-154  0.0  0.22155457498237072  0.724848189296907  0.4517966731598592  
0.13472216654290842  1.0445528632972434  7.79946448273385E-27  3.5438831133176524E-100  0.7479757360159843  
0.09330441779033986  4.9E-323  0.0  0.11739972187084632  3.539056300723677E-101  
0.019098562555220484  0.0  0.0  0.0  0.4661671853593744  
0.39891501751696856  0.8904104525182351  2.680336549774118E-29  0.8983412192788406  1.2135573230896262  
0.4708314390237317  0.01280603409281123  1.0630624823861843  0.42828423197710086  0.026310521868010934  
0.9835341669412323  0.7475497846232643  0.902695418998122  5.034330570948633E-165  2.6641216293965117E-24  
3.704782963896519E-71  6.138666831411322E-88  0.2842660541101639  0.8075271839027982  2.981612813308592E-154  
5.194918445180535E-24  3.995763899600536E-243  3.0060642420500643E-182  0.7873163663381542  0.6862624078448135  
0.3614145903869032  3.1745001259565883E-4  0.5374651119499065  0.3931714378081378  0.14534290089578183  
0.5286956437361068  6.684842460752494E-61  1.020950382672448  0.8761514828152431  0.4963118578150405  
0.42004905297054046  6.2980835400826624E-80  0.5840489309944169  0.46693657369422226  0.2414904657592943  
0.7260047864724815  0.36262095603262257  0.8297590521649525  0.7330378795726501  1.158533799670801  
0.5068170791258697  0.5929202984311833  0.814818557002019  0.6092307992180342  0.25505986111858064  
0.6579053159473985  0.7009695883779752  0.7681329994950287  0.6921065762401815  0.516085103678327  
0.7370851332169601  0.810655816506624  0.9484491526787988  0.8490408615007184  0.3811406821641104  
0.21186924660259543  0.40042718925993237  0.4233377841494529  0.3630477861230763  0.15120536038353088  
0.6781200645425401  0.7510008456061296  0.9585411114132857  0.6886047764944666  0.37820750873400705  
0.6390621269936317  0.7199875810888104  0.8538757607153363  0.7727332453991038  0.2516944254005514  
0.5627943002055136  0.8346995028602168  0.913566535926866  0.8743626860634116  0.5082924018663304  
0.585799575314494  0.7787740714713342  0.910017719307424  0.6629032934976211  0.37138945175818505  
0.4563110690307985  0.7938985892002058  0.8615658990502707  0.8760874040092319  0.4128938042636329  
0.7555659210716451  0.8270773623028406  0.9568422096685604  0.867794389371219  0.6709207224438299  
0.6086001498882224  0.721722807713541  0.9539649560159658  0.7329007704019189  0.21383262953561066  
0.9604173654939361  0.687114458101611  0.8950090906683944  0.85198822227729  0.4886614784421999  
7.562972448030621E-35  0.1384163408483667  0.5884296877119323  2.405746468056737E-6  0.3748741099798905  
0.47263046130670433  0.8438473736838932  0.7241574656673482  0.8601363396315269  9.67589961776157E-48  
0.4842239516326386  1.6748753520935855E-6  0.9521342217818313  0.8797542866968099  3.3652776642243694E-37  
0.9234367719882313  4.302141481071289E-7  0.9334399000945085  0.8626480944337648  1.186261862992826  
0.473151550309836  0.7121467269032441  0.8992173214242344  0.7301643528617016  0.23708799695298827  
0.3055692278357759  0.33064257335946867  0.37394687470913734  0.2989901014046052  0.1715999906873206  
0.7046713325141953  0.7622845594790819  0.8917439115202305  0.8434025710721856  0.3407935973449418  
0.2936740613819846  0.5157618314838839  0.4692073883328602  0.5153057097016867  0.3151854116863962  
0.5059961870256603  0.5303955567483545  0.4795799078805354  0.6091754350908946  0.40995813297593653  
0.325108549319956  0.4858424932502705  0.6947333410173936  0.35657920615518385  0.16070003514220252  
0.46778830736300553  0.6766552528944018  0.6133402612118795  0.7570819580659429  0.43128051006779966  
0.394294769291383  0.5891681712053255  0.5040812843109732  0.7437628841398816  0.4118241306992411  
0.6438828138197394  0.5852117111790405  0.7253585908353257  0.6741889222583434  0.24597940882370076  
0.6972281415465282  0.8307437244448576  0.9538628674504198  0.8669054762392822  0.5493947748418704  
0.5369006854413638  0.7693503596359181  0.804784539340447  0.8705045254420042  0.45072700795229875  
0.26419707817949895  0.2974901105817481  0.30594990635737024  0.3781140221029716  0.21344256954292318  
0.477071293983532  0.44467568088247417  0.6062888672296309  0.43986493460929355  0.18327427434462068  
0.6056711570504006  0.6854366137105296  0.7652786878995977  0.6699993789772877  0.49439484798116634  
0.48668193183212793  0.6544038379416008  0.8076065402671126  0.769633449289715  0.20584799896340095  
0.42378130977327116  4.852404804126498E-12  0.5354589199365333  0.5060148859178228  0.30122876699539847  
0.4792519902306163  0.8433682082878049  0.6929371869425143  0.4774793344923059  0.13057095467582275  
0.3571910228949715  0.8475048469027892  0.6636503732608405  0.5707779058382908  0.19061961420847343  
0.6389528024568746  1.481366232854402E-21  0.6112079679204665  0.6034253152182961  0.36096451764503007  
0.44162033271668993  1.294200032186963E-15  0.43107670687593475  0.5179798913936667  0.28645540484770704  
0.19321259828801154  0.34565736298074456  0.36751221272583373  0.3715353024721012  0.23603379296791263  
0.6704636298520202  0.7956471276636203  0.9494546249783954  0.8422323335512104  0.448323333716237  
0.35195608815577695  0.296409627969193  0.3381635052271402  0.32735849042823184  0.18078378963832026  
0.6708001702171085  0.5707863421817915  0.6753659838229724  0.7107008609984795  0.2510188048477316  
0.5225038536863166  0.6038701477334465  0.6214204197715997  0.6458167508892926  0.25572490490290767  
0.6628155428587658  0.8305352671586219  0.900600632624447  0.8650026007087334  0.5008958997210812  
0.6605722351788756  0.6353017428732547  0.7791037536627501  0.6988614205868988  0.3110556215389806  
0.6828862047632718  0.801352260844803  0.9133550461594582  0.8259797151160971  0.4242419789339339  
0.3764233221731847  0.6914906276669966  0.663640254160967  0.6683662022241484  0.44547850740672007  
0.4676424962793384  0.6045196709845982  0.573588985989125  0.6280300152538313  0.44313983570629195  
0.5825051444698245  0.667895029823795  0.7250057677581808  0.7791246405362605  0.3704245177076266  
0.5623957903804001  0.6167269450310796  0.6263173334192105  0.6543206724413757  0.39025601728697196  
0.48915643121100494  0.644300889990404  0.7170841863614426  0.7740843095204291  0.24978475957073154  
0.4890477975055589  0.7091253759025107  0.8254303834818392  0.604353849620515  0.34565641864067986  
0.6315866603860812  0.5819768615324559  0.8088309990262526  0.5242367493927718  0.22826872718933158  
