0.9878443181082062  
1.0016964130278789E-7  
0.9613961135125851  
1.0768524739082853E-7  
1.0225144993316588E-7  
0.8742140021447425  
0.8742963665589537  
0.8751911599947586  
0.8744532731180406  
0.8750579217781399  
0.8196785496546117  
0.8750388278044887  
0.21364944344752312  
0.8714750204298067  
0.8750372741063805  
0.875139695592368  
0.8734582008315349  
0.4221774004068125  
0.8707034440887552  
0.24140166420424675  
0.9942762298193853  
1.005626020317661E-7  
0.9959678614336348  
1.04470950015437E-7  
9.9461457108474E-8  
0.8751077974568545  
0.8240613252726028  
0.6401877287781078  
0.4767818033311519  
0.8628558525288731  
0.05931396563791958  
0.41457336210629614  
0.8747219112047989  
0.8748787456295972  
0.9065276746681202  
1.000665949612418E-7  
0.04055300212638832  
9.932521442713317E-8  
1.0012040001698745E-7  
9.989677401902383E-8  
0.9786890021971693  
0.007110873332765251  
0.9133985317567533  
0.07932376736719288  
1.022068099427727E-7  
0.9789319608592704  
0.07691382119611788  
2.8166014789713455E-5  
6.120587771253004E-5  
0.1199292732612101  
0.4408680266563573  
0.15960931016104554  
0.5999758637811102  
0.7472294247406195  
0.8751175987018791  
0.8748531785750165  
0.874188902633786  
0.8751537990073415  
0.05985093109093206  
0.8632241323936842  
0.9952513909326464  
1.0052207222095913E-7  
0.9651695943252468  
1.4858043214411043E-7  
9.918456683411344E-8  
0.010852474150099104  
0.22568870982013386  
0.8749205557279799  
0.8695444992222285  
0.8747687528638676  
0.18963406796759202  
0.3690612768870815  
0.2747771620177663  
0.8743780729651744  
0.03267627949992513  
0.5484774401495952  
0.3748422366418926  
0.8743670242270228  
0.8751025341638768  
0.284137805515508  
0.9730577686720103  
0.011581701325567819  
1.0000490945895135  
4.056763687173615E-6  
1.341080383682606E-7  
0.9685659995387005  
3.5700752925397767E-4  
0.006831346297960454  
0.0028876983342214307  
0.9762050267069173  
0.0020956510564617012  
1.433962575666465E-4  
0.014296685686122423  
0.004692196308308935  
0.5555193929151974  
0.8749656897472855  
0.5455702123030074  
0.8741786731014023  
0.6222009274903174  
0.1086620038733159  
0.40532348449226724  
0.4794893771475456  
0.3870925735112962  
0.43749634561028905  
0.12743761604966428  
0.613012665723097  
0.032789553918725775  
0.4120820268739685  
0.8747610792136494  
0.7275476024098669  
0.8751263654211278  
0.4783132960031591  
0.8749615750307059  
0.8749388678675523  
0.7943511751592779  
0.8742063169066441  
0.8751837133715654  
0.8329599606152092  
0.6239027092500223  
0.8739171934367851  
0.537295318737469  
0.3905282414747329  
0.3831359981048374  
0.3981698533288103  
0.27341612940722326  
0.1186071187983845  
0.8751963621352093  
0.8704999092783458  
0.33748367414106517  
0.40419372991175995  
0.4527791539790371  
0.4767876032564888  
0.6765143245654079  
0.06556091025164185  
0.5054860627807761  
0.1445677937747677  
0.16684692075043006  
0.091910233723335  
0.1507029955032491  
1.0132612783816306E-7  
0.29662146501479847  
0.6717043555869008  
0.42775853158105176  
0.44057952945401013  
0.13170376250709923  
0.08243441701948744  
0.5182108261233727  
0.06147113859654002  
0.25842641274570205  
0.0516929788663698  
0.707099528863263  
0.8704039384697657  
0.8246102471574022  
0.8752169299207136  
0.5610349175688237  
0.22983877030790317  
0.5851574256631243  
0.8675888183640155  
0.8684303055109984  
0.03227523564248494  
0.524611609064846  
0.42842986659063986  
0.056069901782878705  
0.6294072446331679  
0.2485451587732502  
0.14281849819915193  
0.8750881537432267  
0.44388632198799066  
0.8748734851821395  
0.6823824527711732  
0.7415160905999822  
0.8576689779481981  
0.5191203634434906  
0.8750136258336468  
0.8748243399643372  
0.10471840165436001  
0.8733002275231921  
0.6716100419610602  
0.8744163978107293  
0.8642037341079366  
0.7326455108976828  
0.3206203743775609  
0.9342377900432021  
0.04664144853550106  
0.6172059250728987  
0.6823972737813971  
0.9369850000045286  
0.3552911287467975  
0.6964829345742399  
0.4084418194858615  
0.05708991273132179  
0.15545626947896266  
0.6593383278683399  
0.049916835433227884  
0.8748787066195616  
0.6817479009574862  
0.4993705842408619  
0.30604158687290783  
0.3062904228267692  
0.87513535215849  
0.632874571363026  
0.36944757305787107  
0.5628336171378383  
0.3122766449761259  
0.08928370891061038  
0.8750991646602945  
0.5006202796207633  
0.8724110667953716  
0.18287549872651124  
0.2864201936005495  
0.11540808920132807  
0.8416922696187793  
0.5248842555433985  
0.8428591453871193  
0.04423297800480905  
0.15979578717063472  
0.5850468145860288  
0.2957764553514283  
0.4979390429817791  
0.8742878496477483  
0.8136247612164725  
0.21172798198082926  
0.45631968466557193  
0.35477286650203266  
0.27162700078534957  
0.8750900915774341  
0.8745254768055093  
0.09941686688841275  
0.8751152102807417  
0.7731067788341982  
0.17084218806005164  
0.16785495884997728  
0.17803606571193256  
0.21359668976544988  
1.5523146817771999E-6  
0.26424445209835445  
0.30832093646985703  
0.41247502656550866  
0.03907770627495158  
0.15063530098156516  
0.6575525967631871  
0.2517447148214567  
0.584853500552046  
0.12050736506198663  
0.2694189688953758  
0.7059164060616236  
0.6656695646629597  
0.25762460730598624  
0.7430990009114058  
0.8751679540444628  
0.648924048555959  
0.8727490917921908  
0.8747908521051655  
0.3807033063155573  
0.24726374330518883  
0.8326725296383444  
0.858076170181649  
0.8735740597269435  
0.10455799811195102  
0.8751572410129319  
0.7267242912397441  
0.13860941181727346  
0.598412034585445  
0.43605907847070735  
0.652739861955825  
0.39730131887389  
0.8747695086241609  
0.875215206167883  
0.054088874817614  
0.8742054329677511  
0.0901829396299463  
0.8743394235241607  
0.0850532156375399  
0.8477144012990124  
0.5933622562922861  
0.8164426312771789  
0.8424036285904525  
0.5668853229240863  
0.3872065243324065  
0.014884824290842943  
0.22300217178401693  
0.5707070553772597  
0.42881153377303155  
0.6604359073121243  
0.665711085283299  
0.8750153366041068  
0.8727749020688065  
0.8640081969273735  
0.8749551135744005  
0.19774745306561337  
0.8533858641146672  
0.8752126387038788  
0.5835696010966394  
0.8745315589002349  
0.8735451821290819  
0.5733245118625465  
0.8742660531605722  
0.8710305011185009  
0.4098406334002415  
0.7962544292973317  
