0.8239665717111743  0.8188802903482569  1.0693034908795698  0.8770113000241876  
0.14574449221990182  3.5E-323  0.0  0.0  
0.8888497200158497  0.6654152484790243  1.0906172576541724  0.7211088911723585  
0.0  0.14057772301789156  0.0  0.09968492863679308  
1.1042653236463222E-7  8.886838837518066E-8  1.2429778284761515E-7  0.0  
0.7426216537297491  0.8517021562679307  0.5409602816918158  0.8573794246489678  
0.48904878705295296  0.6388113746484064  0.2663649917439025  0.3493496373237712  
0.5160175653763142  0.6092176520443903  0.30170002143312064  0.409808802954613  
0.336202468316273  0.6538536656538457  0.3908097304165495  0.4525261899694177  
0.6181106846202288  0.8945916456575213  0.49274767206135883  0.5110751414410237  
0.6281518246192559  0.8370463287179498  0.397381789318328  0.5003616832972961  
0.4150918315716821  0.6564006991462352  0.34065165131121267  0.5964608378890192  
0.7725026124642608  0.85714752988238  0.45123516600051816  0.5977026172473847  
0.5128683169675428  0.6847656106657928  0.34785735169305615  0.7079839899595113  
0.7569704422276062  0.8474655095686057  0.5900531077534403  0.8152123098849506  
0.49352052862955453  0.6601349944102329  0.25877341855065916  0.2675252456071784  
0.6287504530873759  0.7154692991803934  0.3174734219692963  0.5852228981462886  
0.8236255855935098  0.8429145578289048  0.4422495190154916  0.5810053362479722  
0.7386722683366578  0.8142592597504101  0.38311593437393215  0.7029417269696062  
0.6474362682206736  0.7639854317593072  0.34072950655798545  0.501269735568845  
0.7941422867383594  0.8179230398284031  1.0655049357334985  0.8776515614138507  
0.0839845451557565  3.028723257153091E-43  0.0  0.0  
0.8815094270914346  0.8218847792866636  1.0624452029401221  0.8615720751587759  
1.0560149627796997E-7  9.075981820872144E-8  1.1683253382830744E-7  0.0  
1.2759426706870736E-7  8.512876124664115E-8  1.254939858066844E-7  0.0  
0.48243989532600046  0.6125874039274407  0.27184007176846553  0.5601609925871596  
0.48763773797856935  0.8139493693797009  0.3883683769799578  0.4213928822070803  
0.7508856904274305  0.8499626822289016  0.5486528659811867  0.8320047472957622  
0.5373636792615679  0.8210557735239187  0.332422191555445  0.5073041002631318  
0.7916648853257043  0.8302807040974054  0.3986331272809986  0.7238525283279984  
0.4614925899959747  0.7309970828854415  0.32217771154705366  0.3807583043953429  
0.7852887748448502  0.8448296866744907  0.5155718809208354  0.7197005914849862  
0.748555434837538  0.8401347151684182  0.7678592024591354  0.8571038830421004  
0.7498763368702338  0.8500308979578831  0.5523878915824217  0.8352356472705944  
0.5566152598601387  0.6018626234350312  0.8869598777711599  0.9550871566977882  
0.0  1.2568323114128236E-7  1.312888612332294E-7  0.0  
0.0  0.17922817818684353  0.1376865994066568  0.0  
0.0  0.0  2.1609102532701127E-7  0.0  
0.0  0.0  1.4166509370585155E-7  1.4007543652156404E-7  
1.2874015432278226E-7  0.0  1.8982239347238415E-7  0.0  
0.8349633839125451  0.8116116715926498  1.027883954127676  0.8737233041921034  
0.0  0.02935627279464766  0.0  0.0  
0.5997715276931725  0.8822103454505883  1.0148667282224484  0.8673533614177508  
0.22712610114042317  0.04686100522106234  0.013296022123794741  2.0E-323  
0.0  1.0735776244055431E-7  1.0820906572187267E-7  9.764846271028079E-8  
0.9577222719127064  0.2895657982767911  1.1944335174165022  0.8422080775614014  
0.0  1.0634754660070581E-7  1.1013789966829201E-7  1.0864589437989092E-7  
0.0  0.0  0.0  6.046886793565415E-7  
0.0  0.0  0.0  6.155008110073067E-7  
0.7864724742175361  0.8458074467691484  0.49574345621353794  0.7133623667739579  
0.7029530631711486  0.8608836377074884  0.5652677813005408  0.8432326494742226  
0.39580937932711235  0.45697781503393065  0.23064193709443004  0.4417522205733681  
0.7521143683496777  0.8349254579918869  0.82462707866259  0.8523913964612468  
0.7357650008020139  0.853524051859358  0.6301190149442623  0.7785586862479112  
0.7483374354744173  0.8508652803699787  0.5359267577870138  0.8391735881741592  
0.7848234671919658  0.84296175016799  0.39305731137869887  0.7250476922316385  
0.6336621655738938  0.8927074979106836  0.420218925085512  0.5558234754866527  
0.571807377777997  0.6264813010370601  0.2949915546799038  0.5830447237427738  
0.7886568334581251  0.8481119885505335  0.4386091620808985  0.6992323825134247  
0.7443856840263252  0.8480747166256977  0.629320463303341  0.8589450414674762  
0.7950009406368695  0.8210414699525044  1.0748049093061123  0.8685942744140762  
0.0850997364684899  8.248115236000371E-54  0.0  6.9E-323  
0.7128136627685581  0.7769195877760204  0.9149807808516988  0.8229196234684811  
0.12761672898191803  4.0E-323  0.17386459522175823  0.09349632269919866  
0.04036404483425875  0.0020987431411468214  0.0  0.0  
0.7425553313038279  0.7874339903921206  0.3679938479489061  0.532511562272946  
0.7756347278972697  0.7491126023275011  0.33230330051457885  0.4875437058368064  
0.39386416622709025  0.5507393784327126  0.30411966854013495  0.3816622903478172  
0.44220757806628336  0.6805877634686998  0.2870524305027092  0.4496800707638181  
0.7954693364404307  0.8421550418397499  0.529134619615427  0.6869350032576149  
0.7453584586141104  0.844862736420604  0.7060795946513763  0.8616421924745006  
0.7207742487243283  0.6620812787692023  0.26779217092205876  0.6973886137305096  
0.783546251343901  0.8415843800447829  0.5886532521614491  0.731139726542705  
0.7172532437968349  0.8611370258254355  0.46153735351542874  0.8579969464501265  
0.8043074537456325  0.855818569713398  0.35387282242547197  0.5127556426954677  
0.6438596012239491  0.8756772518746503  0.6029573136548821  0.6735807092081971  
0.788632808939953  0.8458974296287032  0.4779087050376699  0.7056946399928213  
0.2860288283346354  0.5684994449417812  0.29332619145527505  0.27929233670048614  
0.7147600694912414  0.8694267975164871  0.4755423971993172  0.6175448098072461  
0.5926395320008372  0.6983238884930777  0.3598639405346133  0.5553924876306778  
0.8053275660336168  0.8653235586690731  0.8349569528103374  0.8708627409825997  
0.041193853322655655  1.5E-323  0.24567171139250427  0.021579068317367223  
0.7847832087605783  0.776684666242369  1.0314171776438839  0.8856407527601435  
0.0  0.028524105526501226  0.035080368266842785  0.0  
0.0  0.0  1.50280478154569E-7  1.1365195149966463E-7  
0.39853621721632065  0.8504826674557405  1.0826473766792215  0.8339300235902566  
0.0  5.04E-322  7.66E-322  0.01470148545970465  
1.2092612042442327E-4  4.0034E-320  0.0  1.0265968021272148E-245  
1.0933118351368482E-7  1.0958423289082886E-7  0.0  2.2767136086948073E-7  
0.8506288230944004  0.7927231288673849  1.0620236131526846  0.8580198779415122  
2.47033E-319  1.3372899922551384E-5  1.6356667019662594E-5  0.0  
7.1007E-320  5.4788157110017126E-5  3.51912543011575E-5  5.161028851686371E-248  
0.0  1.3436521069553022E-98  0.0033778734904293312  0.0  
2.3863E-319  1.49918171812344E-5  1.3916002448225943E-5  3.06415E-319  
0.5020559750805715  0.8927150240639129  0.49150990424513624  0.6269798648096127  
0.7711829611657216  0.8567191992537188  0.4284295228163859  0.6429789067120746  
0.45481550600928455  0.652378694567729  0.3504367569416389  0.5571247345395691  
0.2769422055270297  0.5690188076745013  0.3147266036632376  0.302098084904102  
0.639344318422195  0.702459106896912  0.28647138047215237  0.45658734060988976  
0.7592061975644946  0.8499934199430728  0.5104277259932987  0.8023038126332029  
4.9E-324  0.5750830787708291  0.8955823364912396  0.5039700805006703  
1.0291244546716216  0.39271478593841297  0.17375939231091533  0.2080145774341426  
2.987054598025254E-8  0.29496619677316505  1.056608592067369  0.1008938512241972  
0.5136507284793039  0.611818215196736  4.9E-324  0.625725850081684  
0.2752250271903733  0.002061379105536549  0.12843323055711184  0.12672178746732116  
0.7678649798623618  0.6749197222042107  0.2718518344730786  0.644996741084428  
0.7774478108792765  0.8501932602946309  0.48224809642754196  0.723064526294647  
0.7452742685104031  0.764200168735353  0.35629801434940184  0.5630684149806578  
0.1779517217765368  0.2122740299494231  0.09166194962481512  0.14572095636993804  
0.6078264185563497  0.7436749852632571  0.29708886671485013  0.43727617181165596  
0.33619108311999235  0.5125023290087176  0.2957653659870163  0.4935861311268264  
0.7487551752779752  0.8398121258168678  0.7715728901008425  0.8568004557079774  
0.5061577480669552  0.8235679799295882  0.4434668372425922  0.5044364210857205  
0.7207102476188101  0.8661892327827875  0.4953445254629597  0.6507263274628456  
0.2754255440983646  0.3817944882647114  0.1453621189320574  0.175495074531803  
0.46595327824240257  0.6650902135599321  0.34256265163385097  0.6504631969888282  
0.5236102929330638  0.729544658052952  0.315009095879626  0.4023626149498689  
0.7429876674763689  0.8526622280992383  0.5126386999540773  0.8542569522475717  
0.8146388865913327  0.7795411478869334  0.3209966432012926  0.7320865863973576  
0.22072998002982805  0.3175710762248671  0.13641132897287037  0.19334806687384917  
0.05294065386511793  0.2158622094961971  1.0887147047422576  0.5033141870815819  
0.7667562839936256  0.5430763445740636  1.1925616604028667E-224  0.3674277591100166  
4.9E-324  0.6960836243721766  1.110724519220205  0.0  
0.0  0.0784879044926868  1.040315368632563E-31  0.749066714403388  
1.1110535959063446  0.1682223902893291  0.0  4.9E-324  
0.70640358852124  0.8702175635412265  0.453982740523728  0.675364260974648  
0.5393343159641211  0.7186407105899217  0.29596844123278765  0.4435880327305953  
0.6303651897894909  0.891016268748359  0.5116782758906512  0.5040617980938149  
0.7546665422859655  0.831412846502817  0.8610367718474528  0.8493683982968792  
0.7423758979956063  0.8542640085283892  0.47266248914781656  0.8530151587674031  
0.7429586563264622  0.8527182583426757  0.5112125043596369  0.8542539921611096  
0.7515825007106551  0.8356918236776429  0.816408956413568  0.8530752018309324  
0.3296141233260365  0.5419367998785704  0.22624627736847777  0.21429542772005622  
0.5673355136349798  0.5414125824990054  0.2289784270149286  0.5415493587361282  
1.0E-323  0.8351050543425189  0.1781332941111972  0.34408897665677113  
1.5E-323  0.06895311315028976  0.12349400827771588  0.21222480313847458  
0.23220129309609602  0.102005058886968  0.12631720442985123  0.0  
1.0E-323  0.0  0.4333035832176719  0.4500927533688123  
0.41395096481816096  0.0  0.2943884362535767  0.0  
0.0  0.0  1.8126770812290337E-7  0.0  
0.0  4.9E-324  0.9567550796014572  0.4257193843955387  
0.9654089563323454  1.0142871627332068  0.16698643611858932  1.5E-323  
0.2965311655158028  1.5E-323  1.2834088648499318  0.24402126084754597  
0.42452838927912256  0.5114029478655135  4.9E-324  0.5555596144085212  
0.06492801004457718  0.3698063421527871  0.0  0.10182226627236562  
1.0E-323  0.08642007672037356  1.254543560413124  0.3938311915272449  
0.917913575591622  0.8206014060304825  1.0E-323  0.02394600637545155  
0.11318972008636129  8.4E-323  1.14E-322  1.04E-322  
0.8683944492398998  1.5E-323  2.5646349068033016E-27  0.9415676707249462  
0.6055448543894073  0.7637485291777686  0.3499347216813731  0.6348575743009056  
0.6458417217558425  0.8897666621520361  0.3657122655440371  0.5868504968395195  
0.6984369001716628  0.8694365183817587  0.5434612110384649  0.6623843409890057  
0.3415110091264545  0.549066361347349  0.2485268279538924  0.34650620370301205  
0.7537763185937639  0.8478430762925059  0.59421609232072  0.8258051938209457  
0.7481225233493  0.8407541837470798  0.7610040526814245  0.8576742338849004  
0.7030116629803466  0.764203985569179  0.3292831469712035  0.5356016473015367  
0.33732995784314423  0.6555802327961856  0.37042363836897935  0.38058275221168386  
0.4576155235766549  0.6501570049006974  0.2529523642497927  0.2241872130552671  
0.4213119000327563  0.6354143889458257  0.27769252866276517  0.34325521737260434  
0.3770664014476248  0.6314272377132986  0.3251867967438407  0.44931665848658736  
4.9E-324  0.5270858616094827  1.0755047435293823  0.0  
1.0389629852766153  2.5E-323  2.5E-323  0.5955319155386851  
4.9E-324  0.5848499366998123  1.1389881127207893  4.9E-324  
0.8736693077739222  1.7966292001101765E-246  0.05747293258281121  4.9E-324  
0.17888892387581512  0.08970743513097947  2.5E-323  1.0189300586641998  
0.8048608580464566  0.8513399353292305  0.40281882485058085  0.5906863745465291  
0.39553528370514435  0.5318192678738405  0.24292514974503235  0.3615463823313986  
0.7508525046015895  0.836729894000768  0.8052872709214377  0.8540015723008346  
0.7444106644026734  0.8472365442403755  0.6519368435572024  0.8605655256720058  
0.7759802539292997  0.84491673627969  0.5707887160615331  0.7525697037824819  
0.6155677346085908  0.8120071876733992  0.3614843999474831  0.45588722403674453  
0.42595630556935604  0.6670395003527572  0.29787458565860714  0.4332090531766887  
0.658088086076847  0.7808105654780683  0.3429242757829812  0.5277143806996082  
0.5285493015625797  0.7642136873202839  0.322152675317186  0.6304328922823763  
0.7847751499042904  0.8440537574106856  0.5428218225729018  0.7226239850401215  
0.7438160546859826  0.8506414065739429  0.5629016395939952  0.8556042868530209  
0.5617297451568061  0.9063974032984616  0.43326455456453644  0.53112904852424  
0.6147927059522331  0.7922480153197604  0.4259092068827202  0.7737972335835781  
0.42538567905953356  0.6112598164466001  0.2539273922718212  0.4313131734681258  
0.7878327033492586  0.8520497914832151  0.47401813950816063  0.6163749041802152  
0.7428438886840778  0.9314140119599899  0.9282564083503748  1.0E-323  
0.8140639964280405  1.0E-323  0.23089042041101887  0.9369514824343558  
0.7341311080215102  0.8586430840236908  0.5513995671699178  0.7205144174977363  
0.7377977651702221  0.8741409533838079  4.221323546027983E-37  0.8307061159429376  
0.7468353505928605  0.8426818089517691  0.7381635012374917  0.8595362588478148  
0.7330986459460105  4.1668225597043805E-18  0.0750416699727741  0.9590021443144179  
0.4659574018827283  0.8602930069345823  0.9823586771124098  0.5869703971162549  
0.9149981239448587  1.0618847437904381E-75  0.006887274578272756  1.074228135652971E-7  
0.9150793502232261  1.0239845744579822E-87  0.008275577902114237  1.3782668771007912E-13  
0.7576369991770514  0.7454007695450185  1.0790886410695935  0.792454326794751  
0.7377412761109912  0.8741511665022393  4.140200860517651E-37  0.8308790414761122  
0.7552550508037307  0.8715183631009522  1.7556222580364657E-34  0.77301455093826  
0.3899631552265702  0.8351064156880188  8.012503220403824E-24  0.396707444004961  
0.6836881162868543  0.8979404502117071  1.1118693660018307E-25  0.5496505210082409  
0.8232559379074128  0.845467651963779  0.4164190212004575  0.5676539819888791  
0.6291326533473212  0.6956462566601087  0.3035609466856207  0.5707409740869208  
0.5155607506889548  0.740879078234172  0.3209139765136738  0.3061153125575398  
0.3449852433080257  0.46289549837879607  0.17336752492546031  0.3357004014128775  
0.4787717184073357  0.557398841254172  0.26243796389427465  0.4240196217656959  
0.30906633750521567  0.5310757080588498  0.2904450198876971  0.415603998687685  
0.5745365085670829  0.5180627547632527  0.8351192222377567  0.3842340031611958  
0.17377794836883184  0.5059735374500278  0.031399537069393864  0.35009269776097257  
0.29214452210134856  0.002181904776247562  1.0420079594622487  0.6917293682798207  
0.1534332647499277  0.7345670848599536  1.0E-323  0.14079323571853938  
0.3270710663290939  0.1057198227669375  0.039323207964112976  0.013787415618178075  
0.7594523123867785  0.6068253726135276  0.23969139423941263  0.5982232812527652  
0.5048121499649677  0.6554199378761716  0.25410952347378424  0.5079940744645306  
0.34563620255482264  0.4608632104678209  0.21958101693140614  0.427314195007081  
0.671019869701434  0.8734008541518252  0.47281960849511584  0.8039336648823225  
0.3401773437461697  0.44001306807874957  0.2022940508118248  0.38760174030223415  
0.6034084303269615  0.5880296055930954  0.301700666367809  0.46843869147067996  
0.5462819250465326  0.901262001377839  0.44583070426629395  0.5070493641519891  
0.578846300930478  0.7936575870841283  0.39849661424798066  0.7635531170971226  
0.6447986965205317  0.8844821140275819  0.41653678367077257  0.7260151025452866  
0.5517814879703974  0.7770726862444364  0.3775734579622139  0.6721857296662704  
0.6802902627133579  0.8818146496671908  0.418834561993482  0.5518412434621572  
0.7109149838572155  0.8714907542766115  0.42946492598096964  0.631420441062103  
0.5956233913452481  0.8044822971986619  0.3971655182956991  0.701880824212609  
0.7510218818169719  0.8365086224064365  0.8075888897551623  0.8538088710726671  
0.754911013033805  0.8310734252841808  0.8645590169017442  0.8490759820643825  
4.598099263946091E-140  0.7051193388705308  1.0792982608839286  0.8006799435021725  
0.9688535602832461  0.06793697685539438  2.0868178313355416E-231  0.18126372285408815  
0.525531168212354  0.40236010575706194  1.054184783924255  4.9E-324  
0.0  3.0E-323  5.9E-323  0.7828819509866742  
0.34633730205893437  1.0410245087929841  3.5E-323  0.17029090648683923  
0.7843112949869865  0.8480946979054284  0.44864980476564986  0.7164127559185871  
0.765602697201947  0.8594488429922955  0.36453834189130113  0.6674191485725538  
0.7955289337914584  0.7749289205249703  0.35530641126602175  0.8097494927773442  
0.7727678347363256  0.8495404193229569  0.47322437740083617  0.75247227729027  
0.7580378627808275  0.8270156554512281  0.9053241029073341  0.8454127189979774  
0.4109157245749878  0.6797391882592494  0.3881703430183035  0.4425527700603169  
0.3112379726587769  0.48626481740305355  0.26770030866143174  0.4784932791718193  
0.6827398507184151  0.7681535817338926  0.34079427547983965  0.4258380694219675  
0.7572998970148229  0.8624914031542384  0.4525312279907733  0.545102057446786  
1.0E-323  0.3724173765098739  0.09345176998852879  1.5E-323  
1.5E-323  0.14968484881707297  0.20288726929467707  0.12123643088973589  
0.8016461614957698  4.9E-324  1.0E-323  0.29214700686675277  
0.023554123627787395  0.4575236488628958  1.1920771982927272  0.24916152606240657  
0.0  0.0  2.768284592713014E-301  0.14441095150437713  
4.9E-323  0.30873698136367883  0.0  0.0  
0.47121881576592567  0.7663258440097384  1.117652264269339  0.6088631396471882  
0.9721458800818973  0.4100406651107184  0.159690211680468  0.16125078160200634  
0.654159959834094  1.5E-323  1.165182988799378  1.0E-323  
0.20578993626088712  1.4000962425503113E-291  1.0E-323  0.7939167169696747  
0.13940113913066723  1.0365114980430605  0.13036260641511324  0.13730364717124618  
0.8148359846496638  0.15366864390455037  1.0730668071751612  4.9E-324  
0.49820030400319165  0.8769996497593979  8.829362646848775E-20  0.35605243327483865  
0.9137117613765647  0.4307299727247551  0.0035578929462110804  9.106847080297493E-19  
0.7373500910188917  0.8812505881222399  3.823641450412998E-30  0.6581944979095744  
0.7787743549126596  0.8408009306445975  0.6334869633854969  0.7495050979674887  
0.7528815517657511  0.833831153416534  0.8362661564457259  0.8514227138773555  
0.4139690092936985  0.7125426762795088  0.4004880859597089  0.49403113923170733  
0.650401066845742  0.8683921701003371  0.4057427107816807  0.6640744941036699  
0.4945144955838074  0.7033554935394603  0.3294694787919998  0.5277530397941071  
0.6503529024915187  0.6440187090099413  0.2526474249432694  0.6561337299446508  
0.7485985006510655  0.7678608772783738  0.34508119196339665  0.7687659178294867  
0.7459415381707112  0.8452328636336462  0.6986620528330094  0.8593585941468549  
0.743856829071654  0.8490439852962857  0.6059316733679541  0.8587394038659035  
0.7500284865969287  0.8557659287325725  0.5718726052271106  0.6723451039432553  
0.7697614671481455  0.8547331604379009  0.4818991878433212  0.6564109839504281  
0.45077760007396267  5.240560027963148E-15  0.8837326979516055  0.9030701524293971  
0.5538255234349652  0.9777618195242401  0.19998883332969222  1.0186244637628157E-159  
6.017600911566318E-5  0.7849547702544022  1.0847486034143703  0.6609210471154106  
7.250406847674457E-4  0.8977119222879903  8.086008426518396E-44  0.7882883939078861  
0.9009076778027049  0.752880975248607  2.19588719169E-25  0.5678973150765991  
0.7438355697687565  0.8499250150906924  0.5821464885157726  0.857016095226138  
0.749213707600714  0.8565370227094483  0.512280018789517  0.7165705895685727  
0.7698631834795611  0.8506674839863104  0.5301172309646792  0.7255867019118846  
0.4783753127527223  0.8412219910998712  0.39722029360802774  0.3962408501851581  
0.6704217937610012  0.6200234609885432  0.26765443676399464  0.45992557825050423  
0.6611564733656721  0.8598091584833052  0.3361353116210124  0.42219206658407543  
0.7411938042019974  0.744858182310649  0.3703444509791374  0.6414959568293637  
0.49875503696401696  0.4956584621373347  0.23407934720730758  0.4694520292004544  
0.7545450284366528  0.849424354806208  0.5479694190098199  0.8198244142385092  
0.7511537740197847  0.8363181671192319  0.8096402085603854  0.8536381541638558  
0.5314655817064946  0.6559802029540804  0.3178138727804866  0.41666969339995075  
0.801961034579923  0.8475343866651119  0.4227304240381367  0.6468546686776228  
0.39513171874440484  0.6625965403272291  0.31356609376768246  0.2823677477093205  
0.6622727575728945  0.8825050082497263  0.48861871006666907  0.5859615936881342  
0.7079196308559478  0.8485922473024642  0.3412763532632721  0.6241995922825632  
0.6011969185607503  0.6575488069387202  0.32199849112555384  0.6590149803097402  
0.2047482522686098  0.2552391281466606  1.1134018774788976  0.37311316336763606  
0.45324448998599187  0.44976083960198604  1.09731488841782  0.6463083952331179  
0.514648694450686  0.9189047402730188  1.8312955703528314E-31  0.644268196496125  
0.5603857105956439  0.9150449285526971  9.150343362310494E-20  0.37727014605452175  
0.6097725892301024  0.7536056722650469  0.31580012761095244  0.5974628585640822  
0.6482096882138363  0.8756270826056802  0.48242811437670696  0.8000545993821391  
0.3567771421537819  0.4108993417970225  0.15611792585274376  0.3036568111394599  
0.20080483774970725  0.3602983344248658  0.21354568662832604  0.34999458466806954  
0.7448345672392409  0.8463046486145294  0.6748100846575166  0.861062969857314  
0.7173328369144362  0.7726527232392028  0.4192290964789029  0.6653890106950081  
0.5869867810743252  0.896572763348924  0.45021679730458003  0.620494470941081  
0.41285199851280036  0.6785123563331227  0.35062709144249665  0.45689058909859015  
0.7443028154821834  0.8475535571054255  0.643877309774998  0.860291712589432  
0.4897374588455266  0.45963115173637586  0.2091657059759196  0.3210263643514272  
0.748607762996681  0.8400128480436436  0.7694046605260365  0.8569824136402477  
0.7523858200909401  0.8465528605295763  0.421860192212649  0.8378088240877427  
0.5718620916229575  0.8531074520289836  0.46821799069509124  0.5529456760926844  
0.5714664441921556  0.7429992989334291  0.35520228112758867  0.40700811637166756  
0.5063164387992565  0.7996656615914131  0.4066679893208883  0.5454261422184346  
