0.9567464570073774  0.8872372836010803  1.1117906382808898  
1.0943903554094245E-7  0.0  1.2285897581597205E-7  
0.8219246720385935  0.7902807134223214  1.1506939173256676  
0.08776359635051525  0.10744547850740417  0.0  
9.71555923338815E-8  9.028729216655941E-8  1.1072137225715465E-7  
0.08809355317117548  0.3068543267440331  0.5937059136219892  
0.5813744775603474  0.40897971086348145  1.0875624046104666  
0.5233001753418901  0.2133444262202396  0.791958005909004  
0.603519276728962  0.3631036190607147  1.0673421311627376  
0.6013881303230199  0.5079998793245917  1.1312196398784555  
0.6499993993109584  0.3105962726334332  0.9107490790695979  
0.2301746070932167  0.5252297875604494  0.7418619552254918  
0.3043832572785526  0.58581956679087  1.1313977047147825  
0.5840471698040542  0.2535912831228063  1.0221607568377205  
0.1127679676908481  0.4033327534173758  0.5458931099981794  
0.5777469273372959  0.5827365127724267  1.1290666299681522  
0.5064553971140215  0.6460365409570246  1.1280771705907386  
0.46447895004306744  0.6333116848772141  1.1293971410473482  
0.532344334226857  0.5937190204248008  1.1292867673487244  
0.2659987239598341  0.22846283901745254  0.797377262813961  
0.9589496370096613  0.8864256665822063  1.1139647695438846  
9.623977327949569E-8  8.845814561217614E-8  1.1112037723449865E-7  
0.9610453333208362  0.8865967846336307  1.1108146271037427  
8.41577239679374E-4  0.0  0.0  
0.0  0.0  1.56499244787051E-7  
0.3437848594464126  0.21621954142697697  0.5188457340406766  
0.2333704431217543  0.4174801661131458  0.9240294208791078  
0.1192312692295859  0.44448033477459586  0.6689355774650568  
0.6356518417737455  0.4088468519237348  1.1253501914979138  
0.6187861396595904  0.5855776547064072  1.05459448409416  
0.3830923636321763  0.3533775334615185  0.9197969082378002  
0.12429748038315479  0.25777029837406346  0.49413885778090927  
0.24048429649571926  0.48687708638924726  0.8469779363614917  
0.3883692208250144  0.26432625856640213  0.690219918366146  
0.8348618512447  0.9090258702038128  0.9290166287573957  
0.0  0.0  0.12905056018305727  
0.0  0.013338734496261393  0.1100423773755907  
1.6283603768556448E-7  9.766247329572288E-8  0.0  
1.60548730482573E-99  1.3660015400788403E-6  3.6872405688053144E-7  
1.2303860529679043E-6  1.1428485875686775E-26  0.0  
0.971603719352673  0.883238375845765  1.048528384025621  
4.4E-323  0.0023634504187038056  0.06941646103191079  
0.8975015635143836  0.7711049142378634  1.054844557958755  
0.038833739937122955  0.10101469731578451  0.0455529659753472  
9.901794141499071E-8  8.635978184011809E-8  1.1096458098996626E-7  
0.9915374661694993  0.6079448727531354  1.1461675153852944  
0.0  0.28120655553765983  0.0  
1.2317130490146134E-6  5.994440329342292E-143  4.139908135388284E-7  
3.379528301912491E-5  0.0  4.554767227463721E-6  
0.5283776744118649  0.27222642521698587  0.9396009612671246  
0.45500043976575016  0.38470451666229116  1.02039028139865  
0.777586662034161  0.669478296700416  1.1163113487409684  
0.699391953070036  0.3794211513826151  0.9854755604262548  
0.12491724451812551  0.23168952441281437  0.46489545590503645  
0.46604006476496185  0.16503065211247497  0.8309925130996171  
0.1472707725381681  0.16614324105084738  0.311293604046556  
0.3930409480729292  0.43332074345026067  0.6355495203932792  
0.5174419940511797  0.3805157129511684  1.1104684118388657  
0.2861396552401205  0.2047792819022058  0.4522123420411699  
0.10620671300004661  0.3997380445588691  0.49176596566579023  
0.9599356080592457  0.8850163427470021  1.1098137371536037  
9.626954829192033E-8  8.858857485630326E-8  1.1130137920475853E-7  
0.9098448160785235  0.5186985831744001  1.1705791562537549  
3.0977710054844E-311  0.11350498570003201  0.0  
9.801544828690927E-8  9.236449417412468E-8  1.1249453244947978E-7  
0.32317413659161626  0.4706288882956028  0.7370577718858912  
0.30353602817674186  0.375614927764522  0.7753146378175391  
0.3373117698774679  0.4413806121774377  0.7332636966175575  
0.5493519368296416  0.5755402558194845  1.1314109030848953  
0.3796886404382934  0.3331938088786505  0.5467781061514775  
0.49019156472275427  0.540316883104637  1.0215457069008371  
0.07085391078782755  0.20390795514844348  0.39844034828957375  
0.2120680183189695  0.36983756922386746  0.9096658283741581  
0.4013783792278424  0.12001331971065432  0.839215745980826  
0.3735869282254935  0.6190754393712551  0.8229036759502193  
0.23721935574147504  0.25960503104332944  0.48602890803329185  
0.25408435827097836  0.10385099292964557  0.5607043138651862  
0.3447019845177415  0.2708792625227608  0.505126352507189  
0.24354475380598858  0.51950654005769  1.061916203508857  
0.43059403267541735  0.2380165052604911  0.8622912092752688  
0.7755430529253069  0.9056289443139665  1.1286154234852057  
0.1116233529976006  0.0  0.014172732252544206  
0.9572951659810643  0.8866545721638072  1.04774596582803  
0.011993893174418842  0.0  0.025895510918706458  
1.983213953199628E-4  0.0  1.2393847900756584E-112  
0.9746304874616251  0.7726365204222049  1.1159682602549776  
5.508702322633859E-220  4.936994461185359E-4  1.520488445156941E-4  
1.9615345927098326E-185  8.220049242954264E-4  2.3649504724465521E-4  
5.2434379043077335E-107  0.5685892559046087  5.3466548454361524E-194  
0.9454692325246169  0.8697183818839012  1.079413057179174  
3.8837721206542536E-209  0.028954878835270488  0.04805281843864311  
6.68278320109489E-197  4.547843582857932E-4  0.08775256386855373  
3.039265194844354E-240  0.006866022547778125  0.06793478684619643  
1.5E-322  0.001525497536169998  0.0401912694192298  
0.372213471008037  0.29527312269024936  0.9971642883775974  
0.6867900380911378  0.6040760907437305  1.12485295248346  
0.458579704707558  0.2647274016635222  1.0238737649896041  
0.23781815310935317  0.36357861534848906  0.8979595397324647  
0.6789564252373906  0.42933372395436803  1.061916355633642  
0.36735389726384887  0.20346943044936924  0.472112434347251  
0.8797670920680868  0.2808056683291916  0.565407750886062  
0.3353651065714554  0.6587729580297699  0.4850703420872565  
0.575865785512938  0.1929389738684404  0.49917444251263876  
0.0  0.5030104408183182  0.9371164623143428  
0.26127134305523336  0.16945451622092517  1.0E-323  
0.6054519707048088  0.6637783151312177  1.096046433928569  
0.3465611059786123  0.2819129196900522  0.6364300317697944  
0.20571886416020813  0.4196225476502644  0.5630392412929954  
0.15181692647790293  0.33789952657780836  0.7619907081805803  
0.4637516150481982  0.5825485506270462  1.132746330329407  
0.588904501976184  0.5806280214447087  0.8444881645328187  
0.3658456953626358  0.30985469669022164  0.9583702799398218  
0.7273503028250421  0.6950039623162199  1.1197461312520542  
0.350590741959307  0.19828031239824162  0.7577890846532199  
0.2724368503069253  0.21770378504793034  0.8535254002117632  
0.4255638165032887  0.33726525913230804  0.5277147190652514  
0.5688209420689367  0.553857502792191  1.1313336071066642  
0.5586092173582077  0.6315921708852791  1.1279652477347506  
0.5784713497106893  0.5888842335904735  1.0141956825083478  
0.10150023343159012  0.034576467628386946  0.2907419636745946  
1.0776049923499558  0.13463347171028073  0.5082120178255608  
6.808427643607878E-247  0.7930851067010017  0.678497303450389  
0.774509766182278  0.5494254798391996  0.26118802443606526  
0.24474690471556265  0.315830259582282  0.2651396358914861  
4.9E-324  0.031197483359516838  0.9670753700980121  
0.7568445024483921  0.532039447458248  1.1176652080301683  
0.6149908852007949  0.6610619877967211  1.1254453528808042  
0.5133124676524052  0.4508625931405236  0.8777861852608629  
0.24391209178292117  0.5410027927824087  0.7348135001166995  
0.42877028183409466  0.3048795130166053  0.9859364567292379  
0.42366134350993073  0.4951787398003994  0.8324862055685148  
0.30064341256052535  0.33697149462267567  0.806107147455905  
0.5084512855801194  0.2654838272647179  0.9540737468772033  
0.1947683045252579  0.3371730679755585  0.5190786417157575  
0.15595098706498844  0.7931890957385532  0.8407305119830555  
0.011221243111937593  0.07339796812120883  0.2893408161525658  
0.061331865766045324  0.0913490505576203  0.17549434622178478  
0.24131323702673446  0.0  0.0  
0.0  0.0849704320800543  0.13223535074963766  
7.917510449776613E-7  0.0  9.099629627697946E-8  
0.8423961382268478  4.9E-324  4.9E-324  
1.536174330028148E-50  0.9543053312153654  1.1779980473916356  
1.0918569776596065  1.3045069702900349E-54  0.22089616571375997  
1.2202916884358287E-243  0.9325008995812304  0.3693068890848828  
0.05055223837685907  0.005607719926719476  0.20306132732223367  
1.1074505383917685  0.20458541921363035  0.1923799859733811  
0.02016426886486015  0.9304248933102867  0.5490011469317106  
0.010057422938847763  0.05508504734937953  0.010622022719806206  
8.519788547654143E-64  0.0831248059929239  0.7514849894300225  
0.18408714033200843  0.33910820505610617  0.47899250785899683  
0.6263974537394981  0.6096308435888218  1.1274739263361828  
0.45138913094529964  0.489710204750378  1.125480417606144  
0.6855349029410146  0.6728952161662823  1.1225555178856592  
0.6892879592917847  0.6423576272869977  1.1237054007534957  
0.7398852229171085  0.4840803306886644  1.116998948739247  
0.5424944501725869  0.5802716557675821  1.1307451635783654  
0.3295891771646134  0.578160079315566  0.802572821488758  
0.4278320336772116  0.23596841452947967  0.5785792245851117  
0.29021750860074413  0.19111259685193624  0.47106189203865917  
0.33430933855028816  0.3517533389160483  0.9132726500092302  
0.7585725543983023  0.46255868757054663  0.059420451943794333  
0.28248916861077833  4.680341862812525E-199  0.724180684751829  
0.8492948290847443  3.2270812543027558E-170  0.5403141487400026  
0.02949481173136076  0.2567885389697886  0.03414561041040773  
5.121888248258503E-24  0.6868112992602421  0.38122545882292386  
0.18099947484835374  0.28156655615318205  0.8406264325826431  
0.5732570038356386  0.45172953584878117  0.8553102078519937  
0.46130787778490673  0.4534389380382172  0.757107066601695  
0.4055728995072211  0.586673366551714  0.893463774546481  
0.3945573198484599  0.16709397275404164  0.7832137672821933  
0.6533447165305267  0.41187330392104465  0.9890381309891669  
0.4671814310989116  0.3731064109405405  0.6957600291379124  
0.335488708023403  0.6075927397810109  0.9412907384260047  
0.4048289077231391  0.4644132570648953  0.8476114068409466  
0.5440397018228109  0.23003518469791506  0.9213418887673369  
0.36445460793711626  0.5413055789898138  0.9523255192561558  
0.521826361617977  0.3731780614415401  1.1114266083117845  
0.16759220276805897  0.4055135841311019  0.6082576149966207  
0.18764160096925603  0.1657281311491695  0.6709955919663505  
0.3411896985422423  0.14930869812777406  0.29900590029551405  
0.6376361045581729  0.9187365037775314  1.5928146268398488E-173  
0.3170806721854994  2.606116119021966E-93  1.207093485470439  
0.9483910930099637  0.4963450216501822  1.0404348592802506  
0.37824860764345253  0.5313404645531209  0.9768260116122713  
0.028526964336372078  0.39702960344539134  0.8578264700257486  
0.9838752323125157  0.1664270110036737  2.5958367534485136E-28  
4.054916708587734E-14  0.34845839921990246  1.2054727216376546  
0.014503252028316545  0.6447155335047443  0.19017087168771055  
0.009503156138706293  0.49251243043976123  0.17348149492821402  
0.15098710111108724  0.43878478429482226  0.905973821054296  
0.5198216815129401  0.6896307843041196  1.1197836326010513  
0.04756434004456991  0.6634432680506646  1.137790041465672  
0.055655447014324136  0.6564649186404866  1.147865224032145  
0.026409263841945006  0.33799212190990197  0.6921166976106323  
0.4521420044544013  0.577608347092102  1.1174406593039667  
0.4208986113800706  0.4913118788188617  1.1371633735483309  
0.6476369975952072  0.27458041392427684  0.9586385997386706  
0.21835835946696977  0.30070176917477215  0.5937236612413006  
0.4236709886820022  0.45890075486611787  1.0076362172125712  
0.25434595678678074  0.509984223747126  1.0471925039692336  
0.715317095626479  0.31650081107873584  0.6615511885830411  
0.05670758114574024  0.5931641544485261  0.40187293605969954  
0.8847535189878926  0.4037967560228791  0.5594862392011056  
9.828467615533558E-287  0.45078283095736993  0.3842541044262528  
0.1330145904388397  0.16463077607711366  0.06594832050711236  
0.24542951696942325  0.2679847322352637  0.8879526392917241  
0.33858891349718806  0.21009168193065905  0.4060316919701302  
0.19419363462275158  0.059785436454757035  0.6211873384588692  
0.38202394344446705  0.36299577250470944  0.9418948669174944  
0.5182804294277771  0.46002966898618225  0.787628161506684  
0.25439901337680376  0.517619837019594  0.9090592277085574  
0.21604018769045832  0.47382799570921447  0.7546519514301455  
0.6730317188812278  0.6503177322490953  1.1242248758843767  
0.5729176143516795  0.42905598122905625  1.0648555536258146  
0.3790750400303783  0.396342523812246  1.1213766241302756  
0.22552152867457959  0.2162700442729245  0.8006190581296955  
0.5595418668452312  0.6445988250951162  1.122867542563937  
0.30212811982631704  0.09264618971812429  0.7788891187432075  
0.6391247926773332  0.6189920688428213  1.1265296765831865  
0.33640674781868246  0.16088942980096482  0.8423241160108323  
1.1172501773400687  0.34866095532992314  0.7705292116062709  
3.2962448234619766E-211  0.5679630193795513  0.31416212022677886  
0.6917483202054006  0.963491796531158  0.022120997031387084  
0.3094319550235375  4.399961315268242E-71  0.5416164278219552  
1.5E-323  4.9704300735237185E-226  0.24105077785099796  
0.2875211059419666  0.4469326242511256  0.7512481078910213  
0.10411819790106712  0.2909260387635043  0.5845103137256209  
0.38637142699087923  0.1287451149683728  0.8157212659331212  
0.27680698115516966  0.41423315857343374  0.6862135840703106  
0.22529667789171168  0.35121253673286273  0.5994589492935157  
0.47732449881865036  0.2164414961217281  0.8369046760369251  
0.43292031031155653  0.1755575225414683  0.8468102182623793  
0.15688422256192683  0.09046008205796044  0.5484768633873679  
0.6506847583273098  0.5796213967181156  1.1273315534399206  
0.08619478765869373  1.0516879857464305E-229  0.24229036446681204  
0.0  0.012760847793182126  0.3231042012804494  
5.220903679349063E-92  1.0E-323  0.6355585869935939  
0.766963678431952  0.7964829852457949  0.0  
2.3620159097358127E-7  5.743170163572933E-7  4.4774317512348797E-7  
2.5052003329548918E-73  0.0491006486933884  0.3313946510362419  
1.0163075720658836  0.915548366813528  5.921338975453393E-74  
4.860292859722358E-128  1.4235595618337848E-80  1.075259439790021  
0.9755047548188782  0.08897995204410578  0.5170937973015389  
1.311878468289839E-36  1.4466116453954695E-69  1.1945099327800053  
0.04827373691021624  0.7300674164955876  3.654531292721184E-64  
0.5541381076036005  0.5006314127939451  1.0117431916444883  
2.9626466286056225E-13  0.5912614392063233  1.150707179616364  
1.8657930638516195E-19  0.5920555985832779  1.149502372632704  
1.007913217484388  0.43983424133885063  0.730599695945086  
0.6844047910557564  0.3257362537677613  0.9327160209599265  
0.4374789743274722  0.3382015110822321  0.6432620947576052  
0.40809913870792236  0.5892161094418583  0.9590657723557287  
0.47876432584004225  0.6383547764278735  0.9360218356418074  
0.4316570060517926  0.45166589017260333  0.8207006627036119  
0.7813520163773804  0.6338901773100692  1.1163144627027046  
0.8070681451222179  0.6750982361793567  1.1115571901788515  
0.5201541690951264  0.3954336823672356  0.9843395898186846  
0.4621162888925704  0.4383134776998513  0.9556081032072318  
0.6211787936336667  0.36485317566224  0.9889444617853032  
0.5748394042141891  0.6442398314113127  1.1268659925546407  
0.8698419628234061  0.057951891560182336  1.158508949773992  
0.02851045558321512  0.8689711757792157  1.7859356197073575E-51  
0.9618526267538647  0.4815813403015087  0.7253339441152028  
0.6414443442688723  0.3125439254921935  0.8494801139067211  
0.02550828906456688  0.4227788297406627  0.7097370048010115  
0.5081627844558021  0.4760462966266325  0.7380619291864421  
0.4720985691105518  0.5137254002514975  0.8890971409512911  
0.21297727225972188  0.5295081243716455  0.8887431133294407  
0.23398266320845507  0.4952671071624163  0.976884648764707  
0.3912951245674371  0.5179595552028516  0.9307068903329274  
0.29063496857374793  0.10550416121695017  0.5605626361962058  
0.5914144053942951  0.26411820274498  0.7830348588241147  
0.17356575058297088  0.354298244535457  0.6806221190970688  
0.18889508643031516  0.37740465921725924  0.7869876732376776  
0.6955959251190833  0.3202217703085409  1.0612423759097502  
0.5082745486623543  0.4536427693308464  1.0054090930137463  
0.7173539834362846  0.6678898906820759  1.121269399941344  
0.4997145412560674  0.3495756561017636  0.8418747951072517  
0.2947590497395772  0.351612137930722  0.7109836572222701  
0.4691736714527599  0.342902899277956  0.9888026107678759  
0.025606113110172996  0.42660775859189126  0.6606885342585747  
0.9517000223971531  0.11137950173990796  0.5045092333665416  
0.9530828563924252  0.25177202393077125  0.5645755838030211  
0.17092549050199018  0.05683656990858527  0.5287726456516324  
0.05390031579155669  0.5120844351644764  1.153938823982628  
0.4211723047789117  0.45349220500023124  0.9797318228136259  
0.3062662924544595  0.43866184225923166  0.7630539730299541  
0.5134228072170098  0.49931478962392956  1.1147483266944347  
0.2060748279846326  0.3345041396991718  0.984473327694256  
0.13415208942208864  0.4322660016968884  0.8227625854168716  
0.6497407818747343  0.5742576881510942  1.1274604157264487  
0.6479377444708543  0.6913344039252599  1.1191881440647344  
0.30279780110713594  0.5179069728528535  1.0358329487774334  
0.6722970081700438  0.33080127381101004  1.0291584668224976  
0.0715445724548412  0.32365640161260556  0.40134316446636537  
0.6933868261686913  0.5616130927401747  1.125184396396118  
0.5508491961753998  0.7002506332044742  1.0176242166001512  
0.39968506526767567  0.3103324830660248  0.6562146028864602  
0.7172529347159793  0.46623130275020636  1.1097169596898102  
0.15760647190538304  0.3775346172829447  0.7125283501627209  
