0.9558708386202863  0.7695427572882322  1.136903557708494  
0.053252063942573695  0.02557411982236762  0.0  
1.027492760927789  0.9030259523186221  0.8393446632903563  
0.07323826154154311  0.0  0.1839736841697673  
5.660204787934347E-158  4.675355994008891E-7  1.8590954211376183E-7  
0.9631312215071869  0.9212389376284167  0.33707173117521566  
0.9753993644382417  0.8791286679689282  0.2565749078443249  
0.49391798288813127  0.288273897560614  0.0959613130114139  
0.5685713531825392  0.45884137091238925  0.0693687409161487  
1.0251765295866748  0.7278870314185136  0.18123712551678356  
0.5346973168736026  0.5994356522655485  0.10681146844766014  
0.9230933081439469  0.9594056416183044  0.3134195163944881  
0.6952947150631451  0.7246161326544679  0.08530609306125653  
0.9885717470280136  0.8727564068986298  0.28871712776203373  
0.8968181807455855  0.9698433493606982  0.24587619622338966  
0.8702555240690154  0.45649025989422193  0.23127405113796112  
0.8913445890839694  0.8454250654964893  0.23345877357003636  
0.888115715855695  0.5195513608692495  0.3048271909320873  
1.0408186243330302  0.8077078578774605  0.34117422923732255  
0.7144319186119003  0.49524011631275705  0.09075127616701141  
0.9536829383552972  0.7744187787242863  1.098709411180828  
1.2346281382878742E-7  1.1936123579626186E-7  0.0  
0.9905465010296911  0.84222528619332  1.0574218081135438  
5.719337893843211E-85  6.255848978606134E-170  5.697574161681809E-5  
2.8881708902348972E-220  0.020354875629256933  1.83E-322  
0.4860581233573151  0.15741898023174186  0.07211485352996314  
0.7527445858911223  0.3907842021096062  0.24681423288433696  
0.9818774344834852  0.8124007022861821  0.21391772956330063  
0.9001609537679499  0.7646298076722214  0.1434879556500261  
0.9772967034225137  0.8891931125911884  0.265307893380936  
0.9892275112498825  0.8734611731476897  0.2532568112196761  
0.582639803402747  0.23741583011735734  0.1446351017489386  
1.0278218472753202  0.8473957324340547  0.4183832887129262  
0.9555181956184331  0.8778055681582415  0.12118861544731921  
0.9839506917329562  0.31659029423327745  1.3234920162119101  
3.9935682580515106E-4  0.0  8.980410556674544E-8  
3.359641288204026E-227  0.45339251733935887  0.0  
1.7302660482684746E-6  9.614064606990364E-6  1.5179362984419996E-6  
1.5740292151260256E-4  1.0490463501591732E-4  1.0221967866674967E-146  
1.951261014523283E-252  2.9159188984619367E-6  4.135636567527409E-6  
0.9454676582570233  0.7817924010551834  1.1351557704050717  
1.8191309485532258E-241  0.10280040828387389  3.858235273904381E-234  
0.9327989868961669  0.6288214787037083  1.0976437203066496  
0.09806057115852555  0.14958654117437412  8.200171509399413E-15  
2.467690025385566E-6  0.0  9.551435080002837E-6  
1.0168376466641051  0.8994983228956845  0.7862201244237257  
1.0E-323  0.0  0.5316143655233181  
0.0025881887614568554  9.560076174130402E-199  0.002017358658523908  
0.0032217526936319588  0.0  0.004529814737023685  
1.0189358863462554  0.5318186312684872  0.3289340862591508  
1.0670177621003398  0.6447740502303742  0.32973308158605724  
1.023699249826363  0.7314873657359232  0.15577349227628787  
0.7688055725913595  0.736033634862418  0.17938477596361352  
0.9871513575033711  0.4333844075206498  0.16949092373401567  
1.0092916055347902  0.8758512669212474  0.5397882519995925  
1.0704055050961774  0.4523139282520879  0.21596140359754373  
0.511023194328762  0.8227083137631808  7.738977005708013E-4  
0.9071068582287185  0.9128142201542373  0.13718467478146595  
0.9916704786894753  0.8438460593613585  0.1692550801877011  
0.4442064224896033  0.2596953927555686  0.1623736279376639  
0.971676743873497  0.7139356048126285  1.1645944507424892  
0.037376501737021374  0.08822083406723065  6.739367867780705E-207  
0.8580091555205761  0.8486978570918641  1.046532605913384  
0.17600389186875798  3.7245318281857675E-129  0.029772590018817876  
2.7056160041398397E-36  0.0603639655255669  1.887855750084033E-231  
0.12984981175127266  0.21318585596280532  7.979957896080187E-7  
0.5122492825078983  0.46669602875243665  0.02866205406466136  
0.8008145983895885  0.91159947578823  0.14068744825640395  
1.0046328474708184  0.8834671605985255  0.5212345702158032  
1.074864987153181  0.5654421517225079  0.2189014715734466  
0.6561882095844593  0.8045481954114481  0.10551442077756994  
0.48463000535679784  0.8202670935665078  3.0332334643668282E-6  
0.4929371509312942  0.5071323879801969  0.01822946385448565  
0.8416395674341193  0.7162244493854535  0.07356670241520957  
0.9138175514214774  0.9481494804991758  0.19165766394307654  
0.7184497040732113  0.29625996563356805  0.21805979889810667  
1.0592193477727143  0.7260707972441972  0.4302464425706837  
0.8658934394955595  0.700111823761411  0.19240429476941023  
0.9612372247425999  0.889423294909977  0.2866749086560419  
0.9907538179328808  0.8767369789667782  0.7404947258401914  
0.9504616024263319  0.7851894535340515  1.1341888017567232  
0.04741170922543411  0.03717277702044771  0.0  
0.9566342756764151  0.7658061416467902  1.1498367280849797  
2.8829962288261175E-4  3.6512053034262554E-5  1.123496660544493E-30  
7.784058521077004E-203  0.030015816587425442  8.334948514434342E-107  
0.9949119775004349  0.8477237776654111  1.0070952214597007  
0.12814605039884563  2.5299241571065037E-27  0.2160624690117557  
6.484246123950053E-46  1.2464910342290833E-97  0.26561172638519454  
0.0010791541700447464  1.098955659508556E-101  0.022550968008447764  
0.14841192864683486  0.7052017816035849  1.3489444075677772  
0.287993569913198  0.4733114422753198  5.378232814185502E-169  
0.5503268805328146  0.09857765348952224  2.076763823677966E-82  
0.9570953148863887  0.09842366679730069  3.6292337066564147E-115  
0.3509799173477249  0.043818178138488866  1.3689479422072257E-194  
0.44230562547339486  0.6950456668673592  0.002181785796523972  
0.5405960948557548  0.2645414393007699  0.19119085539927044  
0.9596181839580096  0.4841721477112987  0.2873171655508011  
1.0643577778168947  0.7258813734520259  0.31332864815548644  
1.0435806625330442  0.8061428543810867  0.39583589104393596  
0.4672956036903229  0.6104168240788478  0.05468378777883748  
0.6675814918662647  0.03773432382280892  0.4519472960810301  
0.3154192396044301  0.9084940800495963  0.637821506263235  
0.15306034171548302  0.22645327871822044  0.5838153299964172  
0.6748552357933237  0.3510525471534832  0.4069351516670486  
0.08289872821971042  0.310431729399981  2.3808123845605476E-88  
0.7612262318367884  0.7675158614412575  0.14945250339498306  
0.7630909872354039  0.35809689180284665  0.2686185597268315  
0.8907629106167336  0.6552714247247396  0.24525399688299382  
0.9381920687712046  0.5046816584695788  0.28046060820943625  
0.9516325889759293  0.9403623542782743  0.47070158453816985  
0.7517250033472606  0.47691655768954033  0.2727771939895173  
0.9845117863005322  0.6716020747819927  0.29262944687601794  
1.0040900530542847  0.8358767662109912  0.22315783734727473  
0.8051091500360638  0.8113249854266654  0.052711850836978436  
0.4956999775103009  0.7526964090032  0.022775474891388904  
0.6226673925326759  0.428323778016302  0.2117451878098995  
0.9157781450724048  0.9621243092765819  0.3269073632670559  
0.9710773166403804  0.4758737346752803  0.32632748944037315  
1.0883795653072945  0.4740630050816284  0.28503563491388517  
0.6125863637798244  0.5250902054523136  0.12712906607262384  
0.4329855500601393  0.48598116240164435  0.2540117984898701  
0.32281614976139406  0.5382328059290613  0.7286878258410245  
0.3889811448305434  0.22372645443741843  0.08198918084967163  
0.6660818522422797  7.83665862943929E-186  0.7827561492734627  
0.09741412382543237  0.7149887944081783  1.6862542182827057E-72  
0.6536300103427273  0.32914663031570146  0.23857421259332035  
1.0553458170541674  0.7333782996228709  0.4639077843283572  
1.0035375840760687  0.8808841944865377  0.6004309364442005  
0.4450220347829401  0.8152704185551646  1.003388110761897E-4  
1.05014430709948  0.7864023451361626  0.4101450569670409  
0.8812468648126447  0.9505447825601001  0.09307434584408292  
0.7695369123620086  0.9850025253770179  0.04235258421296659  
0.8028272396984993  0.7977046667606514  0.10456774214237169  
0.3934978929588276  0.4205241650874311  0.06910313446849313  
4.562524368990175E-122  2.330791381388506E-28  1.6393545111023315  
0.07471658181336573  0.3563704861492359  5.093092963182082E-304  
0.2908395162834183  0.1763436759648135  8.473976826380339E-126  
0.5131100347010131  1.0114257769840409E-64  0.0  
1.0E-323  0.34231731635170726  2.085379292663E-311  
1.7728171569161922E-7  2.1835624675934028E-7  1.1489205291147825E-258  
0.3720793364195623  2.358027131046626E-9  1.0028556877483867E-226  
0.45021210452926314  0.6666542958565649  1.0439990745851389  
0.31266826201161274  0.29661004141376157  0.1754642362864145  
0.561537081783908  0.6302474200517159  0.8020305149561626  
6.45301530873839E-76  0.08642261406133671  9.878595780943647E-41  
0.3723724747206255  1.0847032437550685  1.2928156986686734E-9  
1.729709977482901E-78  0.8431223747330217  0.9331964113497039  
2.7152926889432716E-10  0.9302513948762704  0.08673227399696437  
0.6078301163561965  0.6812371260248221  0.28975958640761773  
1.0020212211975663  0.8697491455761618  0.6821627438646272  
0.8579989724794616  0.5354051988230865  0.06837899686545638  
0.9728072330402517  0.9214282313235527  0.42518988346925873  
0.960767830503031  0.8615673784022597  0.16072334394359394  
1.0069378346482323  0.49531138287761867  0.2815932996203873  
0.5182209493166458  0.3029757250910173  0.19139291251005924  
1.0830439118251554  0.5701848601726256  0.3076778632455333  
0.44147586366884134  0.2499385699348305  0.09093304574958133  
0.7161902698253263  0.7792579157398852  0.1287158500176312  
1.0797094921439951  0.5358461345683387  0.26353284114362063  
1.0334864207968835  0.8397513090187833  0.4289741337107729  
0.09648475955926512  0.6731817933497629  0.1530882017430155  
0.9439961318122089  5.578289024744542E-14  0.833990098283857  
0.09376243525904918  0.3569688514962475  0.3243312993443913  
0.6417840076846117  0.5179654550724182  3.736858027562814E-86  
0.4961994787973913  1.0483571967190055E-19  0.8871168806946199  
0.8185270941577099  0.39446891923184557  0.2992547953519196  
0.7343053331074174  0.6817987450351081  0.04295288561744126  
0.998585909820514  0.8753525670244341  0.3093100767752327  
1.0496338530048803  0.784519413949058  0.36994102002582957  
0.9631868915826615  0.7738687575896087  0.23675732380011255  
0.44560433770863384  0.4816417094847021  0.08959351032521252  
0.8572635358137756  0.8241390251975566  0.12430481035568909  
0.7156657377873319  0.3417972052194701  0.07768811106029314  
0.5428772403378515  0.27568302947801226  0.12745710817117678  
0.98697952960942  0.8975275780454863  0.38331505763049517  
0.9490191578988522  0.9407547909657554  0.4737255410844075  
0.8110410955058854  0.3330829337259086  0.14461453485386483  
0.30159083397678027  0.6349261910587225  4.2770838918782854E-7  
0.9389556827812139  0.9488712325533863  0.3943352697325735  
0.3214467661637526  0.19236855095265515  0.06516854370663099  
6.5880997223297965E-43  0.7367293455998192  0.9793686834535915  
1.219655310666204  0.04628354036992025  0.24573072117776196  
0.16530904738803856  0.2391640664403835  0.012492543571680876  
1.0149602183136845  0.8616437933180923  0.4209990442027296  
0.9992113715468548  0.8912984340269732  0.4785875609510354  
0.5389233438089963  0.5534839814705967  0.025462233897318914  
0.1325357994683204  0.30444558522310056  0.18816512972584476  
0.13546155122700979  0.19117811199079887  0.2884554859395693  
1.0081680498272076  0.8667925854002725  0.3896536352038245  
0.2616335392718166  0.217175959315239  0.061181670466901934  
1.0231346268189065  0.8289491817429856  0.3595213837086955  
0.634094663586677  0.5543646423523796  0.06183975548220976  
1.0508450951692925  0.7832877515032746  0.42267357432885533  
0.9145646930337916  0.9615352717188874  0.33581978064727025  
0.353439253470295  0.28423553754390507  0.030023887493235216  
0.6760868521459052  0.5496855013985338  0.12045108171606282  
1.0446812540178276  0.78594528887452  0.49954360454263863  
1.0788378627080901  0.4133980564923139  0.31969110803598766  
0.7027420049034228  0.4724783118583444  0.1453106311202445  
0.9782513299890281  0.6152759309784419  0.10609269057872298  
0.7600206340490244  0.6571153583062876  0.3865404167108711  
0.33257270687333046  0.251619663726846  0.8799735059108426  
0.7843457676234804  0.05106490774358103  0.7513407372964448  
0.23051823782660885  0.10494515878491155  0.602128794902563  
1.6074192616071494E-73  0.4679505839347231  0.17587773582969718  
0.7960508968915143  0.7738773607031896  0.09356538629028258  
0.9229477296983742  0.5656470824139945  0.20798044907335664  
1.0813243189727748  0.5671516252823693  0.3173822177001696  
0.7632553148293179  0.7939407537884273  0.09233311993167327  
0.8923727855158075  0.4304764780503135  0.23617040793437327  
1.001928412697543  0.8857814694364358  0.5316141031884003  
0.7982775125685385  0.7546337621621401  0.05053849213229188  
0.5863955104399644  0.5467744585533263  0.1239662303739335  
0.7247313052155656  0.4861734602803076  0.09069951839158362  
0.8387614196832076  0.6045750061187533  0.0848531510810005  
0.4247312625936671  0.5433019974761104  1.2193813781594364E-4  
0.6253668933359643  0.43158988168359924  0.10069043088071282  
0.7449519746571466  0.9113434149616114  0.030598158075151722  
0.9436311283759691  0.8458139647652163  0.14904829109621487  
0.8811084376306284  0.6578307778073166  0.15491968723775082  
0.9194468293216698  0.3569849291855591  0.6686238780518606  
0.19563465142889933  0.6675446294501428  0.44685511523691973  
5.36497302747887E-55  1.0290013172649328  1.2458628911161026E-57  
0.7631822331585018  8.991776629829341E-70  0.753566235463455  
0.17342750274201263  0.2754081444184401  0.5731010744958523  
1.065858940220768  0.7022189904992703  0.380440011479803  
0.5452869452024408  0.33207154186907073  0.05588075437544845  
0.9629342803276869  0.9306845091714337  0.360158218042056  
1.025906615180091  0.8500077030802108  0.48327524310478875  
1.0245840548140936  0.8516977055478018  0.5033576880269464  
0.6836135434186225  0.7272309947978146  0.011598377658379278  
0.9818438895801778  0.6887794561337092  0.17300915641558168  
0.5841136818864604  0.2081947410995516  0.1424049342537704  
0.6521015088692292  0.26861712331467463  0.16891949290741373  
0.15202165343818547  2.609293546005671E-189  0.0  
0.399390726862949  6.591866481306202E-145  0.0  
0.08475306576075994  4.411021485634503E-15  1.2374711231074724  
8.515151276912236E-10  0.5375074117138935  0.5369210792496929  
0.019708542052985695  0.0  0.17727051209852768  
0.0014212033469977335  1.9186110825812743E-263  0.0014693362028244028  
0.609306356431714  0.006760361948936317  0.7371999323671847  
0.2700394699759702  0.7181063868471663  0.2693312442447346  
0.21425642730044023  0.766988332664759  3.643223173167085E-19  
1.0686212071986896  2.2628115000453893E-45  0.15768046102993638  
9.263764102386408E-14  0.2762284091727286  1.2672876296084685  
0.5257425264654536  0.4587918406906465  0.13843679656235117  
0.3612569789120575  0.3945248293791921  0.5198371039803729  
0.14239109006161094  0.31302982207338076  0.14856516501819408  
0.9813155667106876  0.9436753251704968  0.2862414532447046  
1.0564698761630738  0.7573778592271182  0.3389339950373486  
0.9746147406933193  0.8825466303449945  0.20683539916285412  
0.5488872032946972  0.758723344940775  0.006050511766067174  
0.8066287753299718  0.891122589428785  0.13822326501685425  
0.9298905899513175  0.9530303565794697  0.3901180346824508  
0.7113514463792775  0.3659880219489766  0.1972868713364264  
0.32596821514718133  0.5345711358929062  0.004002611686149645  
0.7644576692193603  0.5066956776043245  0.08379511414841716  
0.7770611589039502  0.6868363403554205  0.10832033973203452  
0.6448916469107622  0.7086257664964241  0.08385422561190183  
0.5819127055616937  0.7210808297957535  0.003110980554220007  
0.8836261755520691  8.136149469556691E-11  1.042344967575399  
1.4048683543963297E-16  0.8220016529536398  0.7618942075593481  
1.1452933701734191  0.09921459135846354  0.42238078898635417  
0.8423663968351512  0.8670090511847526  0.061747204494618756  
0.5632544893394811  0.9764726567952461  0.08978623969610561  
0.25598425107293504  0.37274947867665237  0.017089026244688322  
0.8473900380871816  0.3657833550804983  0.1937014164863806  
0.9141251983792767  0.9608878236718659  0.22681122502539386  
1.0249638624661859  0.7642635527849698  0.2746821348380026  
1.0625590568941985  0.7225304259617872  0.39715642070770985  
0.19000828535021363  0.3718369114391469  2.3011696193190274E-6  
0.8261948118140634  0.6559479900616205  0.11487505751877188  
1.07995068017308  0.5861618212324881  0.2762912373980148  
0.6740970173794203  0.35559784841702863  0.09675605457383032  
0.5336000084363632  0.28455892712978165  0.181022986330091  
0.9588889039164918  0.9332395608792527  0.3649011885462038  
0.9278784200520602  0.9567490210984522  0.34435497455766173  
0.7994315384659029  0.3487182281696088  0.25802210029950573  
0.9943998192250402  0.8950481148350129  0.5867891528235929  
0.7463283632923021  0.40141687862002345  0.2750008822332461  
1.0058454266027175  0.6656851944063678  0.22032902153880377  
1.0012819723365833  0.8837979860204874  0.6116947895105364  
0.6254315983336478  0.7437673752682689  0.016455716491267838  
0.7968487089571714  0.7517588095005528  0.04624822960471928  
0.9738939294807913  0.8967123019415562  0.30099730414396736  
0.8371029408494151  0.5116354359369346  0.2697668767566162  
0.7616632906818733  0.2449476304072205  0.10216605087297134  
0.7304979050594163  0.2640775975061687  0.10647939524516446  
1.005113267320069  0.8519615499540009  0.3017934658587927  
1.0794988606239764  0.5876640083868239  0.29415602871212665  
0.8467092537364008  0.8899144763986069  0.07695080215425043  
0.4915562721493802  0.7304221669033147  0.031419456544222055  
0.4243470577050172  0.612885643717184  8.142576239535067E-5  
0.394651043623355  0.4084240234488527  0.020509263247269933  
0.6722093589124316  0.2718513223524828  0.16332337069948036  
0.41417447966731197  0.723887214638504  7.685299679336896E-5  
0.8751984090300166  0.9377133358199768  0.08273182049024236  
0.9931679437103549  0.4405723485117136  0.2569004048612611  
0.8146368910033372  0.6317999077646597  0.0877991043468258  
0.770205372590872  0.6271197583346301  0.05345889511811736  
