0.820149253920894  
0.020068507560702595  
0.8405370232387724  
8.322471316855193E-8  
8.36527066895767E-8  
0.3692703651653575  
0.35372559829035205  
0.8125835412875716  
0.5175517704026731  
0.16926248044765083  
0.5514438442734418  
0.270072558414717  
0.6829974867723383  
0.8125849172090331  
0.8125850232075269  
0.8125819001490715  
0.8125848270565131  
0.8125850159208032  
0.1905667327472913  
0.21770401776311185  
0.8178678014209133  
8.376867546551246E-8  
0.8320116111994732  
9.218043798708836E-8  
8.461916455563195E-8  
0.8125849574473862  
0.8125850113724561  
0.20545076606469878  
0.8123989998307322  
0.8125848319356117  
0.4899190281018882  
0.8125850075645801  
0.40378930218530207  
0.48675318163692644  
0.8367943374600436  
8.47645808615276E-8  
0.07337914159226801  
8.356890036800553E-8  
8.466196043186595E-8  
8.338330317136887E-8  
0.8178633020370237  
0.03090818110465294  
0.7611066119007064  
0.09392142043425208  
8.504825500307374E-8  
0.8356891462990458  
1.98463952500872E-5  
7.560266736752324E-6  
1.5308945749014815E-7  
0.8125850182122669  
0.812584970510222  
0.2803981475280217  
0.6175879123775777  
0.45395265502457943  
0.588636972325892  
0.6677315107499023  
0.15437831117823067  
0.8125849702413526  
0.31008229426062084  
0.8125426959858727  
0.8225506285439078  
0.024611121109598275  
0.7864360272181564  
0.03279480265000485  
0.008816978481801555  
0.8125847043711373  
0.1752426048421095  
0.6698940961897952  
0.8125850236820638  
0.012642710474010388  
0.8125850227818874  
0.812585014540575  
0.8125849543726161  
0.8125850078111828  
0.4425081196408169  
0.8125848937246676  
0.7663306074367904  
0.4841061566876975  
0.21636827655328617  
0.6957562239982163  
0.8172839947215599  
0.026994138874067788  
0.8222992304972243  
0.023532615838330717  
8.698866822458304E-8  
0.827605727749815  
0.012133893480905494  
3.7151992028728177E-4  
0.015020723933394606  
0.815366190696023  
0.008889483406772206  
0.014845796043294576  
0.004130520821493604  
0.005185000854957586  
0.812584991164099  
0.6635796088058187  
0.19959087101887296  
0.8125848345300561  
0.8125850219723592  
0.7465854307868165  
0.3646658572828476  
0.5213319611848175  
0.2869587415340119  
0.44533007653447865  
0.15907445804528889  
0.18835308669618958  
0.2927508994528727  
0.8125840249338739  
0.8125850122842883  
0.8125849293007429  
0.8125850190745928  
0.7527510090622666  
0.8125849770617789  
0.8125849968156325  
0.8125850084918352  
0.8125849939783263  
0.4364232143832792  
0.7947553811388006  
0.8125848142640403  
0.769128434282754  
0.41117464799951103  
0.4590527227501726  
0.3497888855896882  
0.22887236631925298  
0.2745286272880356  
0.7619254864000492  
0.8125835656074738  
0.7167735705233197  
0.812584984342238  
0.5813501955524208  
0.2678709147497261  
0.3700456408778037  
0.8039635045040069  
0.7479294775879342  
0.30107684814667324  
0.10048712510776224  
0.14409875197430944  
0.18857183616101  
0.06166062597041421  
8.475839307678395E-8  
0.1736086698059267  
0.7309087986077363  
0.4703781257402357  
0.40060902267043724  
0.08285382165831677  
0.4334390124748337  
0.24741916957253562  
0.2679449080752398  
0.5109826237334594  
0.8125850052757717  
0.8125850121350969  
0.8125849811292127  
0.8125850037790958  
0.6315834858899982  
0.8125849721114558  
0.8125850206509997  
0.812584998977236  
0.812585024777399  
0.7017176346528193  
0.8125849300592929  
0.24274311181311056  
0.5403132671445  
0.17822784474822959  
0.5033202573640382  
0.060086383778176176  
0.8125848865238747  
0.8125850077046055  
0.8125850213732271  
0.8125850159511833  
0.8125848477060212  
0.8125844397361385  
0.7692389360404958  
0.8125849897133758  
0.812584952698402  
0.8125850056712818  
0.8125847414307714  
0.49813140538870426  
0.81258500436469  
0.8125850038273844  
0.8125839936295456  
0.3535756669811209  
0.4402693615413853  
0.8125850117111832  
0.8125850247880426  
0.43960036031352173  
0.4502860945932226  
0.6407596538855272  
0.44687696559132756  
0.4495341398924298  
0.8125849568770414  
0.6971104173272914  
0.8125850172431579  
0.044875186520568586  
0.2898762948502368  
0.8125850178706696  
0.5226492110432864  
0.2416720315267992  
0.8125850066531777  
0.44721405852710056  
0.16421492351444444  
0.4940116813743604  
0.36814432186725343  
0.42832468512778954  
0.267572900986756  
0.1658506978349199  
0.7674032205692469  
0.8125850055086113  
0.8034691842042746  
0.8125850150249226  
0.6407322410075503  
0.8125849958207212  
0.8125850156564484  
0.21641364376354655  
0.3095356373753664  
0.8125849374898866  
0.8125850069963917  
0.812584941336489  
0.8125845840496577  
0.58529286471728  
0.8125849952200783  
0.5749011098152912  
0.28574175876207625  
0.49918138908225873  
0.07429610041669035  
0.2788157973652935  
0.8125850157912371  
0.8125850121642143  
0.8125850243969143  
0.8125850029694847  
0.8125850085061066  
0.2094065429851062  
0.6980694019250787  
0.8125849739499948  
0.6028731453174684  
0.09252927482782793  
0.20287900544244578  
0.23537571353643555  
0.21426765561625877  
2.973519033758018E-7  
0.07083663716797799  
0.38380779589922315  
0.5056798319566671  
0.3884176982671889  
0.22312460137447004  
0.17485738194515493  
0.8125848095975178  
0.8125847285633166  
0.6645193869444332  
0.446386754331297  
0.19789005077473545  
0.8125815966009939  
0.8125850048422325  
0.8125833818446508  
0.8125850039791713  
0.8125849891336652  
0.812584945070543  
0.8125850081323264  
0.812584919949159  
0.29279495602791517  
0.8125849940322316  
0.8232760877262937  
0.13164835582595816  
0.4578553724738687  
0.812584983844341  
0.8125839258387806  
0.5122949909206548  
0.777998986417382  
0.812584793833559  
0.8125849494883758  
0.812584922402145  
0.812585011965412  
0.8125850197094668  
0.8125231589723042  
0.8125850082345806  
0.11757187866850645  
0.27395906907336154  
0.8125847496502522  
0.8125850110448886  
0.12018920067802287  
0.22382509834868416  
0.8125850153732962  
0.6956531186336637  
0.8125847300755212  
0.8125847283773944  
0.8125846740011836  
0.28939637006137386  
0.8125850127405614  
0.8125847690230571  
0.8125849498485799  
0.8125839716147787  
0.29798660709901714  
0.812585016006976  
0.8112526422144836  
0.8125850127758358  
0.8125849588075605  
0.8125849611341306  
0.8125850224980469  
0.812584936018528  
0.8125848518708833  
0.8125850168105562  
