0.9908335379561594  1.2271487243451826  0.6362029880961807  
0.0  1.2608740555753543E-64  0.0601128107608004  
0.7836581133444224  1.182930341180643  0.7990658013183907  
0.0790299895740432  0.0444361328628754  0.0  
0.0  0.0010999518049073613  5.148171073062705E-4  
0.3815834865874614  0.6885916265470114  0.5682082357796926  
0.5486380209918852  0.9701376658926782  0.5621873211666676  
0.5889403275877362  0.5617279726926294  0.9548809396649895  
0.364582655997205  0.2618845975330049  0.7792978994098728  
0.2582130139440858  0.7372447077811454  0.6218291017596136  
0.6161376552918731  0.8311004843063511  0.9223185556478992  
0.5935711858502482  0.8986164411195774  0.3571171980805803  
0.4726011471543996  0.7576834120112355  0.3354350235137679  
0.4537797440097776  0.49853165096508195  0.3447610558128997  
0.5413451161564453  0.8283792041470023  0.9413675363017644  
0.39702157297491825  0.5992616093081291  1.044639336759498  
0.17939111603991487  0.18331616625118236  0.9753092822752694  
0.6173461116974651  0.8633838950677879  0.9162302360135929  
0.5117895985885976  0.9194949464636163  0.7470156083310661  
0.2944827475993952  0.42274172001546506  0.8788005211358076  
1.0174705914666184  1.320963933463295  0.5082359834783979  
0.0  3.6774833395092273E-4  6.699519336780292E-14  
0.9610537354915436  1.2174656275128823  0.7070247728450298  
5.193011412975549E-223  0.01021773567558511  3.393624822441915E-4  
8.086041649088777E-4  3.097846388209579E-151  3.7443563655389616E-291  
0.7410732075322831  1.0261076157120228  0.4888909839182576  
0.30961055131217197  0.533162498492985  0.7068091632777598  
0.24523184571491763  0.3071283263860468  0.24886530975048712  
0.5897241072557249  0.7103195567878186  0.9484992154721702  
0.036058176905140585  0.11824370692301601  0.8956182580000319  
0.6314151686298902  0.9368567383410198  0.8963668039666158  
0.4400475445707706  0.6721573814869074  0.8817558524477151  
0.2112129337223351  0.5187769515545305  1.1089830318869724  
0.45149128896654855  0.3171074685725545  0.8253412944652009  
0.8030933631901755  1.4986141872145633  0.3331173223675617  
0.08714607830016273  0.0  0.21417980209643342  
0.24748756689115886  0.012001548869538392  1.0E-323  
9.408953711771773E-5  9.473550748359531E-244  0.0  
2.0799145046247384E-4  7.062674793881832E-4  4.547048057014453E-7  
4.471805419881168E-5  2.116137751448461E-4  0.0  
0.9210100174122761  1.2538571275737034  0.6860596039280846  
0.03520997582123018  0.07849456701655258  1.4116471510884587E-202  
0.9720858541909689  1.2837038236109521  0.5150726647447628  
9.454759330555604E-19  0.03888513680841022  0.09215915794115942  
3.4686696289061027E-4  8.182982791632008E-149  0.0  
0.9607363742830409  1.2913923999245318  0.5884467453069789  
4.4421187892959004E-4  7.806353854634377E-4  0.0024187893709330965  
8.443110287501256E-92  1.40672316068733E-49  0.032548316970732356  
7.295163504321103E-33  0.02532390742005686  0.006448590977179333  
0.558314338821641  0.7180843256738226  0.964770485135861  
0.31127553735118035  0.23128728180078428  1.0861851570940206  
0.5108392082080132  0.4229369817379401  0.9888470131458282  
0.4786197400910704  0.736844743375301  0.7672185857046045  
0.6871827363426457  0.8016040556037085  0.5249993987407673  
0.5549856735140551  0.927944071037101  0.6539094810255504  
0.6467221336845901  0.5751913285517819  0.9061790480045409  
0.265574906663282  0.5803491805220229  0.6993353272792869  
0.27158835026647843  0.5412699522706664  1.0951177903897318  
0.21490679701347118  0.3860883266012104  1.0215215265510975  
0.5503998111467752  0.6738682162165653  0.3487979863798173  
0.9781178209244985  1.3062108272664803  0.6142836470880693  
2.5654702010460044E-190  3.458565646519161E-4  4.958178005205812E-125  
0.8297971064054119  1.119518663963062  0.6935952295576425  
0.08624517756025595  0.16718356208990476  7.07465630913803E-70  
0.0  0.001660832410579003  0.03651684334673993  
0.25847259348692225  0.4956124394184222  0.2639168563610041  
0.40342819030687627  0.7257533351853258  0.9436393918051994  
0.40646482474509765  0.5226241435648511  0.3353149538377135  
0.15809432371525334  0.1572042714721981  1.143229450318877  
0.5146536616246494  0.7745906514619701  0.752463090763288  
0.48394975840918963  0.4737822228203939  1.0231024022882702  
0.1867446211906519  0.5316429107432252  0.7240591704927121  
0.38881888473500453  0.8270226740652785  0.7522562662011978  
0.27754973853623055  0.20549816887301922  0.6030770649666665  
0.4657070287491231  0.769302633643157  0.7971169596593647  
0.3417274121802359  0.5563698838234249  1.0597509403299383  
0.6906874879845591  0.620344180163523  0.8702612815388708  
0.17761603995118655  0.5543512454345608  0.9172015662876506  
0.35703126726618717  0.44809053467618065  0.2953894785847486  
0.6602804277923342  0.9753356782681324  0.8764703006076321  
0.9673838310829846  1.2904610977603026  0.614326118849258  
0.10562378592312087  7.94661549880757E-34  0.03074401621506859  
0.9929117749917523  1.262062344406807  0.5137850722288273  
5.931610560800857E-93  0.0  0.05647837821471946  
0.0012341531683612288  2.80796646002267E-310  3.680669965520484E-39  
1.0246365599408642  1.0761910445468246  0.5964602093573859  
2.8003688869653974E-203  0.037179504696710795  1.8556054563130866E-26  
1.0015730774636276E-5  0.005861348890772434  0.012586389824326409  
6.679E-320  0.03298148227364512  3.900039272705234E-37  
0.8602748464368084  1.4264379044349051  0.2863749886370228  
0.02176445654006884  0.04184511090273477  0.048221343691083565  
0.3232642453830401  2.9313546790724095E-29  0.5355948871326761  
0.195459270099913  0.2555544775601221  0.17767261617366928  
0.037806368571948794  0.04219108731665181  0.04853522872347674  
0.07227679883144085  0.032856141037577044  0.8356410535534197  
0.5634304664867336  0.6705538887710863  0.9662053401219444  
0.36125980053408163  0.3147532942067652  0.6083315855812954  
0.5903030479248289  0.48540289376703494  0.6150830944314192  
0.33987139559306134  0.2612773133654897  0.6561763923052543  
0.7302073171285353  0.9466640569786505  0.4472491445307677  
0.6901436667364528  5.435395659921179E-43  0.6910860052835149  
8.691384192586881E-5  1.4056764285106265  2.3819547068147288E-29  
0.9833836627667365  1.7066964226590354E-72  0.15097848023600838  
0.06393862835495082  1.0994678619081664  0.30526912596876044  
1.0267317287542658E-4  0.2517709956697481  0.3575950075725766  
0.5471999294214307  0.8604830500254387  0.9043950433353204  
0.5342595477641457  0.7164487434854102  0.9649686351459998  
0.13968895511448334  0.24674730844818732  0.4660850723376087  
0.7066952430219907  0.8856254770829183  0.8537905979754159  
0.48189370003657866  0.5805892119104805  0.33206126511945966  
0.7120243960995802  1.0010477574596224  0.6599058701688986  
0.08211080439621216  0.17190870471555686  0.8099167167914232  
0.12277155703035565  0.08913973450924889  0.5200886803334802  
0.5533958509386273  0.5618438198593356  0.9711730420926894  
0.1517744746806322  0.2988780813013492  0.2992669240531331  
0.23180633125949365  0.7131084728603131  0.5611627013776259  
0.3278177032794349  0.4940309214490998  0.2124151311955281  
0.7522816022938722  0.8426733644345679  0.40349809141140347  
0.38050509538450783  0.8371771531661867  0.45621778476399805  
0.283629350996832  0.2035437413694728  0.5596006446399108  
1.225515881205011  0.341069441854358  7.751964898649669E-8  
1.8921280161494143E-88  1.0915410214910846  0.30903300694346497  
0.652585001399149  3.176044804578288E-40  0.6697128447148344  
0.5402974143309217  0.6406290579350834  2.3772414212841645E-23  
1.1874080185084306E-213  1.0585169130963592  1.4293036584996168E-66  
0.3558542681713756  0.2730274739326496  0.6588710310691435  
0.6609906589824422  0.9103823372044798  0.5392497808305988  
0.5631930615180459  0.92493400733136  0.8752013637912788  
0.3557749818723931  0.7524588641155966  0.9784462811472093  
0.3428397938626352  0.7335194438650492  0.2847390846566914  
0.23146959561812322  0.4200429226931114  0.9466663125813134  
0.5257320736264078  0.7646370446677923  0.3549752420388502  
0.22308428407983436  0.5578337633714989  0.7275691917795725  
0.09220627847614572  0.07598277498708103  0.3022794020981245  
0.7420300869367711  1.2299222791549096E-109  0.2131183257712042  
1.6895066714911963E-118  0.4284062170963006  0.22878740132638536  
4.277841792292036E-182  0.06690533666215637  0.11323223226516566  
0.40636952060277415  0.667599765770324  1.1511297118643817E-4  
0.14654594342130592  0.0  0.09521907191108232  
0.0  1.741006717162745E-7  1.777592784698463E-7  
1.0942808985398644  9.612180650826925E-148  2.0804183034074844E-229  
1.8605334578859093E-47  1.0446283402706242  0.9894023112300572  
1.1562739578509058  0.14831921020856287  0.2677544420397189  
2.3593481233688542E-130  0.9920006663484066  0.2633743178315477  
7.036020986516345E-135  0.12472535394176296  0.06608526756739927  
0.7478207671936127  0.3561119857290841  0.723850218504324  
5.033401437009807E-50  0.8004290934934113  0.3124458006567504  
3.874893994897578E-46  0.9645103437303518  0.34857742485840615  
0.1687467614746588  1.6340475601221078  0.05340835795616714  
0.7095115914288999  0.9835134083172634  0.3968256428338292  
0.29284662948153817  0.7234125001940398  0.6260942217099115  
0.44525122772752035  0.4729578234069849  0.8069365640048857  
0.17877467718552123  0.4285977682352102  0.6559759965748428  
0.08239152940407297  0.2903681616008527  0.29210133939266936  
0.2948713115750924  0.45129539481509356  0.6404529216309119  
0.4790250397313338  0.38122789526641215  0.17355430935178476  
0.7050870346347266  0.7285534924445315  0.786996784881844  
0.1861841934455216  0.6362520058875409  1.0716918936924298  
0.6372343088020841  0.9214076662493325  0.8105789950415895  
0.5233950913704271  0.883699381819093  0.9488545881921538  
0.5882613055739179  1.2774038907192652E-104  0.7901785995880225  
0.214708405394548  1.5646942614949897  6.284854836985282E-37  
0.8315842673328011  0.13511224425486582  0.8792792309464611  
1.0046529168601753E-40  3.5131296037750185E-97  0.8921049985608386  
1.6077692908258496E-43  1.337683645617956E-44  0.5206505403157231  
0.6771180304262958  0.9534359028181854  0.8720706964712498  
0.6246115335488953  0.7516722772565103  0.37588406966451  
0.36557302860042445  0.3729087999133076  1.041894235941469  
0.5753876541237075  0.7793505799128204  0.7235868714360348  
0.3645529644286337  0.7526079462169872  1.0357144845011954  
0.6183369496136035  0.5474405407182267  0.831138344963318  
0.527706794189798  0.5846453131148621  0.6867626149672422  
0.40409499418611566  0.48364065116023625  0.20453042693500803  
0.6143040382985888  0.4249879891045789  0.8974821033910645  
0.49762569769066944  0.9233758687697009  0.943946952458387  
0.41991449269726916  0.6129524160155527  0.978211317345807  
0.39270836291110045  0.6717683875966225  0.8946060642792385  
0.2521095384850439  0.17042905976494177  1.1250004031716276  
0.4615310432934797  0.6860461647640121  1.0102953588150476  
0.020479368539765334  0.09279928803292699  0.31522885696387737  
0.7335404763655531  0.7373543638727541  1.8788773394048262E-50  
0.03954963752789365  1.68164955891949  0.05230377521566726  
0.9406927589973554  0.48206898262969894  0.1915759869778837  
2.577465904963429E-10  0.5322907208441134  1.1502020655576761  
0.5941222495613281  0.731830746950042  0.3742158534829407  
0.2807922254272589  5.2182003297569224E-11  0.7023799721519056  
0.17507766381381598  0.5032547329194994  1.0589818386433851  
0.09672634885552898  3.610362266619173E-13  1.1853788472095048  
0.02193878766512037  1.220982347963717E-15  0.45197992030326284  
0.8695256675917592  0.37454226547939523  0.7561398223945208  
4.535060013698872E-15  0.48517159129130083  1.068259402260439  
0.25467001719225857  0.24355347536042474  0.33614272419134655  
3.585007696739027E-4  1.032699064462152  0.8961326864420159  
4.561071651820164E-17  0.24546746360178165  1.0363319236857127  
0.3346668961222248  0.5551997076657496  0.3204672973672287  
0.19028223792265  0.36846935229114364  0.7820973021305384  
0.5520652652194641  0.7201269902233014  0.8671045959572384  
0.14043756330551063  0.13997903742118314  0.657721720730294  
0.5077458237958918  0.8070642506936774  0.8707221744425028  
0.5696333617282184  0.6819920032611928  0.7901242910246554  
1.028097931043249  0.851160969250483  1.4522678518291597E-11  
1.815190853204464E-43  0.3150166559656476  0.7059996739573462  
0.9635030758021471  0.3820840858500315  0.29011695984227803  
0.14423287020034928  0.9966457951438138  0.015220581358146702  
0.03893055701776062  0.48364637153470597  0.05039739594201046  
0.5913844994863503  0.7734273967842564  0.9353156967866397  
0.6953291294905073  0.897991827097964  0.8404106111079941  
0.6478720130955546  0.9176498011702595  0.892280957214341  
0.26718732186062655  0.2615465998131539  0.23929007676746963  
0.17555638934383722  0.274571271357333  0.9634085264769254  
0.4204282386406744  0.5694339885521496  1.0394032240350983  
0.21279161267686253  0.5205218241554032  0.20514550792222375  
0.21986488730503312  0.47626614947313956  0.14526916502778425  
0.6190571194065794  0.8352649377693192  0.9181214652540727  
0.3899277816022376  0.3539567833391189  0.6771615304003297  
0.10842298421101365  0.16636508510511677  1.1280572389683277  
0.5666085137414207  0.7093034101918089  0.9612989110247164  
0.5924316050067182  0.43272809232925696  0.9097373058371693  
0.5902937213488009  0.6361100411675943  0.9376213132003143  
0.14311453155784307  0.6283600289236216  0.6838994861203395  
0.9551061899516542  0.2308222158152514  0.8038049013771708  
1.2349038351307816E-200  0.8224012221493564  5.0458723733062255E-76  
0.8176781120527357  3.019867493211374E-51  0.2710603510100631  
0.3755786333179842  1.531353221076957  1.6252986924986346E-31  
0.02238883096988948  1.050443683476264  0.21871982960501202  
0.01606373780531815  0.059858780447921374  0.2804947351163599  
0.558670199937777  1.0128230815404131  0.4005281509021472  
0.18830953870575928  0.26956088652394417  1.1111322617858488  
0.4400885760574882  0.8779892596448915  0.7772474776408168  
0.35273515639332165  0.24260503881511847  0.7516260901893957  
0.15482193208761846  0.6324630777861256  0.4250901294501058  
0.2696207506147865  0.5628127983336374  0.45334686562477355  
0.20057484769934875  0.5021189921125221  0.8700573724643837  
0.6545216610822022  0.8373626060191119  0.4823546086941674  
3.6127517962010266E-70  2.2155722705020496E-184  0.013688141221944467  
3.2475575858739713E-106  0.5159446961453331  0.22582501753417547  
0.09539220496883126  0.9104167856485496  0.27550493286887706  
0.6229716950953379  5.391499037385367E-115  0.5303767793276645  
7.645125493913714E-98  3.882672271380835E-201  0.014731073586646166  
0.004356251611553578  2.746108776906115E-268  0.017152979643829946  
0.7717674701839543  3.55656740398769E-35  0.7082878047137007  
0.193986047583698  1.007660239016872  0.2709183619452199  
0.5728714241041916  0.6203199100663477  4.332707320450766E-77  
6.914812019909598E-118  0.4919866436241401  0.24853403611128777  
3.1967198558648334E-20  2.5561392933595874E-7  0.7693442918000551  
0.642563175809827  0.06411383247964189  0.7175060093033184  
3.9467501067748174E-17  0.2905939246467561  0.8634627189463862  
3.220212297924317E-6  0.2025537843445862  0.6409072754333341  
1.289743644863541E-4  1.0010835816739314  0.9302286302021273  
0.2955248005949719  0.4436567838714484  1.098591428187601  
0.3536535822974725  0.7409555470785373  0.5035262830301529  
0.2675718415077814  0.6499369778020228  0.8502937795630383  
0.564916134782694  0.4548319347364468  0.23708554176927654  
0.6509242069803396  0.7014783056907489  0.5766282833484436  
0.5405914978701452  0.5637159900091382  0.3194941400495774  
0.2977788973982906  0.20417590512746606  0.5595566481911322  
0.15918118946247362  0.3390046218289459  0.45777967885207665  
0.33252401810061794  0.3257000769100096  0.16595916180150597  
0.11614258885798266  0.4386476548040131  0.883487765787265  
0.25519393742831437  0.29801961451485276  0.26594638499389134  
0.6987416509755022  0.592551024270153  0.9121372171232798  
0.2346704111796339  0.9288268827946896  2.3607536778071885E-13  
0.8911990352028718  0.5348683712616368  0.5505840539120005  
0.0029070443310817208  0.8795819960276645  0.7022781777788909  
4.1575152502333396E-4  0.8486587108496256  0.7947032252766946  
0.4126560349015381  0.48534487287493266  1.0522247469721544  
0.4517290789942629  0.6931721402965378  0.2953246094968421  
0.5456391458947805  0.9774333524293372  0.5714670254456897  
0.4256216625322986  0.760958839475896  0.7971199260027387  
0.32007901381726056  0.7559303804464904  0.4251400956029679  
0.3755065725826507  0.5913980012302344  0.6793571687346573  
0.3041987398869136  0.3191088701195913  0.8134549321897565  
0.5853623497192939  0.8397970117968413  0.9316388291541697  
0.3926293573994464  0.7153292714293904  0.35848630310429097  
0.3431577334124254  0.27043402036752906  0.5419095184077413  
0.7221117340182048  0.911660938017361  0.7078878095492261  
0.3254727133337256  0.3422174766268183  0.9439030445154027  
0.2817011861921445  0.5969131424328618  0.2651760663506696  
0.2983253886933674  0.40228666914235156  0.5953727201820302  
0.4773039615069509  0.6017538659251527  1.0131598599557152  
0.36457992619068624  0.7232931767802571  1.0411619056948016  
0.8344447758064689  0.37138438654347855  0.8100962395243098  
0.36494601960519746  0.6186227784508509  0.7180747759374814  
0.00682967370092766  0.6568931565327502  0.41002318962108825  
0.5145732614208518  0.8750932520035929  0.3227036626161794  
0.3375150113474641  0.7251354291767936  0.35358349242364506  
0.6605609893502135  0.8703771006291896  0.37782462448742765  
0.12607158241977454  0.6242893132020029  0.5306470762675622  
0.32637952744656906  0.646621186264201  0.9853446788598557  
0.3128241657245169  0.30935991150162273  0.9882169327186567  
0.7427474133860528  0.9253439890848179  0.35369369660945116  
0.48407760353199714  0.6723481805229199  0.9880581142442115  
0.3200339462838538  0.7750748846566423  0.6872756499240662  
0.5768897837876787  0.6533733402413874  0.4723480317270479  
0.3801155553935418  0.652114519639326  0.3487139297312986  
0.645446667932124  0.8015287215971799  0.5759278476716586  
0.578304677754602  0.9091986711832898  0.9242053406911841  
0.5982364911869403  0.5655103493753693  0.6789225561260702  
0.5282826743449135  0.591518151826617  0.9933415379440697  
0.5134227034603485  0.5260742615694696  0.3968180038229457  
