1.306365476106586  1.0247797938135017  0.5249205735937107  
0.0  0.01639811852451801  0.030448549565682718  
1.2109965054352683  1.0850153088044248  0.44888406253068747  
0.005761755751358167  1.4153586502345883E-281  0.15924893670230622  
5.196756436515429E-184  1.4410619477617228E-5  8.29635613275336E-177  
0.015419564105337773  0.6396811516420944  0.7791421674606156  
0.3557624123563483  0.7311488988817774  0.6768931727170119  
0.7403766117020979  0.9504112541973344  0.7717456102066393  
7.944286874506906E-4  0.6119422713285383  0.7715184180303675  
0.05435023048468849  0.7757225989602506  0.7915902042751736  
0.009914974202983306  0.2854088827815922  0.33249173439876534  
1.2339134970084772E-4  0.455306008790654  1.0091128102002969  
0.7027055027136431  0.9901432902177553  0.7358013428301259  
0.3758137890791513  0.6326102734967535  0.21674136731178797  
0.02946026697672858  0.19282947383263285  0.48706390308081243  
0.23989106774601135  0.5631729324677484  0.5269175480264462  
0.06329440896707766  0.750342582213854  0.9973199991625884  
0.4405999802723728  0.6749309205735592  0.14747796173728267  
1.3804144541442934E-4  0.21533554470126806  0.5658264279321367  
0.13729705334151632  0.25163957007066645  0.16275393022874862  
1.3160244843950095  1.0139242188654718  0.5356840605436223  
0.0  0.02792599834920033  0.05923334947918955  
1.2419011998787497  1.047096811159469  0.601581560395634  
1.8456035872963813E-7  1.640054717961552E-7  0.0  
9.346372985306471E-145  9.180603670510585E-32  0.0030837356728411034  
0.584325988714945  0.7072332497701906  0.19243093817329276  
0.8825543570296155  1.0124976969432817  0.6863264546616198  
0.05765479772255499  0.3823690947235408  0.8166251178102754  
0.09426286132583833  0.7319833309626107  0.9747919034851302  
0.015924474539076777  0.4782885537888697  0.9504249366243834  
0.770177200048501  0.9648109750602392  0.7526195488041891  
0.051957295584442856  0.512081696317905  0.6872104139843541  
0.5289388156359838  0.953071184338026  0.7871334336649992  
0.5072905570227516  0.9102334989316107  0.44294898649997244  
1.3627076963120455  0.922473434475853  0.4073459207515725  
8.619064348083946E-135  4.016811661807474E-255  0.24374101309161458  
0.0036326846861840993  0.0010645174718913566  1.1494475662404578E-107  
1.4661327967276142E-27  2.825960371002805E-138  0.002542831050625109  
2.644101603055268E-207  4.719507020793164E-108  0.001297736668594165  
0.0  5.9127363171634826E-5  7.8119567704012E-5  
1.2652624916477997  1.0041731004157515  0.5817622795167803  
0.00928746688478582  0.0408581726606292  5.570341408131568E-51  
1.1969709103097876  0.8745722464108918  0.5725572911267047  
0.05477317809422375  0.11587266884219873  1.8064347910600501E-9  
7.5406172031822085E-152  4.509148772110285E-44  1.8938345895842107E-4  
1.2393610028488518  1.0432422940194066  0.5880128108075545  
3.2733337881643793E-6  1.688578228776028E-35  0.17382114580732105  
0.16809742601001562  1.988549712115952E-88  1.7141624564098075E-211  
0.021127129804746316  0.02579340623714099  9.206845877521949E-41  
0.06312853458869452  0.5050244901510946  0.9470313725945936  
0.2550608171686117  0.8479130073968543  0.7618354060865317  
0.0021219358638945142  0.3017643702714257  0.9214078016244395  
0.005492375249237565  0.5656352923562454  0.6923094352248135  
0.387976444929135  0.9396824429203199  0.6577985171556325  
0.3534143880169078  1.0006635636912655  0.6398450881941828  
0.01149383500788601  0.688386035114989  0.870804291359414  
0.011624152087821473  0.4837440749987362  0.9539234208368815  
0.02985408115311328  0.5407093060575388  0.8853983602425727  
7.204236420775929E-6  0.3330382181684992  0.824212342069033  
0.26143165708103344  0.734265159425734  0.6569619635389147  
1.352540938453728  0.9822651814237268  0.5051671226320797  
2.7482937301524655E-53  2.0888386355066423E-4  4.3438842696141546E-4  
1.3213291519603698  0.9063235155248854  0.5508908133459148  
2.1053222750801586E-264  0.12038972302789011  2.8891914976644625E-197  
0.0  0.015341620976577729  0.022318183085101334  
0.016618492006152827  0.6155551452908954  1.1081131482012723  
0.8132054924971184  1.004951115538789  0.705299054098764  
0.5760959771799151  0.7691494511147617  0.2928982808734411  
0.4925326237389097  0.8528207147120116  0.8922005462421625  
0.15268273311594377  0.7582243557660945  1.0015921099043141  
0.3545910185799874  0.8083758124996377  0.9239600821745644  
0.4953847234704059  0.724963589981679  0.10970047111528389  
3.2476036114292314E-5  0.551732163682201  0.9890346325591144  
0.6201814942649737  1.0726102875084143  0.5946797671557236  
0.7640156248092601  0.9688552393619093  0.7496731146920144  
0.5189200241437179  0.9666828608116196  0.7715484721174471  
0.23098233478824987  0.7604514180047587  0.9967650665123503  
0.1270010546474484  0.5259451235723424  0.46805205704124453  
0.2259044365059885  0.4201716280912735  0.15989410143487667  
0.026719423756168075  0.6069364216472344  1.104598603889755  
1.0168629228531774  1.0724272712039875  0.6350346146651834  
0.18712108662908405  0.0  0.0  
1.348770025274412  1.0086505347435801  0.4708246288393426  
7.849011476823738E-246  0.004320519291450435  0.11307800354405774  
8.714716659944526E-4  0.0  9.079765584100157E-4  
1.2336874300557852  1.032656265380579  0.5765882414915761  
2.4405230735691854E-121  0.04284364698375981  0.050714152482416334  
1.8230773742188157E-86  0.07510028397050486  0.03519223397854921  
6.505595616732512E-107  0.030659158710538068  0.050394996476500295  
1.2584784401456899  1.0480647771748117  0.52844908912999  
0.002279265019935933  6.157475456326965E-49  0.9051611177323515  
0.033152614158239724  1.2110855644625248E-26  0.8485230135624721  
1.0449621848709842E-18  6.386782648659243E-16  1.0631923563724592  
0.005174586462443687  6.479897594512439E-47  1.0758582372970382  
0.5256422249747089  1.0440949115602147  0.6694725640150824  
0.5354962647502813  1.0179161690253777  0.2559593502608332  
0.49227093234283625  0.6196336169741261  0.24643676288980473  
0.2098194322185873  0.6715568078835144  0.8570455161648313  
0.48711552175843165  0.7268229230071019  0.324837899933076  
0.1701155490462888  0.817064775435087  0.9646828495426851  
0.9563608897634835  0.07668387925083205  0.5982624862649804  
0.16557930020251124  0.9427806806039317  0.09089138916924556  
1.045508874686992  5.059201756505574E-70  0.5973693900783288  
0.12984412944349494  0.737976950786317  1.3776686764441553E-138  
1.42506620726778E-66  0.13069493437831758  0.2705723044391703  
0.44916014858099096  0.6416389131319614  0.24556035077924687  
0.5012543077175635  0.7768391277791056  0.36004128604228824  
0.24691926332248357  0.6664617849465836  0.7055970060315679  
0.6287049482492248  0.9246690528268628  0.813904434554071  
0.0014847344249932497  0.6288586367860711  0.8179875124439564  
0.0031381062673742233  0.6567507503209322  1.0927482612670611  
0.48633073679040373  0.8662899772391021  0.5339600341186993  
0.48231780651225614  0.978919704612412  0.7645781719879852  
0.6219358063126874  0.9095340020356222  0.8288679107351856  
0.01281855745254823  0.2832361671139388  0.9000967774461953  
0.15029033970807493  0.55060905873714  0.6739161887424439  
0.042489906997882486  0.7135306296678983  1.0590443572378907  
0.060488562616706626  0.09549145142927921  0.09267876340579384  
1.463122075326584E-4  0.12372257312349833  0.12973080460699196  
0.18478058458194233  0.7553807572505474  0.8391264044993202  
1.3897530035156953  5.763983368686119E-15  0.3062229703770148  
1.956378011747088E-23  0.9495875691387861  0.23131499809150036  
1.2851410577029148  1.6256795245700457E-29  0.3156737648886047  
3.7157813235448855E-6  0.5660214478659116  0.1201872749838859  
1.4459515724928664E-173  0.43639391953137013  7.314766293126011E-95  
0.21941406466864838  0.6920940025876008  0.3883482009753549  
0.48273264897566137  1.0569959913465021  0.586602038219353  
0.415310807224683  0.743310534753938  0.8172982751788692  
0.12918882121334155  0.692113938344234  0.7228978475816114  
0.863245144780689  1.024816808967919  0.6757327892405421  
0.2633147718016054  0.7914611749495868  0.9651573099099193  
0.14454857179902125  0.5711672247992691  0.8450246375473124  
0.06892354105957452  0.49058013779058934  1.0133310374011808  
1.5243887614953632E-4  0.5401283204440948  1.097411932183819  
6.815625138513766E-36  0.8036696871268976  0.6002910916025772  
0.46998818369292034  6.203188086563849E-10  0.2392915675190538  
0.1633138541132861  0.05435894413764032  2.470509278319022E-292  
0.7229208589475657  6.381157013795292E-21  1.2915726154451098E-103  
1.3251618051508774E-149  0.17843126471381446  0.0  
0.0  6.497571337913088E-5  5.565219612583483E-133  
1.4606536959749605  6.013513298178287E-29  2.225046229772287E-36  
7.967560430133332E-26  1.1888219705004188  0.5533219394458547  
0.826085025517981  0.015452489603663681  0.7123734307101033  
0.13722990003528354  0.6828780643530261  1.5396319879438258E-93  
0.146540281037352  0.13088040749501192  1.3832277032207455E-87  
1.3533948537680247  6.898986157245972E-58  0.2553328780583589  
0.3688100735943384  0.5291907357744335  0.3410255495929335  
5.11098997394831E-5  0.4909508904728872  1.0630669682791184E-28  
7.282714233916788E-4  1.2737568051054997  0.06943357838514144  
0.2892212257320806  0.7220723052620944  0.8669526877223889  
0.3959342852949785  0.5113677776893991  0.22518251025041086  
0.5285338300617838  0.6842873308255767  0.08599291597845954  
0.23577243371942835  0.8305203914818708  0.9430782748329327  
0.017672722681754256  0.33665507570179554  0.7045781408785233  
0.2990268446184427  0.7981336455632793  0.5323543744039823  
0.6381172318781281  0.9209071508021004  0.8159871235311099  
0.08975243380970876  0.7090435498150599  0.9417582639340335  
0.05069617282505499  0.6751446678525511  1.075174449530785  
0.1543960644590387  0.3785772942645637  0.41741336922328726  
0.40824590262047733  0.6843316951619128  0.23082377913455093  
0.6302970978956343  0.4591937894901996  0.34859134714072715  
0.7913641640840211  0.8129941451827046  0.2548617238943727  
1.1347269207044748  1.0297136861285891E-40  0.7087846598419031  
0.5284468960944116  0.6111662381260394  0.5168602245299808  
6.33312775458545E-14  0.015704685715402886  1.0154380618434833  
0.3489467061149283  0.7467417809047301  0.8517747963367193  
0.3721643003992375  0.8109585718108759  0.3496478417208504  
0.4977681518360764  0.9862822322392166  0.3976644976035026  
0.481903159978795  0.9094131169405884  0.32367344039433293  
3.748467440765632E-4  0.5029097641296318  0.6803934600772651  
0.5359753959797658  0.6846239820639086  0.20912303377894417  
0.15058319530387135  0.7688741201321946  0.9797880048532005  
0.34928195794939176  0.8386247602022501  0.9274835762309876  
0.3083200191392547  0.8428418855510685  0.5233559744422235  
0.49067981973436275  0.870976614638454  0.8802454964089083  
0.44623215858515747  0.7280276663216424  0.6900067287450995  
0.0023611307951150475  0.6030100303996591  1.1135813356910604  
0.030586587424654782  0.3367221767895702  0.31713354393661364  
1.1923805945996302E-6  0.17086436461368812  0.4022616041596161  
0.4537247637369967  0.8438398733261158  0.9010175891773312  
0.9898771490104883  0.7651029977543053  0.04742140211312757  
0.5382462027739239  0.20436080652965685  0.8432936812103025  
1.2300118974216052  0.710294081424646  0.6297699905331818  
1.3004922728784406E-4  0.5292171744935616  1.0330501242484122  
4.114129955630065E-5  0.34517280020018337  0.7941665084307347  
0.40384417951394946  0.9009681453581536  0.8581811801509986  
1.2125537935541908  0.5828590834061248  0.22694034702505586  
0.0028752712929489797  1.0909866196767477  0.6997160928345024  
5.3499930306407685E-18  0.9675902383942188  0.683263516199983  
1.2706940274481073  0.30323823771875336  0.04876354688642479  
0.2551700506977864  0.7908792250316807  0.8969047205258374  
0.12802362038760634  0.8785121598017258  0.9567405753682028  
0.016530584225964987  0.6054270840733521  0.623358001079881  
0.0038692976662002246  0.6947010453318737  0.735182901021138  
0.3153762452213339  0.7429427499223902  0.5009614045171582  
0.20589096700460702  0.5890222601065516  0.7067123351593246  
0.5425535701583104  0.7188085684065932  0.40460211183437245  
1.7253180713952735E-4  0.5909385436251386  1.1118892047931712  
0.47519673035506954  0.9938815589682608  0.6855995702419528  
0.1884337337970328  0.8332392112489072  0.8894422535589688  
0.9965853215881831  0.5103043060053959  0.38797375286774044  
0.262606702625286  0.5436383506164626  0.20684701095429853  
0.9766688373278113  0.3884976009677975  0.3085559342293132  
0.33486689495287986  0.35809056145640034  0.0526668279705576  
0.10242567103207147  0.2789850494584585  0.12574767233065542  
0.5119838692269864  0.8847877615610036  0.8664493528457821  
0.5486736118088508  0.9785113351359259  0.7629207561448087  
0.4339489427999346  0.501897745518776  0.06162224107317016  
0.09165454583443373  0.431576354387691  0.26741470749361446  
0.2730589859136402  0.7528318023192578  0.45960205309423763  
0.020908731015947334  0.34643660918672226  0.9052359880861104  
0.5928083469880436  0.8936815115166306  0.8457124011229352  
0.5278606583939564  0.8512594814693629  0.4410080905673805  
0.02146951629479246  0.5754384971538641  1.0904288549692869  
0.2166099577840314  0.45380366626616647  0.5898201863864787  
0.4181913622355384  0.7806902666183546  0.5972948674647801  
0.15741710434102224  0.5252358827879106  0.9921332175768875  
0.12747311095125619  0.6587547480972036  0.9426050255171353  
0.3504560016433386  0.9113804732518422  0.850280878762277  
0.8175041741608072  1.0041805846038359  0.7053366464953519  
1.3803514776160284  0.08579225915477456  0.5168518627788004  
6.139980359979238E-103  0.8351466579577713  0.11965280367801695  
0.8547774150614343  0.11714972258038091  0.22709676131174492  
4.6448725688466444E-30  0.3924526063970678  0.6381305239104598  
7.065533381367446E-36  0.6195405549432212  0.0637628571172989  
0.014806019380977514  0.27173052737670955  0.3534688984445894  
0.06957752667861226  0.29632783602654095  0.44679956773263557  
0.14907143868530662  0.6874098558908184  0.6910725849084891  
0.4493097738691302  0.8058597975499808  0.5087066882969712  
0.2858783103211747  0.7755762338346277  0.971823752548558  
0.21904121898537102  0.5410412928319048  0.3179895689786841  
0.003678938628481869  0.2919931171409314  0.8153805435380149  
0.002472967536831095  0.5695760234684237  0.6697080105997787  
0.022875433645228725  0.7564383492857625  0.8710391434734281  
6.218332745067103E-66  0.009484143279768556  0.07515254734364453  
0.539271573560588  0.0027014775435133084  0.7082886282161839  
1.4656913503909161E-12  0.7788629437635437  1.019054529598626E-43  
1.456666112763692E-7  3.084717771723851E-38  1.0594810531493495  
6.482908591017923E-54  1.6591745764732132E-79  0.3014709094479566  
0.1114872206400873  0.06794482393971994  4.045326231094217E-243  
1.2858836220473893  0.7649423015911562  0.6297092551414579  
0.29951663747065993  0.7782178185975852  0.20134827612768383  
1.66620413569484  0.14476822075875181  1.718280061071819E-10  
4.420007620843883E-31  0.15069873677659917  0.38084445351558915  
3.694836780931161E-35  0.47163387912303245  0.20137581619710798  
1.0877646881038543  1.135920465903775  0.07809564666263767  
2.2639315534906076E-15  1.0933462930053126  0.5287245191097116  
0.028802493463231434  1.2028799823784138  0.3658384778577234  
0.04753622900949287  0.47053889741880134  1.1731105713738796  
0.06555681502256382  0.4964206267665204  0.48858051691569937  
0.18216354450473918  0.34395877786087437  0.3804678602902432  
0.5550889312575349  0.7070354121305502  0.2802912153727717  
0.01166424883554165  0.6425226763238148  1.1007383468975662  
0.3037120241465076  0.4529100014599942  0.40014448832005967  
0.057829995257589764  0.3063644760019572  0.6638874563603938  
0.09295472571235892  0.33115525303975807  0.6175729862037417  
0.37212246471330096  0.47919792699705666  0.19912937270291114  
2.2438735989959956E-4  0.1941058052744554  0.361617880724527  
4.651780157332653E-6  0.4924255091186113  1.0866732681372442  
0.3041550361988252  0.8681950901130121  0.8996743641790198  
1.125048626756144  0.9123533743844489  0.2325343724391954  
0.27028045283158686  0.5799007548920427  0.34588120256100124  
1.265170180626167  0.5047785320395168  0.1036052850067418  
0.5608065319269127  0.31005941586627067  0.13257569887075896  
0.2020176628235915  1.0078454319432895  0.846541991425463  
0.34195513205746714  0.9395795630482338  0.4347364899671095  
0.5762982717072279  0.9009765409906053  0.2913218926077559  
1.0057684650960235E-6  0.25143307940245413  0.9963512832827537  
0.09944800008222675  0.7197059738389859  0.8652252235001842  
0.5649749246326461  1.0392446700491238  0.68138453254061  
0.34095146919202357  0.7679192333699418  0.7020937615013748  
6.89248678236304E-4  0.46436252257270866  0.9670212719940167  
0.13627274725324345  0.30778235434766593  0.2568182354793759  
0.31391374504322567  0.8317642320531567  0.9298707461668135  
0.43494232564101093  0.8119156444597019  0.8755027356529005  
1.126998173409004E-5  0.18473440158270368  0.33698405034151896  
0.2758538629200172  0.7957052320255927  0.9501512654060028  
0.21117390162556768  0.6277346685626113  1.0118936212879912  
0.5746443609779934  0.9334720766627568  0.8109256901148979  
0.018007110928644893  0.5563609372115077  0.7535308157960435  
0.1877563385202051  0.9633008985567103  0.8799864611484745  
1.2342041435339377  0.9051778453994582  0.6022169273495421  
1.2506030942609079  1.0111427407073996  0.5500028915709991  
0.030347401988880245  0.5899860693509622  0.4754924798716797  
0.021701067994787375  0.4710271176543257  0.3908063783919163  
0.09026897686657268  0.5652806504069372  0.9974580118903412  
0.5100322732192588  0.6208065846935998  0.24005347111668252  
0.08250890806603357  0.6885376245294185  1.0665679967289416  
0.5108515462741734  1.066506196314287  0.5721412631541847  
0.052708316534137524  0.6562614909483889  0.5901695425811334  
0.37959599694371693  0.9271330505419682  0.8327313702623346  
0.4913420356323169  0.9668114669734329  0.7697857792534609  
0.3359286079378483  0.9034845840472596  0.8392389495379803  
0.17989750616387856  0.5870123232738104  0.4942688236658517  
0.3777540163986378  0.8495813123481843  0.9008103840893357  
0.3353785469693019  0.8962456988325146  0.8152695393118268  
0.08482346083021237  0.5942301420674038  0.9795456082683494  
0.31899604153293165  0.7039333495594013  0.2534622414135258  
2.0900369962440442E-4  0.46053308062537773  0.5152704533865644  
0.2765171458500013  0.7884150689082439  0.5964535352992074  
