1.0624929969273553  0.3602594346013875  1.223075182221537  1.0585736796243996  0.9472442296385529  
0.0  0.07102028436502532  0.0  0.0  0.07947025598619316  
1.039270492969788  0.443200044539258  1.1934492763929514  1.040807256630385  1.0188411163069582  
0.0  8.061145884684504E-8  1.3134372785563023E-7  1.54084906394833E-7  0.0  
0.0  0.0  1.385624955651298E-7  5.157195134735599E-7  0.0  
0.5275518005384109  0.5363857417769253  0.45538443006089646  0.4472413880234994  0.5140352117260683  
0.6264188011055772  0.4646517778579024  0.7183789340429079  0.7094708595788648  0.6357247648463841  
0.9401396496468352  0.5178354996839265  0.9850272408745556  0.9208505038267167  0.9274738462452856  
0.6324048196312337  0.5927189883941589  0.41519787369391  0.48942304210079285  0.5601741894299018  
0.6323605248779481  0.7185238034682394  0.539023298398017  0.3856498151866428  0.7144619930468576  
0.46049319360164614  0.4774740073779341  0.7099396151263787  0.5309369957513889  0.7618368022196497  
0.6287365606700263  0.5490561686363241  0.7277508380061917  0.3596685903064304  0.9219770990254696  
0.5850572700558827  0.681360709016149  0.5446634820906959  0.5654037620482777  0.55749980417841  
0.7185388556465195  0.5953157363071861  0.5307465537784403  0.42598194204462264  0.6206128440208225  
0.6894178797338428  0.5594371324330536  0.39419547227797114  0.44639471630367233  0.39099586843056483  
0.7064191105674621  0.549577081160637  0.651428809999335  0.6939755561064077  0.5967437280496672  
0.7686974976679879  0.6477920738038417  0.8280323727511653  0.6595816489984601  0.8683895239227528  
0.789798448415546  0.5481039677116479  0.9435115596734663  0.9308625500623277  0.8352043809573292  
0.5013007390674183  0.3611761976957185  0.703364225718165  0.617918324082228  0.6452859847414807  
0.4214592571182808  0.42537262922331337  0.7717258929849241  0.43755251982800997  0.836935544483763  
1.057853114020568  0.14430227608049578  1.2686991388008821  1.1090601773813495  0.9268942209071068  
0.0  0.13741309857715903  0.0  0.0  0.17369112503949394  
1.0348480511424176  0.4820641856623205  1.1632673631064427  1.0281685820737307  1.0337663672294417  
0.001076367776232426  0.0  6.65E-321  0.0  5.58251438226998E-262  
0.0  0.0  2.937115560977729E-7  2.796829073136492E-7  0.0  
0.393995140359827  0.36161350266102105  0.7003699625246466  0.5081341889691795  0.7389981555837681  
0.5089108088075003  0.632885219493523  0.5395741228268278  0.5533635555171441  0.6245890093974333  
0.7149166020075497  0.669927630384628  0.7280760930899541  0.7218690025403885  0.702960154444928  
0.48868963570404456  0.5804025994344648  0.7421233581928967  0.7059865541183894  0.5786907202018697  
0.7773941541761076  0.7039511845946465  0.7206418616815665  0.820786228683045  0.734556692833586  
0.457034928109042  0.5751322192490075  0.3657536958291492  0.2998165293583556  0.5459750699102475  
0.5258776403265017  0.5188533679941346  0.24033570164615825  0.15092727187858873  0.5490179957203265  
0.612677184132917  0.6566545303907865  0.30888062569987007  0.3245412784206361  0.5055314493152477  
0.4047746663628927  0.3454247094140687  0.7935670288378023  0.6335626981862624  0.6856648289394892  
1.0186727874116144  2.774750701252609E-31  1.1842637040997412  1.2453976883727813  0.6545919015352359  
0.002234230008526888  0.5435468309901468  4.538041606823118E-255  0.0  0.0  
0.0  0.0  0.0  0.0  0.4606622806069464  
1.6260012302737164E-7  1.1874908017521725E-7  0.0  1.1752719911671468E-7  0.0  
1.4105464585611428E-7  0.0  1.7609854370552294E-7  0.0  1.1589109535614878E-7  
1.8098482862690794E-7  1.321618203516916E-7  0.0  1.2660044027335396E-7  3.46709914677707E-144  
1.0550438923971912  0.5258702420114156  1.1175688947349653  1.0289271010361767  0.9406703195477459  
0.0  0.0  0.02797185646778505  0.0  0.10998431583177247  
0.927187600552256  0.5036617871974834  1.1081266652823156  1.0674368117757758  0.6795775679095193  
0.09311774316689884  7.401086459420431E-113  0.06686688907078993  0.06776004192452784  0.37449698411520727  
3.951514095779683E-7  0.0  0.0  1.9495700150473096E-129  1.1553077589672021E-7  
0.9628358956142958  0.38560498703652857  1.187168473915729  1.0512641027026568  1.064608827385148  
6.22823600836009E-42  0.0050230694193456995  0.015412353232993743  0.0  0.0  
0.0033534634201256588  1.1956525043918039E-107  3.6559246001693853E-147  3.22E-321  0.0  
0.005727128032015673  0.0  3.3243796015637905E-136  0.0  0.0  
0.48479677834160356  0.2757052302830162  0.3142233936979447  0.22503772735326522  0.3345999108648405  
0.3355784838946941  0.36184141527399555  0.34072093375391665  0.3094145116113883  0.33323835228630727  
0.5360332983269397  0.47346556269772405  0.6709080394918195  0.5005787420883271  0.5920026492530911  
0.35696135555077  0.37085596208922644  0.16528588611109615  0.10232041977840291  0.34799598824660805  
0.24364964880832105  0.2443253440465773  0.3927710007148874  0.4996688023582593  0.35309942644546777  
0.5040430257127589  0.4071436369383926  0.9163323137668082  0.6538001231693328  0.8474681310247223  
0.651330338019395  0.6995088701561312  0.7579263526405036  0.7135019852896856  0.7557037521857145  
0.7079574910303718  0.6671124280795308  0.6994879654616306  0.6364421883837215  0.6417496017560778  
0.2900712491565058  0.22111220574465337  0.311291981884131  0.18162017159284988  0.30575250236628115  
0.425714067690367  0.4134931286792219  0.5379760545928587  0.587515210653306  0.46145739865654767  
1.0060300224119696  0.46766468387067284  1.0329580780577832  0.9657928474973562  0.9452337776005388  
1.0975907731345962  0.32057030487925636  1.247562854804724  1.0801595105395732  0.8076506689911307  
2.4093922039892286E-6  0.0  0.0  0.0  1.5225127590456138E-6  
0.9930522635897532  0.38816205519242275  1.253605822778218  1.0213759834454033  0.7598236330986973  
0.0725223905171544  0.09512310030574395  7.945012071564182E-200  0.12546774612420405  0.1016302162423462  
0.0  0.07336067249999266  0.0  0.0  0.04171707873188773  
0.48758391917718813  0.5561642915194676  0.35978433063970566  0.5274393745109272  0.3135013418325826  
0.4095514195802222  0.39358611486098527  0.5574527701242941  0.4123296214306015  0.6076111303697235  
0.7671668733137689  0.6634259990182136  0.5447671447295566  0.3044140846036855  0.756300626658344  
0.491817704743341  0.3864483100754831  0.6001055972892002  0.2555757474884715  0.6803829535632693  
0.7577826449400404  0.7530004095792638  0.7024240447536241  0.7169551151570055  0.7979983907476329  
0.6084792908641353  0.6446713251602538  0.45809923493773347  0.4296082999495068  0.6729213222470385  
0.5445439018323819  0.6503483338477207  0.3865256355435406  0.46615071033090955  0.47121407763353657  
0.46030433866034703  0.6201958574068592  0.28054084943811  0.35878977164608344  0.3835227312518456  
0.5547425996243577  0.47651366587845295  0.6335281013613735  0.566743732875047  0.67029794701957  
0.4443612724653038  0.5778564068044678  0.2773086606188294  0.4402255598596973  0.3693896098838574  
0.6732693305263773  0.5388760137231241  0.6880065307127213  0.7433033618345927  0.6298921251978219  
0.6801627754534855  0.5031268734791604  0.6063241387890661  0.5657867039741062  0.5932827930297492  
0.5257591617795424  0.6631763145212071  0.6374345282574994  0.6125914874204982  0.5250981262093706  
0.7708935909004381  0.6447927857153302  0.7105179738161271  0.5451944285845701  0.6489115662187226  
0.843459043211478  0.7846734495316052  0.5532065730471225  0.7074892541007847  0.6934456556803956  
1.1131662967145133  0.46119727353331336  0.9294665411796047  1.0451310709664985  0.9471015231798728  
0.0  4.4E-323  0.18431955933348224  3.5E-323  0.12375522736943162  
1.0704395657178583  0.11423716194358492  1.2315444190287776  1.1212522674999734  0.9308477902545317  
0.0  0.40719013085364986  1.5E-323  0.0  0.09739396651481935  
0.0  9.61765458467619E-5  5.806736447295416E-69  4.282402235702412E-5  0.0  
1.030268876046999  0.45491370014754323  1.1595849746602114  1.0003339672981817  1.0160413813428504  
0.0  0.00395293182069257  0.0  0.006507857373549774  0.002247528010611256  
8.1E-322  0.0  0.0  4.4754466024612185E-4  0.008411399673084182  
5.590368127692801E-177  4.0796131157634723E-230  0.0  0.010420767325440268  3.09800129905759E-255  
1.086841746613372  4.3353420112248396E-23  1.2196352776586352  1.0469958955511434  0.941102510646335  
1.9185439679485716E-295  0.744027141996232  2.709805388908972E-66  0.04928612787031453  2.089909517275869E-9  
1.0E-323  0.9721789943507796  1.6691827985277197E-41  1.2423250135221642E-83  0.0035180701827960755  
1.0E-323  0.9755636355737705  3.1703529179776637E-40  6.222486774621538E-69  0.003962505653656555  
5.3809610527497775E-301  1.0954674539710616  5.209012293897823E-68  0.0734414951051913  1.5670240367406975E-9  
0.8518346455875647  0.834190930043789  0.6040503221634057  0.6279731300340115  0.8102608682998972  
0.8488898543520053  0.6030106664092146  0.8919761911357226  0.8105780613461023  0.8179401834311413  
0.6874375787451704  0.6065414067704268  0.379602337119394  0.4109493412636938  0.578866475288859  
0.482269550053839  0.604308030264085  0.3397588759168117  0.6209445948660172  0.33871687756336016  
0.7521376508489305  0.6393016924388328  0.8392161312782861  0.8660572284378794  0.7563567420635177  
0.44601994759513863  0.42692589232128747  0.6038119057322769  0.38776301326208973  0.6293090334362632  
0.6661342963773371  0.7062767547638875  0.9128804952231253  5.704145234339739E-269  1.5E-323  
0.3892647694205651  2.4684785759005245E-227  0.10688402081753064  0.9435389144803554  1.1588765079026118  
1.6007991864994918E-306  0.023147048345253253  1.2332333699097442  0.13691112028001778  0.09793991750870089  
1.1027277852191049  6.276103065338616E-255  1.0E-323  0.4983748254837953  0.39509284821868945  
2.5827190384870977E-151  0.11591789140901224  1.0E-323  0.34774172215172294  0.4563336543655028  
0.7306997510990939  0.6967147406486411  0.6437369983999984  0.6091464013658949  0.7618403308280436  
0.7668980758213416  0.8803411356080448  0.39855172119669324  0.5621991208339943  0.637227914130256  
0.6929139286644532  0.6556750017086392  0.8117132331318485  0.7764145193919323  0.7889612334120313  
0.4058416114960628  0.4302809015310915  0.7379604243927507  0.5182404654378128  0.792758801768093  
0.4767816952967066  0.4861833802361708  0.3064520800045314  0.446688629251845  0.27546592506755835  
0.4924672357028268  0.3562207080511017  0.5547673087827146  0.4709092553280761  0.4883586375255086  
0.7788098965202572  0.748384482768468  0.5858176317002405  0.7202059630171626  0.597869847890613  
0.6939870489120202  0.77829351635839  0.5073898857402993  0.6583988798861278  0.5798327338340308  
0.6743555499424794  0.5458469987904219  0.909660974291106  0.6797560448256488  0.9291956150759659  
0.2636854051133292  0.24854618701579106  0.11763229212516173  0.15792271120510326  0.14324524223668386  
0.591348220012695  0.6130220385677357  0.289527953242659  0.43910971077750216  0.35080058360402544  
0.35838849515618093  0.4239593312630164  0.41004132724881776  0.2810864843166364  0.5345838801467173  
0.4339601270094862  0.42431002699973747  0.4527161749652719  0.4406504555778683  0.5017821384518948  
0.5568051322476905  0.6473053824910935  0.41060359522805995  0.5567558959860659  0.5270635140577469  
0.7254330142584378  0.6829918267606638  0.6261259465179637  0.40688937884178195  0.8336673976580636  
0.711085028759172  1.4246161198695647E-42  1.2635768421228373  0.9193059866660006  3.15015663064737E-218  
0.5362258884630404  0.4019893898166962  1.0E-323  0.3091028445079718  1.1041519584603359  
0.16546221000117967  0.8247976918359746  0.6710347324617839  0.0  0.0  
0.2211697115367372  1.5389499427019592E-49  5.105440135451143E-5  1.4836482255645067  0.0  
0.18802084035635677  1.1865363990185054E-150  0.0  1.3817419567417738E-92  1.4393227008246172  
0.43344621577161496  0.23073163500142516  0.5553641991680612  0.4859314135639579  0.4836174240631081  
0.2558667645318024  0.21749669464434368  0.2425014206182235  0.27219615015957793  0.21680503264234008  
0.5469502679561324  0.5192014721818672  0.29148533026724127  0.2544598436036716  0.5127721915361546  
0.4527402781044875  0.5127475368501698  0.7634687239460954  0.6668867383244075  0.7760769166186485  
0.9335570386170802  0.7416732706538984  0.7325318465266832  0.6710844631360862  0.8786294160914323  
0.4887275747898771  0.5232525577810402  0.2844554819077463  0.27697332245951245  0.5280392598188787  
0.6499338136167461  0.5489943806906624  0.7008805867790905  0.5109031686602703  0.610907113417338  
0.9521352916712205  0.5386466293147313  0.9636440670843679  0.9424377614305509  0.8270036324558002  
0.5435892268363356  0.4590323927510261  0.5132868983895971  0.2377384474392293  0.6578155730285146  
1.6357712726981124  0.2897854348713043  0.5422488396001637  6.539380156976572E-186  0.07108614857881779  
0.0  0.0  0.25642925265316646  0.08064113599221544  5.0114272388409815E-175  
0.0  7.389076134322901E-30  0.0  0.6932304770555238  0.23639434972595894  
0.0  0.061625526038750565  0.4216710361004307  0.8979397552692941  1.2413022666492048E-268  
1.0E-323  7.70756799267739E-92  0.22251981194931364  0.0  0.5583197243891516  
0.0  0.0  0.0  1.2231080782278017E-7  7.911096594717533E-7  
2.9166830926268358E-83  1.1101529762181956E-276  1.3543057292382035  0.38785149843031047  0.0  
0.818428327780609  4.116438127353868E-71  9.6935389258E-313  0.812768924676013  1.2733523876144586  
4.63559611481028E-289  0.5644148955151029  1.3804744616583984  0.22660098082338467  0.38234488471213507  
0.7004175914630857  0.10595190828098904  0.0  0.25659856669801817  0.4035948589481676  
0.8906787513281674  0.0  0.0  7.191989640985272E-118  0.18761284631212105  
1.384667841322558E-43  0.5551920406246126  1.1900725295930359  7.007443898501536E-141  0.5727118673154811  
0.9189585635151167  3.903852104944652E-282  7.800595597031237E-125  2.532027839128368E-27  0.9362259260542486  
1.5E-323  0.008301932891257243  3.7943376741019576E-67  0.003700822044237945  0.42995785443648515  
0.3313702576019274  1.4791228102479798E-136  6.1358177044980836E-96  0.008083046798511375  0.8037690519101061  
0.6288153802199866  0.6383322154950231  0.7450721968993981  0.5301152600963487  0.8265455866958994  
0.6982320384832423  0.5803362668312115  0.3448791310998698  0.33135340776885536  0.5096358345703587  
0.8480181987155015  0.7417145455174298  0.7077882717585042  0.7721290518772795  0.7562755717576123  
0.6618233486373497  0.8894514013645979  0.2672948554202276  0.4618214306367947  0.5290529101680617  
0.5298786041010158  0.6373788219618248  0.7558148119842771  0.558283237975634  0.8914786267137638  
0.40993434766392933  0.40443504050578105  0.3782564660694928  0.2757530515904607  0.4807763067648456  
0.7856375820797199  0.6371333169391046  0.5382369380519821  0.6105493181383662  0.5522250668998634  
0.9130316558633536  0.8352212623622352  0.6261914238958379  0.49729761559131325  0.758470328241231  
0.8502099929398906  0.8548300988637717  0.577427545418932  0.6498858110270992  0.7402323484585904  
1.0032233620977868  0.42802368982411293  1.0770891092788895  0.9997177864187923  0.9567367657241423  
0.4062501518913874  0.43441652642746065  0.17775499774124978  0.16550766844479  0.3297267064641552  
1.2804785973458677  0.24021680751024002  1.0151126832885093  1.0E-323  6.580234953591309E-26  
6.061655192847053E-205  0.005504659537505617  2.344632604967799E-138  1.345632096088212  0.9733232016398228  
1.2506272371488716  1.7498268924418726E-4  0.6248999475083016  2.8533320632120603E-178  0.5025674413244657  
2.5101684767618265E-32  0.23082864399774453  4.6564813338650253E-125  1.2958932028015402  0.8833827621051422  
0.48856049047227723  1.1007705873341322  1.122560388482807E-28  0.21994263157554028  2.3235134571864984E-178  
0.6815136758992119  0.698635073635079  0.507411407430199  0.3385618978695336  0.7069347913956796  
0.6327827116287854  0.7299197635658051  0.725705749051619  0.6871103718666651  0.7068608696864814  
0.765934067639086  0.6074740466279221  0.7061267729150856  0.5949150507145625  0.8673036536378467  
0.4057509379790041  0.5248477652429774  0.2731920868394096  0.5114824040662845  0.2669123183877927  
0.7948813511272979  0.8315779707283488  0.6092579287336041  0.6344613205403806  0.7930405551594318  
0.20816138626722352  0.2546478817412812  0.24278310420431254  0.15068727209368318  0.3180494855546285  
1.0425202282006851  0.6924364079945003  0.7550258645030635  0.8056502219048176  0.7865723444229442  
0.2481134753320066  0.31551724300059203  0.3858157900622458  0.5468002438387274  0.3165353951059124  
0.8085303027839349  0.7868169547696222  0.518187729994634  0.5291485484656764  0.5600260560660314  
0.5188720517694245  0.6625284691310179  0.35209218596091346  0.42510941916972134  0.5701880442485252  
0.6865139996708368  0.6289593695871011  0.4620041532153499  0.30255581858206254  0.7696320141478601  
0.2993568094032823  0.2986048292519954  0.5035548619972336  0.5516358050177845  0.4600169271380924  
0.9599662704886539  0.5698423326687843  0.9258476576390307  0.8723732753395349  0.9154860136001237  
0.7589793922826423  0.631571255527948  0.6441221804142981  0.6076911613986741  0.584616355663259  
0.7205519704525002  0.5609119555062507  0.7616609628704378  0.5697624560731677  0.7349663694237669  
1.3244883225786477  9.111731247387286E-9  1.1301299845639932  0.09618043065658613  0.4667845394763281  
1.4402286971565517E-307  0.37518319180995274  3.1369738462519015E-53  0.5659271592554147  7.955307871424203E-46  
0.4462812913716826  0.3159959172800847  1.215738338199429  0.8340267108399343  0.5071611784851013  
0.6284786507477009  0.7361644084757747  4.5288552926777534E-17  0.422727111152089  0.6294276261389942  
0.9742443060934177  0.8561995143447517  5.575836987189408E-10  0.4006636229338599  0.6064678613596263  
0.7153715372997518  0.5531216988620854  0.6741617541834909  0.6471882734836558  0.5916319653337757  
0.5474749536558625  0.4866298932893165  0.5571091224345213  0.4999523850582478  0.7468330458789144  
0.5940223039018591  0.652243828904807  0.35561103192342064  0.5572737860056574  0.3687692600951973  
0.5071216039524321  0.20327551250102033  0.34157758484334677  3.245532786129958E-72  0.688075735009867  
0.8203640659594561  0.3218737490463756  1.2206620314323995  0.9290585323893297  0.9562320218637661  
0.5338319981092853  0.5181580409352792  1.515180984709658E-19  0.33602380201591725  0.4733119587669499  
1.058693092014504  0.8600646373938994  1.019776315986037E-9  0.6495323041734038  0.8585339568508772  
0.7226768551215881  0.6895598841569817  1.2746587161969332E-9  0.3069275699535807  0.6038165735355058  
0.9067274608761864  0.8529009349729648  3.738123932753844E-16  0.4867178670313194  0.7036298724740463  
0.5825360145132786  0.48968096348596435  0.2954420033794556  0.3931052002423101  0.3198351079708708  
0.44055932992602476  0.4839869219960346  0.4366249862110056  0.3411345518384039  0.6343310282935  
0.4636455723760531  0.5270362812492916  0.23782122290266522  0.3103483740567946  0.4401156207490378  
0.5165762145724384  0.4151847217956584  0.389739148596919  0.3334466000083137  0.5349910514934619  
0.46732119350115675  0.3143760657591045  0.4518966074954288  0.3050479797415562  0.476834627588176  
0.32144509291608314  0.35658353170207063  0.3586237411997102  0.40330383421133253  0.3083616585939834  
0.2584587144597392  0.18338986338320284  1.0933102593952908  0.739884041572331  0.7490642869675287  
0.6023379972910227  0.43748829759611  1.1341951908963778E-10  0.45346340470625257  0.40360941324947996  
0.49908758654728475  0.5821373766264015  1.1263346685420128  0.44179312220756795  0.09043976012913338  
0.4910072862359701  2.0015186615964645E-12  0.0  0.42877946715804205  0.2914818890080709  
0.1176910061266817  0.10756964318993062  0.13718380049085668  0.06542156085619562  0.5153455026261996  
0.5233102168783027  0.46085521794279055  0.6395358296719043  0.5567874210185746  0.6694786135709868  
0.49028174165649646  0.6070418859833766  0.7141025725519707  0.8591099556789655  0.5558418847639545  
0.41213754664544405  0.3696227458503051  0.6456706112841458  0.5917829765118776  0.5272109059384393  
0.7185972968185534  0.6561563757000701  0.5758557562748191  0.4730384630917226  0.6872978995473922  
0.7166527894063721  0.577492427083289  0.8115452503786765  0.4912114984804849  0.8556596510452505  
0.6730168526137246  0.6822173754011172  0.7898665979570498  0.7234632336311605  0.682563904481215  
0.43743350893459493  0.3557479617965098  0.3851575589333652  0.16116375584831927  0.5176501480678409  
0.6437211738677132  0.6531872661145383  0.6380766273668649  0.6057315567543238  0.7391319124796119  
0.6799664234927523  0.6981572642936202  0.6917797745865234  0.8314723588509585  0.6210534531728347  
0.611989469796288  0.49355251985391213  0.7738585766510931  0.6406170948276205  0.6780120497001256  
0.5216562669705386  0.5858145211096395  0.4189356542541777  0.485219099057829  0.5228183406738428  
0.47421345951589494  0.6052820357805401  0.5445311574775709  0.5311894496530876  0.764105123048809  
0.5189514161093068  0.6826938547753878  0.4636676624483629  0.4340907580866008  0.5891104743827011  
0.8347119400080344  0.7778154227907621  0.46309195082634824  0.483776135039028  0.5721764884774045  
0.6283136052850075  0.6893636439599398  0.26062069859089526  0.35995676124805975  0.4647349239924395  
1.2218340001522807  0.42858573311298626  1.1040093946540157  0.6435620897796933  2.3413619436476573E-170  
1.0E-323  0.17231258076513412  8.659461028132009E-302  0.3836710255138785  1.1995540172234667  
3.6939647484750175E-110  0.32378798627777555  0.9930677138060864  3.3915081535693455E-50  1.2493333211770121  
0.6684392838341905  1.443671930170819E-223  1.4831205008898139E-46  1.1715026657863647  1.0E-323  
0.776113606847841  0.6505155348988829  8.788253173995347E-163  2.3542838360775928E-61  0.11894486321515071  
0.2534468564290524  0.3390483752473406  0.2560340324237593  0.2828204783986509  0.3467878874064542  
0.6550223857301696  0.5813800765045449  0.6178498740255159  0.6190872464204157  0.6038388161525944  
0.5369595011614618  0.30913401929526296  0.7235211197253008  0.45268842017215866  0.6459062376549586  
0.6205501400673333  0.7929121533379366  0.45115107248223735  0.4124959662033045  0.6376454521715064  
0.5557177470536913  0.46896402149794486  0.5535345672097353  0.44689028827387217  0.6980412615081567  
0.3435072318108645  0.3562861355692178  0.2334397845850123  0.19442743865437964  0.3952637432845056  
0.7499334568711029  0.6508335765863245  0.48536778109523276  0.3992128689789453  0.7137054327953714  
0.4466333604699835  0.39987551970491564  0.6055493058447401  0.5801702169227136  0.589613879344385  
0.4819533239460474  0.564697150891138  0.6035523117402272  0.5657212038584818  0.8070820188639114  
0.02290868850370881  0.7056078920310187  0.24662786444832385  1.0E-323  1.4238281618541414E-62  
0.0  1.385700550503342E-114  1.5E-323  0.8061655345323565  1.0E-323  
0.14490801942046802  8.997294603464755E-150  0.4290382278544758  0.0  0.9140842656899569  
0.25380218173642155  1.0298619837782628  0.4402926592430307  0.4105446384554032  4.9E-324  
0.11534786993692495  1.7404930878529328E-297  0.07300533055048221  0.0  0.0  
0.2891378199664405  5.440054848297079E-187  1.5E-323  1.5860608905846716E-81  0.4458372961315437  
0.6710765824518343  0.5404302506339774  0.9677495807248792  1.170415496799063  2.2220205439752914E-97  
0.2278030478851721  2.5872458670069084E-29  0.16261535669141297  1.816204037311068E-199  1.2303328360243326  
6.55902394641282E-57  1.8020681660025442E-86  1.1355430883524122  0.43997328332503494  1.1313799328269851  
1.8453363183423874E-164  0.7050564423131919  4.9E-324  0.5994568575845645  8.414813425690431E-246  
1.047991645566355  1.1585610994681523  3.166218493871946E-55  1.5253325938589661E-103  1.643451129464362E-72  
0.2657840640669092  8.1443617662266E-27  1.2541424020172116  1.9252706232395692E-156  0.7480975636675886  
0.7058129817437878  0.42662517242739145  0.29839276644114493  3.407720828031565E-70  0.8633419556150753  
1.0244008669855302  0.7775387695643218  1.6971814433184397E-8  4.8717619995736134E-58  0.8822836599817644  
0.8342423349882682  0.45793659717941276  4.840684723163839E-15  1.2012469502523035  0.4280131896510503  
0.4267714724502886  0.31933923163722727  0.33533133490077105  0.40714950507848957  0.31189579936293604  
0.676152517603631  0.5770482968372698  0.3650603300555908  0.3160430783283519  0.49988196872204693  
0.7404782121935587  0.7054723670610553  0.7457659158161164  0.7176340270041303  0.8984921073784141  
0.8253969613979673  0.8703029020815021  0.5729943336747948  0.5488525070950198  0.7872367525120182  
0.7104462893115512  0.6651941669424102  0.3790366553067152  0.2767189693141382  0.7061479052964333  
0.835498420175207  0.7319949577286704  0.5973055685975552  0.6358922498479489  0.6272745859714095  
0.5311468642762867  0.5451933760182436  0.7400592918199579  0.7128156563120495  0.564817567187721  
0.49427960748615124  0.43142845666543245  0.6138188643963751  0.4971420036678002  0.7451343358381942  
0.6290260386301378  0.5094867030579388  0.514099198375459  0.4808209406641711  0.4731580277347361  
0.5933372976828717  0.5315363251526442  0.5408483205494008  0.4752652343170528  0.6293925857021211  
0.8186375019265336  0.7178783473368092  0.6837241312974444  0.707214821590094  0.708903435300429  
0.7665119137721196  0.6695891499020843  0.8634517180455017  0.8319777055179586  0.839409353614818  
1.3636670090551894  1.9916035979870505E-217  0.15212465936994202  0.0712777193555377  1.969771466678117E-21  
0.44537522796656304  0.32744224334476335  1.2334877313941586  0.5396111506106519  1.0873465712124303E-75  
0.7887983806402898  0.953131855422171  2.9153314020164657E-13  0.3199930496058532  1.1243713404459785E-60  
0.9987035527181033  0.9441984001868604  1.7007225792351224E-7  0.3794247328200656  0.8434040300309483  
0.5530653569219947  0.6675336953013817  0.5309184312443296  0.3914915732790307  0.7615583965460639  
0.36198441088773936  0.48434929921792486  0.23583686546733398  0.19557884492255076  0.4870608518509188  
0.7233800578520916  0.577524999326505  0.6595260227091874  0.40325605470172515  0.7514928075875026  
0.5691479691490399  0.5620184664877047  0.5706798569851521  0.5475169201800173  0.5795994866775698  
0.6976068956477023  0.566090004824479  0.7488703448266327  0.4877882479398345  0.937078987069788  
0.6846199327377778  0.6804223882004328  0.4005902023615214  0.28290892468004303  0.6907224443406648  
0.8737495432884894  0.539535075944924  0.9481368772067266  0.861050142069826  1.0011364546995398  
0.8345820956115597  0.6770232704824095  0.5602580025535452  0.6106337051956493  0.5032552088728542  
0.3945439046636688  0.45204480696393395  0.6461529497178485  0.43555018815635455  0.7762455569444564  
0.6539976232966275  0.7259340629377964  0.7145469893107094  0.5777748259699418  0.9126839366093877  
0.41449659435978464  0.3841390588501006  0.5204624766965175  0.4407293215414296  0.6233453173077039  
0.5853989666012129  0.5145224126050048  0.23662128827324  0.32533955169710244  0.3198652679065429  
0.7762069373507837  0.7980574242202988  0.6020710324768869  0.7497798826628613  0.6483501585492715  
0.6545929039989872  0.5825714338338098  0.5229794898519586  0.6879421443001661  0.5245138848497172  
0.588226595852462  0.6546296368219754  0.7053193467113511  0.6350816880187442  0.800267846669953  
0.8827777200445246  0.915226827808805  4.576277086728029E-14  0.45465677517029557  0.7717355788837518  
0.19168975417935685  0.16048590624521686  1.247859434190212  0.45121926877594715  0.40765367736250907  
0.7041168778449861  0.6805763066030145  0.7649428535912521  0.7546703305682204  0.9189920464515297  
0.834429298161785  0.8902217325967537  1.5693587048223472E-13  0.5148846570860803  0.8670871652035678  
1.0526173561887475  0.8370152667455267  1.140001051839555E-8  0.6599473503098199  0.8879118872222191  
0.6264036279163437  0.5659051337568776  0.7192343228110811  0.5796612061257683  0.7513328961555236  
0.6405379145938752  0.5647491157215243  0.36732741509528605  0.35296714628773956  0.4952618873418529  
0.6527870205329042  0.6052909039200306  0.42704132494184543  0.6862732546913554  0.3506671537147556  
0.5770302801975981  0.5488395220192359  0.5985697490327017  0.40756748751047395  0.8017436404169918  
0.8072574222585468  0.6587898055310224  0.5523485188512764  0.6117454857016682  0.5265578418825196  
0.5573390652397724  0.6325357265072241  0.7012630750945466  0.7238690893223119  0.7102118900642734  
0.5945919769871902  0.640256799600794  0.5761653203499566  0.6291308027416506  0.7420865127029023  
0.7881701908000561  0.7061794551338486  0.7500750618167745  0.7165151172456611  0.9074033650288459  
0.42678610969904845  0.5375507403130313  0.5742501694468243  0.3188775306085923  0.7360549358792313  
0.8710384082491603  0.8469411884950745  0.6046692500850445  0.6297626891766148  0.7669709110000105  
0.2030548088253139  0.24286383075166476  0.3971342616891752  0.3617206561583332  0.3146596348909929  
0.8033420269147911  0.6928598773716621  0.7927112829551294  0.7235760362191037  0.6957949222857951  
0.468812186306679  0.2882033669329391  0.576314683788695  0.3362926993089892  0.5625548739821377  
0.6303938938940274  0.6563381712108657  0.46777319089553615  0.4407504281695729  0.5996282719838779  
0.7115847731726443  0.5676912935570497  0.4241637347780786  0.43274247295844437  0.5619149935085053  
