0.754423079535157  
7.566715652654237E-8  
0.754423079535157  
0.020902221395002408  
7.576831502420669E-8  
0.754423079535157  
0.754423079535157  
0.754423079535157  
0.754423079535157  
0.754423079535157  
0.754423079535157  
0.754423079535157  
0.754423079535157  
0.754423079535157  
0.754423079535157  
0.754423079535157  
0.754423079535157  
0.754423079535157  
0.754423079535157  
0.754423079535157  
0.754423079535157  
7.568542288281686E-8  
0.754423079535157  
7.561425607139639E-8  
7.570574523034544E-8  
0.6245470708401997  
0.754423079535157  
0.5006693623871326  
0.754423079535157  
0.754423079535157  
0.754423079535157  
0.754423079535157  
0.754423079535157  
0.754423079535157  
0.6640653639270745  
0.044463940717503404  
0.06849102167662702  
7.635366194970026E-8  
7.55820565615421E-8  
7.554955560137816E-8  
0.7353745843960103  
0.006631650918277264  
0.6757391730575508  
0.03495620639260295  
7.550797984529332E-8  
0.7081592010001485  
0.06951519040646284  
7.67613103364196E-8  
7.632688230856145E-8  
0.754423079535157  
0.754423079535157  
0.754423079535157  
0.754423079535157  
0.6062096330766223  
0.754423079535157  
0.754423079535157  
0.754423079535157  
0.44931301953441855  
0.754423079535157  
0.754423079535157  
0.754423079535157  
7.577157448696717E-8  
0.7209201329657974  
0.018804122365447387  
7.575325705140829E-8  
0.754423079535157  
0.754423079535157  
0.754423079535157  
0.754423079535157  
0.754423079535157  
0.754423079535157  
0.754423079535157  
0.754423079535157  
0.754423079535157  
0.754423079535157  
0.754423079535157  
0.754423079535157  
0.754423079535157  
0.754423079535157  
0.754423079535157  
0.7278856861270362  
0.027020825152399196  
0.7462084825713055  
0.009926750093165891  
7.589879921047758E-8  
0.754423079535157  
7.681601321109396E-8  
7.790676605749695E-8  
7.714276416239319E-8  
0.754423079535157  
7.709460854601362E-8  
7.753891349057933E-8  
7.88431983702839E-8  
7.71098921274308E-8  
0.754423079535157  
0.754423079535157  
0.754423079535157  
0.754423079535157  
0.754423079535157  
0.754423079535157  
0.4240038509386942  
0.3719400777693803  
0.32953771666510656  
0.3155403604356546  
0.08946063449935121  
0.754423079535157  
0.754423079535157  
0.754423079535157  
0.754423079535157  
0.7189258571813771  
0.754423079535157  
0.754423079535157  
0.754423079535157  
0.754423079535157  
0.754423079535157  
0.754423079535157  
0.754423079535157  
0.754423079535157  
0.754423079535157  
0.754423079535157  
0.4148581282485816  
0.3045661931734375  
0.32120878778169787  
0.20541539568981299  
0.10124799429449924  
0.754423079535157  
0.754423079535157  
0.754423079535157  
0.754423079535157  
0.754423079535157  
0.754423079535157  
0.754423079535157  
0.754423079535157  
0.754423079535157  
0.33741370728850967  
0.0841070126345972  
0.09471074093304103  
0.18863466361049663  
0.1340784813869469  
7.56422730275311E-8  
0.20525941590600566  
0.48158524933976926  
0.4241569559066043  
0.29883796950209884  
0.04457622289912599  
0.5640331848027194  
0.280739692906341  
1.6385717108135194E-6  
0.4073871691271373  
0.754423079535157  
0.754423079535157  
0.754423079535157  
0.754423079535157  
0.754423079535157  
0.754423079535157  
0.754423079535157  
0.754423079535157  
0.754423079535157  
0.754423079535157  
0.754423079535157  
0.3826029105072405  
0.4171054834280116  
0.3360363514899767  
0.40624946762040537  
0.1316912288057507  
0.754423079535157  
0.754423079535157  
0.754423079535157  
0.754423079535157  
0.754423079535157  
0.754423079535157  
0.754423079535157  
0.754423079535157  
0.754423079535157  
0.754423079535157  
0.754423079535157  
0.754423079535157  
0.754423079535157  
0.754423079535157  
0.754423079535157  
0.47260364752503936  
0.24220589414857985  
0.754423079535157  
0.18843643865554638  
0.754423079535157  
0.754423079535157  
0.4556884479618686  
0.0024300812785710384  
0.0019073688452145023  
0.754423079535157  
0.18843643890712308  
0.754423079535157  
0.08212387660434728  
0.15982589410889622  
0.754423079535157  
0.754423079535157  
0.754423079535157  
0.754423079535157  
0.754423079535157  
0.754423079535157  
0.4675522247483008  
0.26206930525684485  
0.4265980380565596  
0.20148517615320732  
0.10938890744723784  
0.754423079535157  
0.754423079535157  
0.754423079535157  
0.754423079535157  
0.754423079535157  
0.754423079535157  
0.754423079535157  
0.754423079535157  
0.754423079535157  
0.754423079535157  
0.754423079535157  
0.754423079535157  
0.754423079535157  
0.754423079535157  
0.754423079535157  
0.5511057316721402  
0.1972725565327411  
0.2854125313258416  
0.29971810556346473  
0.16644991672130957  
0.754423079535157  
0.754423079535157  
0.754423079535157  
0.754423079535157  
0.754423079535157  
0.754423079535157  
0.754423079535157  
0.754423079535157  
0.754423079535157  
0.09813742770911182  
0.12675805224282158  
0.20302094409838564  
0.27898648368165235  
7.591498635225074E-8  
0.06339187381167466  
0.39746383616564235  
0.32859287451969205  
0.5386958126072905  
0.07964149507295662  
0.22933875571154397  
0.4571969695294528  
0.18843641426750682  
0.18843643865913537  
0.18843643889045905  
0.754423079535157  
0.754423079535157  
0.754423079535157  
0.754423079535157  
0.754423079535157  
0.754423079535157  
0.754423079535157  
0.754423079535157  
0.754423079535157  
0.754423079535157  
0.754423079535157  
0.45805370553140934  
0.23547803961667846  
0.460680225690367  
0.0053791420796611205  
0.4651110033591838  
0.754423079535157  
0.754423079535157  
0.754423079535157  
0.754423079535157  
0.754423079535157  
0.754423079535157  
0.3131122484123955  
0.754423079535157  
0.754423079535157  
0.754423079535157  
0.754423079535157  
0.754423079535157  
0.754423079535157  
0.754423079535157  
0.754423079535157  
0.18843643684810113  
0.754423079535157  
0.754423079535157  
0.18843557230900176  
0.1884364241314133  
0.754423079535157  
0.754423079535157  
0.754423079535157  
0.754423079535157  
0.754423079535157  
0.754423079535157  
0.754423079535157  
0.754423079535157  
0.754423079535157  
0.754423079535157  
0.754423079535157  
0.754423079535157  
0.754423079535157  
0.6177448332364812  
0.754423079535157  
