0.913274224245963  0.8342435154805109  
0.03139482448716391  0.0  
0.922020391653281  0.8198936294084086  
2.0450507490366243E-282  8.72369456620778E-6  
1.462691195321599E-7  1.645075768824964E-151  
0.48160500942712153  0.6514423468918269  
0.827712384887704  0.8102454629404336  
0.283274890641254  0.4742832564419702  
0.8574744888074463  0.7638183364074498  
0.8377179516678287  0.43323342054822583  
0.3387537111382408  0.622655254189883  
0.8722311002428329  0.5397329761400338  
0.8179056041084602  0.818048049534099  
0.6375601065426632  0.4526673464466298  
0.8683055672303969  0.45275859233788246  
0.8724746119404545  0.6473856712713427  
0.7201631328194174  0.32057203570141457  
0.4187592346070401  0.4218513464356686  
0.4781231829286211  0.5468808386229195  
0.8727384626795721  0.6334070067290604  
0.8638447431312368  0.8405898227769384  
0.05512422497501158  0.0  
0.9378708073866783  0.8099565333089259  
6.623981991336543E-5  2.465248070047174E-5  
4.64978427105611E-5  4.857943331526779E-181  
0.8746501915800636  0.5977658210077831  
0.8301624220498365  0.6879229230002917  
0.47757135343955665  0.2931141224075699  
0.6538526634003551  0.27120282765016795  
0.7862534123284872  0.827874758058161  
0.8731049573323449  0.6315837724241615  
0.8039643411572865  0.82398112206732  
0.372184777933354  0.17580092662736624  
0.3601594523347032  0.5859815197945645  
0.8385256362297693  0.6891782252232244  
0.015438498439574332  0.07901490592417384  
0.0793114381229737  0.10780446457661681  
9.384221691350966E-8  8.278424623612474E-8  
9.366758559997176E-8  8.323386342014839E-8  
1.209321242514293E-5  1.2460580869524757E-6  
0.919596105319954  0.8084046858297864  
0.0060141494322114636  0.020860065957128245  
0.8189949711972244  0.8002493326456492  
0.12476873396412769  1.2013326760327275E-4  
3.2673099108287115E-240  9.418138799562183E-7  
0.9240519658757502  0.8218123485795652  
0.026244504469067304  2.038470190222263E-217  
1.1010244998963918E-138  0.002283944460730112  
9.220615348535257E-5  3.355623862463203E-5  
0.43542312373400427  0.2555415730444373  
0.7838626723795319  0.8287044102447892  
0.8206398971639727  0.8164126114423733  
0.5420994815800217  0.8436832084912789  
0.8130052627119597  0.8149998487924318  
0.7194590145094916  0.7748623610181155  
0.463044831077679  0.8327318032817482  
0.17082529758689807  0.38589257744437083  
0.8621550670143685  0.5604106031852125  
0.4828330927180261  0.8076831072387379  
0.36075558117822426  0.3556862789700443  
0.8717549977990489  0.8496686830757825  
0.051000137978235965  0.0  
0.8954766115548475  0.7417417951909158  
3.438045643238837E-126  0.10696867984208452  
1.3241114816496016E-7  6.682159104021661E-8  
0.2980068749803324  0.5446181420644228  
0.8510225466953498  0.7797614485480243  
0.8712931731679144  0.6732839333441618  
0.4975867636666074  0.7075421665822313  
0.4039622289093326  0.754915818160924  
0.7209490550696471  0.8374401931959783  
0.640340656268313  0.25519622241195605  
0.8543514794451519  0.7721420348119615  
0.8549000321118078  0.7662932578996896  
0.7542834469929507  0.623501221912049  
0.8486791067551512  0.7832477102261874  
0.40755874261501884  0.24194668519440385  
0.8508116881087774  0.7806641871429262  
0.8706222207393228  0.49740635237369246  
0.8579944285868651  0.3807070137563801  
0.9372698316199332  0.7517776715839295  
0.011169978867058864  0.01607755641479164  
0.880569889270764  0.8283376542774542  
2.6836803985421396E-147  0.0318982188402575  
1.2961129725711656E-133  6.979085530636105E-7  
0.9206956306016033  0.8311523322531826  
0.002500536135451321  2.1583765859519763E-267  
0.06672125714554471  2.0E-323  
0.0011923168276455581  9.24406618731121E-272  
0.8764899356879451  0.8164135341653066  
0.0020440614563975324  3.890999084187727E-7  
0.03936292470743911  1.3703041612007637E-62  
6.131432596729393E-22  0.04161445302845567  
0.03663633831665977  2.17337386953674E-71  
0.8689830857820676  0.6966606849255415  
0.14847258049568338  0.39318514299339796  
0.7893969066056415  0.8261292981388426  
0.7752640638643283  0.8274292271966064  
0.8493160585241011  0.7807647468314286  
0.6600826718832474  0.3491265166092785  
0.06502148634064406  0.7422176104187128  
0.6634792843350126  0.07199535981329572  
2.660516606415187E-182  0.7644595307830365  
0.5119653100552432  4.022746859540722E-180  
0.26238824894172436  1.344972566515414E-125  
0.6343128452026332  0.8423422909579028  
0.8314544821241877  0.7941718455228173  
0.8731395412782188  0.5075943898957679  
0.813734092711782  0.8203685482070963  
0.4342226483066423  0.26810575736536785  
0.17577143553472283  0.45953916049613197  
0.795131028746994  0.82602192291327  
0.5440411575509514  0.4075351367539507  
0.8638186827482954  0.7327020943487816  
0.7852706022446762  0.8280292810664152  
0.8511341186915742  0.7792296283177707  
0.8707752320987521  0.6802197815103811  
0.8041007898760693  0.8222067970296728  
0.7928177067323071  0.8266837639285152  
0.5970014143296539  0.5323571995011086  
0.3821947213189473  0.8670254973220617  
0.6397595308939048  4.288406991762958E-20  
0.1191171353220904  0.9018959226065568  
0.5296289138050289  0.12441134976702896  
0.3530895228440115  0.0  
0.7970590716567655  0.3817684395118578  
0.6693076850201312  0.6533960253491017  
0.8548474887646863  0.7720445146133597  
0.17190015157374564  0.2737710991042198  
0.34579871952462893  0.8178827975240129  
0.8597989412712651  0.4035052630548274  
0.8728467995916995  0.6402862224370652  
0.8026583664794266  0.8243664052733832  
0.271183735521561  0.1735037293402179  
0.33333169875819285  0.4004777018697726  
0.11649856801801528  0.08493910993365658  
0.0  0.11270885638869924  
0.34579825257131624  0.07523611393412072  
0.2586452716729935  0.009352320206715815  
3.767277482715476E-7  1.710256119175903E-7  
0.003950599609925543  0.8043722430041396  
0.9092386744735695  0.013524051838352487  
0.09827092559960034  0.9305276877266903  
0.605170973544735  1.3675272688265631E-123  
0.16080779696923997  0.038203943832380474  
0.17123695006232226  0.8798934426978792  
0.31093519316372487  1.186776822362292E-58  
0.2593187163881335  0.005744104704595073  
0.9260809813382078  0.009124474824324977  
0.8223498779020586  0.8153984747734951  
0.8034802771238714  0.8240577199060235  
0.3600636305648589  0.8307086162197315  
0.5028840820475485  0.7588543565779904  
0.47534104906907704  0.21744179392053908  
0.8023019997550375  0.8243454234127026  
0.8119972068383594  0.8211679080513238  
0.7909596198693682  0.8266291803046878  
0.4374000521436949  0.8466313271725845  
0.4924610948552187  0.8444120428123134  
0.870862724431387  0.6714707987948689  
8.913588959097917E-35  0.7537009208085715  
0.9938790777846345  0.003699697039668656  
7.401282411177738E-215  0.5858683777933802  
0.650728368252411  0.3951163900592455  
0.4366190746718328  3.00885463629048E-41  
0.41183888690196724  0.6550734050039685  
0.8216547460457757  0.805783918160169  
0.8283294827215761  0.5876463973302917  
0.6625256389682439  0.29793979861552544  
0.5878755255189535  0.6864896614125839  
0.7145629736660871  0.8379051187969598  
0.818940900621508  0.8154499479470946  
0.8416372500364568  0.7903536173067613  
0.7371896665402583  0.8362314340356076  
0.8403533647938647  0.7923769506303047  
0.7617998418239117  0.5775995465547115  
0.7686790688979358  0.368400892542677  
0.8189651746871163  0.8171337317235776  
0.8657753650228416  0.7244300443054509  
0.5602934634680654  0.4426688270308897  
0.6128058333654108  0.5934965558460559  
0.07825497194884348  0.3868976683165408  
0.7241433763606281  0.28703823476149704  
0.9211728150598406  0.15247169704956143  
0.7472188091359548  0.13270542794854318  
0.9059680359427696  0.6542902937327829  
0.8071701848056221  0.8274480974375547  
0.7097026463138101  0.09613887716383628  
0.20542984063903158  5.976803403373285E-39  
0.8129863271118335  0.8355520015157477  
0.6844117766411537  0.8407115635265349  
0.9176430252186093  0.12606486058681302  
0.6358253015130121  0.1135716922754679  
0.5034548001104203  0.03796194469309142  
0.7665185449151548  0.35021156668759434  
0.8374414754159909  0.8003404288028754  
0.6981145526124555  0.5926485666374824  
0.8644319828044142  0.7297973871076326  
0.36135718922507243  0.18819474381189136  
0.8275531635021773  0.8106614301524939  
0.4473526273057499  0.7204625871830195  
0.42822746210485346  0.15646224842466422  
0.3880321371210835  0.6959565129198936  
0.28040681809874013  0.11080251326865447  
0.26661889104721403  0.028542771143374803  
0.8574438426837471  0.7631423264145255  
0.22701821738849093  0.48164648974153634  
0.8100299229750905  0.8215337051747859  
0.7695463581729364  0.8205300295876354  
0.8734992421362803  0.45210508704405417  
0.5513033735090718  0.45743908724210697  
0.8636287781848418  0.7321742418339563  
0.26295644173184624  0.48199375099720576  
0.5838401447680511  0.8442099080208627  
0.826799539226271  0.8111031684845879  
0.606387819507288  0.7535369098400547  
0.8752066998937841  0.5864116354744324  
0.8169074995056516  0.8186119658732401  
0.8727099273853116  0.6557193399257647  
0.4690342635387967  0.374640228221055  
0.3053540385425129  0.9411775435889435  
0.39132756931544765  2.0079496429938754E-197  
0.06425790067188555  0.8683075165995771  
0.3479553197553613  0.09521594242902999  
0.5096738209935726  0.015919105860893297  
0.7964633106129195  0.8252942810280044  
0.2697290659905532  0.5561531209958217  
0.8445078513718189  0.783071371408763  
0.8698644244535662  0.30896292994676583  
0.845216643066952  0.7900167937872539  
0.8697041151931044  0.37421767429781694  
0.7406784675727722  0.8358291269962844  
0.7504609637906364  0.8345482655486375  
0.8716795674302616  0.4997525662138562  
4.9E-324  0.3630466633126117  
0.19643522676622677  0.13563474148320492  
0.37820177002684985  0.004818152514054763  
0.23501442959715274  0.49248590726096775  
0.03763724904695488  0.03437448583914646  
0.11923440599322734  0.020150279700520406  
0.6095529794484262  0.8962102837353443  
0.4748846083225054  0.10967234274167824  
0.5042343801299521  0.7685981224884859  
0.3752490857458865  1.3927610284507636E-33  
0.3407120383544376  0.06715775408758813  
0.5206640267641865  0.7774022518909011  
0.6934920138639569  0.07969108127202924  
0.6471939595529765  0.055707172919567435  
0.8934743429233807  0.7616778581579564  
0.6548549139822607  0.8419416210900755  
0.34525711675943066  0.6682788495258887  
0.6824077191661757  0.8403268064882815  
0.6396202529836591  0.2859484207952824  
0.7609097098936246  0.8331351612362426  
0.8501744482626091  0.3212620169188414  
0.6490809957680188  0.6947731885478027  
0.5768729896853516  0.5514981095937224  
0.5908119727850946  0.20925177558476213  
0.09139704204265796  0.0621221883392132  
0.7993882128104465  0.45855816627084844  
0.2769837403335013  0.7786464329699109  
0.8977588961670662  0.08173021890230811  
0.183648985666472  0.7999640008003757  
0.4622472019581501  0.5762184773488107  
0.9566026839318972  0.19120266829152527  
0.5466356601774908  0.8454548350678291  
0.3749830505254802  0.12047301456698371  
0.2558251549268522  0.35216648768482184  
0.7866645663140146  0.8278147806665503  
0.7388667656939928  0.5537659729841035  
0.7637399770490805  0.8039562124144203  
0.8138140414989433  0.8199161244129934  
0.823938054206694  0.8124959221608302  
0.8149915722415372  0.8195488022476798  
0.8710885484353738  0.6748779412047567  
0.8462298475519292  0.7881001444353855  
0.34847955754058313  0.46509716969148546  
0.6678772891274238  0.8405390340385397  
0.8685038725070069  0.4348112031753089  
0.5891364753007954  0.30043463912119606  
0.8204306081926764  0.8160601541652354  
0.6340112208475439  0.8478412990303565  
0.1776807734440361  0.7987540047023238  
0.9270684628763217  0.1800353720181188  
0.6079402818099182  0.031723193872357044  
0.6533841964896403  0.4296682597180296  
0.8487352979100214  0.7840432343744795  
0.8562458539154162  0.4441350239998127  
0.6892121457073473  0.2812786217830352  
0.7561634083713595  0.5125975069762305  
0.7789052717674892  0.8296819685503034  
0.8651731404404921  0.6862208104465198  
0.811098547606926  0.4253447548382916  
0.5768419567939169  0.8433471477125002  
0.5280126093922635  0.631595552979415  
0.8619375117665593  0.39997135745605034  
0.08976376764032531  0.21095111757539944  
0.8441642029975992  0.7847942760804278  
0.2945842779195344  0.30750045795953246  
0.33655775505664226  0.23726680858682578  
