0.7567562597429075  1.11093472654088  1.033510879197099  1.0152150892476606  
0.19539694919809292  2.5E-323  0.0  3.5E-323  
0.8950741732266383  0.9167225292514429  1.039409775783726  1.0435930497917651  
2.0E-323  0.22539250705474526  0.0  0.0  
2.3161857155549052E-7  0.0  0.0  0.0  
0.9253077018546831  0.4591767663518729  0.8708338586819243  0.6546652706569218  
0.5423102127154678  0.4561190156141439  0.6723302758647416  0.8107003097517576  
0.7892959243721241  0.31435507566806925  0.8602592732830773  0.7616455635041279  
0.5350809461199861  0.0762160384797571  0.5965838355287238  0.3771407325615056  
0.13067679040313898  0.03392879608321381  0.1591773489871299  0.2084506088949259  
0.6939849984100512  0.35991355592290397  0.7990814080121666  0.7044485635748952  
0.9237517657031517  0.49557951018379803  0.8686669849685533  0.8690955757278234  
0.7673039919803292  0.4246669913180158  0.7439079865552903  0.6388853780119107  
0.7067165419925451  0.21333959678522066  0.934326034124648  0.8760101280264264  
0.8407922954927927  0.7025244338815373  0.9674340070848803  0.890105060166265  
0.8403747591109623  0.4091292180809007  0.5703357511644088  0.41047521025951983  
0.7816083858720264  0.45253963547991993  0.7092159457991895  0.7439633322943511  
0.5475746639086425  0.4435482359135358  0.5415119811237114  0.44349206139814545  
0.5054017795675549  0.5043541526504115  0.4543277755071108  0.5295442242971464  
0.8666243413721244  0.36219710505186986  0.7423155675578157  0.7077700391928664  
0.7015101438812013  1.1234758847386392  1.0519381255057398  1.0271854051555862  
0.17977499431629568  0.0  0.0  0.0  
0.9044891646974978  1.0742165315926406  1.0170475529700878  1.004464915161448  
0.0  1.8513909323329733E-7  1.4340663756165065E-7  0.0  
1.4786206593006272E-7  0.0  1.4462877806134703E-7  0.0  
0.646820923072841  0.09417451363477504  0.6444781690714604  0.5879242890677019  
0.9429658071461373  0.5561297218389682  0.7201689247211805  0.6001320150118995  
0.9216670659100501  0.3868884049419014  0.8592378901941875  0.7519183869291541  
0.7672771273154476  0.1413669405511569  0.7896158461153293  0.6508910911180171  
0.9463399971830762  0.5834989435876666  0.8124897613438522  0.8082485949880954  
0.6691345648683056  0.21632268399316248  0.6244505004118244  0.657538833697975  
0.5074591444122749  0.0826530687289116  0.4155317030958914  0.34574566520193944  
0.8144447564665932  0.09851092713112053  0.8260206388109322  0.5741464028422923  
0.8729088389375105  0.29126205357470897  0.8953608337917456  0.7420764351036612  
0.9098253092038919  1.1688413310562085  0.8843638571781534  0.6659028591246492  
0.0  1.7951525788431516E-7  1.3938793132894206E-7  0.0  
0.0  0.0  0.19488174626681776  0.3473032407146001  
1.6777536764395318E-7  1.4970103138152352E-7  0.0  0.0  
0.0  1.3852320231783352E-7  1.1225571732406189E-7  1.098154538178539E-7  
0.0  1.70183534227287E-7  1.339899529551494E-7  0.0  
0.9127405857168811  1.112091793406557  0.9916512621612181  0.8619427288611747  
5.976542552188794E-286  0.0  0.03503962167007625  0.07512871557363086  
0.8003200948765916  1.051976863476069  0.9700587383989013  0.855047493441369  
0.1294462636236464  0.0  1.6374477319174008E-226  0.2515157616454929  
1.065481414741347E-7  1.349142257410573E-7  1.1539459495501541E-7  0.0  
0.8934307132266355  0.6568726916079921  1.07648647927199  1.0555836918835053  
4.9E-324  0.85539954068998  0.0  0.0  
0.0  2.0372130917678214E-7  1.2027630719829122E-7  1.0856331954863863E-7  
0.0  4.4862324731136866E-85  4.578817240705599E-5  2.9341382904535385E-6  
0.451196800773751  0.22464162392542986  0.283256256113349  0.2078111102564132  
0.6564397072620699  0.37796023677907176  0.6708629261445656  0.5802611525147842  
0.9384304118998951  0.4600814562565924  0.7577821274492023  0.5389448242128897  
0.8518180012638961  0.3662032889058522  0.9221152089265086  0.7921080468936935  
0.8465872131612381  0.6341326733319887  0.9569154623831804  0.8824872199381806  
0.7152641786526618  0.5111824687254656  0.6143509204845441  0.6348959523388236  
0.6389780764758548  0.4711799459308736  0.6120188714464142  0.5547906607883187  
0.8169793373733023  0.3283086798938876  0.667009809333213  0.6461359916446143  
0.8324098623627445  0.42887781229037286  0.6071868968002442  0.5773188667844853  
0.8211515893474342  0.1946019569719489  0.7364087196124226  0.5681367457031912  
0.5804258251315727  0.2971715409797837  0.7644156942585493  0.6400851761270373  
0.698253490469369  1.1245310801121884  1.0539638276080439  1.0270776836466877  
0.2680691173484641  0.0  0.0  0.0  
0.7609477117201568  1.0865193148611185  1.0231152993830501  0.9635511669862654  
0.07035010369873823  0.0  0.0  0.0  
1.7574439363062245E-7  0.0  1.1855063448848829E-7  0.0  
0.7922664850212304  0.4276788071518151  0.8111944240360713  0.7893654990515202  
0.8464747161189542  0.2530978959604574  0.9029725537457632  0.861522715585974  
0.48251262319760596  0.3244107128243166  0.6663574947611774  0.6656264503256342  
0.34384773330022217  0.13834368771342806  0.46646320369003974  0.5587914810909874  
0.8158594600335897  0.7346468942366947  0.9784380987934663  0.8932920877676032  
0.8431850545112257  0.7592225776975219  0.9691895184275551  0.8888188322255605  
0.6660491886798635  0.19815775675391903  0.550735814896859  0.4371786983415106  
0.7450748566683777  0.21953430287597103  0.9735669206742815  0.8673956025056828  
0.5749731524555873  0.2886746554458668  0.5808172263650497  0.4509708264998449  
0.5142149055982614  0.3975458018438517  0.5241370421865084  0.4408305845523531  
0.7775521262722076  0.05985519499831015  0.764571208674384  0.5266886729225128  
0.535634027213363  0.22219812809049705  0.6589843721603601  0.5431059027731474  
0.5298056604539569  0.22043604098562375  0.6951005576610573  0.767983688820286  
0.2574179054652265  0.0872696666762182  0.38788208352421155  0.47248906302426985  
0.3280514617949536  0.15032578680405181  0.48207219188658096  0.43859609020834184  
0.818395170849732  1.010781760625989  0.9481010367953472  1.0423423409457044  
0.0  4.9E-323  0.11173650034636838  0.0  
0.5739988530569877  1.1514093274015953  1.0414800957119466  1.0111743163836546  
3.375507752463174E-7  0.0  2.1615160139292498E-7  0.0  
1.2537217497374719E-7  0.0  1.5980091116891765E-7  0.0  
0.9133636705679071  1.031995232927446  1.0389635960990384  0.9308991010687272  
2.2604638170916203E-5  2.7453755228692343E-4  6.51E-321  5.753695546609831E-4  
4.411626770500625E-174  4.11469457711397E-247  1.5E-323  0.3895407516644554  
3.081427358766098E-5  6.263991832428576E-5  6.860132777394542E-280  4.334281900472068E-4  
0.19387771116451935  1.1500587194095482  0.9515139054535433  1.0850131538442618  
0.6783096337414481  1.5E-323  0.007682521197886792  1.0E-323  
0.7017575595775933  4.9E-324  0.008316588537260134  2.583482866418378E-289  
0.4697442692898767  8.818845604779232E-242  0.010072547939864743  1.5E-323  
0.61570873166415  1.5E-323  1.442077475146403E-4  1.0E-323  
0.9467959252288435  0.5468430175315353  0.6855329533496619  0.5524836203475697  
0.6032426321917466  0.3310206331027783  0.7035681270474546  0.8009826677177712  
0.7312083410317409  0.31416361199378756  0.7589857699059149  0.8068073199783357  
0.610119005807366  0.10605984933235844  0.6530159009101605  0.6071374351199629  
0.9140671831432905  0.4771030529272058  0.8786424109390987  0.8201839733471784  
0.8352433223566507  0.6844195518571683  0.9705617489707858  0.8885320724977671  
1.0E-323  0.6491251436330717  0.9477157214013668  0.17289448279604658  
0.7722423837748724  0.5454693888343228  1.5E-323  1.1876245448749378  
0.4972798559363475  0.07253943625797583  0.9729162182605164  0.21449547944807165  
2.0E-323  0.7035455062686686  0.0674772904557479  0.7767565930417072  
0.44852642858661346  0.17695262538493026  0.0  0.16671640431342832  
0.7736598959315313  0.14173229334860513  0.9535445639497536  0.8512840563213984  
0.3697318537469268  0.17531911386496296  0.509767515539084  0.5974635432083943  
0.5841060386975713  0.05187979457004402  0.5899442234245107  0.48999599956417184  
0.7675554648897378  0.33442316249497284  0.9732529978361899  0.8794738118961583  
0.5753431873661186  0.12253991027344426  0.5662157961649325  0.4597063698572263  
0.6063259007712808  0.11635618035718212  0.5345599932282288  0.45028213136382694  
0.8902701574279653  0.5762997464861886  0.8794173803902077  0.8871650707805941  
0.8507052681123565  0.567567859975489  0.9453017375349577  0.8854736219266269  
0.7814418670394577  0.457456910363556  0.9066900891878407  0.7801845387204313  
0.8473023269985558  0.22660281030244298  0.906721307648632  0.8049717241723707  
0.13518530539077714  0.0751755850313809  0.17587177132958964  0.14384400621284638  
0.52771666699992  0.19422940974988348  0.47955093046605307  0.5506335565431097  
0.888292776059361  0.4325301497454859  0.7503557402640925  0.8110159124074836  
0.19170937722186154  0.183367281996279  0.18951621303717345  0.17886219562769634  
0.547974014452925  0.061618672915125385  0.43665488372945893  0.2596865246049963  
0.04614703541983109  0.83247202184521  1.1234215587652414  0.06355043878792302  
0.7698814277089927  0.33859634042374254  7.917757229421094E-10  0.90940158190145  
0.12352846946011976  0.2174756418248591  1.3161169140329434  4.9E-324  
1.0E-323  0.9995559964808315  3.1357102515993746E-4  1.365869045157205  
0.7621014280233633  4.9E-324  0.0  0.5527138812323434  
0.6454169949054714  0.47508327567840314  0.7116425249392752  0.5844862206453084  
0.6561518128329952  0.5194189383013028  0.7872052597136046  0.7873316535153911  
0.4441797360387062  0.10307930317783179  0.5832971342102683  0.40336133271790753  
0.4112145495771748  0.1882591835588472  0.4909413576856102  0.4090410525495588  
0.900457292096017  0.5440997029782247  0.9019119748778106  0.792146428947928  
0.45677984489369866  0.272532504076566  0.44790911914942644  0.48475443974365856  
0.8329917343617609  0.5691109247680619  0.9604094286583922  0.8881825872496247  
0.3515248244253993  0.13487193897174113  0.46244064914023214  0.5603210094116189  
0.7240095209059089  0.14822939305962798  0.6661016942692981  0.6084676244216691  
0.6100369371876782  0.6507635034722045  0.10019069234077582  0.39315496475545697  
0.05961566652812018  2.5E-323  0.5525437724193156  1.0E-323  
1.75796190556821E-37  0.0  0.18342349843334793  0.0  
0.10522656063198442  0.5681177931631071  0.12179571449110975  0.10834935779880807  
0.0  0.0  0.0  0.4445121107234076  
0.0  1.427415440833449E-7  1.2049037495925944E-7  1.0847594729394225E-7  
4.9E-324  0.5259449770345211  0.7854772479427056  2.7037334681325533E-308  
1.22122309221354  0.45394407809306203  1.0012864875552808E-87  1.0567698049880032  
4.9E-324  4.9E-324  1.0232980259029196  0.5455096753498392  
0.3704106674433692  1.0146874792076412  1.2476556428064082E-85  0.3261818948058651  
0.19284502851423146  0.2716306238010236  0.0  0.1121538318822452  
4.2232873560858195E-8  0.6009411930445762  1.1970399955045143  1.0E-323  
0.5343540438664419  1.2135113678630673  1.0E-323  1.5E-323  
1.033E-321  1.583782283095379E-133  1.568712748936391E-5  0.006435263116430015  
0.03268479327736529  3.2085675816008092E-28  0.06252630203736625  1.3841018338475894  
0.8331797456026437  0.3712616255520934  0.860926691410283  0.6996039750810918  
0.5735960934440437  0.3893001228975981  0.5071494370074754  0.5521646122038517  
0.4277787667854807  0.11755233294115795  0.5946280655440183  0.5094517459679736  
0.42194643181248054  0.2085175800857415  0.3392477352160401  0.31426104980153674  
0.33547288404216263  0.10921679009195555  0.3537202631165134  0.3379328036612891  
0.3651124898987606  0.07988783309591346  0.616716872493001  0.4305768757027647  
0.31200205410822524  0.11076387100012977  0.5862800338077443  0.6463011756733716  
0.7378991857896459  0.4402569186448491  0.6076675555824039  0.6142893805623549  
0.540041279598566  0.18746506219981207  0.5198402989156559  0.6414755473378879  
0.8643852181839644  0.37926169287764366  0.8805158365021869  0.6145635976097447  
0.8984489778698788  0.39128183652052884  0.7900349211301431  0.5807256743515639  
0.3832287986993821  0.25126651121575916  1.1138147905438296  4.9E-324  
0.702262831009001  1.1674992402402913  4.633078118810871E-33  1.0652699341306169  
0.7753592644274918  3.358723353239767E-103  1.1287653633375527  0.053832597915214886  
0.4288395012268657  0.8908187543323262  5.931430935853457E-122  1.2606452317254058  
0.37699590402878924  0.022138832824079427  7.86883275E-316  6.50440137422481E-185  
0.6228405241846218  0.24356419548822708  0.6662949219989756  0.5334746904526411  
0.5934347051146008  0.386500989702917  0.7666559021324565  0.6995720214730943  
0.6745174923096603  0.09349420221308011  0.7546272249013585  0.6353030291249548  
0.4489807644945249  0.30811259649192013  0.42783168216191847  0.5285058206163226  
0.18181546536608129  0.10999640851575866  0.26977207025168076  0.3151157149384819  
0.862899291944611  0.49462013019708845  0.6629315187158856  0.5506347505100014  
0.93463506227386  0.5990742101198206  0.865525409843513  0.8849282607788393  
0.5584965132111276  0.050840533393562815  0.7387987168228045  0.5597343070018014  
0.8071015731184185  0.401737656926022  0.9613706144571321  0.8823409681359604  
0.6586816408480952  0.10454038888929214  0.4930227326870792  0.3227338534337518  
0.8377692069046571  0.5356515823565102  0.5964438774414329  0.5052481761067956  
0.7474331975772133  0.5651147046184157  0.9669432382885428  0.9049136372636505  
0.9161959617520734  0.5574158906912609  0.8846901211781596  0.8675099797784276  
0.7391656023452128  0.44568164794925785  0.6299460277468079  0.4838108618649429  
0.816892528772688  0.19216533361022367  0.9268989343425318  0.8472241791913102  
1.0646144080128206  1.0154672071064483  0.399549611080967  9.41337350606476E-31  
1.0E-323  1.5E-323  0.754401167224758  1.1446976338098458  
0.21766953986663287  0.32618995064843426  1.1299794235770668  0.6879881361875292  
0.9681178587255056  0.2256921115390835  3.7857801088498904E-14  0.8029743039305147  
0.768618971032506  0.0649380350375447  0.009559806266588734  0.7499516467231329  
0.4035496076563499  1.2041583193509713  1.493317291742636E-98  0.7546849197463039  
0.5063235332975258  4.759066007646949E-64  0.4023055191332801  0.40697876781562775  
0.41765470499190593  9.983948996443685E-5  3.616753177947116E-153  0.5034045247043715  
0.6717027710408617  1.4906913776379993E-4  3.744634384557343E-158  0.7827373067617022  
0.4521781782618192  0.26495747714075646  0.5833404405409265  0.7138280063093149  
0.4926160754995152  7.425154153804555E-4  0.016535930418491124  0.3424398788073604  
0.8319287423898245  0.41587850824667427  0.7305800525605776  0.7594171335900801  
0.5574415598647712  0.027479719787825884  0.013284325014364488  0.35307617036891586  
0.9711584571420762  0.3205528890723136  4.947039425850771E-19  0.8034735587833975  
0.4396678244747506  0.15244449320249695  0.6962970946850054  0.5746996713704596  
0.46130674670766614  0.25784705203020314  0.6771709473541019  0.6171830283344779  
0.7673154614434744  0.28115631526447066  0.7271301451690364  0.7229451237356153  
0.6380202062218668  0.32364261812794276  0.5417551119198752  0.5836084121452887  
0.6452928631305295  0.2634209300692464  0.6368300811024766  0.4922625402373373  
0.7364385873569409  0.1702950262363329  0.5690035891619896  0.571060710335574  
0.673629914776494  0.4898627463354865  0.8041083913093243  0.5880242024551103  
0.2527623185215275  0.6610418010170702  0.12885663611897116  0.3674974885923499  
0.19280151031480117  0.29093696054397655  0.917189176851788  0.73146923908238  
0.47348870762094897  0.3410626755563352  0.12303113931323102  0.12837368070938443  
0.09282002803618111  0.16204200435021696  0.13243772629445583  0.4750692087791216  
0.6133636133919732  0.31059441080191  0.6167952512185201  0.5430724794878441  
0.8969371121005961  0.34195695883747984  0.8783485660205724  0.7789692389803593  
0.8449984675707616  0.3159059724351031  0.731746391003548  0.6016830647068584  
0.364539942110229  0.359105897801885  0.282288535324736  0.2512773508868983  
0.6693625087949286  0.39159354656266665  0.5852273064305155  0.5167365239734222  
0.6765338837146748  0.4824126188907894  0.5448228412851472  0.4587190300318527  
0.3307063775703984  0.2072434649721762  0.4897867250271971  0.5885300004295914  
0.6500461915245176  0.41864687880896806  0.5285104012380792  0.43664926327346903  
0.5822030081177052  0.09482512863663001  0.7483705708749735  0.625241812263679  
0.4572977577270805  0.11676401844673699  0.5316010279909608  0.47031355246753836  
0.9310047821692005  0.45115411219510315  0.8546169760765582  0.8541188868908375  
0.8528434853709419  0.29407389451835997  0.7357031897590824  0.5533695344063372  
0.6417387746011907  0.3731163135939144  0.6505894283055105  0.5325968936025012  
0.831311498189723  0.4154715000365546  0.7138927663588985  0.5378707605214629  
0.6125100306179009  0.24889242516173385  0.7608937934571873  0.6699096202671074  
0.8001582076184968  0.7927094651161603  1.1333811874870432  1.5E-323  
0.239330391687467  0.18829221730781248  4.9E-324  1.0106624998515257  
0.3883435378361927  4.9E-324  0.9710570089461965  0.2410318516773339  
3.0E-323  1.2508035224269767  0.05127567254950383  0.5855762263455283  
0.6460388461259197  0.21654729132664127  1.5E-323  0.049126818426094086  
0.6394536646523166  0.3625845937926497  0.9351041842144133  0.9147518033450576  
0.7969955332256855  0.3314536188312681  0.8039401233973272  0.7131659266469097  
0.5117308261530789  0.21462401795034003  0.86058729280701  0.8502353544289237  
0.6203957475327817  0.5008968484991401  0.5500049645427912  0.46237352511816876  
0.8105766484328771  0.412696973370763  0.9607316678095066  0.8805380992590977  
0.806138227340342  0.40206367673635235  0.8707813381096478  0.6241127730205155  
0.7134599966394383  0.270112601955307  0.6508130252477584  0.47540738239787  
0.8941310682654896  0.593937839387023  0.9099751105604664  0.8731105183357777  
0.4827381789535575  0.19116461110419158  0.411051807030993  0.4321812603805286  
4.660706028704535E-7  0.0  1.690349568485533E-103  0.0  
7.9E-323  0.18925197091764054  0.23366874444312438  2.5E-323  
4.9E-324  1.479646334855975E-280  0.10059003198657888  1.2047222508219446  
0.3292195452020018  0.915971528420341  0.1382439384859038  1.0E-323  
0.12375780762060232  0.18122507598515583  3.6205150407500324E-153  0.0  
0.6274204248904841  0.0  0.0  0.12454402150544541  
9.786043764350194E-26  1.4161732151250483  0.5213825816081857  6.750284287882492E-42  
0.36239502999464623  4.9E-324  0.4733773777059731  1.0796840250062318  
0.0460792716555086  2.461794253295974E-280  1.0581480533142829  0.9137893831733459  
0.46395657889194525  0.2734674673695431  1.5E-323  1.272310099534638E-21  
0.423719938182344  0.7602046856025811  3.3001303128999754E-190  1.0E-323  
0.06446301484853678  2.6668464520123104E-159  1.1570212235416735  0.29593993811208874  
0.9504171030987966  1.864331008713153E-8  0.03217951303060771  1.0787381682405306  
0.9714187006097544  0.3305137254161689  1.7909918660209145E-28  0.8847846793804672  
0.6236863214740407  0.021417770920513734  0.01452576879386991  0.6145815884135979  
0.45999968847979017  0.2461269992402181  0.5136922234676247  0.4978066113262875  
0.8320147496517647  0.37581760403051034  0.8961781252495236  0.6442816762236553  
0.8052371008017749  0.8356356730221876  0.9849722245490337  0.8928710875577315  
0.7163040449907427  0.1870824252238916  0.63082861663669  0.6958878002696097  
0.4402366989819383  0.18540210910968238  0.6115583476148174  0.5264668044139231  
0.489727507466296  0.40923057249795586  0.6269070728423863  0.7409255598415303  
0.43346847951757533  0.14265776992650325  0.6694699163936808  0.6157766923031927  
0.7836815061945956  0.06600633436843464  0.8090386344259033  0.6337095675993855  
0.5952516244047157  0.38271079858342505  0.6799192181396091  0.5785163491193355  
0.8115203027185603  0.29246081277743347  0.6101965765703576  0.5027272117329905  
0.8861788291248863  0.40351746513404546  0.8968343579465989  0.6658623923636561  
0.17374630394128554  4.989641325028355E-31  1.066660146031682  1.1033798643771395  
0.6903983066062471  1.1732536964848173  4.2337669012427365E-166  2.480018732309563E-103  
0.6516312570350261  0.6228886448237754  1.0942906587510233  1.1504479212668673E-7  
0.9703617445375909  0.2788929724689095  1.5323919275055083E-15  1.0251478447719438  
0.7843167226074129  0.15139823801263774  1.1883497389252965E-10  0.7737794919938935  
0.7281425504418058  0.2843459947739421  0.5679757575660733  0.4933437529076931  
0.2844036387396711  0.08851170410286709  0.26161329029911146  0.2554121863011081  
0.800764795417295  0.20380244261973243  0.9404194820634528  0.8542302671292438  
0.38773639632417845  0.15778261158694754  0.6077868536102196  0.6433804637976871  
0.6327803116546844  0.4023308941838432  0.6681136723772935  0.7432148896255257  
0.6862974407824329  0.16458906128600895  0.751322040292367  0.7003673832738007  
0.5066225974052281  0.09752018422524376  0.4965391166269592  0.41703082299928645  
0.9426872909644195  0.5376305135141395  0.8025123388722664  0.6730010692419339  
0.7147426009137935  0.22135273003872652  0.5760843342111925  0.39055665264096007  
0.8550170384815549  0.4984428571501149  0.9329170670520041  0.8852898658280112  
0.8100494143314175  0.3888762217673734  0.8733868786828564  0.704025611779135  
0.8494823784069938  0.5600721180111868  0.7981210991425743  0.7778637231310132  
0.8020271987279082  0.40030575676153846  0.9647349255240407  0.8825115471863026  
0.528809025392702  0.06784625873682817  0.5322356003577836  0.3516567351939767  
0.8114794931886602  0.3846948447218291  0.9543802707033446  0.8139676839980671  
0.9601931965891245  0.027806696814976658  0.028246283421800498  0.779728265392077  
0.02411811057642478  0.5385814551981393  1.1193699887274504  0.2552772565742994  
0.3107502445467967  0.30711314809325274  1.1297819474091648  0.5254511886647506  
0.971552811073632  0.34777081969421797  4.825053105152988E-30  0.6026052108607736  
0.862804779580398  0.4764109337240446  0.5269558808368118  0.40607402505743456  
0.7810053154237243  0.6595631631137413  0.986102882351722  0.8963225176593373  
0.5586827049266632  0.35686698084686264  0.7372779430475082  0.7285245675128744  
0.523005288676158  0.5128634775362746  0.4413825458261929  0.49991451493354855  
0.8236655172431351  0.4625317162278311  0.6472039549220225  0.5336635831443919  
0.8169622183127608  0.2222008772134265  0.6686410669008832  0.6188518588872273  
0.8218639027165784  0.22865007203165577  0.7072699616582625  0.6482215857252452  
0.7088595824256747  0.4749060149457939  0.7220076580849709  0.7552205904361969  
0.8700857811892656  0.45639076633302383  0.6061362710468127  0.47580697334913524  
0.8395259218049012  0.7014716299237777  0.969153677885914  0.8870707198349064  
0.5965314362407899  0.3542457948298437  0.8898855797806503  0.8310318423971627  
0.5417325724484919  0.0877095509588944  0.7564607391793644  0.6914411611237519  
0.8571013183612131  0.6188163807890763  0.9459536144492207  0.8830401834945328  
0.533635597911532  0.11447992074405056  0.48991547299496807  0.3779001501328996  
0.716143711139773  0.5404424495047531  0.5824710954093097  0.5747746513324642  
0.5272378242117429  0.48708660117778724  0.6299275703450734  0.7749244609434945  
