2.4271560144265485  3.473004126053918  3.8500769191989126  4.726128788477757  
3.6122875621953874  2.9054425209341317  3.8769579396485563  3.89207647010856  
3.743218075876061  1.7206673558694423  3.1571676966061357  3.7210308072748637  
2.405533263829626  3.086494429158664  5.099174021466516  3.8984241589026882  
2.5125492734605506  2.985345955485184  4.115686547636291  3.8450000966945805  
2.782869609433192  2.7428661649795347  3.9827301778806725  4.549721278376898  
3.564080162437971  3.5358512076651745  3.9652018567492573  2.3881109561831764  
4.327902922106791  3.5317114396132046  4.053638610579166  4.20601947707987  
3.6920517457919417  2.9091956457170696  3.5392454429384292  3.9733214728896433  
3.028819651889416  1.8140791174528763  4.655253848371433  4.4460187139721326  
2.0073415210271186  0.24360249381620427  5.247711603578118  4.836911277507496  
0.8759045047364813  2.5857132855036977  5.672611481587252  2.3968471748208913  
2.935173857017369  2.8338392047162935  4.590920304763389  3.862983920236109  
3.461476742360545  3.75497264755473  4.135587572625909  3.471766308119828  
2.195367127419733  2.227136328464515  5.442086556657186  4.128848174465973  
3.8317655503218715  3.9551677080710173  4.100326889990299  4.2800074888054205  
3.5732513053080184  3.7095623014610424  4.169006521711855  4.4205272148611074  
3.48119670680437  3.719437724782718  4.227197681248398  4.434363006851103  
2.968801430185602  3.6863880553183184  4.551527897760824  3.3063163143979417  
4.5832993563268705  2.839082697867836  1.8150498216897974  3.804363049747261  
3.6816108242042787  2.601720225191591  4.32322811756139  3.3866388176517166  
2.374677736894328  4.455997496189046  4.404066931289253  3.540229109500764  
5.57328425040028E-131  2.515256805815209  4.677636355378224  5.240639056313784  
3.3767329154055417  3.9521069740157504  4.558619612293782  4.1123635632538145  
4.384617456067629  2.232213868877896  4.020382736263736  4.137044371139759  
3.2631736654180963  1.4459547656793694  5.380358674035085  4.155471416932513  
1.4392874144152357  0.42631859907812303  5.672770344364695  4.615292751933204  
2.946656741190574  0.7603606446034858  5.61278357549638  3.3053825101958867  
1.6147076842589556  3.8549366649882013  4.312254584390443  2.436956654934628  
2.060390452317508  3.8143488886187455  4.551751934882175  4.4305347422439665  
0.4842814665430705  3.51874628996805  5.878022416261642  0.9619852719819221  
1.462184245606548  0.45972305754252074  0.7727296953005208  4.3982674541174935  
3.3043654346374502  3.0680803540721118  4.913616844893943  2.0435264677209393  
4.355045555330162  2.6716304763856873  3.5857206672034896  3.156296693099128  
2.3015263154413246  2.9429773167040714  2.553426438145564  5.051026650152524  
3.8489173224284032  2.4757757968655008  3.118157153013608  4.502064833967582  
4.52521788338256  4.012570845046206  3.2516955675535337  4.497856480831042  
2.4346030538325283  3.783279692467298  3.751254479478529  3.2818033158282907  
2.3569972768223932  3.1963402011863473  5.097187591677233  4.113185279658878  
5.285832989789477  4.391876429063636  3.296955528939026  1.4900392352145178  
4.633471157419829  2.8751583922608086  2.4846252255906593  4.463095306200565  
2.0828261952552856  1.3679643257462775  6.513427362851856  0.1455482418779305  
4.57086469682075  4.393348105078048  2.747252953518904E-17  3.598420360766521  
4.540822692467961  3.1058748387275643  4.478948728883428  3.5845097540543844  
2.4468924615956342  3.2784866065417995  5.208429589621765  3.963017629726685  
2.192035953005928  4.066545499295261  2.567011940016845  4.237202313436973  
1.5690005600202723  6.752602493041705E-4  0.8777855031874114  5.434171693983113  
0.21715742926717188  1.5820299071202215  4.985460468581301  3.1160953616956446  
0.6419483434140396  1.8118359088747393  4.338623170756247  4.849581008885168  
2.8820290269253124  1.009532269714942  6.077651023546416  3.594912500729323  
1.9337963320376452  3.3373603888376544  3.790312021179704E-21  3.529803874574838  
3.8686836108781932  1.8803894642679  5.406693825261203  2.599057899618538  
2.4267230590693916  3.128366183273789  7.575614732521351E-87  4.200481669841852  
1.6554230573160766  4.978558745908635  3.6199142424268005  0.27337669704701656  
3.206891113863935  0.9502576867008171  5.246417857058629  4.178706887037515  
1.9402370517934815  3.7716194154891842  3.3098991660063017  5.258857289921782  
1.462792212825747  0.8704665904200544  6.422431430908528  0.33680490649876926  
1.7844105787398854  3.590360030975192  4.908906292558949  3.537320716650924  
2.929363669652244  2.404409660619623  4.281464168519664  3.8728479723743683  
3.657097075805719  4.861045850360494  2.42930037541688  2.201928907217754  
4.482504722956393  4.17034083221698  1.7182520809664317  3.5439070850872643  
6.766298119322104  4.042255263744175  1.8744031650462383E-25  0.12189783105548901  
2.0720125149326925  3.6035598235480886  2.38315953246046  4.883974473628473  
1.7392258317135851  2.9830280827049918  6.176516381822805  0.7030564605244181  
1.6582119071314165  5.5325089646340466E-18  5.948306956735322  4.200879959439  
0.5449761881860724  3.9096696025116624  4.409662418604077  3.552410026625928  
2.7781547098145265  1.5998438142864004  5.44813703216537  4.955193678262589  
2.976631612733129  2.878948652616858  4.408250829288823  0.08913205834913362  
1.6881354813210554  1.1019616479947092  1.0014440352111997  0.8644771196658962  
4.27617580222321  4.793506457226218E-64  1.0394816292921398  3.902247332066783  
2.959134864727414  0.8556191254415806  6.23433857825179  4.003485186976625  
3.5267258472300282  1.421348461988382E-68  4.686419790189507  4.047116463249519  
2.30416837898761  1.448495171578951  4.393342491097442  4.840229856378775  
3.8073312720659516  2.7546365011995615  1.8618825677196071  4.327356643203971  
6.50820211485455E-58  4.422307733573779  3.872298526698847  4.217722878197501  
4.87274831991762  5.841032239255177E-58  4.239229309701161  3.9123611833774543  
4.786431898132252  2.997916299933237E-53  3.9672709608185412  3.423431693754951  
3.4083726293754437  0.3034231957011988  5.036025494937223  0.1898153209709697  
2.5231738558549535  4.366077425593189  3.520915114167068  4.537194347649141  
4.35786474120785  4.639635170502985  4.605753925578686  3.0930738382273195  
2.7288652684830903  0.4644974425578567  5.461326122019267  3.7060520088809934  
1.9676780177890678  0.5310328380512598  0.6085691059076156  4.641332378597428  
0.22050406046308757  2.347486607210507  4.899548797018953  4.402977285220308  
1.5430853202547004  5.3235428049136555  3.8124173864348494  3.6082725067389245  
5.952492565736318  2.5593441478543277E-27  2.2379606524528284  3.9131618530217054  
3.1477209984906196  2.119931069039197  5.2975677158660845  3.55723639634084  
3.1232551327411873  2.610866958978107  1.9927268833273697  4.54072665785792  
0.37616253741326977  2.316725038600689  6.465202220603723  0.7805539660340759  
0.6147078289310381  3.4994220915706347  1.475488311250576  1.5752044285316795  
3.8445370508821757  3.890209408685314  0.37013522731826504  3.9727922542323557  
3.5848944371071862  3.874084810195916  3.8304628940412866  4.8214373911299155  
1.739054536538562  4.004225879161441  3.990548109681995  4.984954103147342  
5.860103207602217  0.624877490714909  0.8708502608306593  1.9578431452260032  
1.688150770890729  1.1019404907508419  1.0014602877157324  0.8644747928063043  
0.7000429770470413  3.0007318502380853  5.588491380296748  3.9003668122564514  
0.6195869022056502  1.284199182685214  5.033495959146512  0.8342428410877822  
2.9221836123958207  1.8009860737092858  5.275308921884917  1.381397708826291  
1.8129152799566912  3.6928723524493923  3.655836549586448  4.473883927082033  
1.6881448043216905  1.1019487036397873  1.0014539786898364  0.8644757010238081  
2.1469543198009604  0.5984729962435146  0.4857430170091253  5.058318911931765  
1.3527741619833757  1.0591896607632774  6.459359231504029  3.9123260633434223  
1.6881400099522965  1.101955944084492  1.0014484169645446  0.8644764286432254  
3.986897118446334  0.7961163854872768  0.4232455957917562  4.001515983833151  
1.6909213297953072  3.4829376603658884  0.03893258926475719  4.712297623425195  
4.609937536665382  3.7449256168945233  3.361094605571965  1.8398306563018239  
0.9331254506153607  3.039436106906426  0.7236237066712696  4.526683743253189  
2.0911588495412277  4.073178413279568  7.100308022723374E-55  0.6863721164560397  
1.6882791876048662  1.101777226647344  1.0015855617485654  0.8644552982568044  
2.4218002156315306  5.174052090556951  3.777398867819269  0.8377782670272861  
1.6380351508096882  0.20361538225493583  6.4667084793291965  4.635567839378885  
3.455312444184294  0.9843279422979185  6.384312978125052  6.474586762790731E-6  
2.596464227560181  3.2389962647226085  4.338898357041564  3.5811942195219126  
1.68813143999046  1.101967260680433  1.001439723763814  0.8644777345723843  
3.663847511419849  0.35030896832769104  3.6764402744029305  0.30702392778535226  
0.3833503556685869  1.1023308449221354  1.845594217709205  5.45457296605308  
6.29309023518332  3.756986868190029  0.9121761264438695  3.267381721748823E-144  
1.4916778467934053  4.69113154476311  2.6359344375239173  5.07695402325326  
1.6863814167385975  0.8237440508969053  5.325058013632797  4.205223574168045  
3.389983406703635  3.616960305181401  3.3751184210280885  0.3430970539554083  
2.533632372628643  2.839561859687695  5.487149160609175  0.13251274838341753  
5.593155167051542  1.1964483614189774  0.7771538042082914  1.4256912003310498  
2.0600458690488113  0.7004981313438148  2.00252651886268  0.6906401029382625  
2.778229216743056  4.723022890409633  3.38126746989864  0.246705651270616  
3.969624228780539  1.459933211509791  5.012645638074714  4.165384393507168  
1.8102382676232625  0.5213051612328948  6.359405687372468  0.30996234490843727  
0.15558928407002176  4.9063433281933895  3.9686283019474393  0.628056498385207  
1.908731271337006  2.2851288893583956  4.890078997108518  3.2830257656798425  
0.6844643117276169  1.210234127964237  3.754915758545386  1.6800212402845762  
2.973565629929146  0.621779944071444  6.141312807558959  0.11532799222370976  
1.0655032580604713  3.9920238226614995  5.654180853379638  0.23614562078810264  
4.562135643567162  1.1255130478412165  2.6750723374634764  3.1699778579791347  
1.604464896999107  2.8435445806776936  0.44350697516505755  0.7859176884672315  
1.6881322708924142  1.1019660972789869  1.001440617433847  0.8644776081832052  
1.6881311671635637  1.101967639546643  1.0014394327374516  0.8644777760814009  
1.688143162063581  1.1019509956359348  1.001452218029845  0.8644759508941844  
0.6142124068753982  3.518994192591257  1.4761064092895486  1.551010638460698  
3.141738266193434  0.21405514618885876  1.0858065086201925  2.902283236133849  
3.008198703756484  3.491055999336743  5.241781051930482  2.9499160417386046  
1.2865553604442854  2.2242373312682675  6.739596888354093  0.3245985999043216  
1.2952918507772386  1.9878670671569723  3.415587120235018  3.5607770433809667  
3.666855517275572  0.9034626905181117  3.455678709742383  3.185761325373021  
4.3089104027520415  1.036744314443808  1.0872065708329768  0.44403849710523585  
0.6578592810338677  1.813402267934962  2.940985140586104  3.598193242649117  
1.124346511625529  1.4802881978730125  5.973752440270012  0.4611197688292344  
1.4818389255356488  0.4780383176962014  0.7552744104338186  4.3814647728492915  
3.918715958430464  3.4736954114767533  3.1157417342965467E-60  4.2480581646797795  
5.265918272918579  1.461553144395671  3.221442965693112  3.9059130758644316  
2.9073331203970607  0.36938751857154367  5.349537947376198  0.2023377786246793  
4.311244977700758  0.7586753734998682  1.6972911445889787  0.40308507080099254  
3.4743880340116107  4.848822160820398  3.7955063564418983  3.846080041266874  
2.9255887893591444E-246  4.840359975808382  2.0284925951487507  3.7088667129284913  
3.1385371103271833  4.210977810625464  5.171978595454089  2.4897608019237456  
0.6912962553828682  3.3180838128518384  4.156285552539575  0.6151002761408288  
5.117109916102566  1.9671393527000014E-47  0.9145814988803279  3.683835057860506  
3.9740901064238643  1.0670330599649677E-48  1.0385377202569737  4.4543515855476645  
2.7407984362535296  4.9237706151957115  1.2143545199830616E-37  5.108250196016553  
1.6881267298944678  1.1019739959240855  1.0014345501430182  0.8644784505409449  
1.0559627650788077  3.827658994156868  4.596511443118018  4.299644370435951  
3.0577729623960876  4.240520350110444  5.023255685443993  0.011196988242669214  
5.70940822964231  2.254414332190535  2.8044658392845867  2.5771971627400223  
5.330267166376587  0.31711530933834037  3.2085173557502977  4.056642386240899  
4.299523537792246  4.506119399053613  4.463126959510032  0.7895204363716216  
1.6881320006845224  1.1019665186027836  1.0014402938034486  0.8644776491444597  
1.9844616735567746  4.313888145257534  2.2221164855271343  3.4439953022933643  
0.042088549298428014  2.1245904377236204  4.734170435411505  3.783722722058437  
1.4703776228930756  0.5313805458095382  5.536421226765356  3.858546161365439  
1.688131938702045  1.1019665643521994  1.001440258647741  0.8644776587088226  
1.68821812386311  1.1018527527778588  1.0015276588943252  0.8644645431701504  
4.781786665042603  4.360415285892881  3.608885131489059E-70  0.1853608860460051  
1.6881533985800845  1.1019369399774628  1.0014630154200617  0.8644743925859222  
1.5368853292109723  3.501057615722431  1.27695688299204  2.888306595439419  
4.342555179424083  2.7212112956278034  2.396839594673762E-114  4.5387437880054495  
3.748794294391003  3.389884091843525  1.0106083338902825  4.77489667584959  
1.6881313472681705  1.1019673935323133  1.0014396217148247  0.8644777486659811  
1.6881307270457588  1.1019682538463034  1.001438960863723  0.8644778430323801  
2.7855020808663495E-18  4.990321732275267  4.456954059615402  4.748904697697556  
1.6881331606560759  1.1019648908261257  1.0014415441940274  0.8644774727043775  
6.218137877712122  1.989121981913845  0.9658239816979762  3.361449524925629  
1.688172956780424  1.1019110977188808  1.001482868244505  0.8644714113175914  
1.6881392930826917  1.1019563365015945  1.0014481152998038  0.8644765397393255  
1.6881314296619565  1.1019673107806445  1.0014396852908776  0.864477736025031  
0.9807889234907164  4.325843040130341  0.8967442531466187  0.8341533613867473  
1.9965427251382526  3.9120377264755555  3.47655020515638E-86  1.825632259212708  
1.4752063654307097  0.4790922370833628  0.7566501611339809  4.375099533742304  
3.6197222071714323  1.2462167547340222  4.66194776106293  7.601930473914374E-29  
1.6881338516065387  1.1019639458102923  1.001442270124108  0.8644773675241877  
3.696061250793981  3.1329958051291222  3.5034015350328516  4.306630081090974  
1.6881507692896967  1.1019412617089073  1.001459695749046  0.8644747904988591  
1.688139241071328  1.1019563741903455  1.0014480863379338  0.86447654776731  
1.6881339601906236  1.101963781812472  1.001442396097426  0.8644773510457432  
2.9643050529662514  1.0270368627277  0.3602770616191852  3.687577082284516  
1.1680776501396548  2.5270861037935677  0.9725640359603323  0.9608143690903972  
1.6881390254307542  1.101956680436468  1.0014478510929077  0.8644765805561979  
1.9942880983613818  0.9259343144306758  6.884071621806658  4.0437239987378275  
1.113497689486381  3.3682980046510385  0.7140312341250614  1.314369542722938  
1.688233949402075  1.1018324909360424  1.0015432050270858  0.8644621418124405  
1.4655291860511146  2.317778586826181  0.6543907971350444  0.8934280249139641  
1.640487735651238  3.9632070391847223  0.3021477972526019  0.7490083706196912  
4.399749500623002  3.0315274405578054  3.4615850635353875  2.826576475569463  
2.689945831051109  1.8216713110079277  4.8389932907127164  4.080424609522761  
1.4638652199800946  4.453404469698391  0.12921848358653976  4.697057317479132  
1.6731416221658417  1.815136384880823  0.7173664191306465  0.8344461582382963  
1.6881368620788746  1.1019598163788658  1.001445442216003  0.864476909291852  
1.6881502994292068  1.1019412889425693  1.0014596745946047  0.8644748640865438  
1.6881358732623506  1.1019610852046173  1.0014444675204803  0.8644770600901368  
1.688130842505245  1.1019680979001967  1.0014390806551654  0.8644778254513874  
1.6881831534345009  1.1018976251844501  1.0014932184355483  0.8644698569062272  
1.6881324595478429  1.1019658406456407  1.0014408145715217  0.8644775794605113  
1.6881593046618566  1.101928986123732  1.0014691256413661  0.8644734929027996  
1.688130746808626  1.1019682256641876  1.0014389825116101  0.8644778400280174  
1.6412463454286321  0.40798208061046903  1.934575275383918  4.630707057189797  
0.6090064944765136  3.3055885783076384  6.087184192282967  0.4778905647482987  
0.5998198717946507  1.1587518466418483  5.960060494995718  0.763013070543839  
0.3979061928752708  5.4930900884392475  1.8627435514224613  0.7523218643554629  
0.381051040901578  3.6960408169282166  3.034434182965697  3.5038427300230723  
0.3166900269082816  0.4782549008733824  6.3838136701955355  3.729175152200894  
3.5206415813119283  1.654053385355674  5.480939914029907  2.0346218912432023E-33  
3.8083917390995667  2.78082033242864  5.148051034480392  3.126942975483322  
0.85482594211534  2.5322724087096256  0.9165626222405715  5.776114574753564  
0.6152401589129837  3.242923371047146  2.0084184439734636  0.7944465847425807  
3.5800752558256717  0.35876546671273973  3.7632463190216208  0.30597008150828703  
2.1691581241775748E-72  5.630580127067681  2.4906220742515006  2.662328219494409  
1.688117144859601  1.101987653015753  1.0014240597037936  0.8644799075823912  
1.6881092603064554  1.101998998987437  1.0014153404809423  0.8644811083201187  
5.695187407121178  1.4797704137137455  1.8200660013162568  6.119194745376134E-72  
1.6881315154340895  1.101967148033243  1.001439810291394  0.8644777231201723  
1.6881348929685454  1.101963000408354  1.0014429964969407  0.8644772074242102  
2.479288909822299E-163  5.506477644639132  4.528415240479516  0.6416744316121911  
3.6264651635488963  0.4005787298135384  3.6407142011412623  0.6414714209740862  
0.9326271938645434  2.088542370231654  4.9733353741982205  4.250142184915305  
5.158089480324646  4.856223979540342  3.0623382542061304E-29  0.4087323789459835  
0.7686868883602804  4.918908264641627  0.7204638688704328  4.9835836322171945  
4.784211618560307  1.1444819717019834  0.5242936229112273  3.0397342865488852  
1.6881311303583333  1.1019676900657254  1.001439393931003  0.864477781683055  
1.9316324627271297  0.6104157763830478  3.246437923875153  0.5893922506145187  
0.6319107631807984  3.807983120388477  1.572515460842461  0.8354455103397057  
0.9118814861040871  5.065599690076708  2.689551504915711  1.5756870321647165  
3.6319992821474396  2.5347906096393573  4.718569962064458  0.9084729817425187  
0.8327127697453269  2.735660186206919  5.1288166377877324  1.3214669532376095  
1.5434944136357671  0.6346918221953227  6.7896246494905474  0.3418020776533635  
1.6881387693452796  1.1019571686348324  1.0014474761182015  0.8644766190834227  
1.6881419175389534  1.1019527582176936  1.0014508640630975  0.8644761401639264  
1.6881314142911794  1.1019673058073283  1.0014396891025477  0.8644777384510723  
0.15242682616796102  4.9156137173948675  3.969893035090755  0.6293710931301154  
1.6531509894977567  0.29831707323247275  5.365296458285131  4.3021390914110205  
0.8241993041714009  0.5710815543335337  1.8478680796236104  5.514797316134638  
1.6881310677323678  1.1019677761526585  1.0014393278030005  0.8644777912141339  
0.35062719244411816  2.352526808516345  5.888158473650452  0.8146083533843548  
1.6881341052581182  1.101963587311126  1.0014425455081537  0.8644773289499121  
0.6498904104474769  2.3221981427871117  4.675179076885754  2.453300169597264  
5.235724129393083  1.7133428077508823  0.32435660973991753  1.1976465268751002  
4.409996139732624  2.2595338594538708E-64  2.8806123023876395  3.6704955051400594  
1.6046916573347723  2.8434650269354083  0.4433595182687346  0.7859196246754198  
1.68823834874892  1.1018270367265288  1.0015473866611913  0.8644614757298024  
1.989314492460958E-99  5.213440798569242  3.6259886244105632  0.710942562983959  
1.6881392561429258  1.1019563814462916  1.001448080772434  0.8644765453813478  
5.053896046904419  1.308201214522191  1.0211238758505652  0.23536346718463283  
1.688137283268401  1.101959269802737  1.0014458620874656  0.8644768450784491  
1.6881312618110957  1.101967509541101  1.0014395326017447  0.864477761676605  
1.1678569162608805  2.5290219109285834  0.9723624323485763  0.9604920539679267  
1.6881384851453352  1.1019575300869415  1.001447198451954  0.8644766624373925  
1.6881276334937834  1.1019726122863476  1.0014356129442235  0.8644783134911271  
1.4620924923151524  0.45974671658202965  0.7727242657302719  4.398262761788469  
2.5618635703758605  0.046433903028422104  6.548109592393358  4.252852331806421  
1.5317547014710886  0.409369636829767  6.506715948857327  2.3979585091598943  
1.518508047086504  0.5717700540766028  0.8655676127235716  3.181314453528728  
1.1474104982581779  1.1814519131964918  4.064066505877302  2.4137900633433205  
3.302188347193954  2.1857982524682904  2.4957020843786246  4.085140829572075  
3.4679148381637024  2.3297385300317117  6.170514981712342  1.759484786110637E-71  
1.6881302399398297  1.1019689579488556  1.0014384200154163  0.8644779170510493  
4.308910336686824  1.0367442085637857  1.0872066836424097  0.4440385124997087  
0.676874835130398  1.7533255446719134  2.985410559024089  3.5881151558269972  
1.6881542312769542  1.1019357553004991  1.0014639254739266  0.8644742659510244  
1.4099219700089855E-20  1.0854023171287923  5.594143499936274  1.4741587305982502  
1.5273569945965049  0.5953885628348744  0.8509990200275946  3.159952308439444  
2.4883028786301957  1.0367041114188156  0.5653312811043978  2.5231076829237424  
2.2293027548690882  3.118686818435831  4.914107221747572  4.5986039164031665  
1.891372090974886  0.34664530930652104  5.9793390398596715  3.998744628469099  
0.22171574856553763  3.6720819685303008  1.9660105083447297  3.5037836902395463  
3.262361569567358  0.3458706508633232  5.734367161462587  0.09572554811563722  
4.311240295117359  0.7586715182086834  1.6972992516344874  0.4030851830850744  
1.688134078874006  1.1019635664999095  1.0014425614786309  0.8644773331527557  
1.9196529886443858  0.4735351137471714  3.6396013772023794  2.6591482258875963  
3.598732808875644  4.551260261141057  4.065485027401817  3.6450567507600318  
2.707034307916787  4.4739188705376645  6.275917524824511E-112  4.843501601034994  
2.695362009083428  4.10818992240399  2.604798769567801  2.4847630118955175  
3.580198164525161  1.1181622618739062  1.0529464194194158  0.527668907184686  
5.047319791325311  1.2689029002627128  1.021112403582886  0.2729911631126434  
3.170948916649337  1.2685625198742197E-90  2.196435326150883  4.146835733170915  
2.093688866169119  0.4601231615665439  6.255866488628667  0.2882021280092322  
5.010750226648758  3.717449051348817E-13  1.0842541363512748  3.797366050042563  
2.7407629574606633  4.92377467651711  8.153045517997493E-42  5.108266289990861  
1.688130784172747  1.1019681736037845  1.0014390225017862  0.8644778343438659  
1.194059081682468  3.7411954635887485  4.64323516666821  3.8031853209683777  
2.4656710219756595  1.7097411970678902  6.562984320782207  0.39629500353191394  
1.8925171441171347  2.1176793861928993  6.203842238544414  0.17231475379959246  
5.780131837881457  3.881052107989394E-32  1.5656789970058667  2.1557189472962315  
2.073875760987786  5.273070572917979  7.594579287269792E-96  0.6405352167052527  
2.8953703709210337  4.407625166113723  3.698607772513068  1.2472320607357308E-113  
0.36105957155040425  5.27130397351206  4.585829535778963  0.4746547421540448  
1.6881347257347457  1.101962699351659  1.0014432275982912  0.8644772346265941  
1.6881336954546633  1.1019641450025384  1.0014421171070398  0.8644773913416621  
1.6881342628523897  1.1019633159221058  1.001442753964496  0.8644773051431791  
5.291011198147372  3.0302859133938056  1.0237001715412297E-35  1.1717393363116844  
1.4748032880712936  0.4791997519033912  0.7566118958463405  4.375059098317688  
1.6881356038024697  1.1019614622599396  1.0014441778813354  0.8644771010808905  
0.7969313570190736  1.9608248841294376  2.571230677594672  3.852989110518659  
1.5324264381659196  0.38781262958703727  0.7761577151849445  4.711752737130544  
1.6881370315701238  1.1019594966896673  1.001445687764714  0.864476883780003  
3.8103075317679433  0.9134697158850926  5.89254290685742  9.102553053441208E-75  
2.7675369467325086  0.5023379060814351  2.6975210343240015  0.5395889729471866  
0.6294996083938859  3.802615326113561  1.5790457731304528  0.83557400339435  
1.6881328604866128  1.1019652669648798  1.0014412552470953  0.8644775185104385  
4.308910342669936  1.0367442181342805  1.0872066734588228  0.4440385111080721  
1.9599774700878778  4.915236860943872  2.2358559507130025E-10  0.6699621090699442  
1.688138991767824  1.1019567239465433  1.0014478176691461  0.8644765856888765  
0.6153673334390348  3.481699698318133  1.4746616916721755  1.598195569690986  
1.6881337459390853  1.1019640576743155  1.001442184184537  0.8644773837165958  
1.688144208827756  1.101949543853859  1.001453333258624  0.8644757915988148  
1.6881305809417295  1.1019684623253196  1.0014388007221318  0.8644778652427557  
0.6192323771364087  3.7816891381845226  1.6068226275473823  0.8360342825051316  
1.6881307674611783  1.101968198102912  1.001439003683157  0.8644778368821594  
3.2357223089778238  3.794305229761738  3.827517954067448  2.1315499749068394  
5.29468744749441  3.3066662036877375E-18  1.083194548463419  3.8499142917217632  
2.335142023645692  0.5515552111001165  0.5606022296867036  4.804380647627099  
