3.9827397034982  5.707298683533453  3.231056800737272  1.0317719615024952  
2.9714164048660603  5.348561776869881  3.3246825979863717  2.2799199327385096  
2.497864885807262  6.149983879568221  2.222582803826327  1.4431080094528137  
3.5146221763179493  4.034093952754322  4.327299856864038  2.524067067158171  
2.925611055880437  5.90877143740162  3.067894106230022  1.3751373554723123  
3.1364016358975033  5.7736656384543155  3.472120426206486  1.2159385889016483  
4.118292895208422  2.6614438423220452  3.7014901498406405  2.5787757494524555  
3.5812611155255833  5.323337908484959  3.8005291077503376  2.8094340670002125  
3.9036570931955716  5.648453113771183  3.189495822591853  1.026701874814011  
3.564918045443937  5.759084521667069  3.2829140519570137  1.2209382762404413  
2.7682505041053815  6.1340677269116615  4.02973703586755  1.14689551457405E-11  
1.658378756754759  4.8375472327325175  4.222258641294487  1.926260083270265  
3.807378757794728  4.5224801667569405  3.5252278768504883  2.0900472617945804  
4.951731050922754  4.679425960859021  2.9714280105685433  1.6031081360336519  
2.905821815224315  5.990419827391405  3.7366916005504485  1.0395166264503843  
4.383727859931933  4.883475479454827  3.772608666176169  2.4950786349624683  
3.7975373272930915  6.059741232741184  3.319596226302991  2.3299916972170602  
4.260008892768228  5.265705268120776  4.089258123759176  1.7006408458102482  
4.06571336473341  4.114389636427845  3.992138206004833  1.7247810894074143  
3.3611826871277652  5.359370447743676  2.8551964882938154  1.7325826525494337  
3.971802898177404  4.706097340048548  4.047233066245579  0.8593418862190217  
4.782846392615578  2.4896582469658974  2.365824679361291  4.132921182901254  
2.994792581039182  6.005822373244903  3.806015791632785  1.258241506187635  
4.1506023396460945  4.6657770940478756  4.043401532981682  2.360964950082143  
4.231175714619632  5.358921127166574  3.7653403907673115  1.350296425865864  
4.203464615844549  5.51486325465495  3.53368509864403  1.2239635359453167  
3.329745352699538  5.684985622460859  3.4485270304582234  0.7139006065624953  
4.3051514936500626  1.2630493784152785  4.274631490481213  3.1130947424512927  
3.189301392302335  2.9471185247737677  0.46216593114550886  3.838730258232767  
4.593644357267692  5.498724191853126  3.567908996540198  0.5698297515937486  
4.827309385515993  2.314867388598804  6.599836135710603E-8  1.970044453279187  
0.42309355956391603  4.864894324202849  0.9864010587374322  2.20074093263084  
3.465436080627327  1.6389731159407124  4.4353510242871605  3.5430358071892023  
2.7367114692838137  4.549180214962883  4.241183566938091  2.2865619316177335  
1.9621372275580502  6.222859798255725  2.7408544197838762  2.0077087370322753  
3.9619111132146285  2.8124354361929185  2.95242305725148  4.290447326288351  
4.787750792419811  5.654907166595381  3.4217695058890647  2.2063857016839385  
4.258785595060671  1.5045242713913227  2.77053992737111  4.429801880456429  
2.8230755345479137  6.0495240165045026  3.1055632783367724  2.876358967112395  
3.0518233527771645  0.27026383108050483  4.5713413804452125  5.132022286156806  
5.341842399148922  5.610650270834926  1.2824476414531552  1.8809797923853182  
1.297117179160712  2.2475158099917922  0.4997802931396427  6.07200345826933  
1.3389825975139313  4.94310414003777  1.9662161360201296  4.812975011023887  
3.1519516624979427  4.877364335325473  4.271337614879017  2.3091592919292507  
5.24250688419369  4.011947205261854  2.253808945617375  2.8492300178251133  
4.265457923680997  0.9999402647930287  3.3115063039837325  4.238294630704372  
5.856250120340307  1.1745372415238704  0.45383762469975886  0.9625361684324127  
4.894505059399849  0.9493785259574193  1.4387674745488668  3.2511870206144855  
4.259956416244483  5.816688043502629  1.6985851971400925  0.5401070456777015  
2.429320803878086  5.735276632008135  4.0869771820980025  1.8153759556834126  
4.322816086559821  3.687000916804445  0.20606153268926802  1.7217514071853335  
3.3965634997184373  4.037528301206206  4.236259734941512  2.430447284881538  
3.936475000858062  1.4568749137169283  3.1793273151154855  2.6005752522776553  
3.8094445690163767  3.549407972665286  0.07103510057629693  3.288553064383035  
1.8955392938421922  5.680596668684419  3.6433123206441436  2.6714885362374696  
5.020645863972936  2.315140055335932  3.479539338993307  4.2038898749444575  
4.756266833138381  3.2997239822820703E-8  3.8342750828111134  0.6262491116258587  
3.9156584068861098  8.715175917135605E-11  4.570052311647419  3.3613690607104174  
3.606905071914609  6.070897808863989  2.3791046890978067  1.403601446381591  
4.98506450838808  1.1292033421209804  3.405458217573925  1.9255899043749074  
5.263817356503582  1.8917555449676642  1.1920028514273229  3.549418384141165  
3.732169873056907  2.5512565851495173  1.8771189595215896  3.6936656706465834  
4.681485439476387  4.677312528777055  1.0787228873985815  1.6981653594512138  
2.7802267709197293  1.7605882606068493  4.732418469199836  4.291622332911463  
2.337544365817244  6.511862675062507  3.0961859843626964  0.6912384211239699  
3.2555859187719474  1.6948545850214145  3.843820132635446  3.595412602337846  
3.569697439588659  6.029262078205218  3.580496416948877  1.8154762069263284  
4.639891849286604  1.5676341751256706  0.2234606763933392  1.7125759252378898  
1.440985196695754  0.8657235571777918  1.5758191328794315  3.58821366237865  
0.6590191695729052  3.167297424308806  1.2610318947865846  4.993683104535287  
2.616672474499282  5.834675349071035  4.182647151567784  2.0472300149994824  
1.2992059775959217  5.8087257710159275  4.576515241443029  0.31243316706430607  
2.3521139029928286  6.112006454723987  4.350565285139243  1.0707931225809489E-7  
0.9806546510292075  6.070311011223466  0.2192171539065444  3.326828880989468  
4.449019627498601  3.630202521011994  3.3190136295894246  1.283080036154717  
2.8702489220795395  5.718661810293598  3.9663444782502766  1.3482055789340077  
2.9987123149841595  5.620659243686384  3.8709613141602626  1.1969349350626153  
2.1646855264271574  0.526378095772458  4.994665639633001  2.913683521044578  
3.098761637742917  5.394950525786537  3.6060913872502973  2.61213108212231  
5.71620067447086  1.3128390093771243  4.474109526520006  2.8160629424828016  
1.97207506912601  6.045778739912945  4.070942778153474  1.3578504193195235  
0.0038534591959586083  3.567565530884065  2.0572471757881647  4.540634491114183  
3.317002190246688  5.574082179752564  3.40240964945166  1.5736888942356415  
4.616205731915868  3.728067205087226  2.74541890165301  2.779900330306177  
2.266238307207866  5.891142796427661  4.186241512622798  1.3674615839736955E-21  
0.5625889412922476  2.5928383268076285  4.752674511459241  4.687799864565077  
4.260234052730202  3.9503059326579484  2.3754951479584374  2.0503501697739996  
0.3407537933843855  2.587734623275965  4.333967220887381  5.409725350521431  
1.5095034369638658  1.1486730991708827  0.5658241577785706  3.6133198801685285  
0.7520048499616966  6.087050927003994  0.7710066385285965  4.356267845712818  
4.202754701047879  5.737078356637899  3.562353461432177  2.34962658514331  
5.366824820196878  5.113257869269027  0.1235416997215578  1.7059589545122034  
1.665390344699816  0.5930896902997473  3.2028188433712024  5.857002862669575  
1.7381198485653853  0.7633930735977155  1.9232279526133458  2.9461827643876823  
3.3738154829948908  0.19805034501359184  4.837587181451545  1.167947489009789E-12  
4.6725387835410575E-4  2.849838044672077  3.4706460747451584  2.5569532368453927  
5.60582122560359  0.9001552961913497  0.550657347890839  3.4715699306210794  
4.444576013664086  1.4314996509289983  3.548393761785936  3.869790956063722  
1.6215046894783673  0.8341049545578911  1.5117169465886884  2.941040497970135  
0.7235544479819771  6.573891406420433  0.5052107192303468  1.8375491645207929  
2.311017452463874  5.91964457915235  4.094048590619576  0.729983303854354  
1.3444263640086735  0.9287218417408952  1.2837811264827814  3.3838004973269356  
1.3299347164733667E-11  3.1570465127281895  3.517938251343384  3.91422929736231  
2.999097447026939  5.34257347402046  1.1050066068940084E-26  1.8488130138370293  
4.081208375321402  1.657944684813386  3.8168647357976204  3.273422527823069  
5.309802509724036  0.15474563625256366  1.3326736874736396  2.1724300092367295  
4.334649575727614  0.06682817729287607  2.612547753823934  0.5171072627253557  
2.2962640639034815  0.6196560554167144  2.02354179089426  2.913938022060399  
3.2401538758484305  2.53625951556975  4.486082565164588E-16  5.193753338338486  
0.4962315842715953  6.551479747848385  4.093723876323747  2.545109041182242  
4.523578329744287  0.6872423557251638  3.9874582581821283  4.459299880663359  
4.762009598311434  2.8493548941215248  3.4123269632771893  0.4545015845095122  
1.8151594208701078  0.8190806434317334  1.3827301241904122  2.2655423062584306  
1.0021189589918738  1.0196465101315122  4.75375062038894  0.7598376484924446  
5.003082257360243  5.670522528862091  1.1098510556996508  0.040802450932409834  
4.887509231891719  1.3960711010734635E-31  4.174404147486084  4.706491913670556E-29  
4.426532502890397  0.4244306938953234  4.825994986980632  3.7435342682949315  
2.191704177810302  6.155427783102979  3.2499904737208962  0.5045342349377524  
5.484350643532467  1.041673164218028  0.7395480224197578  1.6200676108389507  
3.8494968880933254  1.732173249502066  4.012120144073887  2.570996080524242  
3.8383472888060743  0.7074794792212751  1.399930981572956  2.9323865010119468  
1.6070374353744366  0.7680709875489125  2.102002342303319  3.3275726977435856  
3.986156384300623  1.6657513396737664  1.7287880807950609  4.104301476335311  
3.9734553406437025  5.806759253176458  3.7219429988840855  1.018469541997881  
0.4109838070364388  1.1795312600303176  5.309176918745154  3.9489084280814204  
4.630502338306633  1.1814436677409232  1.79927113050899  4.270831479513847  
2.5122257905609806  2.062058280774104  4.162373265863741  3.223071807489213  
3.0897840336665574  0.42050654559349115  2.3685832737940284  2.2702836521646454  
2.9657902327794243  2.7672865601399597  3.933155196192265  2.8419402349560126  
8.290576219422275E-11  1.7829887281845318  5.227904544290022  4.084245233780786  
3.3656172720551845  5.285012687541857  3.0916363778594804  1.6534901826098515E-27  
2.1187759463272235  0.6644306858680181  1.5763621953507387  2.740495910970354  
2.068603440351275  0.7096417590103382  1.6773072862050056  2.653681163939776  
1.439267728728147  0.9558905302100279  0.9766448560417788  1.471438703294666  
1.7871826048339459  0.7848944847310854  1.5394453195026496  1.0937183225525238  
0.9973566519650057  1.0897036857418434  1.3345708382459112  4.115172466046836  
1.478524174681634  2.0432744408786028  2.4021064227296907  2.961643157243782  
3.3969597900698436  4.280364852085254  4.023683569702706  2.1761463126894713  
8.237865006550391E-9  2.7084164135990942  5.0825750066021005  3.477112955760527  
0.3456852315424217  3.729784332436675  2.6393446705776418  3.292666780378772  
2.131431267164454E-18  4.675907577092443  3.593086399330759  1.977406343394337  
2.026627847184708  0.6191601603837741  2.0463656086306563  4.618440904882538  
0.8836511438230229  4.862151939193484  0.5204479508850531  1.8627823534384111  
0.925374864770136  0.9483446842593869  4.983349250400122  1.287276186304167  
4.849393243052293  0.5969122029843003  1.0129271170503313  2.5943121378058973  
1.2444824378586805  5.712140314395518  2.408358404663501  2.66989674753687  
2.43324865531808  5.761455963786254  3.5775208577655864  2.4795974847882527  
2.6650167839333103  0.458700428290741  5.031187445833439  2.557929168993142  
1.7459304930797934  0.6001231932625333  3.2821460181293083  3.954107116288855  
4.010736969846638  5.178435905927223  3.9965316453297537  2.5639402173691788  
5.170256528262557  4.291799221353679  8.1984150127624885E-81  1.4611056317005822  
4.486975911445374  1.47585347320397  4.369565623685037  3.337936835834386  
3.791243898176949  2.892369687343854  1.5228719947668687  1.161791082522336  
0.803623849982383  6.130188337880283  1.8443244040378977  2.9192578665181954  
4.304345301238928  5.159395913291378  1.4421385393745838  3.2688684687790497E-9  
1.5379695934940647E-12  2.9900129023626665  2.683643526439833  6.419909948874293  
1.2494976920867351  0.9744777049473966  1.6164555564793186  2.196829103479346  
4.012814791232441  5.086345977378487  3.005012399778521  2.758109192349856  
3.570353117563325  1.7704863761337482  3.476317344086499  5.099858840607528  
3.8213913803700823  4.138004070526254  4.113149183554372  1.5213240882421606  
2.8777798127197483  4.065914908895252  4.500118056687621  0.6102655030035427  
0.8891570254485847  0.578382727245027  4.887121481270007  5.962929177612434  
1.820581183198445  0.7397795084307024  1.9447487157136814  3.0205023518055216  
4.168524207458021  0.44809103320810295  4.072761715146994  2.452592326878792  
1.656198427923862  5.073902020998464  3.002068038513766E-8  2.9360824545244  
3.8537580320055143  4.532169058993734  3.423663127733955  0.8888360956518236  
1.8237770906939272  0.7504288168727269  1.880468422476812  2.617756415353768  
1.7719933363790479  0.896385954721879  1.0851324065818422  2.2054233699216916  
2.0602533603881166  0.7980916235959156  0.4221603134776562  5.888783576597013  
1.9878279820034694  0.7780673512609974  1.4091400919477242  2.854049877542952  
1.518599678224727  0.7354836115396368  2.215191036236375  4.802636475428135  
0.7626107773874167  6.60472511664211  1.9698262602067729  3.1318721122283053  
0.9966411573840881  6.4598976299514295  0.7710625885262709  3.596082460099792  
1.4658610657757674  0.8888248330426397  1.5640651414749354  2.1262076166236046  
1.5075240557212175  0.8790909334840419  1.3855213826932966  2.927708060865078  
5.330968056471162  5.077461533524518  2.3692729934900747  2.16103479204407  
1.5342519041016023  0.8173757252221672  1.82461200275367  3.4952921858136925  
0.8005342299472784  1.2931588032694534  4.293307064424182  6.358783382344897  
1.3803186191253007  0.9190447582050839  1.1441991989772653  1.1694664537077746  
1.4575405558290826  1.0113374916624953  0.8250551897682373  3.0514912756591692  
1.6232794374437278  0.8123609463684509  1.881990030883774  2.303287956873095  
3.9436422991250852  0.8457725515373071  2.213338029683353  0.38418577037566176  
4.038360859138601  0.6204521426093718  2.7691778191941294  0.7435031364779094  
4.8713875999889025  0.6540064667527793  0.7909030863410184  1.381371629014049  
2.8250423335229455  1.4299382628389599  0.14570931088402797  4.6978453328467555  
1.7346214983667048  0.8099926286697648  1.662203697883365  1.4195284055103465  
4.101497961214498  3.0019395498242045  3.9326145757454087  2.675234134398108  
2.3148364790445295  0.7363955190998525  1.3438847548463488  3.634876751689097  
1.8578397823141983  0.9033508898639039  0.9981548490782163  2.0003580471336906  
1.4156852114520546  0.9203342383889664  1.1230135395109646  1.2918347999169162  
1.451799812565673  1.111900316385887  0.4940513462236925  4.931780708619309  
1.6674150232525147  0.8373627061326293  1.5704271082566905  2.3245277551321166  
2.007172387355746  0.7632647482978621  1.4976456974548178  1.778572178587914  
1.3702328887458877  6.121503276082957  4.55665217604039  2.3689936009234795  
2.696938969756278  0.44485427870763866  2.2448522990770323  1.4288370365466345  
1.3274176677287433  0.9382345011898384  1.281940475399807  3.1956622163866615  
1.9100078167585404  0.7605589492277098  1.29247774599321  1.7290057396451157  
2.4355985910029934  0.575335940985546  0.7155903573118236  3.5646224807568996  
4.0893049292324575  4.19991407597852  1.7783212110390845  2.8784435330985376  
3.3828016997011363  5.691156996637401  3.811229159949664  2.001963150889514E-12  
4.637917345927935  0.0713649038652135  4.277911171628036  3.2647345765705684  
1.9226604308388424  0.7586593102178367  1.4328885205337263  2.633106261748101  
1.9942701298577408  0.6963655894320829  2.0132860875605267  2.4747486379171084  
1.5272797384859678  0.890394864553412  1.3904750943416526  1.5221965030267526  
1.9508494957751126  0.7341217055809806  1.803803166815894  2.0013800795827827  
1.4690774855744348  0.905995606721295  1.3406026493124483  1.4615297698245453  
1.6668162262218267  0.7954867248155694  1.8541121654808992  2.3580231524004223  
2.3224022093099475  0.627161419676703  1.9637542712787102  2.051941266272572  
1.6249155369286294  0.8147212484722586  1.7535727783111945  2.510110720983724  
1.2552768453752818  0.955193438874272  1.8747182308650014  2.4901714523903795  
4.3136134953748115  0.42241965358749894  0.5608344193530109  3.2761842045787106  
9.722725789847277E-13  4.355413816193991  4.327818712125445  3.2512108798810404  
1.2314014383447907  1.5206626300902928  0.6398702568058796  6.124263232894094  
4.055303996157498  0.6125388380194084  0.0012253727422475045  4.493499100316476  
3.9153719180595266  0.12963604403545478  2.1256702302229784  3.855856070435566  
2.2895273161944414  5.587100300809719  4.171758710093007  1.3431190527450692E-20  
2.1420158249487877  0.6141632309352958  4.053874447312617  5.635742209765776  
4.603741864602829  3.2960020424041905  3.3828548202929425  3.015929788971265  
5.020104858742292  5.618381774607324  0.07680282669723937  2.277887414514397  
3.137033187740587  0.7624949052221192  0.6637153936839568  1.504468708132402  
2.1172714645849813  0.6179850178636903  4.490371920530145  1.4258538840796093  
2.7239410289499366  1.0918152585627776  9.660134533040212E-7  6.117099549570629  
1.4064177458196527  0.8607674432555721  1.9389340297429656  3.303516669229018  
1.4581661514802473  0.9276163099618527  1.006481041393655  1.3795580595308075  
2.4185612955524873  0.543760577402791  4.494416215482242  0.2764587093048266  
1.8175532225010476  0.8104515135096173  1.4171522944400905  2.2887800354409538  
1.6450564339856546  0.9342080766974168  0.9676771224271621  3.5727910225856743  
5.124601948700425  1.7009779216860978E-9  3.63443752275891  3.830481626074819  
0.2053911790632869  1.239473677100476  4.084491732574863  3.6360079781758823  
2.940411833161055  5.639043971794127  2.746068038301569  1.4649338489688477  
2.8851440376864357  1.903955874155802  4.464596250229197  2.7656502734821578  
4.242387824944024  5.573499669601314  0.571445010257444  1.4714017148221243  
4.049513495952799  1.402900090056732  0.0029152556760071234  3.443585101603765  
1.6701792137652878  0.7833100487292458  1.8756517008710456  3.0934388113061093  
1.9648542000520093  0.6988125675222022  2.7302918079300387  3.072117710692168  
1.4963760457522315  0.8456472020764993  1.6396666344809516  3.5493553081109774  
5.710405303124056  0.2810667577137588  0.6779951084134498  3.6722375659692763  
4.572661814476744  4.328027097453246  0.3393390958065157  1.0015535993208464  
3.503535367095761  3.719249619358386  2.711873452235588  1.5916025443473627  
1.8738084130739228  0.7636164538267246  5.616104688422178  0.473971418631055  
1.3997385367362527  0.9187532692871005  1.0993298306587118  1.231446443373319  
1.618442381813457  0.9051765257071085  1.1376076730066091  2.853483542180609  
1.4026289721187821  1.0282657677450362  0.87329286122957  2.5108896350193457  
4.554953395805708  0.4461067142491276  0.9754084495518506  4.942532581823312  
2.6244451201502828  4.4528917862738915  4.230213138641098  1.039510388544775  
5.801097136009389  1.1826691511538194  0.490251375172835  2.7151537915828916  
1.0579963665910401  1.0022023486843739  2.0908828347183186  3.2577791685432573  
5.33338211385248E-7  3.902933881292029  4.393398419472521  3.3078750624196904  
1.537037366613781  0.9105732099885144  1.001399783555574  1.3740645482772398  
3.388690263701548E-10  3.6688550297209948  2.8843238390028403  3.421847306545  
2.663841462049582  0.47516406024376406  0.3152933897873873  4.226948763726778  
0.9590680526797225  5.9218977529659895  4.0504859675280045  2.4711830631156192E-14  
1.8433713196099455  0.8774134381837253  0.6952556635208498  2.908241416097744  
1.81902482385123  0.7638671732244243  1.6330593873652728  3.6584620086377533  
5.436273657860481  0.7528200595288501  7.379148525756235E-4  2.3441922416614336  
2.497105777581439  0.5313641299427438  2.374349492253432  3.7522449524590042  
3.2035580220154953  0.6384971375497418  1.141449488847883  4.6688269830855615  
1.7893179060470492  0.854888353833244  1.206073837175352  3.424605163900629  
2.1122216065763784  0.8230173922643015  1.1360405206303705  2.4983422854568986  
1.1051623646223414  1.0358440595862033  2.251103047323428  2.471590706912567  
1.5600205884732763  0.8814754915428992  1.1228358147120825  1.2895232924301205  
1.892526047274838  0.6995519104334161  2.0998736676816865  3.784916874118376  
0.39683650355986155  4.630873048975548  0.9672636692011708  2.575399983680758  
2.1390789663694303  5.7030579992892  3.5761968498890973  2.5873304573476745  
8.445390800608259E-47  4.091987049814843  4.549742003882151  1.915199016151547  
1.8000505838210241  1.329534198797058  2.3114874692697462  4.1073450943163285  
0.7199651723669339  3.1908093267328588  2.5581246762042658  2.1076590388820144  
2.3199830490504505  1.839605255532834  4.899303807169834  3.414680928524479  
0.5036316789314442  2.6747618173631116  5.083100601576865  4.322203449993032  
1.7487535253410453  0.9275064660332625  0.9050384608234844  1.6580034171689595  
1.4522796772619921  0.8110683513344584  1.438109769699122  5.047721291922471  
1.4366006867802155  4.7282721634627505  0.3463979263794  1.936432443330082  
1.2585902139428506  0.997170826716849  1.478682268325161  1.8298719954005327  
1.412692034238897  1.1029167454764526  4.475469751923959  0.4788451299511658  
3.427936538859766  0.6522979784792079  0.9036522286981503  1.0023289440823937  
1.9092688423372743  0.7368688215442394  1.8618928509073946  3.55137189842493  
1.82976308647777E-12  6.15837780629945  3.275004846209851  4.07219282814811  
0.24520333576436168  4.367458899351694  4.5907496219783175  2.28177246900061  
1.326188699328751  1.3755795086566036  1.1859745011411387  5.675068447630355  
1.2535126543849433  0.9458556934448719  5.697354631959764  0.3660301438293576  
1.5734950451939878  0.6471662307685874  3.3158553651475393  3.9328408347944084  
1.415640059929442  0.9117981442888435  1.269532027326311  1.2528749046299728  
4.222396995621868  0.4539643025647106  1.9776355335334126  0.9424711506237525  
5.236372286663389  4.720208199953638  3.601253971126605  2.137101871150479  
1.3993259792149193  2.422917709306078  3.195947024132503  5.974442782144549  
5.163409236113412  3.3101542771611063  1.6949677553968452  0.8984335745743625  
2.4497968793954508  0.8243540374079995  0.841292114551245  3.410057877857308  
3.414981199807973  0.46629371585162804  1.7814732865655718  4.781101241831229  
1.6062133847942694  5.850390325303999  2.79516061783615  2.6435019286920916E-4  
2.489186069118269  0.5551384969803231  5.173090700073652  1.412342845467879  
3.9762042980536836  5.324007780962622  0.16580682427611493  1.2386760399011554  
6.798879855776936E-13  2.7121746847166226  2.806867487298203  6.591813254931896  
1.5350481503410887  0.9323333078088123  0.9744682385171775  1.4634386077307997  
4.807976698353695  4.9638848421724235  2.9403017422263713  0.882357816188111  
3.3289274896680707  2.902560009877334  0.0029595995905905594  4.944898583899676  
1.6965686698793752  6.366541939549983  1.680930156442202  3.1661725553895907  
2.1528589361284194  0.6223819905627669  3.601655051397516  4.675095367600515  
5.887258736685617  5.934090066453995E-4  2.154119279440283  0.8885176629746894  
5.092610795133193  4.566493961998234E-32  2.836368589662218  2.074146482893681  
2.9826667689855775  0.15022023125333325  4.222849637881373  4.895423666159371  
1.4249978244927635  0.8953198877901831  1.361410567252075  3.451276864309191  
1.4693731597705844  0.8481397795206376  1.9782804763382824  2.953986115023397  
1.3852516187102888  0.8826635895400589  1.6991968333073577  3.015569661686339  
4.532923870495351  0.13232126241617942  2.1093753258334234  3.3058088141942554  
4.835576522311945  0.5566331087974843  0.8732878644937387  2.829914294794941  
2.0723136069085766  0.6986122590137697  1.88204487184861  1.7865665406941087  
0.12149669187027047  5.0927079569398614  2.091406112873401  1.6269140307211771  
1.1164482459986564  5.892605922152975  0.4678303162227069  0.5216070227307638  
1.3983015478633065  0.9156415514912758  1.1337547052600234  1.190081417759259  
1.4517979982878553  0.7719896831793374  4.94715477131189  5.468056274253292  
1.2720870636265187  0.9290139004039116  3.3475704746111377  0.461283920794101  
1.441747722573385  0.8355680421004263  1.9366215857114895  3.75311491258708  
1.7219782346099317  0.8002596281511088  1.414270636971792  0.9903503980914208  
1.3556929626169765  0.876724789635507  0.8520776743218597  5.08012802582666  
2.0359589521520993  0.7862276318472097  0.431417642845924  5.717901882079684  
1.428864334264636  0.9326985506169571  1.0175882698947936  1.375303459086023  
1.5601879707263528  1.19682475874993  0.552369722016731  3.5135705860653417  
1.4069481745209318  0.9167334400677537  1.3618085396629724  2.6518177573468487  
1.9801866847243612  0.783782432551725  1.410391408781879  2.305327107780359  
1.582049775062634  0.9582790793923079  1.0134687982796906  1.9972575508747688  
1.212495961844387  0.935014877591519  1.8735938131887675  3.4814626196609466  
1.4186408889600497  0.9317812107343489  1.1853459813618359  1.4433090639393633  
0.0022411469774846343  2.7251755265980977  2.191600074276272  5.5467463126521  
3.25047160900938  5.4801029936557395  3.7166584086600356E-15  1.6777444956546412  
1.1554675289287095  6.434223890145959  1.5210127628116659  1.0941331551541789  
