0.790242075984225  6.914233162342345  6.880440632813467  2.9831832599065713  1.3606889106599815  4.584072352686245  3.632280929827848  0.1790389844439228  5.3516006868119845  1.320466036840184  
2.181578680239777  4.252404350857016  7.464649457732176  3.7198310376348487  0.6843819857576419  4.097477971868474E-33  1.5420691496205672  1.633853260389012  6.2362847655454035  4.194689417171119  
0.7187118526031998  3.9198642389783642  7.006052611980493  5.314398918024493  3.2427873945286896  1.1399254575379245  4.3375300154666085  0.370548229353664  2.963539192089871  1.011784899528478  
2.345315187045201  5.596630781265201  4.915263908364607  0.33339593217964736  2.1241935561940513  4.415517407155842  1.3027004052606303E-84  5.736715167075378  4.855903670366388  3.2234084775692446  
2.7632246690460134  6.272776497479226  7.24446563989614  0.13789446072976697  3.6164731808988066  3.2022904174554885  1.896014065301541  1.4812169190175832  2.9587093324481657  2.5726258199776266  
0.5640152863834594  6.416139603499447  6.488856031438922  4.4877019944177015  3.6098423434502203  1.3791790587637813  0.39773937728465947  0.09230103582458367  6.035922229212642  3.9553943630468056  
2.203455555790164  6.304743682129596  4.412686933765336  2.1671454673905215  1.973655064855332  3.3267807120373285  3.492114265877619  3.714296695057122  3.174469904524263  2.395765390315016  
1.8999699643749202  5.88444214013936  7.018616650480361  6.45509020808767  1.613826589258155  9.64727729137021E-59  2.9088737189889193  2.01055457070369  6.389399480706734  3.035291911071519  
1.785930066478159E-69  4.0511549573940275  6.85611767484942  4.115797546075051  3.4199500557000677  2.0761170083341005  2.4844038477680686  1.8347484704431036  5.17902278340026  4.019759057779917  
0.9874522384435397  5.320087402420279  3.2608969666208854  2.878195687831237  5.781912713220772  4.368809961033558  2.6226648428451944  3.48240791585067  5.255174094483047  0.8435657782885851  
0.16375676759436208  7.852924908577628  2.310231790357254  3.843283519189523  7.554179781933247  3.547328192291243  4.488503219054599  5.9152015753741234E-49  3.4595261832383645E-17  0.9202837941398762  
5.846471434590808  5.943509909921477  3.647796812832442  4.531522581531108E-210  1.0182444574146943  3.887490700985041  0.9777424234056169  4.035740597936499  1.695906356087011  1.888524789602562  
2.638347272114958  5.353628205883565  4.0769493476194745  2.6546364112466874  3.3933892542817676  4.298873214873451  1.877145057759102E-71  1.838905443367026  5.458116718856313  4.457847817256582  
0.8986455128905799  0.8163122750755714  2.4616446600629485  3.1603459688612854  1.7223859059136486  4.405491375888133  2.686690748871517  3.7618991448430994  7.847028794692291  4.870250562175073  
3.9082150824067377  6.9778114223622E-100  6.301097665813286  0.8315886372148341  3.8179245947292246  0.527272310423497  3.7584548472774038  2.8905410681861077  2.1792940927727105  6.154863923811352  
4.378326031518493  4.3369630917941215  7.089419196481138  5.888692653496371E-100  3.143652428868689  6.168088671083048  2.0466314998713577  4.4365048078346065  4.832434549089019  1.9413681457094594  
2.4986887598121645E-35  6.472311220052806  6.737626122728816  4.779869795572814  2.4646647465511924  1.9249363754077569  3.3619347801067905  0.5275241915062532  6.208264314642016  4.374179084322335  
0.44925286585567054  5.238563436928574  5.725442139106228  4.3898801992491085  3.8318031671843955  2.8737600823059664  2.263582409332175  4.154599998060348  6.16531862969653  3.5387330903728675  
2.629802545519318  2.4326238994874867  7.355110459608164  0.852602840072387  0.8099959081707048  1.9513958744896764  2.7832372530945313  0.6830303523222848  8.47334308822827  4.669153212172132  
1.4491609342935128  1.850031526264428  7.067429985690643  5.228869191862331  1.0091005153211337  1.6171620827150263E-55  2.638649004597739  1.9643364455212695  4.320961052985811  3.8435621807850255  
2.2470276665865008  0.026485106000670385  5.079573382764222  3.8201978152769605  1.7905647493932058  2.881042022094895  4.133213544803524  4.254228817972455  1.6162636132461106E-45  5.029687456975465  
5.097385096897736  4.42828670807713  4.661468028389727  2.1283689981060525  0.5447124045031249  1.2356121916078824E-37  3.7192787535088336  2.3339539808602323  7.478723026059328  4.384767738632657  
3.751071481799031E-30  6.604770453695956  1.7613009223336311  6.820443940123702  0.4517224428510654  4.334637085259295  0.18057769714417485  7.035210641531432E-16  6.420101794345398  4.591357247219207  
5.371890441733021  5.210195183085546  5.217958944988887  1.5763795957067384  2.0284467951896104  3.2515548670782692  3.5476823905190566  6.650112804429984  4.142212188722828  1.7499257137822915E-177  
0.7102147408705994  0.3118068053584807  6.761203349119879  4.831610174415294  2.8337453295952524  1.534418901498771  3.638719098876814  4.448969674872256  5.901545747695603  3.10622554920385  
3.622727882134211  5.86506588837125  6.238769241863378  1.8033619592946457  4.254345147825351  2.8157164002674837  5.5844470858163055E-18  1.1837577922462887E-46  5.378897916988424  1.5494483867401958  
7.198283216323271E-77  6.561206689879681  7.196568658908755  0.5962543786719386  3.6043882912449297  3.7968306155497222  0.8817502695036301  0.5675947301326845  3.817777510146488  5.375783296225255  
3.269867939130552  4.723557223902021  4.588664086217527  0.041409985302061705  2.4144997077993025  4.209872484647064  1.7507573569709829E-37  5.335654836835381  5.946898905430653  6.253461134432172E-69  
4.351077434319924  6.065530670960276  3.3524954266441446E-7  1.0130581301053094  1.7031918185874824  2.2065514765045346  4.745996069310695  0.18018223478805775  3.801700806719272  4.32872026902079  
2.275013404502949E-16  5.479789303483893  5.144684274963029  1.7963636971047383  4.596152476913672  3.535113661798051  2.328833313051071  2.139782288868851  7.215509466406439  5.118892237355567  
7.054412253818082  1.503983407236339  1.529704490552699E-59  0.5733387388175228  2.5933771206110077  3.54662329628012  4.3764887059756115  9.46360100004337  1.4835654093760327  2.538713289551194  
0.8365096955571996  2.837380417059005  0.7341605897177808  3.6040649804347646  1.108716171997586  6.440747486448058  1.4774622353147961  1.3373331724315507  0.09563473483220414  0.6178724776190531  
3.6741301023484816  5.6703492043941655  5.121046206658584  4.519422577358274E-4  6.923119754354474E-283  3.3411674907174826  1.4385605919218758  6.018857969461461E-6  5.639582766676195  5.694117997279619  
3.730933194071941  1.2719266559027733E-108  4.666916785962695  4.933949651918814  2.0974438481975057  2.856277435897094  2.180762907411449  3.1696002549361606  5.0345720564294725  2.013435804246105  
4.845215603686931  2.4036933066941515  9.272216729885088  1.367399834151706E-4  2.016137771424687  2.7654738951459206  6.44494238095904E-13  6.921956539826125E-35  3.3203998568110507  1.2087991278465178  
6.173178047087126  2.5555888584332256  6.337016165975614  4.118106807090015  0.9941693671739683  4.4879895462609625  0.2235899083702623  4.648443376322476  8.840429274620347E-16  7.224269433509752E-29  
1.1697821356054152  5.361612234909313  4.7859512841344305  5.935089014237233  5.432305911969309  3.6053014991871826  4.484456931359351  0.014888710791411483  4.953520923253346  3.8058953386116015  
5.122409929776636  5.74782704730697  3.286002330380868  2.750043946999362E-32  6.731917580660714E-31  5.509525224500661  2.4047687507265785  7.264986095414317  2.042443244072791  2.008590215918097E-14  
0.8945474560946632  2.2722502899335644  3.741652668760633  3.287342440662916  6.46377312959446  6.580153608408839  0.9299381564169356  0.8845236445235782  2.216894746480723E-43  7.544845865598374  
1.6504179061363466  5.84070578126909  3.643336213641886  4.616507110346977  2.7611811291921496E-108  3.1069346414138908  4.72252762221511  3.423040186239554  4.6349985725683  3.1762804712549944  
0.0017244130861826807  1.0782943795767317  4.905395454037144  8.180097672607078  4.488525919934951  2.4439659611153224  3.607076901684766  0.8035970275775169  5.713381158194515  2.3807266906776485  
5.973952064176345  3.262360132013453  0.06450086266948261  1.5351042308633671  0.5716663772920303  1.0071917634335232  2.705904832624041  7.36602273903111  1.3170586314989554  4.579737259755463  
4.113272663792506  2.5124320924814026E-17  8.594630596535744  1.8195860109087374  0.09754962261729781  2.4296800388097926  4.118956526828648  1.3924123045762726  3.0275437737796898  3.5435696776404058  
6.452172441974869  4.971589469190695  8.077629748128185  2.5430691044479574  1.1008557875751885  0.5061845235863429  2.201317620916148  4.5019182979725265  3.426585147591602  2.1098182099645353  
4.7673557208319936E-32  1.031839311417114  2.683252863075002E-95  4.572507647508655  0.5370897019218404  9.31717292956435  2.863601302670911  5.706229606272344  3.265233965792696  2.695884894884954  
5.17557962268845E-12  3.1670963440679496  3.247766273251815E-6  4.173654440168189  0.2729774549471475  5.638800801696355  3.578297368215964  4.79714785938047  7.368271181121088  8.409044325403062E-5  
2.661859829494432  5.716363836468226E-17  0.0014273668056388822  4.491064424649818  0.5120115267843824  5.408863001150658  0.25059927758462874  2.10890284634335  5.631967475702037  0.3794007597644913  
2.2048658121767577  2.636833443201968  2.3024394349523613E-34  2.3327214606790793E-27  3.8895708035936094  4.1003284943813885  1.3447537879118643  0.9062702376124747  5.993631802883062  2.7977503941848454  
2.7176230844787033  0.9661449128655557  3.415371071236036  4.376483870978993  6.058271108296927  1.680631760219644E-14  5.3395432675148236  1.1779081169368995  5.566462744281733  3.5267948623031673  
3.4605984976952664  4.277101022394302  1.900168300155527  2.8477068449263636  3.892101068590977  3.0706750113828565E-55  1.7324407773174104  6.318858841630323  2.6256173138545966  5.8545564566901875  
0.5087524104177806  4.0435361030858723E-4  0.9374350504096242  2.3435883883632034  0.24114860856335754  1.6705414567991548  4.7150485934353785  2.671065061772961  5.307452213931277  3.694889473781433  
2.1337827838060757  5.84154351317427  2.5034529530165477  2.908379341791889  3.3358632605290914  2.452946689500783  1.8322944842695021  6.8102713333839136  1.4985183747250277  3.9684890556181616  
2.300321601281219  0.26274865896299476  4.105865306765385  2.5953165328310157  1.7795984462154617E-15  7.436337747719801  1.2007745596104487  0.08228783536783985  2.939362076036225  2.666995869524526E-17  
1.52895032633776  1.4001688917906974  3.484158729157958  6.14027680434922  1.2560320764007427  2.4991830350541435  6.278757560175689  0.7907759517096286  0.6525625294562777  4.143874070640599  
2.7508630375853236  6.610859770381328  1.253451506360167  5.430912368550486  4.146718356489932E-81  2.2667254524309883  7.950088618734486E-150  5.1312827597639075  1.4708789635556456  5.394353959763744  
4.862770573779732  4.559810169614364  1.4696043152664814E-28  1.9164179760850053  1.822452270240231  6.934666637463911  7.933356670681826E-50  9.003447714081087  3.9366626029251397  4.0450785709771615E-56  
1.064797817499471  0.8005458401110778  2.3650365455058112E-34  4.159762158807466  1.5051560137241178  1.7285953716624438  6.71266168105429  2.783403077507231  4.522036534530969E-9  3.2016491187817704  
6.7389846027012075  5.238389382825373  1.0853481391634807E-41  1.0523411797872607E-5  9.717922151253642E-94  4.355461692762314  4.773078712772542  5.658443016310616  3.2367942958835396  7.584635702712976E-18  
0.8178570945064869  6.527358880743867  2.644256988579442  6.824324705839585  6.538477116123781  1.035234177675565  4.464988133870652  2.258326060044638  1.8995069635437358  3.6266429936270494  
3.0970925479724123  2.167053095637088E-27  1.0223746332399943  1.552550838760975  5.204666189208837  0.5939566898535801  4.967499007002007  6.987558538723042  5.517671972521266  5.119755327939026E-7  
3.2868303944214663  0.06640640113985385  4.472018508125406  2.7722208294576007  5.210914710332155  4.287904338763913  5.120768774237448  7.167137436546604E-18  4.415953182801182  1.5749613423226705  
2.148280863065116  1.3972294693481988  1.215496965383877E-17  3.6673232281309076  7.3149876947666135  2.9210907573327418E-6  6.491056354434768  7.847325068817675E-86  4.453392100216628  2.8654127870437467  
8.198805133957533E-4  3.7694773686807124  3.601018288822461  3.4205997430827675  6.198669923671076  4.591980985212065  5.226628098839218  4.945754961017741E-94  4.829305290414495  1.3467621793711445E-119  
3.856695372197056  6.030888868746119  4.65450432924392E-6  1.1346153382947317  1.6559755239804026  6.119131260983543  2.2894844428101426  7.495940383556093  0.7946138820499188  1.8919769045103703  
4.714364283287884  6.05631496710168  3.4542704635329644E-15  4.937057843718038  7.902498045389925  3.482879938211982  0.8339629951397122  0.10723986868124852  2.2710089622051757E-156  2.9871919058177836  
9.18236463854631  5.124585832127086  2.344218263332484E-19  4.1949402807605544E-68  0.45798113429559545  4.130923054824454  5.166891622812825  2.1022686669404123  2.320173612613334  0.335138480412083  
1.425633887494178  6.794327797969368  3.3090892450636638  7.706010360071183  2.1662712518944207E-26  2.807474246393688  2.2202459170446497E-7  2.1793983961847845  4.460266922337067  4.180764655758716  
4.488954610106038  6.103555366921501E-25  1.3527733088601732E-31  2.802135672422541  0.6595460708373211  0.6943691852418563  3.2550742811565154  2.7205921842957137  6.403656896755242  5.553604372032828  
2.3984105798858053  0.2101072518761686  1.075291516381627  1.8332931992292791  1.4082772485321615  2.882832012627984  1.6458656733455421  1.6740605712321273  1.4169341490414173  1.632710618737245  
0.34946227461506646  2.937061096169671  0.6665853103845689  5.058079283076687  1.3782832748762077  5.399323846556637  1.234061408803926  4.377888107551028  8.301870214922724E-9  0.6588777337558576  
4.27710207293513  4.925618442959584  4.793582480710872  3.2124046923006704  4.246387947127619  0.8138101584874736  8.314269977310265E-284  3.0521420282077947  4.238188749348371  5.7597378511399615  
3.742731927686152  1.4901826083133092  7.8119388301000585  2.292269394075003  1.31632038589625  2.6287550358871754  6.111283212506694E-18  6.086614688963423  3.711290715943991  3.3405556536429696E-5  
9.68365084141292E-19  6.661216077977755  6.200294407784121E-8  9.249584851596342  2.690499874216142  2.3303744149998367  0.8854538353238208  1.5529591428070923E-21  6.229862147742808  3.1108569039138496  
6.0726303030736375  1.0688104304031267  1.3930643025123366  7.062926539435052  3.290116875492202  1.5922759591670103E-13  3.531799957816264  2.70360405806163  7.169245425934346E-14  4.378670015092595  
3.846706300275552E-68  6.681116758483842  0.6747094346909723  1.6357972234323062  1.0013093874945072  6.390898427906195  3.1861447979103503  3.6414087152377363E-32  6.245675322641963  3.4710017954316212  
5.131604071723357  2.651600309331012E-30  3.092643847223593E-10  3.654348110666815  7.109372226848167  5.784698931475016E-5  1.5827872584876856  7.625164830853468  2.5748427445328006  5.585442226683358  
6.234288958955817  1.2901032533441571E-34  6.927850627876015  3.0655210050473807  1.9968267314347175  4.1364418667548343E-13  9.319196698216539E-110  5.600656211433922  1.6636523368788778  1.1346973532107856  
2.237893972987541  0.006278154402385019  0.903406090487899  2.6467579767551626  2.591446170768682  0.5231343253651267  3.848986219407116  6.815368160743824  0.502389253232857  6.029298897936171  
0.5236711933992306  0.8750607270174178  7.018956485568005  2.4304966321776083  3.739741809789536  5.426634024266633  4.9825046343745925  0.7144687418274589  0.815413584831822  6.20663335209868  
3.869723967957822E-85  5.114188895990252  5.449619833545831  2.0811839729484625  4.877794847082427  2.435030795057521  3.6974607476860255  3.0881419068287554  7.844021106794714  5.219987864273789  
3.214075117855947  1.6297592040922848  2.0132350745346606  4.3378957798438185  3.982074951087758  3.61104896022899  2.0823739968588413  4.3173351154518125  1.0356054337208289E-82  5.646068146847121  
0.41126209813405923  2.4630611725007996  3.71844270165591  3.6841771121304467  0.33495771851577666  5.858755765580358  0.8571734445588984  0.002026272216489897  0.9128507820144661  0.3242517753734063  
3.5321315117166736  7.131741310450767  0.23302362185673098  4.998694639989561  0.25291875791091284  3.3381338630444786  3.296203749552411  0.8730114543151454  0.5099643522506383  6.183166305931404  
1.8795319438248155  6.0939110814279704  1.822113732997789  2.5528104041336723  1.3183025790914737  6.353439163130397  5.765261619486817  0.6154120314985043  2.4992632120003124  4.6010322325618125  
1.1893726393390287  0.009894928876946815  1.0367916246030076E-60  8.443615386134857  6.6121566810594175  1.7160408503047173  1.8722025731944234  5.3086695471739565E-80  3.59736922858825  4.250069588035903  
5.909031379007336  5.806075310712831  3.073703498619459E-23  2.33973429938914  0.2304269115888526  3.591348441571226  5.222318007020186  6.237704189153386  0.5803214379210797  1.5726819612391312  
1.2110129649635735  0.17739765687728226  4.560771054527147  2.994131786129536  4.401774491209252  7.652810355198437  1.867848185919029  1.3106304926055912  2.771133313254686  0.8516980673938366  
5.609267411960031  1.8483344617886242  2.288461530243827  1.4217989596401943  0.9602853631620009  3.194001144957573  0.4616840313609917  5.037011382245101E-6  1.4100144305185556  8.847930056564902  
5.415486230938412  1.3909144565002063  1.9980098221834728  1.5421447860406958  1.8152691260025782  0.3273492185360816  1.420491797095042  0.5519776318984916  1.2573562151537179  0.2848604456811187  
3.200372095634826  0.19336766831151142  4.9860651687343545  5.649437608974094  5.4024010793746425E-74  1.9437670315310949  6.083326816341219  2.664215708112524  2.3290420460638392E-4  3.796399130243922  
5.161234667766246  6.119387885526696  5.963478182237405  1.9588745897637931  4.292695178501375  6.245263724735356  3.3496124116616763  9.09779688631923E-31  1.0252712554812604  3.5782591608761467  
0.12269891472496072  1.5317529029683308  0.6843879549240158  5.50596515888789  2.943000954564894  8.548224984782747  5.557813386634229  0.2877199872028605  1.052360940540168  5.180072421220473  
0.9826217465900702  1.0868197509363584  1.6162272007687686  6.6884061229163  0.9761991492475752  2.7466492468070047  0.804577600937229  5.6818600052987  4.230536187135577E-6  1.0231892729343226  
2.321008284036433  0.1633055659156571  1.1222642314830757  2.147640385027877  2.056723015688672  2.604832267504061  1.3073826273374787  2.1331795396388196  1.0546225675385275  1.3631422251342116  
1.685519253628446  0.12355990998691382  1.8790040346102707E-118  3.048017155894961  7.486921880042823  3.9584585466551357E-137  3.0177860776599217  8.670083919640842  5.867823177037032  2.156451478148892  
2.5524037505524904  2.0368044008552713  3.287560514177616  0.21364551267049353  0.6825728640398406  0.8361292705466681  6.217271060344625E-16  4.922286378498695E-9  2.263384061760208  6.5096912607595305  
2.554198669089222  1.125677672068875  2.5532134721107905E-39  1.219511710297162  6.9794578003637575  2.360921499001354  0.06146038571227585  3.099611792167264E-7  6.398864267775084  5.063247297017976  
2.7673083111268737E-7  4.16816868695333  4.831322161781432  0.21122622574790023  1.2294678065505675E-128  6.522419647216703  1.2010625082887  4.728664030378178  6.9824163101882535  1.7621507492810866  
1.912413550664765  0.5656593789743732  1.0819172913544666  1.0910746976458674  1.2296218362272655  2.4914162198289747  0.8552599254592919  1.1962414977618216  1.8907793225941347  0.9287895643532451  
3.214640980180941  0.46566068448291464  4.1794098776027955  4.474789522787013  5.254378903689361  2.870315563576973  6.530105099244339E-7  1.9628432048361253  0.3428634015952491  3.771800161533529E-4  
2.86253113850872  6.5753875785652225  4.177235256093708  1.9620877130314607  0.15903900761055043  5.938176584745781E-182  5.08637771423939  2.026385924308545  2.9904573022023473  6.048265305511129  
1.5326392851154038  0.49428873362038145  0.9381290125780816  1.3834046786285283  1.4672859807429224  2.5071128731228716  1.0150391059887818  1.314547926296582  1.659719443388221  1.1328708215770025  
3.666609337586965E-9  0.587185181422521  6.906379582818362  2.929508286066613  0.6725924280404467  5.190763833022789  9.940405703143873E-5  0.42648401424789373  3.645038402040037  4.780695454348997E-10  
1.8499753943007735  0.2907506628114564  3.242592092486642E-4  4.512314469920867  1.0862374231084717  1.1337658147756702  5.903671373077635  1.033947290670352  1.3624372980465715  5.537001351654467  
1.3646190680406547  1.7044785128834978  3.8550382261965073  4.027820702209738  3.346600550539824  4.964888943237655  4.424093712022962  6.0711017650000025  3.3380706623858123E-28  0.9634161972530889  
2.1785577969912047  5.813690534990372E-9  1.3959400295380344  0.7577407699732703  0.9475567192886125  4.131243260075923  0.1640837969655164  4.054664919104858  6.888408447277699  0.06342995053846334  
0.8167414194949092  0.5900250412033654  3.2936395067935416  6.687754954514785E-7  0.055977539058534566  6.613594749959516  2.569873390357046  0.6865520869747839  2.8162961611598956  0.11761426569946883  
3.1381034243223045  0.285169496833532  1.224148754103384  2.0017601024330833  1.6546095594770638  3.169539647725209  1.6474655617749705  2.0212594775855184  1.2240894194720044  1.3179427161744488  
5.6049656071390865  1.2749383767310585  5.54062705609985  2.7246712255007365E-35  3.9881660032630255E-43  0.6583566875114711  4.4203007722853425  0.8048710816900307  6.1579820130459755  5.6180771349107745  
3.685823245173663  7.470673382548388  0.40736611388301724  6.589974822619763  0.17885026633224171  3.881847220038949  0.5541704263414439  6.6990995546760975E-40  8.637073488479721E-11  6.293605602135146  
0.4762289921785275  5.28733370462871  0.5690759155943627  3.0858318155350295  7.604578718341087  4.249133361730008E-15  0.44941510886387054  6.409134347612593  4.187069309855518  6.448901150024214  
3.460602928366064  4.9232215538682285  8.586838503775427E-4  3.6829631091066086  4.022995830304035  1.832770493127034  2.9175552115381445  4.949781393008247  4.5565965700967945  2.6620639819522722  
2.4426544932322622  0.2971074548464906  1.1938487002611065  1.320832423981152  1.8974686394351241  3.0541118935043468  1.594199422342576  2.0369535820020985  1.6158971349636713  1.5583167202992196  
1.4466156860670987  1.068239870028517  1.8002024258365403E-30  4.721865128308769  2.1085199511119868  1.2450415251919278  5.70443617545507  2.539857677463889  7.504997934382754E-12  3.3190611320583687  
3.788610673100615  2.6301284122632372E-23  2.439425115175056  4.3030363915574235  6.955357543668687  3.9839057323527935  6.783486896333028E-9  0.959976262824698  5.462816823131083  6.287531719725709E-22  
3.344209629936959  0.016845286100841284  0.1491255921672307  3.1347063256113974  1.5848213168780705  6.857990774011894  7.0522898038909165  2.728281649502375  0.5781086663638711  1.552159925159732  
3.5962341822525233E-28  6.454620361035844  7.995964867275408  1.6947240177861525E-41  1.2722553151795808  3.0039461863026307  3.6089184768146874  6.360995592081348  4.238106348853769  2.927817596124688E-49  
1.2942545321568673E-8  7.500142038960519  2.845131830649086  5.038324797135928  3.7162933367748434  1.854601098801717  2.6920639929687735  1.0362156659652804  0.7707575572796136  5.562488108853136  
6.064369284935445  9.972939385886361E-42  2.132583343939056  2.3071639149925349E-4  4.381420042204674  1.930178045314624  1.7081307630258664  1.1904180451594728  7.925816410127449  0.3114896451071913  
5.465350733862103  5.211047873968353  1.8521483236150895  2.915899528565233  3.456500871444639  1.967721110779486E-16  3.8871911040500176  0.6231079638305411  4.556480883769954  2.4463834169912824  
0.8200330630874831  8.587829777827271E-5  5.3088212273455735  2.8231403742254497  1.2298791306039405  3.957308732563261  4.7052376800631796E-35  4.0206453123486566E-17  6.817443961010789  5.284715782487143E-38  
2.5777445456657553  2.2500897063446486  0.4980814496849953  2.975212324301632  1.133028052235759  1.827992104071682  1.6779917048349207  2.7728059073695417  0.38796357047091007  1.4600555615815591  
3.4983529774284627  2.621082750671464  2.1977358274180756  7.820669718072388E-26  3.722820027324876E-27  4.184294138483878  5.641887714390116  1.5436419805125434  4.982519848955342  1.5300030153768922  
0.6606890740236496  5.910343887285118  5.46580326471169  5.460994695814588  4.106835333303928  1.161155354798737  3.983907711264764  2.9309521924477377  6.301464416326948  1.4870098303044708  
4.676881767519871  6.186748358534064  0.15018275080602353  2.8970656811929185  1.1857899477451097  1.5841202792817106  2.3419626018757373  7.09901035516953  1.8512462958388107E-12  0.9529339276237127  
5.468841542636051  5.55654116228488E-16  6.926573263213555E-8  2.1542370566205066E-52  1.413163135267501  5.279905229989405  4.1491870318755995  2.58059400009434  3.5876778879098277  5.306507565649919  
4.382452820230358  6.480512544857835  6.119727041170121  3.292843894937754  1.618757198808443  3.652922275772035  0.5802680105174958  1.002020391495412E-8  2.455592550208993  1.1918153010796197  
3.426495311013923  0.15758549384940426  0.6890822521814425  1.303440543844467  2.2816741091539283  4.754219603720351  1.9588646507890277  2.5674545970298936  1.5703644775690615  2.144394455718965  
5.473930269270807  4.856959042678673  1.5812355289044504  2.314869224871537  2.3162565151820185  7.522433313093603E-25  5.018186524263192E-13  9.028882970729412E-6  6.992173187613671  1.4745251070397583  
8.975756942932062  0.5667469211663846  3.853159123699987  0.37311253074761047  5.620586111617865E-10  1.0042411399043356  8.294421237270305E-45  0.19346424388373207  2.2940458277865834  8.059315635418082  
2.231777650881659  8.856513430757388E-91  3.485553725649859  7.3397047719107045  0.777408564203429  3.765587277479592E-119  3.8858632298760227  1.3092063064515138E-39  4.108769643489612  3.5906584400440464  
1.4394944492439887  0.759395967295411  1.849944792234408  1.2519066414769853  1.020446866823113  2.2006183559644525  3.5762170060806207  1.162515788286672  1.763261096776317  0.6785439913463392  
3.1540201130699823  0.5131579989095668  1.0478490799894367  1.5658355310326244  1.8125311906821922  3.994409488305105  2.156682393243076  2.3267824431401927  1.4408571636222014  2.1579325561497225  
2.0032830712674574  0.30069373456144133  1.0452651306123462  1.417311622604513  1.5646577340933039  2.2642744093779275  1.1548809518526952  1.423968524280163  1.6412962936183868  1.2994705466646546  
2.2835097216364413  0.17959581166704325  0.21042229343303065  1.7619597824839253  2.1664754754039515  2.1341637288876205  1.4925325848422362  1.8737868950071535  1.3184531668598014  1.4777809091928518  
5.287809346218655  1.0519747446076597  2.117701227956265  1.6426086696818416  2.349751769404608  0.12075549279078501  1.2818490216976446  0.9487146508290151  1.1137610242846336  0.6961242324646901  
1.4250910378030375  2.1598996830509614  1.203381824271452  4.075084409980604  0.9865271427178336  3.6662373737702203  0.9257854026376551  2.7731454234858623  0.13294356065760402  0.6337432902825101  
5.139614725180384  4.117896013388194  5.867475753533057  0.24792903502833397  2.577528403787206  1.217028227416197E-56  3.0888343689454025  4.69607169318281  4.657895840491751  3.839941218165753  
4.55447971207206  5.553260939689488  0.8643477791294814  2.3632304435472515  1.633097178806144  1.85519558145038  2.6963893472663303  2.2861879980830227E-9  0.01969650581728807  8.210844311189973  
6.696258359474686E-27  1.0075504266348843  3.6975993953583313  2.054121354341102  1.4775388029476017E-20  7.709086940421103  2.964296093240088  3.7455637696132666  1.532541365618428  0.9440938657746544  
2.4214397668844496  7.083900949517855E-44  5.509062056833213  4.9574469561600445  1.5543272781916724  1.2560704404679428  5.314809578251454E-5  3.0511048772158245  4.520816023702001  1.4764643822789594  
1.1826274290160557  1.1245688316708213  0.4534629041087929  4.351411676150972  1.3597806542572706  2.8617399751264143  1.7999007930726452  5.511386833535257  0.6033775759208385  1.2727753641944857  
1.2926589080729336  0.4726345459413805  0.04188532111451714  4.592818324210736  1.6452974931013866  2.190128158012038  2.0136567752932373  1.3704842174352985  1.05123670838408  4.527136615052372  
3.55466879097207  6.892614710312507  8.991534354540543E-4  1.8707992862709524  1.2939112286865688  2.623029385090236  0.7522188496287471  3.9770865866017178  0.2760092042273682  0.05801642798614367  
2.291850309156393  3.3837130514444987E-15  0.34371260624192196  3.094885606452371  0.6679458052433787  4.556148313667035  0.35202120632064565  1.6645055795009258  4.616734700696365  0.6160809235752596  
2.419896144490881  1.984135723352115E-22  2.513680556570872  8.93727481381714  6.033774365074428  2.431619806643899  2.216218047222931  2.0695822798934884  1.8010560776985554  1.1818429780577828  
7.506007018738211  6.053298321851556  7.383299110496543  3.1700295549375963  1.6802395737295988  2.182023877362828  2.690828613123526E-79  3.9111730140431176  1.5194326385013844E-72  0.17896393813076955  
0.1795643074364101  4.799996610055619E-4  4.198532508739561  0.0100710570221374  0.7749971248921305  1.7971683262607896  9.749123750315739E-9  6.685953126658565  2.644302991971831  3.0137651233104377  
2.0582508744709926  0.8077140530280543  0.3282014875337833  3.894196281258785  2.137523302619364  1.8395470987926092  1.9031051619041806  5.868535747563948  0.06954506682811311  1.4558544929741601  
3.37807308667489  3.402643134639106E-10  7.5227702286113685  0.6723118449783064  3.5512843949686057  5.886935718611698  3.569179153011841  0.657011005191767  1.3176594181976276  6.7131584684147585  
1.4171568323691701  4.925535033479707  4.840591433112936E-187  1.0280400465318353  2.3546158259153116  2.466067510812466  7.033972820008897  4.631641670123064E-25  0.9364431965683215  7.30841760741058  
2.200575373673242  4.796428481671839  6.245596843553502  7.456698561781262E-25  3.7096878625788756  2.1623127329356087  1.8436637328356702  4.049838518381228  7.096009894505516  5.346508288823709  
5.8483581304176955  2.216651690650226E-12  1.3110222445967026  1.3742113938937468  3.724370438788032  2.770975194253743  2.803403215072879  1.9818902767502873  1.1316577855474232  1.1711846295875852  
4.024960800311582  1.150247527358957E-10  2.187115053498665  7.976269259489956  0.8658060549011488  1.5901690532650644E-43  0.3191160780706151  2.382884945854484  1.799700909780221  4.373041382274716  
2.218166737426219E-12  4.786526354356768E-10  6.530561815847279E-28  3.6831240864817247  7.1008659710024284  1.6892218983240932  0.7808683857272344  1.7904837898837043  3.8244473366214087  6.752199624979877  
5.0335357245984795  8.966289744368558E-8  5.6991557561493265  3.2347614493482935  7.800208856171994E-31  7.767119670410436  3.1292939983573956E-36  0.73941822773715  1.2940162192292965  1.9597380907348934  
1.5674772806375348  0.42035469635104944  0.6850367768543052  1.2255306675247013  1.267002301094298  1.578887961411371  0.8579010144861104  1.4861094455499464  1.817099373139007  1.1976467679624354  
0.6257552689145366  5.453676710185114  4.5018007922272565  2.2248311368788234  2.3403922907440925E-74  1.9985850787556396  0.4699588452558004  2.3022001278163393  8.017624745900573  5.926482730961984  
5.793266175348955  3.6898224082937095E-8  3.8982087212442824  3.347890406877192E-6  0.41330699862033143  3.656599019385326  1.929229018538138  3.437737570424141  5.719504567517394  5.353192684341936  
5.279609984655163E-20  1.7917738122820462E-7  3.4140060593299535  0.596436599585549  4.303399460460385  7.595811898414581  2.356812390945448  5.604375066129916  1.6168995885986333  5.001290621834325  
6.905932101507743E-112  3.7885819657863706  6.071200661115704  2.772309352585306  4.648412111055539  4.736528305271597  4.927101389436324E-38  1.0877972559410685  7.102761605629857E-64  7.733292028970069  
3.5012849548573293  6.111550520575978  7.262789508323058E-15  3.6694504812129276  1.1213758845722814  0.04835049694257633  7.26077026688351  7.125303606091801  0.03190855673162529  1.120579805190524  
1.7497646651810446  0.7292397255350536  0.6224436672543178  1.9766299318615534  1.1360720922045187  2.033234165286376  1.0833182376251231  1.0164304471681669  1.3153447645751875  1.179223327479092  
4.662684903428714  9.564119590762272E-28  5.054882325475471  2.488233154994787E-158  5.756569216959069  4.1546876300905975  2.9673765407142523  0.7869121979622491  2.3883633518044625  1.0728880259644808E-7  
2.192241081157842  0.2811381509303681  1.2405910649365675  7.161406810859133  3.2095403368666573  2.7161894073103077  1.9985878442042921  2.140686918874321  0.3642779117557892  4.8815865041670055  
0.5834601145680154  2.525343888297132  0.6602526961739467  0.3243742881126171  7.458617460416496  3.088230655478345  2.180256088831273  0.47790098715349744  1.8431043073805802  7.687520118042167  
2.948858266085269  0.7068124788061638  1.01346254621875  1.3865544160264385  1.2937592781235647  3.761106405155955  1.7076749604317099  1.9511149701951473  1.6559495716140944  1.550301565557383  
1.5310340194495755  0.6055855803035685  0.3429684535220842  1.4516646017483075  1.121507054366153  1.9993544929433373  0.9853496835453832  1.2063767990657408  1.683437998665813  1.2699516043770127  
0.20317380740973487  1.7076802700121794  1.171031129100044  4.015327638276819  1.0736705985888313  0.7499394314130932  6.999335290380127  5.303488232865296  0.9715775234137579  0.8193844049078893  
2.167263648050588  0.4026474926835365  1.0756102029638026  1.6198965674310075  1.2311435643244082  1.848361031344736  0.9430552522206953  0.9938732181971587  1.5666058550436357  1.0425644555346036  
2.3010532669380597  0.0016668472362876274  4.66772418357609  1.9421883898135708  0.2324438560584295  6.85214131781566  2.9237918708219744E-23  5.482881471359317E-20  4.160717421716146  5.129581126128906E-4  
1.7078071840253182  0.2437014656655247  6.745607908936229  6.404584531603221  3.217956835648839  0.48159442135385794  3.701675218993971  1.0763725629252279  0.7774512408598014  3.8963564776482285  
0.35886524486627336  3.6329543230917647  2.5630619826961074  10.622436060361093  6.400457366867152  2.9250282410873347  4.953556943297827  0.0874123079441755  2.1897111757431796E-55  7.128421200544015E-99  
2.4041282774717176  0.5763134301565582  0.5941374027306561  1.9692693623040425  1.3473260929637287  3.515526346301227  2.0133432364730997  1.7777957586616007  1.2971580164525813  1.5695564495734937  
2.0679511417719665  0.644333538432905  0.791315959554702  1.792817091420872  1.0391576270182552  2.6251926385832802  1.3275181125980327  1.4895626034635747  1.4717303444672631  1.2994255519908975  
0.7786310239510258  1.3715351467894639  2.2964673041538513  1.5840348534881585  0.27380385832980136  8.068706770868983  4.196950490781825  1.0502601738743902E-36  4.5351249720130555  6.750258435193675  
2.051097091276534  0.6912937479905606  0.7721668237856235  2.078367715924526  1.13677692169921  2.219477430630821  1.2174868602288804  1.0716811874131815  1.2587526530642323  1.4043501966295717  
2.831024833867366  0.12330244961607581  3.973503457853436E-20  8.462751670879642  0.6106461499482682  3.8620554708621713  2.286951779719661  5.509846331947437  2.9838702881524033  0.9127553746781072  
1.8318882956199076  0.32540292037045815  1.3431821626589902  1.3795519716279134  1.742824928247921  1.5230350246834037  0.6934701198920233  1.437583069412078  1.6085381874433329  1.034127378458357  
1.9635490319460294  0.20147781146090937  0.6438641343404766  1.4973914828804806  1.7018955382083896  2.9360911217981864  1.578727312044912  2.0368247958794172  1.5851833313031598  1.3249865249161  
2.3480588390528108  0.5524182605164761  1.139948878563125  2.4017019958284846  1.411789530509448  2.0368475668972206  0.8759311043630349  1.510958616029152  0.9804739931541464  1.0574672992487122  
2.5734351486614  3.173812507752403E-19  1.583322737834819  2.4659560407519065E-21  3.289349441122085  1.754666501701563  3.506100276830176  4.191669417444716  4.367443172627616  0.21251654939136366  
2.477988485115269  1.7340244499721062E-32  3.128860038745868  5.420978720203473E-19  0.5136685513871572  4.262260962730207  3.7566626347681265  1.854639045684087  3.0335894615278156  0.45106270894985534  
2.227390497351169  1.7175387457464522E-14  0.18089727998359134  3.1509506291162537  0.8990689995032363  3.7915851468171473  0.27381893810318547  1.8325998644020658  5.200392847030964  0.5326511916934197  
6.8940660409199195  1.0280222781325472  1.9934379100840633  0.7142079603045055  1.8818606692321305  0.8447519181200689  0.49471473438943786  0.31627629837336707  3.5961538722742685  4.5460372541655385  
3.5616480051155697  0.3585479988219684  1.4164605123501468  1.3205130560629093  2.0916785961781916  4.192439591161264  1.927219745836427  2.8285076567362344  1.544739576560034  1.710106922010374  
0.6864927836084731  4.1861637151603714  6.070845108302846  3.496984254881651  2.201698100799423  4.571782197327379  2.7721264002544905  3.155943965616663  5.15263125451835  2.4877401972884203  
2.806948594987439  0.5612801387516012  1.1830313732363613  1.8458927172674358  1.5852115982965758  4.092858717424578  2.0528531954491998  2.1169522305290145  1.3062452441292938  1.815824775630204  
2.264660482281103  0.6557003259035757  0.9001717463090109  2.0657101114665934  1.070675257893312  3.2366231639148157  1.3948480962288599  1.4259282841453438  1.2762575293176446  1.0415736516579515  
2.6323622990684843  0.30998181148415027  1.1776280377995292  1.570717879701939  1.281740701124589  2.712896296047805  1.4680899822762579  1.403532918669636  1.6013536742815189  1.287710875280846  
3.220322486011988  0.4361402855511019  0.7803153721455571  4.5057359552887455  1.3877349309474047  4.797507094269081  1.2023352588920877  2.812345567501066  0.02140455406072103  1.263162539196645  
3.1356284122341425  1.0066585962750918  1.3719343522189045  1.4884861974487285  1.7560179203529307  0.4495376478188113  1.0542509617663394  0.7097532095783761  1.384350037307041  0.7233125628708671  
2.2418250008096385  0.28410302928081343  0.9614827806725372  1.8287052342604664  1.5962636399187402  2.8071197046172562  1.301956359919445  1.997493792324025  1.3645687810468579  1.4713980385913465  
4.465188232021774  5.9113843472028424  4.578154259984507  1.9627041558901925  4.271042691199108  0.9453526185921534  1.3006844006499767  3.512503916192002  1.7805156460520897E-59  7.053168405950852  
1.3731083908583301  3.992490479938077E-4  1.1886552263487922  0.2835271863001407  1.2790327280133016  2.4407609035936217  0.45750749475316443  3.1889407967943955  5.057610449848156  0.4229311257079373  
2.27667186385968  0.22889520175435793  0.5191930254206807  1.8897661081144057  1.896046360352747  2.9241301301478577  1.8138726930044915  1.4878708048662008  1.2799863755221284  1.3603692707569501  
2.662563954988378  0.029704664309131785  1.5080540209107165  0.5264959378912721  1.0237899031398132  3.166276330550141  1.1603992560452472  3.12516717841501  2.6184424599204905  1.2148146179493302  
1.5747993307051726  0.18895948286011707  1.3820865663093815  0.29741207256197477  1.0034894726744203  1.5450655598980072  5.1904442544956275  1.2791045587646954  2.528812429701958  0.8776849045115477  
5.73522316049927E-20  0.37236121489807267  4.743762066883006  4.119288670720447  1.9266940831381623  4.840268744573237  3.9024350682239444  6.2259609382633  7.795807953413352E-10  2.486193383259379  
0.7993874561033132  2.439496097790662  5.733293127963602  3.162362059889164  3.9398186768520125  0.8395520378689082  2.753639182041028  3.333378772582227  2.230963929175831  5.68821607906431  
0.16442338692639835  1.0351994849402503E-18  6.969759675311575  1.9532124005209518E-5  0.8323352869917908  4.162058539980816  1.7270015556604141  3.8340631618355205  9.095537236601723  6.3427385728445995E-19  
1.7766241053921477  0.588220252454063  1.4428318495286545  1.4151274339056543  1.5579237273610476  2.6205178810113843  1.4918905513347738  1.3775107906819781  1.5764990548640074  1.3400457179155607  
2.8708413708765383  0.31918802834786436  0.9445879532269643  1.4240113463193418  1.5345703999835583  3.056489168807389  1.707299922815916  1.7985323214459867  1.6425527387126873  1.6702012863459206  
2.6780575907627235  0.7345908419537549  1.3730653586271182  1.8347362445552176  1.492342494939891  3.3251061652977603  1.5203169515667476  1.5622843428875066  1.2933385017399153  1.6160160026214312  
2.557056516239277  0.23068514960686934  1.0625400489088168  1.571456542331773  1.757200628700812  3.2650771929939006  1.612947419040493  1.9223898905292915  1.5005387128197676  1.235871227168206  
2.8131791897776406  0.5858078833499715  0.6449392995148557  2.0693268078021165  1.6832096933684515  3.613146284198905  1.9269283711434722  2.27876594404357  1.14278038750722  1.903796706057582  
3.3777838890185583  0.6190256125435358  1.658886324220213  1.8194874158338707  1.5637157325788442  3.6967239621953327  1.504744888346329  2.246799706808945  1.291366413372367  1.6194797396099432  
1.7795003670555218  0.6513451529173813  0.6530742802866704  1.5795375452824691  1.2736693322910189  1.6034075687101281  0.9055169030801785  1.052012192038361  1.5422900056381539  1.1338679772494633  
2.58175091254079  0.4622000874311707  1.2149899467226688  2.0969556714017674  1.3968832241492255  2.037640154043271  1.1529947779353775  1.248155176844169  1.2031120418394754  1.356437469225849  
1.7933929209001438  0.36028934688128994  0.43071740370430034  1.4598736990786505  2.0954396550603107  3.0328997817478345  1.3946074117545575  2.4323923988955642  1.4941779180822004  1.3627076663845745  
1.5776193997671035  0.29309738463637974  3.2219053748185194  0.5553120201798306  2.595928031244275E-91  10.477485925792042  0.24844970968276206  1.7020585161963107  2.6507318504431145  0.17660581038784012  
5.300184528317982  1.1425925630017426  4.167354401075478  1.1935988882093513  2.7778262379623645E-9  3.225658726930715  1.989756420960462E-5  0.041048402034715534  1.8347632156859903  8.607527467093291  
5.022096724727714  3.162468082312693  0.12683771716778805  4.028452866550707E-25  1.0262219852670704  2.8278124092650443  0.9210297848530946  1.2271014758591718  2.488635512703836  6.919026787149883  
0.7611252186802091  0.5453436571406594  0.40670014367516016  0.9617263332767005  0.7857106537337792  2.4073056854629633  7.20258350180822  2.5046674903496258  2.082973440382432  1.4847550132908796  
1.8129753719557427  2.2531437023935936  2.056904860267602  3.4224487988748903E-7  0.19279046186597884  4.814140312002724  9.404335962365295E-8  7.324642478371814  3.719073102495179  2.2193210512084813  
0.7167842865625988  7.256251199337368  0.00248342767306442  0.9875336204998238  5.186372739809942  1.9528309878536034  3.4819672215927593  0.8811219798342753  3.9056697918420586E-77  8.596639726300491  
2.9633455817405587  4.330352231055466  4.4266551308594167E-54  4.505801909476858  7.370115037441987E-7  3.163863774752741  2.119594883340752  7.153824705800419  2.445449245056993  3.9486137436022606  
5.154353819507933E-14  6.110778145887482  3.393418680946585E-20  3.1134633616001706  8.16801318720907  4.166195129801258  3.897439626261288  6.381731371153412  0.7217665184491551  3.6231889568644706  
2.4671366324887996  1.1608956411447846  2.015959388449797  3.7965211993744714  1.9090026734147718  9.787338809029348  3.3338191272959246  1.916619700621119  2.5381516094713317  1.7634830535967104E-27  
1.2166033252846404  0.6024609589849785  9.71050548962891E-9  1.8455378773152071  1.0787072753122258  3.1563630602712034  3.7479358418638355  2.689837726820349  1.4509432313637753  1.7366021328649184  
2.5874801328267334  1.1204839294224378  1.311955249274901E-24  4.684187893266735  1.5919805422025726  1.7943326752082873  5.4217050275122505  2.5126197490232536  5.372841533083829E-7  2.906151019297367  
10.044558003021434  1.805962279714828  3.3814081224679366  1.1645785867457934  2.6225972887020927  6.736039111048212E-17  1.6018915518609684  0.3303120948301927  1.1381801935818507  3.528790008888199E-13  
1.8228053369840962  0.5252240598511436  1.323796302011611  1.5337090308106243  1.4418785991209018  2.0585474282984886  0.948648164755487  0.9632235976865043  1.5446550618143573  1.0792437381171291  
1.9116756892694624  0.5756577433172041  0.6159808556673667  1.7711080635022833  0.9731591005353526  2.3250644194918935  1.3694978993289764  1.0385969675278557  1.523596302515137  1.4134750157326985  
1.623221483336374  1.0738739646399844  1.672303569509074E-32  4.648387784529319  1.7838987275450031  1.7670603436365355  6.0486674592661664  2.545851427879064  1.3291758137075305E-9  2.73233744261114  
2.427774443990014  0.30509216208719747  0.1845545897062195  2.189783334689657  2.0183806741575636  2.833710416631821  1.6927509081181782  2.1744341439726016  1.0481876167579809  1.5699829578801643  
2.2294076588986695  0.3853171731443262  0.037351728586946444  2.027082867398516  1.6110457750486498  2.3627410314767654  1.4838264747262453  1.5651092068168257  1.2499424164617872  1.5302909494887698  
0.7380439166805896  6.838825048732676  2.1347847034724588E-17  6.5227977874738054E-9  0.329242203261916  2.8990358598145  6.70677260743847  5.734910984240443  2.1115067023716882  1.6661925452793815  
7.444284836137527  1.51853107663686E-6  0.5023924476753487  2.40359243078939  1.5990922740708353  0.7478886376071634  1.4684852302592646  1.5900210082746342  1.1781317455346936  0.5673866898304049  
0.700201118712618  7.0012514651455  1.4425530072435584E-27  4.991378945812403  7.112089635355029  2.4108776143865973  3.441080882566157  1.9199414653503892E-23  0.9055122669561633  6.438774666311827  
7.969949653977052  7.695290788835622E-42  5.6328771624586915  0.7939624110954611  3.0071368615765928  0.35489858229300875  0.8533001662138662  5.870847389011607  3.2678617587196133  4.268713982964481E-30  
3.347904854681631  3.476369746652489  8.303499853194667  7.691485145146084E-4  2.738030700324739  1.4333929134010232E-74  4.649333063745536  0.5464105073047903  0.8222458896005912  6.239196298965796E-86  
0.7652017969822056  3.3277131109392672  1.8720192884452567  8.003193361846796  6.8423728469507825  0.8427088762538731  0.2129061945378392  0.4670902077697137  1.1056121740699536  1.6496745159259403E-40  
2.846031235721958  0.524608722640019  0.5497100472278107  2.085511349906805  1.4087832319062112  2.7344641663240967  1.7062115217255314  1.6794298186896952  1.2159289396870805  1.5031945346384625  
2.756391019970832  0.8048381427072822  2.0507139152355456  1.39991648124625  1.8710314822777767  1.6637683946792432  1.0196294233906043  4.259998291239357  1.4110842254390097  1.8551932806091678  
1.2734360441933419  0.2641513743556275  2.079231431683747  7.461737054674745E-4  0.7447669080289894  5.011266475147882  0.1948701941321572  1.2067326281404993  2.7202050367163273  3.1554774434094175  
2.474386128374327  1.6912162755451166  0.015290195622218864  3.977060861294353E-11  3.231556953308594  6.428901660895467  7.123547811619022  1.5504744425696786  2.2643511906834606  0.9124595141204576  
2.902323623678391  1.3756389745856479  0.14055214719187487  1.5697882186035634E-37  6.44812605333356  3.8287851153640853  3.33995557721157  2.023975129049803  2.9769002125649933  4.494086745570184  
1.777814616735607  5.50349246126673  5.460395388153265  0.7063264956279949  5.490225412302654  2.87747595718159  2.9309396443015747  3.110132920452713E-109  5.139086076580192E-21  6.82182758849625  
4.259755238916831  6.309846881723539  2.769171259805052E-12  2.5689531210402765  0.5358802805332012  4.6460885186475425  1.2267395469824836  7.643733223050624  0.08246820095923522  0.7657306064091458  
1.296575572942748  0.39738739886228736  0.8415111080057142  1.2279115473576576  1.5306912601431728  2.0477058576795972  0.8223354115763188  1.6211955122665485  1.7597680658639574  1.2226310635404587  
1.5122606674982426  0.5024532149745156  0.6543801871609081  1.662319832037427  1.2864866140665074  1.859000431648215  0.9272493204446054  1.3835571194265583  1.5092428554398571  1.2524690850188498  
3.109477424789817  0.944544010953033  1.084825174674425  1.934512214689328  1.2795549911660147  4.4900235191871  2.1661718515973454  1.9916996502508995  1.31542150600265  1.9201095916476487  
5.660433102853784  0.6827857798085604  1.210480698256584  7.117921747666168E-24  0.41361768196286597  5.873645198270594  3.0693712448034014  1.811576054859915  3.3174227669643144  5.114639302928273  
2.5613138926591215  6.324616317669716  3.377300559987883E-19  1.8739845230930792  5.999923153786006  5.148043046893635  1.4348027607567502  3.6558633642100857  0.45922457605766454  2.8823265371470996  
2.2648944035468697  2.4851489258172725E-29  0.31008001892102943  4.649605100040401  0.9185016767920651  4.298100524762328  0.006806830631107395  2.111333034852432  6.678973252720837  2.0923583931208188E-19  
2.43639339152005  0.8144374706397295  1.1983175677304951  1.8029163260122336  0.8391605838467092  3.719164688320401  1.3754850657184778  1.5242910644467378  1.4672153575206437  1.4058456449340633  
3.1356304320465056  6.986268042562182  2.337929822691296E-23  0.6129489312262865  1.3477042231272993  5.468510870894081  1.634805833210069  2.0975216298596324  0.8854850021213162  4.484312330219971  
3.1764894480815333  0.3548452641854553  1.4759951804930131  1.6469746059491768  1.7130984586996736  3.351154992482552  1.531678040073483  2.0775020467352787  1.422600774517697  1.412026948196236  
5.703150110214349  0.7891716340624476  3.661300066673696  0.004903669655308155  2.365519215434007  1.229305214124394  7.88055182950426E-15  0.26390561903588844  2.1835641128852936  6.486011600208604  
9.822127551854393  2.079791101006203E-118  1.4434057621740575  3.40687460987677  2.5145864131380407  0.2593131740861004  0.8480797411488417  3.5911930649173867  0.6955527747206136  7.227493253969091E-14  
1.7297878376743479  1.633044568588439  2.359553386972729  9.333369833822168  0.5803833993904762  1.2069223269281129  2.447495144515752  1.4303578024568413  5.1412574052125674E-30  3.472842051495189  
2.168944429847238  0.3626257546493664  1.3815562048650707  0.9014210024640834  1.3139221398752134  0.8991251483351352  3.7240771224007987  0.7282315214698927  2.0172076071652563  0.8303442517482098  
2.3804396660524945  0.6578461021457057  1.2217358689190676  1.9544288217988188  1.0875609391402417  2.0215487909327443  1.0946212326508347  1.0118746052461738  1.3351546562698848  1.5423536881526334  
0.20812145905201038  0.3779531881971103  6.011525292979329E-30  1.1092366444009956  0.9135805112970484  4.2342554491263  7.405280370767856  4.8845788321249675  1.985460974443242  2.2340337335849725  
1.7670764639119387  0.6276721945161519  0.8110742005028087  1.7025994074229314  1.118673514343758  1.9860560362114448  1.0935330261402938  0.8077445587412427  1.4995789879321626  1.273785371017597  
5.954777188025942  1.1313517435826204E-26  2.2284297039674508  3.0875426304551654  1.861588987974364  8.374978825992254E-11  7.749135947934943E-19  1.1259645190092684E-19  4.847852856105991  2.3229268687488474  
1.882854827289254  0.3921309577849734  0.12850191136254854  1.9315833809553888  1.7445406475194971  2.468273073183954  1.556909892391037  1.7514537992642403  1.2766895538445455  1.4861585640772432  
1.4322867650931284  0.6031832714066461  0.8208441118760017  1.1490881210229187  1.1855711107276303  2.0241620006797225  0.7853242791589334  1.365863658253017  1.8497288257633624  1.0839408045313583  
3.0431735810041776  1.1190967431226264  1.1713782426876782  1.8456537949888379  1.7114067830381927  1.074986802720832  1.2977639186341765  0.9445869513154403  1.157579353384644  0.6323352181124956  
2.204432386401481  0.6797322731642585  0.5392290295958778  2.2095655540142465  1.148211772647193  1.9308766606371106  1.049384261324428  1.2002689585264326  1.1831892133423187  1.2410360666739844  
1.9840794932464263  0.6776886128979633  1.1867798681639772  1.26162707959868  1.125017365246151  2.089993017640215  0.7274214408547838  1.0008329296045102  1.7837599520226686  1.2774412050669102  
0.8817501910470208  3.1821147231595397  1.49144731865975  3.5865553772907663  0.6996324821118983  6.068633187945695  0.7691320331415981  1.055058109331134  0.08920730274015014  0.23935511950777777  
5.2099120303514725  3.0373120793072523  4.286045638841705  1.8427613271279661  3.8420217751212293  6.72090428236479  1.3544749234053681  6.528347251395176  6.241617191205369E-67  2.7340140480581705  
5.434950632925248  6.356849270864827  5.603453491271809E-42  1.1223033966464224  3.9451630055340825  2.7924064362462766  3.146481325230752  1.1947564262060695E-48  8.818292348672874E-8  6.07173208171925  
0.763580546274081  2.1097777258580934  1.167877266332581  2.703173159808602  0.5354737292959169  4.6863950352249635  0.880561132519358  0.8815944001359775  0.7277010313799486  0.8266610072291092  
2.273677509825352  0.5726356776889349  4.2504384565857105  0.611487823510483  1.342066207979319  3.557849734317081  0.03066777713323055  3.2407101376209932  2.0802814009289015  4.556795873461715  
3.2243698425148435  3.7540025712055396E-35  8.144949631276086  5.908065483067388E-39  2.5669035963786286  6.380321401595519  8.113372256789569E-5  4.25179006703404E-21  4.0850272541118615  1.3500673897617097  
4.8816080599936935  3.84995704025792  7.153186497097791  3.8525365428714218  0.6913742230836505  1.9115387760640636  1.7947115840070702  4.593988715682284  5.229830547255447E-47  2.8190044974699435  
1.6036771665056313  0.2931703862665796  0.8094251966947197  1.4651962429799033  1.4627199071660288  2.6688424647499165  1.2451848785130177  1.8724186441465631  1.6440761159475905  1.4244496218962326  
1.788916151858987  0.7816140957939085  0.9354331173886844  3.7526155372557777  1.5362485700606299  1.465759400238245  1.1310097716088947  5.819620715705117  0.006423229611618784  1.3274540913848851  
1.530031157385312  0.5285890758211541  8.166398619947067E-4  4.165160143157737  0.8124387119352874  1.9979364599136997  1.985950380569795  1.5293996568510961  0.9458769491747046  4.781167335534567  
2.6121498883872833  0.21965824087706826  1.1280531236830418  1.229437447568473  1.179703685320482  3.0114526786277946  1.322703918104491  1.6785677639777923  1.86852989858524  1.3074133208356002  
3.53854721773237  6.936307330488924  1.3900969574406052  1.1346889780428232E-51  2.0066421970663666  1.064850059645011  8.7570302332425E-15  7.447194330335287E-5  1.4148115896452396  1.5541554466536698  
2.95556570096267  0.2881248647003597  1.1494199338295787  2.0507317819708333  2.064199354411973  4.208065617941673  1.7727162916630512  2.6269179634517767  1.7494232803936443  2.012307413969517  
1.7109411827202843  0.7467132391650684  0.8648096151647332  4.425509825965901  0.8498466789225125  3.1952671903248984  0.919384932867788  1.202071387351366  0.9788410404637448  1.1149818972534669  
7.801011864108957  2.7173970308797273  8.294992713755143  0.07063540819427472  2.4253532433811547  9.146585337642567E-22  0.14981636289899328  0.27405205741907956  1.398113790878973  3.845920778306164  
3.087932198029731  5.754115418460499E-21  5.211397585936809  2.0781181688503616  0.7824237731174536  6.146233988196033  2.5173744946761807  8.140374695855703  1.3087166157687649  3.606942217368197E-50  
6.852661723245047  3.9525705023994804  2.2668576160412615  2.7236850538734845  1.5636321095337278  2.6709631167142813  1.9710777133276631  0.5672191107802965  0.08804283682820735  6.688633959512813E-6  
3.6147369560090765  5.161279583572842  2.4833311102412274  1.790997285040496  1.1531362250563904  9.327384378631782E-9  0.6156897286452105  7.899398189853037  0.5313617565134909  3.198018351971488  
1.0959723395636118  0.6504833551530261  6.630543511604807E-5  5.254188116649299  1.109010698755397  1.190740025396791  1.9344783442549984  5.209020635889759  4.966820188461076E-6  1.8002448673658002  
1.945387428771081  0.57381054859819  0.6760384545412846  1.4990458878685988  1.3874031911886062  1.1677765364043635  0.8968860223439937  1.1029654939474554  1.5874913998672184  1.127411448082788  
0.5171401494826672  0.7214624058692645  0.4036735011386523  1.937667890921275E-9  4.255090984571155  3.8571341307560156  0.7848944929884432  1.912298221572374  2.6115299037259283  1.2099968366591394  
2.8319213541621964  3.667931056524377  5.817559797470938  1.8225834042977085  1.9275479271259324  2.4331732084777102  4.495160243518614  4.47136436658173  5.652932692737599  4.3311116657235775  
0.4515437555108057  2.270027716292301  6.59964977839803  2.7333947222811648  0.32353412377809104  5.224586193948439  4.73968704295031  7.800239358570891E-13  2.090014390153006  1.2201555675171274  
0.8058676068320814  1.8783577939339218  1.7834284897041154E-17  3.074662696345876E-36  6.6475183148686945  5.17580286364385  4.8385804464848015  4.971087637277688  4.168728063029158  2.9987111768353368E-24  
4.419151143948724  0.00399578477715597  1.7037500370452379  2.1121060798720253  1.7523597684687555  2.8983876335445364  1.6791182430616085  1.42025905774553  2.6822057779079924  2.7227616519144324  
5.390186882189557  3.694318354908033E-11  3.3719290667873394  2.973474377086761  1.578928418956352  0.5032309312663454  2.9241436839407194E-7  2.43293191016765E-4  5.049334914330621  2.547305781652981  
1.8586914677450816  0.3852343867819128  3.680068181017109E-4  4.7867374798061695  0.7232626876539636  1.0580618589180941  1.2525433239797603  1.3976811557358177  1.055046523612126  6.678949179367023  
2.863131395574122E-19  0.04752976007494395  3.351888891998549  5.078665152450552E-31  1.90412654807551  4.380587221540152  0.01912409744366915  6.677585852339912  2.398125962722035  3.806566254308715  
1.6650624711392072  2.2892552303104608E-29  1.9794962199546648E-14  4.699154065386687  3.941777478839343  4.379780798464499E-17  0.22066524824969722  2.129102092647313E-7  5.777557059487841  6.32681438277848  
4.767159966320025  4.464073536851426E-4  5.662536801516068  3.348616202653778  5.746190721438947E-28  7.683866539382829  1.322024789262005E-30  1.0994415682278018  1.0495055225615706  2.162918593710447  
1.8027113699990136  0.5567832997401347  0.8010279035897857  1.533900977218426  1.204621357912803  1.8259742127610434  1.152387949712258  0.9891345394724471  1.6147626722646955  1.1161732691138408  
1.765324724598124E-30  6.469577340703787  3.8299869641159066  1.297849803872689E-9  4.773579419614927E-37  1.8317080602297604  4.504331883794008  2.026614688729673  5.582748289402955  6.399032365079694  
6.170307078645565  2.8650465386952906  1.3920278971975776E-24  5.12576644728954  2.7216966576555097  2.0101043476801697  5.877958845632797  4.669501979036171E-7  1.4635516834417457  4.448578417648491  
1.141347946484034  1.145631711387492  1.0161063077153305E-51  2.343631189570234  2.214141378727185  3.284894016690037  9.171002528242978E-70  1.164763568377164E-31  8.172867290806504  7.371750133651298  
2.32415633981927  0.022933929795293417  3.149579277693652  3.886843266263475  1.0336840964674883  4.1563727844231755  0.4449023662525919  5.780240783966714  0.002350449176317613  1.9866062828951172  
0.30468658070075244  0.6587162533208563  3.8865629593855155  2.070503329291062E-15  1.7692845958811024E-24  8.21757971233039  3.6662439241422096  0.40120095375503506  3.17940542349134  1.9773492874275205E-10  
1.5031914714887596E-127  3.046618761853814  0.7332279207418935  0.8148678159164463  2.071639938772313  1.0650134322121  6.844932359039969  5.326421256735078  1.4234035154464195  4.833576364995456  
1.6402269186065495  6.140826767908586  1.1628460544121466  7.182105145778129E-8  1.4093917738252177  0.7851734904804362  5.707775352666197  3.608915527186608  4.714583762963363  4.328990076157166E-10  
1.8406544320573521  0.49794800024543473  0.6828227588345865  1.1937313427631935  1.6306198563354735  3.859770765720971  1.628316086909566  2.4918501098351533  1.7493811507871104  1.5425727067049768  
2.1121960549788796  0.2781402634947692  1.1278865804001414  2.1071014264205843  1.7922604079397026  2.2982005021404985  1.1968531816389352  1.7735578806619499  1.1285681100388627  1.1963833378858537  
2.3287904067727987  0.3396206651114486  0.9172912483652261  1.8486564175133302  1.033750383180764  2.1696932339663535  1.24645576962687  1.228299868063032  1.4850760233272928  1.3774919493969746  
1.872256169563716  0.1541360456798291  4.930354472490836  1.1338969777402819  0.6293975854575519  6.062593522965556  0.7819724755631593  2.676182020560291E-4  5.551859533207744  9.393407494920829E-14  
2.4593876520926496  1.534762216422333E-10  0.42746547379246785  3.419852587876844  0.786010585280969  4.140208072167566  0.34338603067929185  1.6122224136825136  4.524677278068444  0.5827388049759132  
2.477313674073139  0.45408615411723674  1.0179775492152896  2.004347254895193  1.6747709032752591  2.8253267151926433  1.507429615637875  1.937208176288718  1.1978057219434641  1.8271183366067263  
4.871047569329735  1.6124980252866162E-21  3.093977903198737  3.082840707527413  3.6995936882045704  1.7782075555114016  1.264196156939364  3.37502480615361  9.801148549313298E-11  1.797964950353721  
1.7769141136930768  0.41175746227759197  6.70289322082103E-15  5.308525293115197  0.8619466332528503  0.9377477860054606  1.5953574126599788  1.6694805257798944  0.8392794359554799  6.258914223249041  
1.805460151726524  0.5224966829509631  0.3742733692888596  1.8668031603867228  1.0448577735889322  2.2388678603864873  1.0847836269836857  1.1179334081749508  1.4553107400985141  1.3140574702090144  
4.525929115181344  5.601793529411295  4.127912222412835  6.636126384500067  0.9914982280613206  2.898320703320369E-53  1.2549131857767633E-8  3.411637697289455  1.0621721468919047E-11  4.735304527395441  
2.248402786213896  0.7014800368945986  1.8952300434216985E-22  3.633447565343459  1.5608479170478875  1.1605160508176864  3.773130452632413  2.108354148638964  0.5038168586115742  1.8678375317422091  
2.449610501490459  0.5458148518126581  1.1351103725759946  0.946709016851923  0.788328006980418  4.828321903527463  0.8681364453691824  1.4744209530109909  2.067018138983295  3.1938996068092638  
2.267522179927032  0.6833686536307381  0.9877218857082203  1.4260208616783274  1.0340473596418351  2.386726295016326  1.0253715317476284  0.8220032404927163  1.7040804928277342  1.2328757000884871  
0.2761181602408681  0.8285568417545858  1.0425013348555376  4.543818779179978  1.3783735836389024  0.9117226945941166  0.9512543357780434  5.166467953408743  0.5256076088321249  1.365846268339186  
1.7682290672143401  0.9318054333016277  2.0651328714662047  1.1166763910630895  0.9044656033952583  1.8843873453672058  6.608436888315871  0.7555340787101379  1.8582348651724916  0.5054340734389109  
3.059409383129188  0.4647281415610609  1.0869102614957313  1.3147303275513682  1.1148091417175685  2.972636986551339  1.5442772743753386  1.8707909763501476  1.7868223513539718  1.886924719434765  
5.35390458425774  1.0741871508126533  2.071940978167298  1.6909986496808995  1.645278626462097  0.5494594924794647  1.7956626540713165  0.6888054226706987  1.2705338528965584  0.5430060258571406  
2.128698013633577  0.7966567831459669  1.0469166199981035  1.7894445105784393  1.256781736286268  1.6370442369526443  0.9777465517289596  1.4878221765462487  1.3862392894509883  1.160261972419128  
1.4438917524517936  0.6950926262549861  0.5360844935676643  1.095530141910797  1.1670374986612855  2.00946462713977  0.8655914297538941  1.3296481342019033  1.885387252442137  1.1297142598835659  
1.4204029620861234  0.5923693708966571  0.7156535973751318  1.3688904667922333  1.2886213124796289  2.1480600673009875  0.8600589737664027  1.2702570668591084  1.6836757526769828  1.1675939834115976  
1.0330362509606212  0.9224594815684576  2.5990376683815493  0.7626115260896947  9.051625131746788E-6  4.959786090359062  0.04423695852192324  0.34062591850221197  2.2565401492651618  3.2755505396011513  
1.0889088376131426  0.5031564319179639  0.26824019409575195  1.8612988708796487  1.6557279422099889  2.6154297331607776  1.4491417952312649  1.7841441538450138  1.3209729320099086  1.5169709782292027  
6.67688102625425  3.2291813698737806E-8  2.1130346754806935  1.9979320079113962  1.8109091149251137  9.295992858601345E-5  5.02390417628179  6.862771790701794E-7  2.3256375138740917  0.981888307179705  
3.2498730023159923  1.874241198639631E-22  1.1463050534892414  5.7212554261914095  0.8924371272678577  2.839923243827944E-29  0.1683241182159165  1.4277098614976195E-32  4.088383007040097  5.944070308389112  
1.1686834556318866  0.02009450604588448  3.7168486911989373  1.9788579470562486  6.451032621373318  0.25059136565410456  2.497682564565305E-4  1.38079772965  3.0634569102202556  0.08226503400366927  
