3.6928374103474213  7.223977775937842  4.686463322806703  0.7356687343682866  2.6808125190386227  1.305751507308016  
2.9634759827325725  5.008770014676303  5.684973369676019  3.5774035565660314  1.1622454742471913  2.0665855554701045  
2.232260013274737  3.516522012779372  5.111028530645541  2.279952839239162E-18  2.798892406331486  2.9812444850897726  
4.032001173057339  6.630197248921176  3.4512996578566764  4.003298459920535  1.1172048026382557  2.224986258513458  
3.543402342669635  6.2340216710472225  4.230188185996953  1.954047284462908E-4  1.840121274384243  2.3778012323281343  
2.6134108381330043  6.664803897612757  5.2550371114641035  3.4085117269807954  1.797154568123225  0.6806578715422003  
3.571060875807031  3.691501351860859  3.2410761432790705  2.040122862446764  1.6517328178911352  3.9006582661988487  
1.9132469210791143  5.060271295448309  6.318147254333991  3.8783149747322265  2.7430068309736706  2.9790502731640225  
3.4676851601605394  2.980958333214232  6.446811554406489  3.4649427378397655  1.6520656552094952  1.765704825059351  
3.636923808870171  5.795314047655123  2.508069534552085  2.5297324172327937  4.878526159188422  1.1616282795592727  
3.83014097210918  6.894959277761787  3.5977257184249076  0.6851539374920448  3.757762411861921  1.8679803573908266E-4  
0.39409916712622073  5.713027751503166  1.9491841684310033E-12  1.9038164969343778  2.929825059877012  4.8750133189640925  
2.018251082052782  6.12126946675344  4.110957333667988  4.280966475790078  3.133665202562338  1.0819646347449157  
4.267674031351377  4.362209342497241  3.2988579559122972  4.6433732596937665  1.8767217172940551  2.8075186217513233  
1.9779015342767032  1.7811419164920884E-4  7.383626365620979  2.62717054542905  5.054741455438644E-9  4.378935159593944  
3.5088506214905446  5.568242237090496  5.072431501048449  3.341037579411349  2.5740417213251146  2.7066715393340193  
3.7287081219395226  6.299013243066237  6.065513606126845  3.56680650553518  1.3604888021089823  1.6559343653536984  
3.7236954051081783  5.772532166904463  4.919479295111124  4.748447708842627  2.738805731180893  1.2176574777438351  
2.827601489269819  5.105999495731218  3.528479141273777  3.8207664142229714  1.632311759170477  3.9195664260149403  
3.8105897237628428  0.20784330553785288  6.666343584092685  3.9495046840377626  0.9111290892195868  1.266134456386151  
3.595673532987856  8.255722090772779E-9  4.989660208960604  3.6780552371644886  3.558669437905649E-5  4.969192731422606  
5.268708302152926  4.684124859914387  1.9664286923654393  2.474465614553275  3.2480540839234138  2.9846472044863206  
1.2438613426139653  6.944486948950879  2.6872677920971246  6.328900633459015  2.519169842211547  2.145942828695422E-17  
2.5205868711649466  5.462833938665989  1.3317555622397024  4.6419471036928215  4.448279478572042  4.296184988919014  
3.9837354460742005  3.225708277036322  6.067464448667422  3.849961100638793  2.428281003904796  2.0642923416964125  
3.2163015454841304  5.923582123537897  3.6186300648129315  2.6014590124349053  3.242141337410621  2.5099709332025366  
4.002412806821542  6.898628925322769  2.728797947341289  1.9025814459628434  2.5308413736386153  0.8488518193216043  
0.7446256337399487  5.8871452759349845  4.012509441617853E-6  2.602088592356224  5.001821700106897  3.0678550121084904  
3.078931744767663  3.130079862983198  0.021512356245984788  2.1494504141531765  2.460292361425424  5.279454473553123  
5.816035157735987  6.317106926439697  3.4112847187445525  1.9642270258968086  2.2813984976142647  1.1504986596700293  
3.910615082688277  1.8687752891120828  1.578347704919298E-9  3.9502234104949467  4.717759951964244  3.0809828953602274  
0.40429855931899494  4.642727854704244  2.1746361773594107  0.20978974380864762  4.379437078730823  4.565437861508269E-12  
2.5341637525307714  5.923578136338394  2.7816334748747598  4.5835752371339655  0.32948434254724784  3.0441912055196663  
1.852418026089143  0.8517706565588775  2.266067635203747  3.9721615768787406  5.8274486739745095  2.870146878539003  
0.708791527540924  1.3419245256791374  7.405254188356307  0.353586202036411  2.9954910859727146  2.5921352152390544  
1.4467420456542321  3.345556089637614  5.586579046853071  1.631440994658863  4.676743180719338  1.7775044666434863  
5.24716530028253  3.1235154612766873  5.772863700553493  4.226994607690983  3.951920163587742  0.9515583934355828  
5.790101237661192  5.635598789022326  2.1400153623704394  1.8351823194464338  0.5132504639119508  2.367534572622492  
2.1108760855661908  4.385823710615935  4.333951216277323  6.100523571933225  1.2209673350952877  2.5431382062757373  
4.324164259509359  2.910444501663707  4.294246518753065  2.3039273173314707  2.437791097934967  3.2153162230280206  
1.9453884531075483  2.2511644056278586  5.326151198287877  4.036208761831655  5.827805774595527  0.7663107012980284  
1.8056793566274942  1.4348563004835841  0.4542102198790506  4.435965767333328  0.41389921120983403  6.483548037617707  
2.1832208791099554  0.3033306002502666  6.977532366359704  1.859480682618408  0.0072694922793452715  4.579258658107891  
2.0026931614215195  5.662906439719296  5.797290282309003  3.150664526479996E-7  1.5859990968008768  3.8619161966684965  
3.8337562254042306  1.9382163456450896  4.183499611655204E-5  5.8218397095099  5.567975836768986  2.311173877071978  
5.184915810023945  3.413086434361903  4.311677998751758E-10  1.8852685295338032  6.050002231377257  1.8871197669188635E-19  
2.299483311267418  0.8220604700916714  0.4771009921584109  2.3559718843468764  8.090227150836713  5.763127131401159E-4  
4.512966608976623  2.4740440896801177  8.511899512671751E-4  3.69495970339992  2.725364385087562  2.9631647220754216  
3.1347978551087654  4.574759517076228  3.1206000800240052  1.5858190213451127  3.1320279880792463  3.1586888573568728  
1.446576222022977  2.922811900455102  1.5041415086664978  5.30422355942303  2.869818441731979  5.55066335027143  
3.8630034772909374  0.05972254415082937  2.451316707997462  4.298365547739761  1.4639278646761382  2.4302760441039486  
2.605333956282365  2.492963351662548  2.6823517244635777  3.822468387714234  1.3470764436662797  5.926204711227201  
2.54850152576902  1.026151835868988  4.971473157707412  1.1096257824468934E-6  5.30942827266814  0.009653959176320667  
4.509771922394757  0.3733974585816096  2.5689912845299685  2.3995186681614427  6.0263103265605844E-15  4.802995440084843  
1.2276633451901443E-5  5.566136505071533  1.3919291499658366  6.765049793478143  5.194645990390311  1.236129743792921  
1.2485977165952982  5.7618524372233715  0.017640863276418513  4.697906719895661  7.918067046331111  0.5595521885588899  
4.354214861090722  0.10945568076777834  1.7805100444345372E-6  2.7945265152934238  2.7444622043277382  4.1183790785992525  
2.0791630402495467  5.06790310017344  3.398436726252239E-7  5.503751705192079  3.351721172530425  4.415380351429623  
2.21075713207467  5.931200878270237  4.642839219179775  4.155102641836746  1.7959299185823225  1.466349844460958  
4.1963949607639135  3.2291249212148205  2.694829603814752  0.750751248252377  3.445094028417418  3.9450694058432108  
3.804568325076576  2.942112824716404  5.368586651360142  1.6869294520963214  2.8904851765088213  2.7423269671949  
2.387899456749801  2.410378016281833  4.247618413088506  0.7952769548026126  0.9775349070630862  5.969114731376903  
5.654735686749264  3.551966392093025  2.6847796910123174  0.13519958990150402  4.809714874360279  4.783953025808287E-18  
3.9035106456688884  6.643333008049745  2.2515798531806837E-7  0.9383492239964515  1.468432648209942  3.6250308270419698  
0.6395275622457735  6.866011947553694  2.5078607110550832  2.1668967204185311E-13  2.3694859065620784  3.3884351737049454  
1.9367597579340825  5.729189533173095  2.2457039886112043E-4  2.840401320799765  2.5040647506069575  4.495649535899029  
2.5221079149586947  7.035560890775073  5.364729590108269  4.947790247031293  2.2720897634999853  0.8513662050084136  
2.572084332884543  0.8268548202109008  0.6630837208320617  4.757633832663272  3.701085314705769  3.9397649511097033  
1.5915887525253385  1.681893077007595  0.7203423089135379  1.2092004481146366  3.2654120530895896  1.8247335580035295  
2.6706738932538876  3.791632999663084  2.294638813180869  1.4193688792199095  5.408504142034735  1.8382216912679803  
1.174515663752151E-10  5.72170141992514  4.83909797191155  4.7106708167231925  1.2377877711755372  4.147442270759931  
0.3703708827636436  1.428684955074231  5.224007431878418  0.19656902917348734  2.9507194451202055  5.574787602220741  
1.4881100074877944  6.503971295077333  1.6361288669725884  6.330708130464818  4.000261100307333  1.259397845674436E-18  
6.794195253278163E-4  0.14792544948710468  3.615600426723959  4.798962426571267  3.772148552854765  3.680791209229128  
4.186000254235216  6.708780713592547  0.9106380105485204  1.231827172391822  2.894893007638788  2.0515093363537793  
6.241904559904891E-19  1.468395616181062  8.186765481600107  2.412335209056686  1.2509693816601464  3.341037359021878  
2.5415208383504453  1.0298252555536294  5.804577046334853  0.03637755989186323  2.73257068527514  4.344615852940891  
2.4574750085041535  0.4783409835847322  2.248742501208327  2.547893321872566E-9  2.091282274260339  6.641068812547692  
4.4601804535862986  3.7156667233671143  5.609938148695769  4.445670938982256  0.9506868229534525  1.88061206106492  
6.206563793595857  6.650375940541598  3.1783842229790777  2.913527549420285E-6  3.044216622654852  2.752030658272892  
1.8066598516051118  6.207696963377646E-13  1.9844181380219494  5.9220635999355  4.235862191260506  3.401325154758331  
3.7267904921828205  3.5481066010749216  4.518970531792659  0.2886957797213719  3.8713983056881776  1.4300530814005323  
1.5172524108506478  6.023865107784613  9.311993523362435E-4  7.745640134300451  1.8233546406813392  0.2291245067525788  
3.8677703958572773  0.7159012218626486  0.15029684327890866  5.566501438241364  4.009929064396955  5.110108803858834  
5.103084553131149  7.724480207289156E-10  1.4610455395988238  6.889153176575513  2.431829839579503  1.018627936476813  
4.498081867510841E-9  6.100391266965367  0.34608372932682285  1.1305729010291812  6.430981496875809  3.429354512171243  
0.00883032238424895  4.2633083944123555  3.3078515700803184  1.0660480858558714  5.765522772043512  2.0290630492212594  
1.664517219250365  2.3814920114085214  0.3116409014487801  4.996328857037945  2.7889211376379624E-19  6.401887628474924  
0.7969494717722168  0.32087778355764834  1.345137808252292  0.3368277238532205  2.756196984812117  3.3817801089355664  
3.1100802674657793  1.1291979431460555  5.055831360356636  4.075907376772397  5.159743122596421E-8  3.6758630137376223  
2.1408138614578993  5.965294705180533  5.831359702335575  1.1633418132349003  3.6333098619151354  3.027663924954728  
4.829017164266506  2.241365739512204  1.6687402251730265E-6  7.4707565855208165  5.214681288696477  1.4600742872975385  
0.00255158954493508  6.992905741201617E-6  1.5198696701818195  1.1001879101777936  7.263774031789956  3.151404855758575  
1.018518437326953  0.8367309144574205  1.6042644449007397  1.024968201190271  3.1577146466150343  2.9510198715634597  
5.503330812527448  0.001338562054906894  1.5494254427691812E-6  4.155456334746827  5.003533128884865  4.2967450703945566E-10  
1.1040184853164756  1.423752354418978  2.448255478283069  2.717702887619064  3.0799996929019E-5  4.968140029568419  
4.151575454059446  1.4727970276852318  1.8654996956229886E-5  4.813582231307791  1.6555075341641758  3.8049032022841276  
3.427832460757787  6.470109919806776  1.2316842258673302  2.7515843636567303  3.53628324595098  2.1588230764611764  
1.357150024334749  0.9157243560725438  1.3503400823780631  0.5621663719216274  1.407262957745475  1.788469485416595  
1.0288740545437463  1.5609827435441994  4.720874009265877  0.053721750397733206  5.854614002100187  0.08067807712821698  
1.6525754821469905  4.855646498614917  3.2122275133342453  5.009432574484108  1.2661385358276809E-7  4.668416725299138  
1.4854025238221225  0.8834688318499968  0.9272827525299993  0.952394966791393  3.4232861074623413  1.8901641696976559  
2.384861921139462  2.2097946363927496  6.698653141401945  1.444940339762315E-5  1.3477032739316908  0.8965048626308153  
2.5211601490548263  1.0197648666575712E-9  3.5175961965553935  5.02398485464705  1.3513226797264162  3.5498806820626907  
4.632350682920214  0.42306654260159615  4.312252186297959  2.105983782161394  2.2719273648028606  3.7056003893897533  
3.492268347442469  1.9716614954073022  1.5105825767136279E-5  2.4309749004223824  6.130409862016382  0.006128085002889418  
3.6867210380266124  0.013000942813869213  0.3054586045624676  0.708520214147473  3.1899151166795927  2.1970609141481927  
2.3031730205928653  0.7521962908117313  1.352546154806832  0.5838920542849393  3.375466754528771  3.014153262709525  
3.3150075447372678  2.4042176711783756  3.101911056542392  1.4725307328056663  0.01539771136167585  6.3690851405095  
1.8531686129139997  6.262422000119225  2.574142282203585  5.710780395869363  3.9231629699625787  2.488098271424045  
1.4191030444585642  5.186136047998408  1.6654843317045014  0.5720508225346955  3.7246242355926285  5.896815166320268  
3.481825899313134  5.1696140775373856  2.0789745969135518E-4  2.729057644462761  4.710755003028756  2.879037715998479  
1.6052626738360125  0.6975637748747278  0.9328751124947692  1.4642615129162027  3.420547655871487  2.5819297227378546  
1.4507878368480054  8.412387475510435E-7  0.965081567708809  1.4690889644432108  4.3053091960812395  4.0841229309326925  
2.38853692487104  1.242852430016702  3.8558884133245046  0.7539058430763976  7.522669770671908  5.232270321032852E-5  
3.717994883513511  2.6862639666143E-14  0.236830206454783  0.540256574730203  4.472875164915568  4.628645012452754  
6.464725935916682  6.791987840550732  3.9871705901934207  0.6986029800406011  0.8784961849639618  9.629586970097384E-4  
1.4170593175415267  5.6143558930844835  4.259435394251295  5.109205487040902  5.866610636414095E-15  2.2171873349909803  
2.879978064786858  4.705808561785052E-6  2.816834913553614  2.6838028492859687  3.116740550789941  2.9863183222150065  
2.390101970370219  5.732518672276241  2.429816909819735  2.3244523358691103  1.877038483370856  3.594804253973833  
2.488507599332609  1.256504948472473  2.132293562428013  0.12741713122459428  5.762152829391056  0.5440940963941371  
2.3027281316793324  0.09293815647813192  1.6440167590463344  2.0761449102594356  4.523880666742667  3.1012033391569505  
4.448584715451224  0.6882054760113985  0.8836677926899179  3.4973344815966505  1.0665832968372277  4.827918245182157  
4.369913328659838  6.243476411293948  4.73202077362942  5.4829362734956865E-6  2.6737938274402873  1.9783213825548196  
0.49975025017795244  6.460663517261206  0.9904917938083836  0.2946567568884399  2.277621727436435  3.7627855268793997  
3.4886601753110877  1.1315568962188596  2.6849278398319304E-4  0.4371673595942104  0.30182135221901285  6.991384415141777  
0.27099264817543023  6.150720446164332  0.31431775387845334  1.2535571686353502  5.165335040942577  2.542542815164156  
2.5631877051106726  0.9109584049493998  2.0169807612146635  1.118118323289988  4.491827128074228  4.1355037464245035  
0.0010212801026110562  5.376619363385833  0.9313863034680846  3.575572983169869  1.2632325334410743  4.2416707634494735  
0.05296118270185969  0.39920403515008795  1.8206424601323807  4.600868443584271  1.5766370443347566  6.67824340120444  
1.9543283494883188  3.002200337952404E-21  5.521047293722636  4.110293458887187  3.044634466886033  1.1514552897003745  
1.983211045154113  1.317732316183204  1.317926513357313  1.141058465218003  3.608179241011888  3.595747396976343  
2.3330228111179707  1.2210829694283687  1.0875509994962753  0.7296183754831955  2.875824853476957  1.9532157855955843  
1.4458083801996682  1.1230628657586752  1.806888696492198  0.41268323241610927  2.143525896851665  1.7196579104612768  
3.047060056522974  1.4249566496638677  1.2532399713389113  1.97242369118478  4.323852525095373  3.6920808325077843  
1.6113049336570202  1.7373425328632248  1.6496787424734507  1.2140691536975647  4.581809601727242  1.9460669211746497  
3.0085861734107566  2.3094447838831718  2.4606620962149095  0.4374668707155421  3.7264370894985994  1.573834666263686  
3.3901232408435362  4.494392108201423  2.85602027353383  4.07389383680928  1.2284641727339727  4.780255004982497  
0.7836173603872264  2.4048174481203444  2.029060054899087  6.400981547732931  0.0027833022139834226  5.310203164496673  
1.8637098135641752  5.214633628971116  3.0212326671569283  0.002264313666602108  1.157288512483663  1.7146874217394383  
0.0013695202166289424  1.2455346654600916  5.853756023442841  3.2809494878968164  3.52323780905261  1.1070249134871692  
0.13063636918033336  6.788860697133965E-4  1.431259106154966  1.3553662834420428  4.88817283526263  3.2260992291279376  
7.170473957973998E-4  8.110998492102307E-6  1.9288273093751664  4.836197563278302  3.012541884730225  1.800645659456687  
1.112014539193929  6.484801268866064  0.012692822279702828  1.2219648554524742  3.632881657506093  1.7863477983769878  
2.835761537522089  1.7762882771463158  0.5739364150379189  1.7701761506358356  5.907865458747112  0.30186198801303293  
1.7978206772396299E-9  0.2867254782601146  6.600156998445108  2.471965161111131  5.276067176669627  0.7523453643303634  
0.03821927685982083  4.087491287963074  7.574959774253538  2.237982256759276  3.0027512179269418  0.6969489527399515  
2.1671830041678675  0.7361264474931626  3.192260936987068  0.09958205593146803  1.873477520350188  6.074920683237118  
0.22539948725452366  0.3195630342809452  1.3290207444588458  0.9322502200912675  4.923925410058709  3.624303732354503  
5.018818074696593  3.74989721373862E-5  6.353174661155384  4.138264815304825  1.8031099583841554  3.1487544782051162  
5.367685746349626  1.8801266114208295  0.4365005500044015  6.6352316576466395  0.7158219381864194  1.4529069695606203  
4.553937992415074  5.367704116330742  3.125932595032831  4.526742903785925  0.7973542594372256  3.5653912706057875  
3.121035926152634  0.18704916346235556  1.7906767826458696  1.2989781251143013  2.5603062152195513  2.6713674518250015  
6.586561729311679E-19  1.2750383702222833E-15  4.46933713019637  4.746893204571704  1.7280781573442427  3.3913351325740253  
5.05308236234161E-4  2.240002623994885  3.3926362469700706  5.1359153504345745  3.797225085898323  3.4553573807887124  
1.9594947080051697  2.521278685606856  6.922593526896663  3.8226081292662566  3.233181884539627  5.918897221646025E-13  
1.6899947814752012  1.1836786078083017  0.8015752626315569  1.4949680676392698  3.8738286026216224  2.8682223137932708  
2.7749118498813807  5.913682116357521  0.4102044444006299  6.853721784403114  0.06873410914878052  3.038650934949036  
2.811097722020738  0.964324287110123  0.6937433724575025  5.6324423305482965  2.080614347886345  5.999277142109932  
3.071626642832165E-11  0.0402204897579072  5.685757381877973  2.000076590143782  2.232120126820279  5.827715850452259  
6.9766367788480474  2.498168760484336  4.927712836582947  3.9863465628223924E-13  0.04393784752436018  1.7739245638461152  
2.935047353461213  5.103091610063061  0.9494384755928927  0.11193848114369113  2.959098177722786  6.025305609035182  
2.0913732374835945  0.696813953554037  1.777752473959196  1.0668567296193585  2.3775312360105647  2.4306407747816974  
0.004784521396229707  0.4459487658099615  2.4002188358995498  7.581658765709839E-5  4.721543701413955  5.737111156466815  
1.2179543414186893E-6  1.9168108498357102  2.20809584587697  6.349887058372959  4.655332647785541  0.8270276383828206  
1.7044353314329028  5.375435271172252  1.964948532121753  2.784565784638236  3.1428367796132215  3.448076636242436  
1.230577008487846  1.9118177937264473  1.1009702096840617  1.1638916309165592  3.088173859986487  1.9852019152124656  
2.3321167733682544  0.5568739899037848  0.9452556517543536  1.9892947947763133  4.159176512348035  3.0373787954828537  
4.22164624426509  2.9761149765363957E-9  1.3066880226033795  1.003688012148892E-5  1.5969449896971424  5.5639033243095275  
2.566461322835667  1.0780302877064938  0.5319459862954159  1.3020196189759117  2.5504531158659556  1.0451571011558967  
1.8772761962676396  1.4528854209302853  1.7615890727491574  3.5569311969428163  2.9711994866572695  0.30203455449111893  
1.9800736710141742  0.013546504080472716  7.658082648519227  3.101064679706739  0.7118308409527945  2.4402925801727817  
3.0796046982527514  3.1133022746756787  6.684910964806236  0.004692810798765727  3.903389857967766  8.801571346692374E-4  
0.8003757836309522  1.0421853884766152  1.666986489901022  0.7847324263765778  2.9222897467449975  2.969748279325464  
1.0235850848492918  0.9630370739953108  1.3740827010657402  1.7571502792483344  4.172677765060874  3.129354540234658  
5.274025187109963  1.8257401905528834  3.81269242495791E-15  7.439174954959294  4.042509610147739  2.8958079168897783  
1.729158323983283  1.2223296959460423  0.7733023898315402  1.0113312735810829  2.024239447318778  2.101863313271845  
0.19104215198033822  0.006920080872001485  1.3961543293871619  3.0004733879446666  8.89233995252321  2.5197253912728477  
2.6765766829947775  0.5143994112246478  0.8794787921650197  1.9973399623662877  2.628807294438112  2.6402773871065537  
1.9181468823006471  0.6594355784397917  0.8343177436912467  1.0935154510053  2.0698054987493624  1.5026418015768408  
1.5536075442713988  0.562319705680546  1.3990546851503638  0.7081533971486188  2.668486785215785  1.87705041803998  
3.3497833978735665  0.15693293477658207  1.2109221745035414  1.339760112170164  5.043959526435233  1.3483493754173455  
2.9587127005894134  0.07049010194283646  0.7174836499691404  1.1459182460072859  4.523695112437004  2.862610149141627  
2.4887085564686844  0.6908999664107722  0.9165314371237184  1.8219715473657856  6.155983252630619  2.4202371308546775  
0.7968389809143853  1.957233937535241  2.2155563731553083  2.849475674849906  5.063187096701635E-6  5.144146897958485  
1.3455525503268757  0.7196013040213902  1.0405628022765179  0.7490179271465868  1.3422059359558935  1.7506564682865138  
5.230972145707793  5.381375153403267  5.4348459424628635  0.5056629473081863  2.678016557745451  0.15140112854323942  
1.1602826488587297  0.9375920694450366  1.038004465163346  0.7411857885567402  2.6759142828975877  1.8421667451033592  
1.2715963380432576  0.697892094778333  1.7018541608874003  1.217970130221836  2.7224950388062434  2.382208179708257  
0.8205777590712012  0.5739987489360804  1.2329666588990449  1.0115088494750741  2.3643194512951924  1.7668721503211278  
0.01334731577270717  0.22342337988345065  1.7801723368301394  2.725768203053778  5.763704969423162  0.7271770241915839  
1.8871862132349009  1.6796390104005683  0.8424943171085276  1.3864581640541256  2.7539422598254735  1.346188113621707  
1.2639344411347107  0.78832025589622  1.0285193465364073  0.8466474146989805  1.4656154954495622  1.272903340504688  
1.655318018255316  3.572299515533356  4.203355918144438  4.678450158030451  0.044124031023146916  5.827135296020849  
2.6614369221679017  1.5826834504615712  1.5278544140539285  1.7168528938284928  4.499663502293805  3.6957037809024254  
1.2563327858833517  1.3030239178819751  1.0672421676018153  0.7178551407538658  2.1035173604077735  1.663476057941507  
1.7702060186682773  1.1050197964388613  1.8369200781107946  1.078124837654876  2.99312314182275  2.858056800453024  
4.592120985899355  1.122918153417051  1.0706572147041935  0.857354622714627  0.25647287486036924  2.591524979078209  
2.8148115767739754  2.3635733897440608E-12  0.844853257647002  5.136875561066394  5.435101798875587  3.420284702048252  
4.587809751585711  3.1913958076608058  4.890026783710864  0.6093159699982014  9.007546920275281E-7  3.260936071523812  
5.612523886739057  1.949968851741357  3.6444234038712082  1.9071745048178923  4.245879264089367  1.467990877608868E-20  
1.7117593605979688  2.3133140838000648  1.8701687520527777  0.7707924894040308  2.206117006139453  1.1398097705840449  
1.1068021083442479  0.8927082654456516  1.0137061453748046  0.9362534223659428  1.6772757894163937  0.8066157271827664  
1.668757250775946  1.0057689137714902  1.5272009477547273  0.4878535554912785  3.0336906267649733  2.7407225140445277  
2.177719130111161  1.581873419226747  2.0343195204065103  0.21199595263946555  2.5165661876054934  2.068193077336223  
2.1593240999202408  0.5632655118158532  0.7810651641250476  1.6069304316377104  3.4031458812590905  2.1294229675379266  
1.002055529768318  0.9665943289903125  1.1842543657539264  1.0188032032816945  3.628463919060279  2.5764053244318603  
1.9500005788722834  1.1116912844398603  1.1199699203580673  0.5786763912499512  2.525519770926802  2.3948793449756387  
2.3590264640546965  0.6322979595390561  0.7670359355040414  0.826159886590345  1.5894640543079037  2.0257603369626804  
2.0818085781896087  1.952818482478611  1.4691739105981498  1.2240384397899495  2.5025779189144974  2.2579158338269054  
1.428514304400245E-4  1.7806580885702017  0.9760254625287695  1.8320912524880975  6.3975177819193805  1.5731068163131507  
1.6494675413992133  1.6757594288620445  2.5375303307978507  4.572082998116149  0.019030468538044996  6.197642378378256  
1.7027734980348233  3.2071795681945314  0.2075881447390178  1.0529916432111392  0.10894704706444769  6.221642968704812  
5.397233770712915  1.1483929476216703  1.0094927430170797  1.2106249886588996  0.468262586298552  4.314016207109842  
3.546321113020873  3.555740996444706  1.2398058176174462E-11  3.4059488098378794  3.2647530820072728  2.215684641043831  
0.7167009887600754  5.642421349851269  2.2053845233300984  5.687539445898697  2.579206460947417E-10  3.5873065361382177  
2.8414568270252633E-9  3.8180507850119105  0.5357953468067679  1.1080827012662235  3.7796174217076044  6.758340761966919  
1.539311390889523  5.496056115040258  0.3158952925766809  3.6068018663010584  4.3040730175962185  5.357355256265496  
1.515773597395106  3.8916206292396045  2.4348176509663495  0.014392561810960916  8.341354245694198  3.892094368045073E-22  
3.726267242811498  1.092227974528791  0.006511433831601155  1.6078463674892338  0.890583159657137  1.861019941964009  
1.8084626474653185  1.0305608068682498E-8  1.3919878039807125  1.3149478229634564  3.6239362181840824  4.053951042439523  
0.010340712193369225  1.2719094042246666  2.817799584523249  2.2505654752076976E-30  3.662676368867902  4.345315030024278  
1.4223936705574147  0.8494983393486291  0.9891378757863086  0.7088255296026597  1.2186007973284523  2.0473490831640255  
1.093096947787415  0.8925929565328803  1.0222178711764573  0.9877493643967623  1.7756237312798613  0.759737163653595  
1.8298470230453534  0.0024300696352775575  1.7860794908449398  1.3474798678586473  4.235054390350391  3.0944594043233042  
1.8166531049856056  1.1532235590483535  1.4324011589172596  1.0415134484901027  2.68204019257074  1.846790846414962  
1.9931230323211593  0.6496965046833133  1.3891793661999379  0.5583785526046442  1.711773922397666  1.9966428696873522  
4.413376065466572  5.855221665275201  0.03516507496860439  2.5682851932285713  0.06709747243778529  4.344626553054107  
9.118705296838758E-21  2.2235034146999895  1.0981984543871557  4.097117169929014  4.191776615928243  2.133312100770966  
1.9361123064908954  6.311259515076025  2.4688137150966427  6.003437371094132  2.3919313159193134  0.9314884256360426  
1.768326361677849  5.1640630655130074E-5  4.581375075111625  1.0023785319660181  3.340051218004483  4.392524096105138  
6.2282535664485845  3.301666267924723  4.642509367088083  5.226229650776947E-17  1.1201841604069926  1.0674534195266023  
2.166659476981346  0.4033520644487419  3.129580520402437  0.9840193286966571  5.452344404436911  0.2887743158130412  
1.800513024160295  1.6989383353771241  1.507749084314239  1.0895048211352727  3.2456535533878097  2.8809589947327776  
1.337839616819939  0.6790797371375249  2.0879354828119685  0.8970197523526015  2.7580825763642793  3.3757962277506177  
2.101517766681317  1.3736866466033328  1.9241662595503604  4.037405355119221  1.542019124841993  1.6342599987140465  
6.852500439920455  2.2865889211072642E-5  3.576602424957513E-6  1.9516004708337122  2.4506689787163696  2.8621221235823278  
2.498303955634038  3.6027732284378553  1.778160817044481  1.8247564989796845  0.7857955812162335  4.792522435700128  
3.5707350136184606  4.4600916326932  1.0469164684053207  3.852946702000599  0.004044677995381348  3.809668446389181  
1.4531391954556743  7.6844464813787745  0.0017243212202426121  1.2171958407143353  2.82732512802411  2.129961333714522E-4  
1.6007237423283995  1.1151113818380296  1.7059133375481468  0.6812548564160668  2.6104591238893895  3.5290853296436637  
0.8745189115164879  0.6877804386978367  1.1923243735337647  1.0002813056014435  2.7878258565807097  1.1028366501169407  
0.6896443294137689  0.4748511932113037  1.2888822361469279  1.3056822915286599  3.0512891759460357  1.7714228460471104  
3.2981183121704802  1.5276207331518246  2.2314521663989584E-13  0.47220485038554866  0.001072155345270543  6.6306866060888865  
3.410002508485945E-10  6.868421745068673  2.43576015087906  0.5719111378175793  3.6388893708237813  1.4243761090659939  
2.053396043312508  1.0774976216416823  0.6409115064306439  2.530904089547617  8.011804765402044  0.18807111149132102  
1.8891731273110237  0.6756683728806926  0.8474839951219992  1.7698088263559317  3.5934636052121935  2.0970116646520425  
1.97022210707747  6.2214470954185055  6.041626718083895E-7  1.2155090846937682  1.5145878733427374  4.336674172557093  
1.234411213661769  0.6248134107862482  1.1029777841147883  0.760815360926305  2.194329611164016  1.8563583221622073  
0.37150666698753193  2.1697014182217935  2.1059488306747287  2.5821274250000066  0.29288000189830177  5.567820491270136  
0.08424355022644799  8.040452065694615E-21  1.8717754797663386  2.762193904337868  4.43762366058077  2.604646528599972  
0.0014472342428358867  1.617516633352356  5.899905401200668  4.398354294610162  2.83410418020628  1.4633433381233096  
2.493899863294368  0.34679216868870355  1.8010241592485443  0.86706938734888  1.5731315637301369  2.8158239132281357  
0.6258938574124435  1.191520662617873  1.3858583355754983  1.2954159320145886  3.0263324084288747  1.9385127493419105  
6.515454427410389  0.7259518329034708  3.419791712523992E-12  3.4496198178921427  0.36689557064491435  2.2619588806358757  
1.6736080042999522  0.7847765131115668  0.8516196769443677  1.052967272472782  1.4568408765889567  1.2985483034583447  
0.7814917157285913  7.60592281088517E-4  2.9446519853330404  2.3369947506704887  3.3752805042537433  4.594638233237143  
2.6877381928726414  1.500467646894265  0.9665680003918544  1.592745470668982  3.5033707944356065  1.9986088005647373  
1.3144856598673869  0.0934024107923623  1.8122634640310826  1.22564442326704  4.292411846776402  3.375650972330631  
0.9741985111999983  1.694443604173411  1.910434399168736  1.4026652366574073  2.7698020621438872  1.4994960658877101  
0.8804788028077172  1.6928978358311528  1.8218229779613955  0.760974168455484  3.8782835353548917  1.701429714114886  
2.65457352156142  1.2685674560897937  1.6060992076001532  1.4480796127146058  3.8606644349226094  2.143192797887635  
0.819465285450535  4.2348695897510655  2.669833030014634  1.6133216733988395E-4  5.318172147356203  0.9690418143139353  
0.6152199269393496  4.871349481243948  4.392923436114507  5.905087300699016E-8  2.6803638891086115  5.379553715769537  
4.775664000944976E-10  5.371077831116816  3.559104917843749  4.78943007803441  9.129567158657037E-5  3.73227734260161  
2.0063811382805374  2.417762083651561  2.201767629132286  0.060226077906038136  4.3545109727785976  2.219213933501904  
0.5411174801855471  2.234090554894477  1.795787545584171  2.971178703854404  2.3335079008304667  3.141220700516208  
5.385896321661252  2.363677619831874  5.115946786660128  1.946934895117306E-19  2.1675774687256744  2.6731792724851158E-24  
4.943743064673053E-13  1.1322409044571762  2.577975579979957  1.7547880381760574  3.1930138209361405  7.237317199464083  
1.2233191459128478  0.7854317129504074  1.0403388074144586  0.8419439428105361  1.417039080670732  1.2497892782548063  
1.5066134256594517  0.17512186954121986  0.9542014627551412  1.1760196104474843  3.670968618130435  4.476339875012166  
1.7614691720029367  0.812492884098844  1.7056483441257635  4.837451414557472  3.6581122561351984  1.8678130251656802  
2.4436395489038807  1.4152811070679583  1.5475956281294638  1.7433777460187603  3.281847535296057  2.9943019930018386  
0.6447715149832838  6.538020932606583  0.0033216902056105797  2.1119313025959148  1.8785171642504803  0.9764294546133079  
2.0495393120014143  1.0239115291745415  0.6748350724106458  1.6574767774593562  4.444730045934107  0.5212723205982802  
0.7492694505187354  0.8514872915350687  1.2154182001222091  1.574903318079226  4.297720904660349  2.4173296151047956  
5.888879955499076E-18  2.0170616228535314  5.024992795972078  1.566718134167813  3.9270726002045624  4.958539031104601  
4.091151778637743  2.210396071022972  4.712971509094227  0.027073941946001472  0.9658160153257551  3.8578020253401335  
1.259463161187999  2.020952354137352  1.9060974216937205  0.7143827313316327  5.623563972570391  3.131188900235785  
0.7784348384096953  3.5256836681607986  2.2934284887485625  1.4965793835464176E-27  0.0035368770151735494  6.5600227115509515  
0.25557765857777215  2.082678502379607E-6  1.392642463881389  0.892345304452898  4.390077477372794  3.922680616592979  
2.1847980046279605  1.1306291207073909  0.9907466608219349  0.8924281808580672  1.8887920304509118  1.6065461476873262  
1.4440548760143996  5.013834923764399  0.7054868163361525  1.0252157960832968  3.0526834137727707  0.16852969521353617  
3.810276167039145  0.6917414332501796  5.295862704593795  3.395460636351182  1.583697360612883  4.874496223843153  
5.745847001021727  3.565117120111974  5.435128745666964  6.794729767495783E-15  1.2279294852736982  0.0798569221727994  
6.117912383068962  2.3416428185825167  3.0957243699037577E-13  2.768802367748552  4.434276486492687  0.9042698925203543  
1.480593441977623  0.8198953459877669  2.57592842369615  1.2537178535479307  3.239284762683634  3.032310738461042  
0.9577232681959782  1.2735820004941247E-4  2.8086023539349783  2.782254302080061  1.600059926021224  4.683951809190529  
1.3262029380151539  5.377088438509193E-4  2.501297971357699  5.783655441141754  2.2384678303381116  2.6045168951214364  
3.5308330809609614  1.34333806615986  1.945271623059077  1.9035297749546165E-8  0.7102410215383764  5.522099130403677  
4.8104001527384777E-14  0.0024696103250499086  4.282856036422248  5.0188722873851805  1.1818524238097499E-7  3.368272760080763  
0.5565592884179034  2.683956699170122  7.379082673809248  4.105366739409872  2.7771103639101007  9.220721720502574E-21  
0.6032264200923404  0.4345300331263188  1.6410766398216718  0.8942024953509226  3.649805999902651  1.9528940560045336  
3.9557907500854546  4.902601199091507  0.004052775453290082  6.068195098441661  1.1350877485004611E-6  3.6787631292560494  
3.9099424998865278  0.2094521761328111  0.0026654758926471685  4.519436145221207  3.022364549519548  4.4116400908966416  
1.579413569714151  3.166296915817031  0.3299600292947007  7.227462777576161  2.096768121075403E-52  3.841923963710198  
1.4830960503597999  0.6250570965575903  3.425840920469976  0.20536078066507307  4.600719401042795  3.9884618136976706  
3.198372335175469  2.485012531936202E-6  1.019920742884104  0.15265307488978974  5.263491244624857  4.187508718544839  
4.035873000547457  2.034942215129474E-12  0.4499444084320923  0.2692833036358805  1.0086385647275071  6.432625682762363  
5.7958789283802306  6.310514204320916  0.4186380190876635  0.7822859657548213  0.5709563763236383  2.5513881889766084  
2.6022570044827313  1.200751621057945  1.296912928127967  1.323281210898896  4.208473066362357  2.5012093876484993  
1.4920456144329743  0.621291402064903  0.9871543618288241  0.6634120091280568  1.7887898834040066  2.4258543800079653  
1.2761919516472815  0.536762702258984  1.0733877762047064  1.2472830890892685  2.065403846728412  2.309819476068525  
0.9053230849408653  0.7064303871031055  1.867362359169299  8.306675261659433E-9  5.2892624515288835  3.5851238401004224  
1.6997548087073209  1.3868166085945608  1.5245823141898043  1.6816163495886487  6.051354435476218  2.6905037951981856  
1.6689498623155263  1.438479163677792  1.8643643051056582  1.1345257342423432  3.336870210166756  3.535276860074664  
0.9550437927095798  1.3553668438912283  3.472879148918351  0.8623798084616798  3.929948450702929  2.404339846438109  
1.8960030293531742  0.0035103940344167165  2.0300028422630496  6.034108163814319  3.6583799240149615  2.5393860055077058  
2.340019825158369  1.1048652382282464  2.0446378860211754  0.7624454823284683  4.325527197044748  3.565549652502089  
0.4955652197193157  1.5977156531744796  2.334618954803375  2.159524864209435  3.488118690035198  6.85808151285664  
1.2134204673448712  0.03172177305000034  1.0940000139755532  1.4083799412483087  3.325830371883383  3.151578694275687  
3.587739453928386  0.9268692969925456  0.5310917460249109  3.8786509044812734  1.7825266953557894  1.4482053995357242  
1.5385912414930938  1.684226577036169  1.6798898517928162  1.2784674334952935  3.634610554139343  2.852412180007363  
0.30436114980283857  0.05658391025662143  1.3439859601411277  0.7068179155972811  3.6466161518251825  4.202989266816089  
5.590668510988531  0.2266240559288968  0.7198428842519792  0.5661415437242434  2.419891605433444E-31  3.091452309144354  
1.06508619644168  0.685337069601569  1.1158564974513105  1.3923085061129543  3.1465191086677713  2.9273779919435685  
2.2183622835860093  0.5268649045984551  1.4973956941576012  1.4281723267675  3.9166301111215485  2.8035327822942997  
0.7317856714664108  1.0602194438244754  1.1465055184225414  1.4445517798899448  2.8230239431132236  2.2524815983754904  
2.323007001348346  1.0541750641327998  1.6291919417851735  1.0948264283970883  4.155234866173755  2.7780401921352462  
2.6440195785836624  0.6793236718514652  0.9445267373061694  1.5334344026802222  2.9207371206888895  1.4573259919392938  
3.052981070585846  1.2381443987466898  0.5364692163935142  4.057588676693383  1.3252694859716732  0.856562771533567  
2.38520589249542  1.4502498902321164  1.5506950878789083  1.808068222022742  2.7852163997596087  3.6212412494614976  
1.8325734454323184  1.8043535895091898  1.7609955317522972  2.2508582302079283  1.9315288455626578  5.4363887079583435  
1.1596828565137804E-4  6.408897905865149E-25  3.7896059483471167  5.553549887132772  2.964077598811441E-11  2.260357017373674  
0.8035462235736588  1.19993451894676  5.330859235400311  0.008065927816082712  3.6311945387360653  2.2065065485027993  
