1.8829333800583814  2.4867603480498324  5.410457162202734  1.9041071660279933  5.4743377225576335  3.656120016777696  
2.9801348413060222  4.269250265485706  3.5397638286694164  3.2270413298155183  4.9215260225915936  2.355791490022376  
2.9157954886573925  3.1600743260825728  1.794580709647779  3.7982217883179215  5.786789131117961  1.4867688381904718  
4.06407742936243  4.626062855064908  4.091359687742981  2.0030925022174726  4.597396115708588  3.3107442000267775  
3.1877046929897106  1.930868086479427  3.9090772271724634  3.5611619816691427  5.587233655269988  1.6970836640634621  
2.752230649266059  2.0981727315526224  4.368973846201821  3.5901279817250664  5.45032133838588  2.491807764274324  
3.522568662920958  2.978286644846868  3.3719441728380466  4.289194457617083  3.2127135050131144  2.573051308376305  
3.8183225516065544  4.593402605838082  3.3656460213243635  2.8869433752960716  5.834168687155838  3.5561894458752525  
2.2062945852771203  4.401532691146913  2.2427641600311015  2.620459036150259  5.082104090833312  3.8948559452863654  
4.348122508469061  0.34173142610669976  2.9288456137773506  2.9404501673112047  6.202611255631117  2.940750864879085  
4.825665217642901  3.255415468166627  3.286358541553083  1.4384449469499858  6.136003997421756  1.0237611299167955  
1.078761921442758  4.4754022997278465E-6  6.922871465771013  4.14422867469379  1.4824282806043276  1.1528410204250747  
1.529315419272453  3.5324491871372943  5.242733588469449  2.544211532805477  4.712975845891654  3.349236972076378  
2.3586893644276516  3.6518795490906686  5.124075621171163  3.5434996572001167  2.6862724318081272  3.7208075478543927  
0.21949494598453456  5.552132403361979  0.0673936612768913  4.999019707138169  4.945163464183854  2.4201642015101994  
3.0018716246566117  2.823780451996877  3.9159900195977184  4.192015750242454  5.285853067491029  4.322474741731733  
3.9794952554916745  4.363112889243448  4.07412057847204  2.7376320479764344  5.298197657684771  3.055638253551102  
3.714509409081834  4.18295684663925  3.8083579072706066  2.8683592117894157  5.588935263410457  3.750112343940145  
3.014321203154251E-19  4.390223107845187  4.958678211035794  2.874653922062748  3.980927006930354  3.9594078356600866  
2.8415218541278033  5.3036396439807065  0.04772981527525424  4.061800470868946  4.507239777391916  2.665687272117641  
3.048931588640335  5.4311149716389355  7.329712980297435E-4  2.537157814952597  4.245003098809253  4.2564109810751445  
4.182492466631398  1.9952967594497077  5.645207218662881  4.040938818771586  2.4588112188036453  3.650595300745821  
3.060367715254743  4.033736920776408  5.847679246400613  6.313786459456354E-20  3.507624903220706  3.3306121969177  
3.775959141802859  3.8028029348293306  4.011114705030787  2.45848375926642  4.919990281924616  4.3381531637688315  
4.149945980176593  3.985765941141335  3.7350331132624275  2.8396540484677044  5.53295360458268  3.17162681427866  
1.6217838382753027  0.77951567185266  5.585932185122296  3.4358479974157605  5.561299505785877  2.71068929076361  
3.4338951019296684  2.1756458278025526  4.737293260672421  1.8314996533708379  5.352398116730001  1.9180750345026936  
4.314124309841813  0.0373607040214199  5.593964949707877  4.496611878446983  0.3112763656001079  1.7295915956847538  
3.4632260443848977  2.85317706546283  5.322352638272427  3.190328705684393  5.115257936512139E-9  1.5384081317142246  
1.7178844131976894  1.5959631214392054  4.729783884463197  2.3774879317214133  5.79646048438789  3.7094200654143723  
3.3279821553740505  5.72296066145564E-17  3.657956796783369  3.562153893016452  1.2581220239648057  3.951694685607693  
2.661545261333289  0.00550699530768123  5.50231485226158  1.4840445718708906  2.6453386991588244  1.4458653926029004  
2.8194771794832882  2.3315653573274404  5.398921354225323  3.956119331605285  2.1096517821950145  2.402738075873741  
1.6742255037814484  3.672601475966927  1.0532357259756862  4.807692139250348  4.240344534360107  3.7268489532932363  
0.4116789738334887  3.0708266308891323  8.784632653578765E-11  4.860804873759166  5.844625689936766  1.6573537908242086  
2.172915778439588  2.3109094601661986  3.3735896456776966  2.470950412786738  6.364528191540702  3.9023991260210207  
3.5934337822210716  3.8318333404663814  4.630416612810918  3.4273722153829307  5.2010108138627915  4.052512783210966  
2.0068645602696913  2.273017739527204  5.3853550915517845  3.051624671051929  3.3121636948728357  3.6185503378141597  
0.7754783120225187  5.501962620835908  1.3682588109415803  1.1830242163871405  0.6207014332294345  7.750691311735128  
4.488693301077164  4.154444951563084  1.755979766964218  4.182548245760765  3.139905474370934  3.199357406926929  
2.6162289080109933E-14  4.3246910392586795  5.623067523977903  2.144821553127082  5.650887106743881  3.979525132667166  
2.5968552972651513  4.38315653980632  4.4355558539795075  3.2296450562506114  1.289656849076831E-15  2.155662581190685  
3.2596338962016747  4.489678731560484  2.6160015024295685E-14  6.173369897578088  3.9908720345631976  0.33602702397322703  
3.1114329130116793  0.1328178625289919  2.7843684603137895  5.016370605714864  6.001524060752319  3.0560752608886648  
4.1120686883351265  2.0115258617227187  7.2006446629958205  3.060207246544821  3.6103755886178676E-8  3.5196614816349006  
4.949270487138446  3.5524088912851587E-4  4.092290563989403  3.1020808510804044E-20  1.718869288033638  5.259126584647668  
0.3802498288990225  0.4176005495280033  7.828186832391338  1.3002357537251452  0.8762776246307441  2.8311733981393843  
3.10275069922359  0.5767886080868526  6.305809686392297  1.7206888140003953  0.37279801554271774  2.000278365367154  
3.179971530163767  2.052075324870958  5.116693484831395  2.4495046828367797  4.811955191206102  2.1164458340422967  
2.1054447101383813  5.50260227639837  2.6107549498125384  5.685994181135392  0.2884654808160451  1.2263800357129497  
4.076921219329823  3.801796973453818  1.1948651060443045  1.7508486995702768  0.5028393608436237  3.189100531410823  
4.028323745859822  4.55626174375029  2.6704472667150196  3.4167833431643837  4.002408192834136  2.7583164217503913  
7.960544944972059E-27  1.2173278374994336  4.527278145855057  2.976445683275181  4.691056794991233  2.9479026017912977  
4.479065291122323  3.2712969781373706  1.605087327561736E-4  3.988981635832327  1.0678748039735428  3.6230371119584164  
3.8723498547828363  4.788734931514695  3.7117310566479693  2.259139018032037  4.685835915898796  2.347009649377212  
0.9211216458406184  1.5228224196076134E-25  5.714397074727948  6.431102917670402E-34  4.539496562459474  5.9306369399508245  
4.848391969718292  3.7358122445148685  1.5910638041459526  0.5296910972360734  0.3341976607446913  2.4855086626724234  
3.5522455050882495  3.0726956217148937  6.176097784288823  2.4480337898324533  0.653455157570273  3.456863148382703  
4.073965740462005  3.660658828361621  3.986639605092062  3.071358302035895  3.3279988809749526  2.756781903658429  
3.9663897816864297  0.5054849521295713  4.7046368165100816E-11  4.0655353141048085  0.6915372397973006  5.046592409095539  
4.8358657977414135  0.0038023941055393947  4.316147921618104  2.774335361227743  1.2673447393514947  5.1727574304009964  
3.835001046243271  0.8036600277388197  1.2222510971292153  6.830429566738321  0.08496411173611794  1.8762795882058707  
4.764701739280244  1.1304753860620024E-44  2.464089534967711  2.232977131438338  6.155961527279017  2.6321867084132755  
3.321920287148282  8.97072470710582E-7  6.438116619151002  5.800742550009518  0.9453385058281595  0.7980872407706283  
3.128991566239716  4.2377957641137474E-15  6.143918169972509  4.7380363972572015  1.6947381065153184  2.373824826444346E-39  
3.2605588488001573  1.623870102578659  6.756602236448593  2.4367689588491075  2.6653470106156528E-5  1.0469862824688927  
1.8165882114823084  4.545680573683913  5.4786010507205045  1.1848021032184357  6.347255391631346  2.488351211140502  
2.431718358207174  0.3544655105396701  2.02442047563311  3.887077839796899  0.30844857233573064  4.9658091452961415  
1.3287551169891307  1.3316204357321728  1.9235096188275012  2.3374358816202547  1.0966845676889518  1.4915644625202018  
5.640110865111027  0.3257048072832861  3.9665071515874466  2.051940520448766  2.261881684686199  0.09134407112308855  
2.164246256705627  5.238994443360527  4.623411922967425  3.5889488419023206  5.076187191934432  1.31105879406008  
5.885200190406865E-33  3.731792765968617  3.6205658568500036E-8  3.951041207656461  6.003750314639028  2.5695608572411244  
2.153153801010578  3.7166246717630167  6.590444134708473  1.0524017004539419  3.481532006515156  2.5993698661246953  
1.8847809378897586  5.401751456778697  1.4038351465791814  5.852024236835138  0.6725466909961563  0.0017267556431949853  
0.9013557804717565  0.459418320897175  7.191782625491239  0.9272541178251894  1.2579429680911982  3.7881957102701156  
2.6031393924925307E-11  4.425359590109705  2.5856679632240565  4.563003726806874  5.413183784778178  2.9148588882552966  
2.0085326810317558E-29  3.4106271545372224  1.592505798910863  3.2748535145060957  5.643403699241549  3.535243748175507  
2.1357664611565204  6.420574702777259  6.23216401239589E-13  3.561957276203631  3.4355950036009273  0.2199127259279556  
5.04418328188266  4.844415377485531  1.96315087775479  2.8055184794264854  5.222270511675911  3.027232363471333  
4.191379086589101  2.3703463238417397  4.759991867586881  5.03372785496183  3.777532174913735  3.9128715009277295  
3.5092939571057484  4.810695661134813  3.0075435428544695  1.3215218376466786  5.63761613097436E-4  4.691591358580656  
3.438405222104056  4.699246642859664E-6  2.692214880835184  1.678821894116294  5.851066788174515  1.0262151268943831E-18  
3.0167635908930697  3.9986936593994815  5.985849489900585  2.3603777953285565  0.4172935010310301  2.8487728967113903  
2.73427743895333  4.373946552519455  0.911008301469583  1.048444045958634  0.22978291345724575  6.956338748930992  
5.028096770643835  4.632714780874351  2.6715939827485915  4.764017926788099  3.4127998828364185E-7  1.9709442100565167E-6  
3.224835338142367  1.2733244013896228  3.7360757276301433  4.4597938152453915  5.358867651410664  2.612070026478602  
1.0756184837928606  7.185747255622815E-16  5.823926983311094  2.4221686907018385  2.725091863804939  3.8596954010939593  
0.22924464971600586  5.1041718928310535  5.342480237600559  1.594801737566654  1.2609420067399095  3.532528520456349  
1.6155936067762546  0.792636166181966  1.7560895952705584  4.326763420556703  1.03279103183212  0.8167766704479784  
3.903920500460728  4.985456119451693  1.298195133883504  4.447905842471187  2.5568987030194306  3.362176822828676E-11  
3.5018983846333693  3.169321298902106  3.921870079903164  2.6523321361593246  6.074122982728714  4.959660544778621  
4.665299028309403  3.826951202456763  4.690515456681924  2.13425531109177E-43  2.6009847616555852  5.406267917299796  
5.476033079610684  2.20644325628006  2.6753826004611724E-27  2.0852413231904987  1.4466674917782028  4.757578686694479  
1.689800163421211  1.0013248072142475  2.3737896711408375  3.4275136590896396  0.4955304402614028  2.025824348229229  
6.496912157593615  2.3023409697288173  0.06318609344669766  3.355093620124409E-16  2.913777272710435  4.374784665721252  
0.6384666050575492  5.195176407001008  0.8215522362216451  1.0300622178240042  1.3055179681212115  1.81914556378463  
3.884369254189727  0.9256423876477069  5.29069143461085  3.955026229980817  0.05032513591441028  1.8693511515138732  
1.7376235517396934  2.068014333832059  3.165492418514747  8.50794766320983E-10  6.02024356794433  5.770029539411698  
0.8276570645707857  0.8983306310774652  1.8742709705792895  2.1770885399686413  0.7391818850521781  1.0622566163586884  
0.5424642901821395  1.3093481461082621  0.1764051070212148  1.0425281721639632  6.617351442045813  3.0063521282813173  
1.6869567427806618  5.674748241059442  3.3263512318565365  3.7351296696203344  2.1838493876629337  2.3075259399116193  
1.3339466512258338  0.881475400877435  1.6004162210608006  2.0620676348601945  0.9548665882945455  2.176674349809234  
2.151887129286165  1.578315843317932  2.4653009358148877E-14  4.165251816984131  5.689115290725342  0.5805698938835698  
3.6169024763522812  5.116533672217144  1.9921819985099705  3.3910296792118197  1.8331424982362003E-11  0.5494779346558113  
4.891493539653477  2.733915224541552  3.5946861512256606E-29  3.786450211325753  3.7566059893615353  3.803566799797839  
0.8457837206617604  2.5218960055621876E-7  4.757303777277791  0.11056118369421149  2.458206549618353  4.7226093614652545  
0.28362893017859253  0.6086178852719074  1.2156761061820138  2.066860067990656  0.7891752322316459  4.649572850911479  
0.8633742479462853  1.1529415594162538  1.2642214403386915  2.2321839580528735  0.756630794957794  1.007444926081213  
3.7300408277907957  2.684061982121115  3.561964285288133  6.208216631862109  8.52298740320243E-29  2.2816652035815146  
2.47690992530525  4.406249025501647  6.760041629019515  4.2766004897733766E-11  3.106191034989955  1.5911773945415861  
5.281612563314357  2.882590462569058  5.405000012192338  3.9084817883571192  1.607565267312991E-11  1.168819928206571  
3.2507029458534276  3.5085044727583123  4.763284104976965  0.5687313893838254  2.669238449850186  4.145083066442218  
1.3842803500269918  1.008314972997127  2.2263875645379767  1.9090816161620758  0.7089036855873078  1.0033918372671582  
3.8379752180424926  4.422878762114846  1.8414767329145911  1.3405106397550688  0.11650579205543872  1.407717062461303  
0.39368519810001584  0.10598380151394397  6.401537954883662  1.1332912896583247  5.758652197571529  1.9072872288845992  
1.8105999282400587  4.923879328815042  0.791141946076338  1.341963938148476  1.0639918353164589E-17  6.427590482207572  
5.607568261135089  2.6362869784094026E-7  1.404633264666585  1.2509458296641998  7.121112320811111  3.684551470760889  
4.737345220683427  4.31672689361481  4.01377960534829  2.0652475526688954  3.7350414509573016  0.9683257790148712  
2.8939713471558988  0.5698241767986656  3.8041274718396463  5.017508422352973  0.3723471618241982  2.1480848147850096  
2.460833698183042  1.47163246488515E-26  6.130095200152131  4.4746712441432335  1.4290227283979104  1.9787264668623818  
0.46573347188835285  0.35848555160330403  2.7320509677042044  5.209975295530786  1.4633277837980565  1.7612100919517126  
0.9415497661168236  1.3809722711758479  1.494137085134087  3.1258009465551644  0.5907851392859997  1.0625830621481833  
4.455564908893274  1.0074962310725877  3.9133233840334936  5.008644190993706  6.594358224361186E-5  2.394348032114379  
4.295166160699675  3.517022380130793  2.9772632501511183  3.6958483554803503  5.93381195347485  2.3334504252654087  
1.895704545462681  4.225828679209301E-20  5.650291650600202  4.605778797146186  3.1328498519338264  3.5959873960415994E-22  
0.2334404468671961  1.3693433462181241  5.346649566101046  5.13098016864393  5.07029262648255E-13  2.8399304202679025  
2.343080577173535  2.5151915218399386E-12  5.611985883444446  4.813161470889176  2.8263966543423966  3.87331785209725E-4  
2.9187629599176454  0.7926863960558427  4.040179097261797  2.9451689157712986  0.8937765769676088  1.4143484231295689  
1.2827208457280523  5.86170202907858E-19  6.778669729156025  3.3352074765463997  1.0819738081084271  2.362365366307556  
8.672956884486943E-27  6.136854304646349  1.8201120128906678  2.846741922489104  0.0012477111994859311  3.274748259371161  
7.335258795684892E-10  5.801090674439391  3.3836999402813794  2.6463132457981096  3.873483253462971  2.4318355932119755  
2.8850201167254146  0.9084510833589058  1.4801563668261257  2.4248265358944145  0.6953814998646917  1.2942315744129655  
1.0178442291780345  0.9493129224942966  0.9238129621409057  2.2589980420699396  1.1064320077202292  1.3191358122540773  
1.1394436399724222  1.017165339539013  2.0571131828122344  2.595120843131294  0.7400550330181986  1.431460978788931  
1.6040620569831403  1.0551151912597316  2.047368729293983  3.1023497347803914  1.2487309330559775  2.2861123168622224  
1.283596284228213  1.348835243442339  2.6921183469907652  4.416478898095934  0.5474040824159789  1.5353202540603834  
3.7396068737995285  0.5571006713462858  3.341864226725077  2.099190803102758  1.6411345678104627  0.1205750937344532  
1.618411806094649  4.2678539030714955  3.9638952907538574  3.8425382686426786  4.21869912369454  2.942652983743661  
0.553410431314055  6.595370638438189  0.7394132169489608  4.418243467236563  1.3912631581576114  3.016824342404909  
3.1206347844576876  2.680029599742373  3.9705216022917473  1.3029151205351819  3.659784440550949  0.5130238254490174  
1.6028140653102099  5.187515533334223  1.1015656639934404  2.3572676897410094  4.346026425824781  2.2089758788660068  
3.939117335009273  2.1008855161503512  1.2619108414899063  3.897912258568265  0.27816270620458783  0.6005769750499915  
1.3914682505340674  4.158874977812456  2.0465706734557116  3.0833591948170267  0.2583029908884605  2.122483118751954  
2.664527050274009  3.862084618792075E-15  5.868084150211783  3.1475316692234476  1.8948206935678251  0.07648199562751024  
0.4053000649666456  0.8245345836697716  4.911326589457638  1.0781868104598078  2.237371835643279  3.9722582434256664  
1.4190699413018199E-15  4.685369860382573  7.895924156345272E-8  2.628352269216635  5.741543041873631  4.383053763067054  
1.1167425783167848  0.1511612497347826  2.1797089091435384  4.307362949956101  6.8136881977679495  3.954906773802392  
0.3990640379409669  4.8354179289609975  1.4371858727819761E-43  1.9983204540158357  5.124362405349658  1.2365819874875348  
3.6941820608340397  2.9848534892148764  1.7771533170354448  3.858580766795041  2.78474528351121E-4  1.1379027545869107  
0.002402636847616688  5.198187827128723  1.3174991278848291  4.950543996483169  4.256596630610585  4.7717712077298104  
5.847141063158905  4.4381956100907445  2.762914954198434  0.4971796809176841  2.667329465306194E-40  0.7894050910628093  
2.9437585885781314  3.594531976508602  4.122581500348455  4.420884795384733  3.720304668453489  3.616827709885036  
1.4364538357786647  1.5606435534095113  1.2855199741662693  0.7952992738204993  1.3797510577505192  5.346023826664974  
1.6237890265798378  5.522201168234358  1.1669376413765995  5.119049135514875  7.805517628324216E-40  0.7125544859982935  
3.394624961168946E-19  4.853706448690883  3.885125500856402  3.58755924818759  2.0706546326772154E-31  2.7039512992402863  
2.465433076524929  1.6071512338968883  1.49998852120496  1.987078792414765  6.813600084989406  4.85934165441467  
1.4713251630617652  1.51941376527516  1.2668382636895203  2.299521599174876  0.6618061828227068  1.4734676218534715  
0.5302182427809886  3.5133350066033473  6.246889066357226  1.156280566512846  4.069820307178629  5.507550819115725  
1.827229327885356  4.74650597343731  4.465065683112746  2.8086751297990147  2.5648209241640153E-38  4.3655709110312575  
1.467056584023847E-7  4.859009132729511  0.0012377575868462926  3.576887180180201  3.789183244452191  4.665941968696069  
5.518941883008164  3.270246806591306  0.7913644308619596  3.880829073571974  5.648928970368357  1.1931052997457015E-45  
4.921094725790993  0.7236427945693107  3.4323124581643465  5.1380519409226935  3.7694812557177197  1.8899462997058456  
1.6361987020536468  1.4473254630360037  2.442209656852911  3.814668880205185  0.7165748291810312  2.3211129946767928  
0.5010761143127747  6.2703050349175586E-18  2.868610482752057  3.27089214554762  0.6653505181135632  5.152815379653193  
0.2033604882714503  5.007630783063831  4.430959038887006  1.9767767345040086  2.712710365942614  2.532908026351638  
2.070941536083194  3.2776440429305618  5.543441591591193  0.18474849708750066  4.524459825091984  3.4366871695357784  
1.005545482377309  0.9481567651603297  1.0891061687831702  1.8282422936100713  0.8355880814581369  1.1748862638708786  
1.144815646504851  1.1846709519305032  2.335220538604307  3.003529997571778  0.5359731150141562  1.7011754394732586  
5.553983619564935  1.073169369172818  0.8987423583052023  2.3587558232521957  0.667155715495049  0.9095194209172898  
2.486603214682676  1.576331966424721  2.5348731491583223  3.7979800714667786  1.3326142401107228  2.7251970060432305  
2.7942791278510045E-29  0.8493555855619812  1.7966854197573852  3.8606403880725595  0.5427591769673836  3.807264367291159  
3.625699217263259  5.63611099960583  1.7147513406936362E-8  2.391951508591618  5.7241063373502294  1.1649376940329928E-13  
3.614394949458947  0.36349222830842726  9.723337652667478E-49  2.690388172151498  6.585749812138496  4.798762727287738  
1.7897203904488006  0.96802942563452  1.2955698536433664  2.9037716406814615  0.8345969067708696  1.6327872090159385  
1.814391884265178  0.7715463991932904  1.460837389107269  2.3048061042064996  1.168223543406419  1.7144829904086802  
4.152639760199652  3.6667328565123185  6.0762257690388655  1.5199065142519712  8.980977519293917E-10  5.595394498384111  
0.8013004000124334  0.819874025110367  1.8487982117253154  1.9068855825425102  0.7619033330259262  1.6235236535715993  
4.122689310152116  4.913394209836626  1.7579453316092067E-26  2.0222710425977546  2.297846381250716  4.789657304678656  
1.5815214114200402  1.636591280272692  2.146671258112589  3.3361978864517488  1.0521096994390418  2.2628168482148068  
1.8006430411583105  0.6852670027915361  2.1802351114649348  1.7910108955143857  0.7967952446141661  1.8338792924906584  
1.6890237454209127  1.5651743540298244  2.3830539809954097  3.8706190927139423  0.38135953746218476  2.1129779398117083  
1.6158813198260888  0.5868271567761475  0.4731151342205325  1.5219524181123874  1.0146308330820775  4.575732130576548  
0.23083330418267864  0.7243478469513112  3.2120064045859347  2.735813726269133  0.7056618766591087  3.948404610469993  
0.3136371868521303  0.5391750529895021  5.368613965027964  1.5006115159734539  1.595394404644752  3.440973942357193  
0.15235664730524856  1.2269439503238002  4.567772821043913  4.560256492784184  0.27103463993590354  0.696258924709219  
1.0036200657205927  0.945213648434208  1.2193799524043416  1.870273697648769  0.8051686080286911  1.0732164401044608  
2.6895036185888737  1.7206357722128067  3.229588425411365  2.5434569683083974  6.329338534570778  4.070134292579172  
1.0307487710298977  0.9039252779606595  1.8484872258057468  2.1149904039036236  0.7467791510767459  1.0303620986951387  
2.0346821302727442  1.4271080788368253  2.133862678456104  3.726396126215764  0.9998893939455802  2.567306143493647  
1.2971028671577503  0.9550258826994491  1.0358198965045264  1.8598626647586296  0.8327874810044739  1.2230420364796597  
1.2101553139238452  1.120917386878537  0.7710033013941091  1.2767156123406742  2.566597315000433  5.3420273950513915  
1.2133277428806146  0.8673045361021168  1.0376815436441895  2.836447314358664  0.8339467623047332  1.6757670790784631  
1.738486190360706  0.7481782341002183  2.2482734331513066  2.3963512585325986  0.6947010591247319  1.6809980836017049  
0.4669413537041945  6.142889670835006  3.143933505165282  3.6277964134290106  4.54086454930412  2.379657399636027  
1.5230865931994497  0.686867158969702  2.4720942256190614  0.7898236246132982  1.4690327905265501  3.5219946100878614  
1.7116161131570822  0.982763782317265  2.049408676145753  2.684404146765387  0.8439770737348945  2.1632099216164997  
1.377219698936545  0.701661762707604  1.0937177498972497  1.2760057351747496  1.1544301658921385  2.26786184356939  
3.9993004942301025  1.2723114954551726  0.6919061666265163  2.798055188991243  0.6455943591146949  1.858314383105996  
4.426666156579377  4.061064921473921  4.1062401389051677E-5  2.432356569008785  4.269797084749801  4.128097366467307  
3.885864919458317  3.7818664852214265  0.10318370878136815  2.1032242575118625  5.847486614439019  3.438950089851698  
1.4196457909088789  0.02721855032129393  3.048296475185519  0.012931337983375925  6.908961401991718  5.036419216994485  
0.9547733498122204  1.2505659565094958  1.6947771022532494  2.6182207381526963  0.7773459012519426  1.4174344407256532  
2.065489130611428  0.9426348144837068  1.6327505625949719  2.445810336989707  1.2974648309131391  1.7385454942956424  
1.4907371904843094  1.5157031484143169  2.529773636751798  3.4550044570110616  0.9256665748821183  2.354617560882605  
0.8378983387119932  0.9538481317844026  1.3290143374787688  2.3045782187445853  0.7590420162409983  1.324091057924579  
1.0412119819006245  0.9383503030148466  1.0273472367940792  1.8971837229059345  0.8438300137357873  1.2764392885068712  
0.7442722267817904  1.8317860856969042  2.577404633537796  3.3325762567430908  0.36028825865624686  1.8149409214694188  
0.9817712030658601  1.605969735745638  1.4014088092797443  2.7042476277146275  0.5963213669582307  1.692733672279384  
0.9969624762462691  0.8619156822855465  0.9643712735244165  2.56954007309231  0.8060074884116737  2.200264884555119  
1.5793238472434492  0.7988630641599472  1.2687315730177333  2.3398759848798227  1.4947954153597414  1.320187396812527  
0.2102011890918985  8.962103014562387E-17  6.217945726038739  2.01786096695033  0.649707893634717  2.5830522375559317  
9.840900226743937E-13  6.190227318375017  1.2555999025466444  2.1060328866101137  0.8431511420210344  4.690398720328753  
0.24488116972501667  2.474905589302104  5.485997178891685  3.487122235240759  4.940553603105949E-5  0.9357271497064049  
5.7414562515277  0.9021688244273616  0.5362078407024968  1.6944929300676557  0.7997854182670644  2.0824773649602975  
0.49009660388455467  1.635234337819828  4.658742957085859  1.2771005046409445  0.749210136321814  4.723929742724161  
2.9204744761267376  5.188449168086493  4.866313544262795  8.708015947213516E-72  2.303812976080261  1.1681756231566642  
3.8816630807476185  5.119450924124265  3.600648415410339  4.2993487713240865  1.9568019971584227  3.57859822433532E-20  
5.203851454392838  2.5288149267519344  3.3528849261319538  3.603795280963163  3.8332117357407838  3.2143218171925128  
1.4450412772661632  1.2443168639818982E-24  6.723093197827022  0.003598935190907814  3.834657163642736  4.298115498630636  
2.9384583144149934  0.7398689688638524  1.010883241051806  1.0293559708216136  0.8917533238923527  2.6088490026295585  
2.7829986826701405  5.08725715588698  1.4203393484832731  1.2411334225398454  1.3390636438440575E-10  0.8016664557011656  
0.7828909468881204  0.6817862120589588  2.4024345234842763  7.306456138106254  0.17538500568301477  0.7587016406506996  
1.6117184481506495  0.9354141500030254  1.6286597534275569  3.05914509281428  1.2164325112355217  2.257530603488778  
0.7422795426653623  1.129442033122552  2.1564054524769616  2.8976914280938932  0.585534355324757  1.3949761177470426  
3.1166131134742696  4.533055442233987  1.7639668605036625  2.264524082244143  1.8169483632775456E-12  2.9125883133231043  
1.5511893526162805  1.294275305188586  2.4311232551756583  2.5443780239966394  0.5625014828754719  1.8514123932017936  
1.4905231176221385  1.185003596636525  1.2978570259753914  2.1406273146214487  0.7262025785988523  1.2767208221634898  
6.3674193583722  2.1474362046292577E-18  3.7699297507135037  8.50591231918907E-25  1.8643432260128707  1.9516610913148154  
0.05974475950076197  1.10781812742004  3.0935828597414465  5.567624561395706  1.7955473912111057  0.35805425766014737  
4.633638899330907  4.369044412271457  4.089853188530659  1.0359781398169536  3.85291453290289  2.366924261763297  
2.4575840556892654  1.021028797745436  6.106498729295032E-9  6.638257476093485  0.5661518476657157  2.6318975932121798  
4.968306583056384  0.3113313940774967  2.670093973728985E-89  3.3676703646059742  6.120430189374797  1.3175686309476824  
0.5211436922359529  0.2647127841328946  1.8988693961928385  0.9769456772961624  4.281320977601784  4.7700704686899424  
1.1241644425427535  0.7668506896408496  1.5444027661232496  2.0190061675978845  1.0762454839237596  1.5949383161843003  
1.7321141285891581  2.887768907890194  1.0379576570387097  2.382332188610153  2.391537912479518  2.2831996935478975  
0.8152073590961268  1.4282212610011575  2.0196671173801  3.094796533496886  0.6850811762045746  3.51508605010521  
5.17174366794644  0.44102100341263906  4.12511768625696  3.905563963027697  0.1855442979641364  1.827863825332524  
3.572456063041142  1.070537296936356  4.233936770783583  4.527288728358398  1.7767880078307018E-19  2.420061815684534  
2.7142114371636525  2.346063099746246  4.254818895279552  3.245181806059735E-23  1.7798673825348703  4.9764104420882305  
2.4692181748891775  1.243564111387839E-38  5.1364783932278115  4.40119106362671  3.3761607783020606  3.301523413863965E-33  
0.7279482363626242  0.7721713697000075  1.5468019003347377  2.7412695488017955  1.1413220545304414  2.6179915250242107  
0.8485442744308066  0.8519356066893481  1.8006902161643727  2.0621697485381185  0.7458774196665744  1.3408729162856612  
1.1050860262697755  0.8005282809317757  1.67710638148986  1.9805883401509365  0.795171161417539  1.641713074106863  
2.608824491007549E-8  1.0610245653226769  6.181651427769657  3.7863799002951932  2.8260111524270185E-6  2.8620877719897284  
2.226885872191261  9.040536142952065E-18  6.391579251041055  3.0907522350518803  2.2501447292784484  2.2015349996114217  
0.8750509026006668  7.694716194532603E-14  7.4244605026789525  5.225580643674229E-10  1.6546226337792522  2.8339569729097285  
0.9756542128538567  0.9507381673189673  1.1066117420577728  1.837915289427094  0.8277589390474218  1.1924898518367677  
1.1620932723913198  1.5920881753379936  7.685813761390863  0.6676245527325484  0.6866030033298746  2.4479142410440167  
0.9595104446878374  1.2431295032262966  1.203181980321321  2.5916644205320534  0.7337522344637399  0.9817076329283267  
1.85721479950658E-33  4.922955788394843  2.8111720338570843  2.981491194720653  2.503664931129192  1.384058720432537  
0.40932158466985574  1.0522517983082424  0.2428215403774846  1.0982555240806635  2.365790754782485  5.383032743486144  
1.7165400914181161  6.228032151263198  5.063513769561642E-8  3.413617289339145  2.7944551088079015  0.9528218926830322  
2.705301913493934  1.0412955903982952  1.1368331952821558  2.8387908072808123  0.6699998752955069  0.7577566422589184  
1.8750158941016382  1.420730058499728  2.600897699944399  3.6770739642014902  1.2012428478832402  2.707763457039617  
5.043499226409811  0.3381250360677373  1.3266420252467803  0.5115581963812486  0.9759969603992517  4.323233937653019  
1.877801574497595  0.9144273449763088  2.409185382306126  2.5996518351970104  0.9120109852187401  2.0045749684666996  
6.078472108838762E-7  1.133062246135919  2.1494486062600893  5.577848970361752  0.12155017836217112  1.4705474917397217  
2.179354086182656  1.6166559482418155  2.257801343950237  3.5688920059187494  1.5354706218651017  2.5050981912422294  
1.4785870802775674  0.9511840999250398  1.0561793676990756  1.7959679033321472  0.8372696302457804  1.2587765298329792  
1.6418902918540759  1.804341008825222  2.334570292696074  2.4242871762103766  1.0259319014672033  3.1114478183829055  
1.6431576617952703  0.6225125644839555  2.3984767691553874  3.0732297737134977  0.9654362979754568  2.166016303545794  
0.7168189196929935  1.0854760335823967  1.6326927663011126  2.1471239589219127  0.7346291237685015  1.0441935245362204  
2.386052332232173  0.003931876966663683  5.930922246180405  1.2824978020599254  2.3413300410410893  1.3010372864506512  
3.0140154341640173  5.211242364764407  4.512462997972569  3.062239090317829  4.857350702962283  3.097201135804321E-42  
2.489548342103414  4.864406924052253  5.562818967480458  3.205237279570911  1.5067865434553018  1.549102018745838E-15  
1.6069301632312698  0.06092786129572932  4.336310163449009  0.9601525008670723  1.9458012137632474  1.0688963765636832  
8.57369900515193E-9  3.3614409855768903  1.8108565894156246  2.1635554079220616  3.109802674294411  2.1911759076272714  
5.4217902690284685  2.1222259420385585  1.1781872099245887  2.637878686450164  5.6381144757381225  0.08025467070259998  
2.0323819077513057  6.176059228434906  0.007473134181012895  3.741155809519045  3.707798398924018  4.181074961296073  
1.7865550212092138  1.4736199925455111  2.208579311417514  3.28251944556878  0.4458080397284167  1.7600988989528517  
4.296718478187574  1.5091697347566575  0.672867353483846  3.165359078054025  0.5446062892280296  1.044688567436544  
1.7750526511556033  3.8830781987611833  2.832566611401374  3.0789194323605114  0.26251271448233116  1.961584654914063  
1.1065008745231986  1.0069350469352092  1.1569796993355586  2.2683560486702907  0.78585140487171  0.9941061636850054  
2.3645854291028665  0.5492609226637181  6.166437846514309  1.1649322894930592  1.8455496463216488  2.288408963637728E-6  
0.5758775536704053  0.5883521286510747  4.212862034842337  1.914584242695923  0.8748055813261827  2.7084925276002827  
0.7390916853184468  1.1434306815076665  0.3988337505630225  1.4300604018057992  1.8980296805271775  3.9448991051042683  
0.489438734840273  4.012336251329151  2.142032616726489  5.96153872559956  5.021059151032334  0.011328303596738752  
5.8359608236402676E-8  4.166256130476078  3.3899124879267537E-19  3.032844955123016  4.955129996355985  3.718713959919737  
1.5681769626693067  0.09347111281016607  4.257085052485846  4.924142931987505  2.365470973508392  0.07290036196477834  
0.8279106551078734  3.561233903433628  1.099677614808299E-39  5.113507746425436  5.556882916615522  0.32786333540324636  
4.2561062674407895  2.927137686224965  0.847207333653537  2.4997675887318587  0.35365506023104865  0.9877757694077853  
0.9998095289252725  1.2391724615753124  1.305699572211316  2.3156273861485968  1.1957422040033407  1.40197713886023  
2.43733214424885  0.14620859829915994  4.495444276102665  2.6202369008331736  1.4025170134645542  1.314351340902964  
2.8750553997627835  5.16746718147298  1.5716858713100948E-7  5.94126153837909  2.092757715662446  4.105446507145076  
5.101607748376027  0.9684099151143621  1.3813641032843855  3.496334285803516  6.1112488328435015  9.524104607997534E-10  
4.427162614199321  0.5992991012333477  2.6441934365717126  2.05311093915795  2.5365512993603843  4.369550661872333  
1.1076766150635902  0.8191806062799133  1.8839047013847914  3.8072633661860196  0.45337402860318543  1.8386797743639052  
0.6012048767310042  1.0225772833180276  2.2215656788416576  5.528702034066077  0.12262491283358595  1.9382457568282683  
0.9211093386317396  5.349482229489707  2.1122827731162594  1.4130165084012525  2.833650725366451E-13  0.9348173671617357  
3.2585668558572625  4.283097500169213  0.9703972926755073  1.9262590011586045  6.133518750105985  0.5081532690642527  
1.0736949606088475E-8  5.168040333278488  3.3745554179359107  4.168600955300884  5.913483051231273E-27  1.7232709891787716  
2.39646163696424  2.1786509334087385  0.31895444957359376  1.286341436751766  7.0603809354344005  4.921902649853165  
1.0280288020436277  0.9424420418367422  1.060808956927371  1.8319208180027675  0.8423327283814258  1.2072773608297294  
2.9816078060179736  3.821030314589885  5.1815040094984255  0.9110058978867196  2.5728402379539537  4.103387718492989  
1.0297689347151915  3.2222795295502236  2.7744301289949065  0.7218206512429215  0.4748515455896022  7.196674076916125  
3.617882892182244E-17  5.521608404640245  3.7842922886175145  4.057404414676873  2.7385005036865522E-8  1.0993950547670914  
0.5838121867771534  3.4132471736366616  3.6047513792555767E-9  1.4062565654217871  4.342341011786944  4.136668918996272  
4.10203265756771E-16  0.502188774918682  1.2430371394766357  1.801673172292395  0.8164275971257224  6.196349957255137  
4.848446395329477  5.121901406273257  9.287579857662473E-46  1.6793435438621558  2.9153805162744346E-6  3.656231999917825  
5.635842217213774  1.1315385246659552E-24  3.3726800261269743  2.367931697755097  3.8899835863781447  1.9625344793541641  
1.6524339251813376  0.9049410704971445  1.5631804614342377  2.2459879517431913  0.7548469059276274  2.0998722741464926  
0.9342978303601175  0.9863214932293337  1.187070362092449  1.9959387982605754  0.8147260222911489  1.019324275688536  
1.8368458886028354  1.690360218195198  2.018796496107006  2.910369264744534  0.681302910757343  2.0009244279709644  
0.013676157319312755  0.5694765613312832  1.401109069040397  3.0959115832322555  1.0709300182336847  4.7177129050281605  
0.2466816536123537  0.6517157296562115  6.05599792870704  1.8622120160507312  0.8866265759796127  2.643006364027938  
1.4223520666115368  1.0504063670746422  2.049587746480802  2.167287217065972  0.9163298200506609  1.0525067230446297  
0.03332885504949428  1.907263636089014  0.6783906636137407  2.7670113522801567  4.752120974443324  2.024384331033609  
1.436106186721862  5.066504503259824  3.21219009348992  2.5922961467450287  3.839909315376469E-5  1.5630751376730807  
1.090709111938068  0.9320589313137595  1.2731066530960122  1.8566632358968616  0.8176194303114729  1.0208607892414958  
2.783112628434973  5.926359836425254  0.6998514260026779  6.389068778613528  0.005171256419979895  1.3775698494435484  
2.2801600992252378  3.5812292455571635  0.9864726233190733  1.2977709194985514  0.4128876814691849  1.1829438446554048  
0.5495043533957968  1.7714764976626367  1.5698451535442233  2.8894160481711975  0.6793971826303634  3.2681534259972063  
1.328528410742223  1.2367986994335651  1.5699912739270794  2.4826153253881165  0.9659726592587443  1.6083578936318799  
4.111144215452566  1.5486215419715956  0.5634229313133179  3.6422301356859084  0.4824653977051213  1.7255746741762432  
5.109640224449061  0.9307144136321022  0.44477160329581117  3.1230716346657963  0.7735239617527044  1.8735721995969254  
1.1581988308297897  1.425339843401087  1.9683624871527057  3.2875603305812047  1.1301495507242194  1.5048194579411143  
1.0398684727279983  0.9241763758002584  1.1039444390495896  4.200187030602325  1.432224424242472  0.5713785335869683  
0.917825328556009  1.4595880255027822  1.5104366031427685  2.0216651060609445  1.2753022124198463  2.0164466830582666  
1.0713596147862778  0.8362750428728843  1.7091294552694278  2.923377531666668  0.6740663805938335  1.7975119648943014  
0.899761504909542  0.9465557410176726  1.1314569546441344  2.1914529318574614  0.79542427816554  1.4912675895680347  
0.3588294109976519  1.9034942680268538  1.9403997815999756  3.507576850006787  0.30658382599442185  2.869928552446844  
0.7653813692067609  0.980679483835683  1.420944238135391  2.005875215759025  0.7711793355953603  1.0663016343864007  
2.502698014586844  1.080927145374279  1.498825218696778  7.212562129063458  1.2057711269699867  4.25620559038748E-8  
0.22030424380859967  5.424101579529373  2.4573414255685977  4.312803245539236  5.3441415054212714E-11  1.800725059845336  
1.068877088450189  1.15121678561939  2.0014461627747027  2.1247438101933254  6.289097225217272  0.9633174987520385  
