7.276525170152991  5.121713103908695  2.408528543327788  1.6324523355417357  1.242511978341568  2.4186602973482874  
5.3339733773648605  3.571011633436842  4.736674658851548  3.4024676952132307  0.6591581522991465  2.6305499047140772  
4.19710378647941  2.3864591599565714  6.373239153274531  1.0309564821845474  0.9926014507177795  3.5478032161568396  
4.672789689329015  4.558679058644227  4.106241540622394  4.008619663275809  0.858383059911408  3.2713666001344466  
4.453220382755297  3.7324124854498475  4.8398883810413995  3.0144337384535405  4.177178360647714E-18  4.271266730900148  
6.121251672186685  3.9476471167032705  3.3784538820359136  2.6026185938176267  1.3805261689974704  3.2165801694944456  
2.954380034017694  4.082906016759172  2.916641639336782  5.005705789533475  2.045763989154913  2.2863265693750696  
6.186052673969062  3.634091943158133  5.238137124055922  4.228065821901828  1.2280272586836107  3.0542679867791573  
5.70752468453032  0.9916338972160796  4.337190192304554  3.005372339382485  1.1828984680767485  4.359446360149225  
5.239165678108541  4.239861532505584  1.162005849957592  3.7013424245048276  3.538541097591638  2.3484539680834784  
3.5614433258834977  3.4660522664325883  3.262217613532284  0.5236891985271471  2.0259750929703064  6.393880163771592  
1.3405778725418074  4.7522266967667015  3.5276426857820344  2.892694070437872  2.724594543803628  1.5353586997579751  
5.14071287852306  4.517014091392099  3.541371164229799  1.6240040559894706  1.8934838251926984  3.4532607701726565  
4.979095466730221  4.354788686936076  3.9418442387958827  3.75193193317101  1.1541501384354071  3.3182601800563  
4.319327401426123  1.1872929307043403E-14  7.056296469419958  3.202147553084223  0.48328442928769294  2.9012290982580407  
4.863903189508903  3.7690141696219603  3.4004134291121395  4.527508273477175  2.692833157872566  3.564447751102323  
6.401077083683015  3.5505973036868967  4.370656064762479  3.9134404210992235  0.33766145394820196  4.349952253575348  
5.80337096233411  3.6381890336297777  3.8445365436402286  4.227445018264705  1.8462956887358004  3.9120802083537844  
7.048204427986059  4.413509741871043  4.372198186135707  2.0543388594076992  0.40549633637469423  1.7303116130190315  
5.251088075111639  0.09367817474332818  4.470549437882725  3.381940832180748  1.0641426790965336  4.012631698003271  
2.841883492238504  3.856006361420217E-31  4.480415895154612  5.648263932673206  1.5915886212559216  3.6991979200447234  
4.032222748269907  4.619325493681253  3.983626079932394  5.564925523536578  1.3967998714473215  1.92031309041309  
6.657099486437772  4.4570847934856  2.722171570737659  1.1919802603055432  4.937841794996032E-22  5.352037545403181  
3.566214815920946  4.235448174324434  0.8226362569045728  5.432391601555867  4.795606508595351  1.9534427588526522  
5.136092822028124  0.37918105949766834  3.202206585908211  4.717928207327706  3.0449143825362532  4.54022259861614  
3.9816472347073315  4.211595008551503  4.193614177246971  1.2781262520788892  2.567133302587508  4.0376261590723805  
3.1900235400462833  4.26755054160715  2.1966322482538656  1.6506603104994584  2.9874564949025713  4.237014986494149  
1.8635733657026956  4.340878868605595  1.8835795777922908  1.408793685965821  4.227143122753835  3.5875741021827237  
2.2134689311363416  4.746840195420199  2.0721726761971393  5.166866665140864  3.203375040963137  0.02940213336822761  
6.201179613365288  4.379319058991192  4.473781305341306  3.5179069431449896  0.044941289480017896  3.2928668920887696  
1.4762668775027182E-48  3.7779483340076165  4.027516272787948  4.0963435242268345  2.168220196003766  3.7950722867960596  
4.59350807090906  1.6203630331054337  1.2496192881540707E-11  2.6402248129181874E-7  3.5152498477910874  3.8427508813202422  
1.5587593885320177  4.929080513780184  1.9121592642798955E-9  4.0270522103152135  5.514724998275708  0.5881191995067264  
3.501975157217486  2.9896634531592805  2.420069193783126  3.2593979261868697  4.823915256774569  0.48248887207780994  
5.404591395386728  2.407608878279007  4.263930916788277  2.172792755016797  3.182208113638896  1.116205491049639  
5.402697134180848  3.838404318744633  4.419377630563359  0.09499823702621986  3.798962784908793  0.9939735365393902  
6.402788141941751  3.3910678638853557  3.298236463019621  2.6268422800370925  2.434382731301985  5.045047004022131  
3.102957588197601  4.484857705587822  2.141109363680207  5.317121264929623  1.8281427268531116  2.4398295220611614  
0.19864863725695664  3.937368265597379  5.9946239623924304  0.8722606181480668  3.107910211658818  5.571425511818154  
1.4679640610602156  3.1996208020165198  1.6578758082441287  6.877458153802932  4.517336794098684  1.139052431136006  
7.452893643002186  0.6479343548649363  4.457468820286882  1.4673084609253882E-19  2.0780319908890053  4.307168999903443  
0.04393244367240782  4.39799687404985  5.75801304449832  2.089908325339881  2.7759604943348077  0.01084040870417905  
4.777846453126021  1.5001598993705576E-15  4.384300994247891  6.044379809088998  2.033874656986309  1.2113456811369183  
3.0679809145202643  4.496282137296442  2.99334117006802  4.8616735241111355  4.739324839179832  2.7191370856331277E-4  
4.753824386119466  4.6186331648558  1.6680307820153961  2.1189831308591223  3.6365721620263  4.914351482525765  
6.680658277056121  1.4981046358468977  9.899129425744074E-5  3.217164739814273  2.089095322520754  3.47102663169307  
6.533762189205156  1.2259053677205145  1.488377036033246E-11  1.622457784270323E-5  4.8618181047044295  0.87717568540826  
3.200422903953852  4.420911184216231  2.182581460847476  0.2629631722653324  0.9490147246960908  4.640727577066112  
2.7838002631384797  4.4057982714275035  3.244434252510732  2.689280644160517  2.5777716367723906  4.0157170773691915  
0.9369833286267867  4.491797929300863  5.567712834314606  1.4947268760227654  2.3981399790379703  4.518071613884215  
2.493137237911432  0.4700865735286079  0.8297422107224705  4.50715275883393  4.104935514156748E-25  4.681476542762738  
3.6794346309871594E-34  3.73913740012976  4.73984709440868  4.536342541906786  2.7263539870526703  2.8556852176972782  
3.436168576952275  1.446223167913381  1.2247504397402197E-5  2.3066866214209134  5.482925422615825  0.782657060388751  
0.3508005263244536  1.1110279173979425  4.515492468857894  6.390228963000636  0.9203962150898969  3.129333344192373  
2.032963887504338  4.256685837627703  4.82370920045891  0.6980703363523675  2.3962925816168656  5.051157624254742  
4.129796493914235  3.722911951142659  2.6812255795547324E-21  5.293957954204939  5.514908437806291  2.5674162630491724  
4.568684933000735E-18  0.6070437605748066  0.2648353224515139  3.225148779888421  5.531365652952056  3.795307606113471  
1.0686689701584484  4.1946532596007  0.02118762163793741  5.778005707661641  6.236723691808258  0.06271372591429483  
3.160201558441468  3.605087301170475  3.56659319515674  2.5237810143899773  1.840948815340648  5.010568557526253  
2.757972062512748  0.3626498425120532  2.0965769930547653  5.171742417658419  1.1465992159138025  5.9844519023045954  
3.822240327582461  1.981561626425226  0.7412208824726907  5.487005854622484  3.7642463923446514  4.574809823926684  
0.002477864332125377  0.3832505328410479  2.1882629570319453E-13  5.537219991084339  4.177021482614115  6.490457154037828  
5.740430188023924  4.1290830219854575  1.2949201349994817  2.423928015999059  2.161331872033913  3.5046827974535777  
1.590966629235431  4.799121563819517  3.2990820631500366  4.133185782778603  2.465644917851304  2.265990113935161  
1.6253488634530024  4.309500224086077  4.212207478591816  5.503166843433747E-40  1.242592828343456  5.75671968257537  
0.9029286775923315  4.735150503708199  0.0403777899588365  5.369691047833655  5.5047585095046365  0.001677020563538442  
5.619658107334202  4.8210210402206695  3.9347368938684664  1.3165802255465622E-12  2.3132480236310524  5.015559897077396  
3.879288615694368E-11  0.298142496412585  1.0760459039903352  3.859199687363172  6.156828569682188  2.760472284505247  
0.9852196468893702  0.8146924636629352  1.4803410474358771  1.1905956596897753  3.7005414486219066  1.4729126904867682  
1.2366551309712375  2.318682764616422  1.0816694497978195E-26  0.26639344383447383  5.692679566748128  5.115812690196559  
2.881585529974275  4.4397596306618725  6.84540957010073  1.9022158379408259E-34  2.583854012838486  3.766436838718931  
2.8352877994303847  0.9756576134731239  7.418875069462124  1.5547690907931848  2.9210396110543257  9.094341507348747E-21  
6.23864219334302  4.363823809195272  2.0156839349400726  1.1912708549959918  1.6120207487598985  4.903740836911251  
0.4119878372186798  0.9109716679111531  8.367728836545048  2.3069760495341827  0.3134292726960815  3.343589960655889  
6.314722781804239  5.6251071419772485  1.842096612956736E-9  1.5647128607558956  1.8978208523330404  0.28699886046415324  
1.205108097566034  0.5866525320058908  4.333161232302543  3.340015647098386  4.430963432155876  5.279041074141791  
2.645569781247209  0.22920883875043868  5.465687480865159  1.7670256590176652  4.22089771885371  2.087529735782759E-30  
0.2279557011109615  0.5853936740479948  6.4392489377890545  2.2347168507432777  3.9530421067006754  6.670240194739916E-18  
3.4640927364206875  2.042171167380711  3.7008178685775843  5.722694668263988  2.6224210118472704  4.480166113346343  
5.840929532271155  3.798666404940053  2.9247589168279804  5.154686783803994  1.054673658181042  5.134461429850108  
1.3459269995908556E-18  2.8023780862081615  5.901526893292543  2.9352227707969276  0.6944556238357513  4.845142849932108  
4.178965340040982  1.5971608379385522  1.0690865574041835E-6  0.0039134130053545815  4.824009849060064  3.648069266497353  
4.816769638069896E-9  4.007061368911044  6.323769135316038  2.773865298145812  1.3246329984366545  4.363838170556426  
3.2531381556650203  1.6256228435483207  4.256903869439516  6.416327749933152  2.4867441421012173  2.876415801324488  
1.6904312770416976  0.8542715781151917  3.0264550421795057E-5  3.2247077356605658E-27  4.472133661596693  7.860220293378289  
2.3335633416302324  4.95942211609261  3.5375775046417717  3.073424183271011  4.113296679990226  1.0763492586530395E-4  
3.8449517358480763  1.2398120433894542  1.4605615616832954  1.3103302853704555  3.9135216905761894  5.172979683408884  
3.6968915531245194  4.281008983195214  8.294328884817295  0.6097837275469106  5.337311541260397E-4  1.5995013335444441  
2.3804606366235044  1.2693093122338392  4.311113075458181  1.6185161370537717  3.0335538527735357  4.711716960036962E-4  
3.164318926369095  1.6378767476667039E-10  2.162250909635958  5.654222737239918  2.305387169758556  4.848206868776909  
6.305151406206977  3.477213439021723  2.144978594627093  3.4738869406579838  2.8948878506805413  5.188109723381748  
2.882168625763377  3.6307659962372814  1.867340291460942  3.812738421027953  4.2825577954358796  6.059964232975738  
7.593801179969386E-27  0.9744494971089361  1.859638843451009  4.177675732695989  5.900619265225019  1.5860909217844298E-5  
1.654252899870579  0.7141117638759581  1.6028354843234167  1.0457032831565942  3.250464806467696  0.5021313542435284  
2.7558339150811206  1.4759898835881664  4.249561937625587  5.714525112187927  3.7503512887365364E-24  4.836782360917479  
4.5837304055944195  0.8160418253045986  6.236430518432305  0.23796977055547922  0.8053021602522537  2.0731669100125316  
1.1369722095386567  3.9956580843853047  3.4473039606558786  0.23483479415487676  3.434900449045826  4.988411821668547  
6.0965354471365  4.303836082238714  1.7851237311446915  4.896836587468114  1.9594831511998554  1.344808576412885  
1.3306150517797954  0.764648072934199  1.0379840041970219  1.0026415859823712  3.472042199469189  0.9521863440490642  
3.4530003169913503  0.3241396126769434  4.4892852330389905  0.8222145491984522  4.545531718864699  0.27507574483192027  
2.659961243151566  4.368584633507299  5.896022854704428  2.1880159914437303  1.0318808819761323  3.9571276704774254  
1.179441146516435  0.6765455896017468  1.4478938762408748  1.0457769857286459  2.5682078207748997  0.8223477303747655  
5.024144880357151  0.7598708293980155  0.6866169719378318  0.24529248973515316  5.280053446396208  1.248365426463625E-28  
1.212266548407834  0.2447564297462245  1.8653753200165657  4.382344870589627  1.122964041150091E-7  6.177634665065495  
2.6266431753129518  1.8210033424235736  2.574010264839655  5.706559609579128  2.9580928904031536  3.4555941721955303  
7.822509759594167  2.2374258561383855  3.802944168622943E-6  0.9200946564611651  1.7153043536264907  7.03478124149424E-8  
5.327150230482376  0.7753630092456641  9.654930624508353E-9  2.5943911230395207  2.495799305116165  1.7006492516646805E-11  
0.9564143810329143  0.9986273721464047  0.8686081370476404  1.1370797289754826  4.182708770206575  1.9032330250151688  
2.8530053812811103  3.8171218531410696  4.585748847382766  6.641487960123089  1.4093691972864613  1.6987178583083994E-54  
3.509693032071636  4.763664323791535  4.280533032046428  1.55397727179716E-39  2.5608407892491503  5.648780288810374  
2.8506073070322775  4.507002900008085  5.093897537351443  2.209945566975711  2.2188724412685374  3.4967556985888057  
3.7058977488416973  3.924017487508132  8.242730252584725E-16  4.313268807335345  4.350698498472639  2.2302412628965183  
1.2758328923844227  0.8102856893078115  0.9959472793462416  0.9792679795830654  2.1174813787669615  1.0698079886925596  
0.3598186350212949  0.42899094525694464  1.7541594607145181  1.6774250216868323  5.822949414262177  1.95524959140815  
1.9845954032550228  3.361689665001361  1.6455715353384888  0.04385320110194225  6.146630581460885  3.9415063515082154  
3.6077883327830627  0.5341517069211991  0.11422620926055277  3.1751819899609317  7.336673602919889  0.1377401689395462  
4.936868816720967  3.565884129163326  0.4368653445230812  6.0926356089579246  2.1918234124184095  2.3689979716377882  
2.445986054039395  3.845390211629095  4.025412592583363  1.1534291353953334  2.002857509205309  4.912264382051756  
2.819500477153133  1.7852808327700607  3.7729118667895603  1.1751406492311407  2.9384968995852967  4.600197685325028  
0.13754740389924955  3.1501632622224296  1.5461417986999176E-5  3.8717846047717495  5.369171512847365  5.154392664135541  
6.428348900022002  1.0614378118057044  1.7569814648314865E-6  0.1706503921241237  4.028645815777734  0.07761539158339684  
1.1163179669966388  1.3930762014480764  1.8845158007906653  1.551762009881885  3.964966015945341  0.22328437667491985  
0.14529893543109784  3.404868317956217  2.8278586495838938  6.593753213254227  2.758834401617772  1.2753766102088873  
5.906756308513712  3.9619117798517873  3.3158181910764526  3.8776042051508397  2.554332610594256  2.2612272922144183  
5.070351312877701E-30  4.417081781545065  0.5337762423816952  5.132383122623842  3.349202473015988  0.6034140893737678  
6.029415106186932  4.772675788586116  3.2170745109206833  3.5318398041169274  2.1974372107379123E-4  4.1865659532815E-20  
4.240100265937884  5.300325519314354  3.899295291529161  0.4338785058284978  2.579855878155972  0.6083207681444422  
0.9879466184051064  3.8344926289307106  0.23446164137866998  0.7728770013738782  2.3727514261295464  2.4527758478784447  
1.7353036366729834E-7  4.422644320272282  0.6012267708980439  0.9308017871923624  6.95589274813906  2.4643529499765533  
2.9101355629450256  1.3612864644998006  9.63949843940441  0.7981823485937904  1.7156414576147776  0.14015598504203514  
4.596269066793522  5.0193899420181665E-51  6.135846854091998  0.5532502587079797  1.5734731648906237  3.4457103396586453  
0.8200233843346043  0.47850787506475556  0.9739816160966396  3.7670737262440728  3.4958112535317993  1.9918954833149294  
1.5088110540023834  0.8004158426602129  0.963082041087725  0.9787415788187571  2.540639178338579  0.8635913625152928  
1.574159783505483  0.806003200680263  0.9463964924092205  0.9702619569584305  2.7451935298058054  0.8483570406357885  
0.6935826890711786  0.8994780648184751  1.3891445372605953  1.7577279658043736  4.153549120735273  1.1556718106074029  
0.8842539883141372  1.148189019127474  5.68865901397116  1.0844571311500855  0.7290254413657943  0.9634209266528588  
1.899315583523871  1.2281563509651978  3.3562214470178177E-9  0.4746660763252655  4.553650912315389  3.126552518629328  
2.751097911906944  4.04100037275354  5.402852445734107  4.8327016534961  1.8446183903584004  1.876682491161659  
2.3404250586411197  1.113959931345163  9.80070704656234  0.6136337634418404  1.2851216727823418  1.822277137949465  
1.0123753843742413  1.7505198847359669  3.157250981902916E-6  3.138250532989143  4.475480306220364  5.723894574904779  
1.7057490605767172  0.5704613270956225  2.5557972820392694  2.576756693006118  5.358060719336597  9.76913241640619E-5  
6.387936644518675E-6  1.0354781659845382  1.1217730385873306  2.21823240224773  5.352551923245046  1.8559684322844823  
0.6457156901191168  0.13352816875486637  3.943420101674015  1.7427216731838737  1.6357378696999727  4.204592945891335  
8.396456141487E-10  4.732506973886366  0.2544517943975721  4.037254200841341  2.886259193012103  1.0636163771416816  
5.508803686240912  1.9311496350159407  5.407645459876812E-6  0.15017802876212766  3.2778497363729735  0.63663094155747  
3.0987626177036245  3.549599598975246E-27  4.819409716165647  0.4171117927110906  4.404039410226355  3.655766579658792  
4.257566884937153  3.629499103746157  3.7745685745693853  2.7127186641659393  4.079860934560495  0.989538373973566  
0.6457879076255537  2.5527959658270896E-6  5.010433418004808  3.322127707541182  4.529823382429606  3.896510299701348E-9  
0.7368033328689041  1.4234003860905924  1.3680152907792449  3.386730255355337  4.670942516674344  0.9185497023898546  
6.612665018381011  0.1322259222157881  6.6970834272164  5.117820239493809  1.7336340309942835E-7  2.347430556179201  
0.7557363049180149  1.5371646738865752  3.6177246139994865E-24  5.694590573439346  7.939820601727458E-17  7.050977186069966  
4.560117422306095  4.624210825858951  5.878280914275379  5.004299154489513  0.35273507109571106  0.9880256920340676  
0.7203865226633548  0.47296175572627613  6.77485969586848  3.472468422822038  0.01915694899671414  2.4389443307921765  
0.30252080561502126  6.7764604932453265E-118  5.650872637950527  1.7306664554217288  1.540558193884776  4.816174513828335  
2.1136775222055397  0.7036423363524938  1.8063060730305052  0.5158073332562686  1.5328689006144243  6.997064857015067  
6.175518047085337  1.7054425725121651  5.671664493762296  1.2794433991160053E-4  2.6083455917751706  3.3721459792711945  
1.7855138266918398  0.815623102275037  0.6854266132362019  1.0161401853520668  4.0544181840062485  1.606524216519236  
5.448649992046225  4.253661032665049  4.485305526035234  4.979510412098958  1.4183111692771523E-43  2.7946687836890547  
2.616989244436173  4.2274048177503225  5.589479087587738  4.779841779779398  2.6260205684557874  1.4570146214884905  
4.674630503201298  1.4023653304028816  4.166744186711023  3.1184012495057916  3.0187499581366186  3.284356031843136  
6.193241593759616  2.7466837554657735  3.4150319014627257  1.804438046494556E-7  3.546632956156432  4.369470453501408  
3.658553186532065E-29  4.070391621570373  2.3460563266923695  6.9499551842818805  3.8277363714620103  0.036513110186714666  
1.2897603524434462  0.8475125958137093  0.69888616407089  0.8536302281410184  3.4879610955668445  1.8224683767067391  
3.043988492808953  0.3292196416039393  1.5729800851561409  5.739667228096269  2.092218608348932  5.767423408693806  
0.07991812642353745  0.6466832383833594  3.4615739643353716  2.003770235821424  2.304370441704235  6.360472280628741  
4.1796726418381756  4.0929506569634935  3.652406718030655  4.634527620651494E-12  1.069831527385978  4.79824837595161  
1.4966272927775008  0.6996968184079425  1.4501349046769212  0.9825222332933187  2.7086598623150375  0.8904521208401296  
1.7562163263739405  0.8685735658058821  0.6582734663274258  0.8289466332711628  3.177260315395225  1.4327697230218557  
1.6690760086677117  0.3685497346699572  0.37866743118191426  6.502841752656495  3.341535211924204  1.9982706130067625  
1.626496750515593  0.8105435040615611  0.855346422164767  0.8574901560986746  3.5944781167327347  1.413389903192449  
5.4292615296161  1.1953507799655276  6.060277621531608  0.3565367855124058  0.9427523434557809  1.446016758522222E-21  
4.884867979159332  1.3105120031218607E-42  4.216414631238125  4.047118672515689  1.935293583688861  4.051467923081051  
2.8253542745732485  1.0069597750521815  4.6076348370868963E-11  4.797972414455988  6.617187991823944  2.023494750931361  
1.2568560469937917  0.7975972549627487  1.031101533568798  0.9877520436028271  2.17790984596734  1.0383756576874719  
0.9324682630919027  0.9667431070390753  1.4065503046031116  1.1751073337404043  3.5336809758815733  0.5763148359109035  
6.935413670871817  4.444448692123079  2.892918360412313  3.7977879705988493  0.6605258841208785  5.320755897741249  
1.2618464091290902  0.7875570351562139  1.0525050491225993  1.0060714653497012  2.5608733318751513  0.9625890549266136  
2.516858867785968  0.7308258407871223  0.2088039384304113  4.4680681167940515  7.185075848494233  1.174686581219744  
2.375254848511405  0.7319280282055696  1.4755725499049381  1.1891822948082353  4.3192770790807415  0.7684132932581877  
1.744301369105709  0.8184537511859109  0.8283234152021921  0.8422117464670916  3.5735983474635478  1.3666766824309422  
2.220562749646295  0.8157487285500575  0.8609302048058157  0.8799638516278698  2.7381725789533786  0.6351562151206346  
3.7896432967860845  0.010506101921652859  3.2392248445112637  3.836861935119133  0.6725115500064041  1.597480690215139  
3.6181820480084634  0.43820340954302994  0.9610817456093274  3.2991398570659487  4.082238693671631  3.553308369745595E-19  
4.6273086750174945  1.3783775035335084  2.723835653894421E-8  0.3358974050785858  4.482816501770416  0.5709060300955966  
1.171572249182564E-18  3.208460787317342  5.26839176304319  1.434054222386094  4.319306042465514  1.396520612754009E-5  
0.8716326483185397  1.243036304937053  0.9023875795443705  1.1597442105421052  4.119174173444238  1.273736556148954  
5.366181526685449  1.9745734036450446  2.3372850524891606  3.767403333474261  3.0756920603336355  3.9368179305426527  
1.2829506001025164  0.9286028470529971  1.109204815454044  1.5533904041163629  4.829796274277489  1.922356896321207  
1.0900691407154377  0.677283310224699  1.2314191197271556  1.4478692223755842  3.300337009405817  0.9027967258196312  
1.4359854047503722  1.2935994627561587  0.9969496628431287  1.7203849008433958  4.9887627625672675  1.7210210402127435  
1.5512946891062587  0.7750613036998943  0.6662613954133958  0.8258528315727338  5.863273400431285  1.3237353588348773  
1.6645680389936086  0.784010787927111  2.1178629276615535  0.8887824158972535  3.783990719021599  1.175786456556345  
1.2957131123559977  0.8097857363548149  0.9904086057205033  0.9749650438016328  2.012064930257139  1.0650159501763943  
1.835142063004409E-9  3.5184480322667784  9.768316693334327  1.7080123378554295  0.8660616413228376  2.582405829304127  
4.123588090252301  0.9994450534163902  0.4520795116340701  2.605800243301631  0.8105243973167814  0.902632909376824  
2.4363740140492496  0.9087907202847525  1.2359721359073739  0.8763424977167754  4.036056027422947  0.44659777052722943  
2.4798778640229555  0.7738035955165831  0.5252580791234944  2.002005457049747  1.821825967263543  0.8622151209129815  
1.0899752756234549  0.6956975929924598  0.9714783242079249  5.206125099020163  3.238832000174171  1.7170816842728227  
1.4445644981060017  8.2031649537911E-9  3.9919353912389  6.598052784428078  2.6157849307724943  2.7144714919497797  
2.3790810057114804  3.374620160718925E-11  5.742948835350217  4.893345797717815  1.5680742552720282  3.015751893751635  
8.080610143438753  2.4278367259199887  1.3725381137438705E-4  3.0858874690550677  0.0013930803862910934  1.9997325816012785  
1.6803360386066988  0.6150375568064056  1.5748372545230307  1.2383528717693622  2.652114299914195  0.6937855917444345  
2.298729852764736  1.053109384358416  1.989322399979199  1.3175567750602446  4.3706130383587825  1.0446303293412942  
1.3154118283321958  0.7949971926798962  1.0179248880113825  0.9881173161069347  2.2031418684488  0.9831384064265838  
1.2797626126460158  0.8146661003860866  0.874612505984537  0.9052261294786595  3.14907335745354  1.5369493779801753  
1.5512384171600373  0.8417201984844884  0.6940787019939832  0.8970893373390315  3.7249233567855997  1.3716817407282758  
1.0311541562471565  0.7480170011568831  0.9826443667923107  1.2488049966706165  3.4906153878428063  1.3978976119593216  
1.473432203843121  0.8417629637293317  0.821922117477394  0.9352808501911856  2.8762347477484558  1.1508373206280231  
1.2831106061134325  0.7996597106512547  1.017727974021025  0.9831236867033306  2.100171703835978  1.0331141164555855  
0.6507553107693418  0.7815064834088019  1.4017768317885853  1.7745878679425962  4.318069834494711  1.3680829662288834  
1.5238260985693757  1.4113309874366278  0.4972129746790944  0.9234794809465051  7.1023204035496335  0.8122483637311761  
3.6454895918738095  0.903912820938222  9.73696751025289  0.7364273605330973  0.710130685774435  0.6060356162172118  
0.7533079554008353  5.353451229491827  1.616484917038029  1.0800903908698403  2.2422144219433835  0.8742864022223041  
1.2302806125285755  0.6411409503303326  0.10299228319975437  6.4896707426072835  1.4738158422607692  2.948059794003796  
5.019060566118228  3.8954470923864615  1.8535104567417564  3.0253712861524193  1.427910810493117  0.26939487771452164  
1.1599555198501919  4.3734504494399875  5.934574861375699  9.675129985049252E-17  6.125074269689644E-58  5.55068870109039  
8.913604528837834E-14  4.335001001482404  5.467899357773449  1.29906377034154  4.23739148017869  0.8109572882930112  
2.165411111030118  2.990819344000806  1.7415705711122729  4.182015863369247  3.682042394157666  6.408862257099024  
8.735337463214803  1.6557775727897839  1.5509466044241424E-16  9.206765008467493E-5  2.1787162728449068  4.271159078317682  
0.4301345012451734  0.8403263417970637  0.7621988822585651  2.631967580985426  3.9245859823971  2.180946952622425  
0.7123717207390147  0.5630900659217097  1.25699192031023  1.3282744856243027  6.434844161818168  1.7986045522802463  
5.621890393033294E-8  2.760957041268849  9.876485903835572  1.8716383810500774  0.05198426787736164  0.9877199746441008  
1.2565452663308596  0.7090807515195326  1.2991143700272327  1.0299747792390535  2.52908207812708  0.8423220794638756  
1.0499731799353726  0.7830329381468581  1.3193760772361252  1.1964295923477732  3.1045744033199134  0.7197099008823011  
0.9313276510241553  0.4751089418632179  1.2728761171166327  1.659968403704049  6.7286974613719055  1.1395105986346112  
1.2648282629376717  0.7958407644927145  1.0326091564649265  1.000743551802087  2.5193605483986494  0.9906261871893985  
1.2993105684382644  0.7757337589510526  1.0671529518238667  1.0008968061862182  2.304289279112498  0.9242666101916538  
2.99832966718276E-42  3.897826999584186  3.9817861879853085E-23  6.913396169546129  1.544264026672541  2.651849562007793  
0.002802949825473553  1.4875873912089506  2.111787904718814  1.8582511205351948  6.69007575514784  1.7333579024851323E-13  
3.082844801377563  4.068869403306045  3.376161730555107  7.244321895122015E-5  1.2469058066098158  6.815226268463704  
4.188483065275466  1.4737932945667872E-26  7.660668205409633  1.8979853298122278  0.7358038542884532  3.3711990735246937  
6.759430523519417  1.8356619505849199  3.502678546727823  5.616536831783793  6.392490828541143E-8  0.5841397797916176  
4.89860234079211  0.8528761692332769  0.8749288360567672  0.25318099309695746  3.821342948528334  0.8021408328305318  
1.3142332652130078  0.8155122315254144  0.9712643959143755  0.9701863022834429  1.9662139474579592  1.0739543534086313  
0.52624922965299  1.257126044887598  2.8457984873862165  1.4546650386522764  3.4742235413134903  0.30506798554458847  
3.5581173033788107  0.9461194495954784  6.03339825489689  1.4233775751518472  0.5615617001013379  0.7401734798261371  
1.629361605256616  4.191609670992881  1.1125992566269887  6.271068746399612  1.8677093701737741  2.9650580297457645  
0.8332694320919072  3.7871985244488755  2.6435765691681476  2.919777539568009  0.6088462331107534  5.911696811311408  
0.23517894760405045  2.9084949179069084  5.147486035768962  3.2356909201666544  0.5189557276491932  5.069221401340765  
2.727765617927218E-15  5.103004694058133  2.1746461854835357  3.501870873687574  3.8096966789428124  0.019608541287731207  
1.1780160447764711  0.7404563060174663  1.1887079168482708  1.0365845429811236  2.7107258356273856  0.8713503210277738  
1.3090776493338623  0.8119787998755554  0.9810234007326908  0.972701009023328  1.9875852893478085  1.06446672673983  
0.9377704113838102  0.8131136263788091  1.5011339348790458  1.3207838757909964  3.3410891268421232  0.5753248176525024  
5.048663268950329  5.434913140812785  0.4923889355050524  2.156780125066183  3.0201379296040027  5.635204263281254E-29  
0.6758011101224213  4.057802416234857  7.953785379465666E-25  0.27703190841079395  4.384541678884988  5.5449891559390485  
6.998762392356497  3.162562389186129  9.189623210892031E-21  3.7474061796861366E-9  3.7396711763365507  0.9957559378004652  
1.3243201744848014  0.8044054824373664  0.9934920902854744  0.9798383396214554  2.0995766685281207  1.0168972533254739  
2.2494310515666213E-44  5.252993363911679  2.3118453112072195  2.2613310782866654  3.1883254256466227  0.5662557138130601  
1.9414583113951185  0.816009008776502  0.8468845070678597  0.9189899285216704  2.473982430156386  0.7158707584122087  
1.3373407919258347  3.273712957549708  6.964864869198184  1.0767977681094265  4.947550257790722E-9  0.9605024645710959  
0.007114814533044186  0.20571782650555906  2.419038097769311  2.2173973559480404  6.014253246617142  2.740847413380505E-10  
3.3974725978589846  9.41947213010476E-21  4.616991872042499  1.1925205531313772E-18  2.7770747506516056  5.2288653001513605  
1.7346066379133163  0.5906141456169811  0.5874767676364842  3.668500995592685  0.9547165815181334  1.517481574706261  
1.9105175610974752  0.5593339088307602  1.8835356014006595  1.1921624502161994  3.616271818973593  0.6685974541124498  
7.113015191096782E-18  0.5883892703860178  4.455854414318232E-5  4.971481440499258  5.155123254018878  4.825179070383754  
1.8122002656989413  0.6234274100285446  1.7971943844333544  0.9410149091067836  2.3947578858606593  0.7514587561522011  
1.0576493139217844  0.6391738133195808  1.058822958357662  0.9878728582388069  6.6158517483719095  2.136031981722177  
1.9805808830268306  0.8425947329227822  0.711064199261543  0.9205878804645905  3.4793924782906953  0.9215164637677129  
1.164391056120488  0.7228261198919008  1.2308479831000667  1.0855585359299775  2.6291207980031146  0.8551634722044456  
1.281065096050047  1.2033252339887575  1.8918394228900446  1.1436544951747316  3.5900926220610097  0.9998027684698962  
2.252805818846621  0.6807857369696665  1.2938915383530378  1.313400513298823  4.372112373251091  1.3611673801828004  
1.2198233220668167  0.8080247135704727  1.0266008866286207  1.1066909808358762  2.2990403458437942  1.0935540792786644  
5.8504660949967  1.6983068346789325  3.661083151989016E-26  4.297294784231964E-10  2.441059754846567  3.1589501536222424  
0.42116396897677044  4.641329673635872  3.1350363241373422  3.13859999308338  6.338793526866138  3.0657366604535465E-38  
0.22553012572446576  4.445969141682361  5.9041706232243705  0.5419273801586569  1.97744661565211  4.776259161862243  
4.0910455141260975  1.1661080016848409  0.046714788603472855  0.2578511733923934  3.729523107251047  1.8440212263647808  
1.7046783993309866  1.5164083732411981  4.613676397836608  2.31521286724495  0.992886484276034  2.0964548923253528  
4.981215973513277  4.929686318682646  0.550286364941411  2.0920244876465377  4.578574885239294  4.277369953722003E-10  
2.4903480874265045E-47  2.06693386693028  7.080526474335958  4.16509737200739  2.5574596592475203  0.8125422449115909  
1.317417754804826  0.8100442899303076  0.9827891619162665  0.9748053970577412  2.0268641829393492  1.0477121770168512  
1.488615005379025E-13  0.7279111618847826  1.614825995625967  2.6387159978513743  5.07698627719662  1.2106030965215342  
0.7485529493191244  0.00824169411893605  4.683439786487688  1.6595054434393472  1.063698003413892  3.7875027871407254  
1.9052117651530815  0.8540165166561615  0.5702866622182866  1.0596535241832372  3.509610028004161  1.2644638124543595  
2.1361583369449748E-23  4.706847129101922  1.3695491831734014E-19  0.9083168882923403  2.6309648486230652  3.191091229899391  
1.30972653454395  1.199895651696596  1.2818272430333588  1.4065803184164252  4.885779541071101  1.609761980733429  
2.6149442553010873  0.8339630485427514  1.1288963973201982  0.748940629074982  3.6379384288793477  0.8102290491225045  
2.619911854694414  4.008244602222258  6.693555653877259  0.5192872883124423  3.587380520185854  0.367288625412143  
3.9435337426914328  0.9173878516186101  5.143601335656671  5.801693151503291  0.8063960022965238  4.199879859055605E-81  
5.218170377715685  3.1676903240320295  6.422855762294976  0.0922221141594661  0.15865510577207306  1.2755156155195841  
1.4855874042785552E-18  2.363327493331597  6.3675037346371575  4.366874975682236  2.53276306190228  6.779110527166978E-34  
1.551824347193633E-12  0.75133030605291  1.8364282309337634  2.910333944495882  4.817148838946343  0.5951685204754544  
1.2963780821253683  1.0451272156696507  1.5973811533077087  1.1259531146126809  4.233684955605912  1.293808735646485  
2.49702416289967  2.824714934900288  0.06819049089674714  0.48221950085091736  2.989365637280062  3.3351615969505124  
5.018909581436355  2.2722584970412223  6.0035996562886424  6.10794238542173  5.19894087668465E-7  2.3829222714005356  
6.633485049149641  1.7027489396501019  1.6025028284970299E-18  5.113549985699867  1.9614505311345731  3.2749840808444723  
3.397439783218804  1.3715594907029207  0.46559291038777006  3.842291599558033  1.1059931257815687  7.576140803257443  
0.5792130517890807  0.8668698369875827  1.7488606412292278  1.4772735655914708  4.558465159896908  0.8236042214659747  
1.093376572543316  0.21877498222053315  3.162007939584184  1.136585761369908  5.584721763278687  0.40317275018317045  
1.8399646675605568  0.2551244780298383  4.012383136705355  0.6158221910645605  0.5774233919281532  5.742786446410896  
0.8383571083029442  3.8736847127099616  4.848370761743152  2.5982399434515946  4.779346446653264  2.0347834730080298E-7  
2.1784194061037656  2.352092226141092E-29  5.41400512163543  4.544547992674508E-4  1.734860459894917  5.122143927575826  
6.329109065996758  1.1869361058775467  5.730288305565157  6.951248841314765E-9  2.4296941599204858  3.6713131102045873  
1.066524904490356  0.6792182858859109  1.3150620377163453  1.333086011750527  3.0512902785862126  0.8302914477793164  
2.81525050490364  3.8671809772478087  3.11335624159505  6.292374033632052  6.937502481069898E-22  3.999265634198355  
6.597644983877052E-9  2.960259896856222  4.918701659209313  2.2356299654650407  4.217666643286222  3.4466867251368054  
2.141129404199326  4.092477983577475  7.498151770352552  1.2906396160431657  0.8335177273517144  1.0571392711020007  
0.40994574186144567  0.1695343163966216  2.8105798911190814  1.9962321169769077  5.931554658028224  3.031356101578444E-6  
7.624644343527807  0.755857891582278  8.400633626563752E-10  2.95210629372427  2.0253108651405207  3.771743459176574E-31  
3.240517294753604E-70  2.8227740528481713E-9  3.9597906812243657  6.103835229797748  8.562975892504884E-25  5.339702621333079  
2.02501980211018  4.144252216241189  0.7347173882413419  6.4276491657218005  1.7539973860315075  1.4060063114755084  
1.2978534697278787  0.8115055438522426  0.9857747741937688  0.9736828518807733  1.999848627835566  1.0701194709638777  
1.309065407929204  0.8246383947756446  0.9241815060871941  0.9774083440337703  2.6959675984969884  1.105290670127355  
1.2402757609561632  0.7719479267151043  1.0953356199976925  1.0078009721538728  2.3972228872292924  0.9457607614982844  
7.6332917618669685  1.5793429148688087  0.507110350206509  0.5421866382928852  1.887719441346175  1.6604243262898981  
5.426705133117505  1.052595745343491  1.7467169424447889E-12  0.21078076888639297  3.963702818014159  0.3970821133525  
1.27764711382829  0.8050817320751202  1.0071395618843026  0.9805915260760634  2.092729422211732  1.055091765557263  
1.9987445916105353  0.37329563860875115  3.5363347651315404  0.8054234628814111  4.254148537052142  1.218936638533967  
1.9562692671520356  0.376893441749175  3.679158804289798  0.2833182706830022  0.5419471091372139  5.957634713161584  
1.2494754330965812  0.7693114545925703  1.098098543599098  1.0049912700944044  2.2987884695541907  0.94196617163077  
4.020742918162422E-20  2.794388446000966  8.2271701762052  2.3954210072828923  2.6391837074507967  0.5991240496796394  
0.660288176741377  0.659126981240169  1.0918818708563012  1.384230375624615  4.281719885130297  1.6195394705316923  
2.7609629376472933  1.0975985058985256  6.107181867915777  1.4050584295276185  0.24677489044991696  1.1832214266848302  
0.9294492878433162  0.886701638858066  0.7483055985437262  1.2362112634906686  4.278664775298426  1.841751219844449  
0.277447075221537  0.9426407654814144  1.4280661784640425  2.281935447459789  5.39953324735738  1.6022359288800863  
2.077546117966062  0.289531050885047  0.42271150349104614  6.431569415139026  0.4925925341702728  1.7144637341625095  
1.8267322609704908  0.6915059798786072  1.4190279546769888  0.949755035076801  2.7005367773472435  0.6766139155010065  
0.6276124720881333  1.0687491331576249  5.13778762053939  1.780498550994731  1.888873215836218  0.6549185360504163  
0.8665378932697867  1.3247961742341794  1.2736804924663132  1.3559950101080194  3.0547841721383167  0.7750533750138949  
1.7593972245245122  0.8758640448484208  1.1246499959310285  1.4004752940865535  4.596429708757258  1.436157490152469  
1.7665662754945803  0.8480816329225821  0.7501539851856883  0.8937164726997894  3.145158205848281  1.04184376536297  
2.4922618903309655  0.8894046314046554  5.981895593358048  0.9712613994763076  1.3236580853455603E-14  1.2349448214540208  
0.7556556793825446  1.0322048768129675  1.0610146255001902  1.445184070579421  4.632183168758857  1.8428129299062495  
0.2807124393353833  1.638446233500964  4.323929647571138  5.516544862075629  4.669193592327397  1.6051872265953173E-10  
2.098140272380866  3.32495730604657E-8  4.628409924190118  0.15348353910944848  2.2090628672556587  5.591518937086203  
2.7844947981697556  0.2811168057805565  5.380145360151248  0.8775144082383475  4.392294744189063  0.5603194141735147  
