3.654384896838269  2.849632708981208E-9  6.467213522356522  2.8178865486983615  2.510035193613729  5.279870820803988  
5.1598444807997454  1.6361692791579845  2.0012491184314105  4.8707391200954255  1.6608148774158695  4.461196547735955  
4.609539435959112  1.2527191428465298E-15  4.253845794339238  3.1461353907295178  3.19557731628018  2.360500615469176  
2.69516302603515  4.106886450905311  4.314981545078776  2.3183846863028483  2.957898581975194  4.80998230807689  
4.143412474915006  3.559685674589964  4.252316880594338  1.5961513689458493  2.3586527500039924  3.321836029322125  
4.318317099714272  0.1603906609362105  4.688583538550331  3.631902860634915  2.2241778022532754  5.266052618025005  
3.4102019391777936  3.3740470294058915  3.0444281317342217  2.8939082210985996  2.7864257933601935  4.2541857016221325  
4.522516384605092  1.3982366223695586E-4  5.5963903486863575  4.801493707470728  3.4184243970499715  4.387184400133539  
5.404553526712364  1.2430003573228387E-7  4.244051673533549  4.466900595345984  2.680415946023786  3.03044987698313  
3.7929039358626353  1.1854850979212688  4.90893675653039  0.9353759047978495  4.5130987366319255  4.678545665232004  
3.6453552820829627  1.5313079845697233  5.765147434760971  2.5960019441911575  2.0437184616561153  3.694381721598767  
0.5690971370537647  5.9952976453662545  1.7570163386050874  2.112972750526701  2.399953220553813  4.195894785164526  
3.316874109061483  2.0049031022308417  4.979507780178839  3.545143894823721  2.2204091085420057  4.905255531992923  
4.663488514714097  2.537818117789768  3.2023965079112746  3.7542596550377816  1.8268147167867042  5.625682037330499  
6.261084917038562  2.72185145035263  2.770355442020351  4.5241834191516475  1.9432342894051442  1.4198519583279403  
4.283268052387476  3.715738283521814  5.224933224146895  1.9818692712434451  3.270753085029025  4.105025265755851  
4.982697217537895  0.287569891232952  5.86438025318702  4.52418104464571  2.580244307329438  4.662765016665872  
4.589935077373299  1.4912464587395864  4.869345252927249  4.119913470369931  3.2236704243699923  4.761396704124605  
2.92174488010963  1.9866433659884486  3.1059225682101337  4.889077959178483  3.7340281802109248  4.823743723077187  
5.95704073465222  1.3367940275287213  1.6745321350293216  4.897738822463806  0.9799098000721724  1.6409764701586513  
3.821042878199901  1.8868964805952426  2.0518081452337618  4.433114158675676  3.3824417629917325  4.353873118438534  
4.151501129168248  4.11545384816289  2.3609627854267474  1.3036655495371898  3.454560296464885  5.485830257693024  
3.4867752584452423  1.4133569573762093  6.324736513444633  4.396062616966088  1.1744771149879735E-7  4.107299717964473  
1.7442597478852642  5.9898220528026505  4.809185131105453  0.16028219362810278  6.627671997002184  0.7448455530435281  
5.989004048172685  3.657136614854698E-19  6.676758084888691E-22  4.210223449824533  4.874568041030037  4.284240613511275  
5.096039372416589  3.014768008316765  3.1109428848435403  1.2994987716839397  3.5841139679054796  5.003032072051809  
4.761072083950137  2.351785388678912  4.992941078528935  0.47366433147085374  4.4128581184217675E-7  4.823519568212439  
1.267040964697124  4.497242159852542  3.2926613441428056  0.9700058244703677  4.533283970898738  4.214774472788447  
1.648705416069421  5.379772268042586  0.5843485953084276  0.9351857934058031  2.9839639684748156  5.151062639370953  
5.647960534239344  1.5055373794657245  4.178745059625632  3.8953694617403405E-9  3.3772424001004455  4.873395451817944  
2.572258611584311  2.4442838584786104  0.1594829139930804  0.142806654322259  1.6052198400352062  6.921423368810738  
1.4902391288047847  3.1425170969867824  5.643338171792211  1.0702102750718554  1.6938194618281175  0.5027497908346843  
2.2816337487388996  3.8521417145648877  2.5813901471508305  4.230016598079344  1.5252806724855779  5.019740965248449  
2.134120352873227  4.190067521865393  4.925371417271713  2.839833127873742  4.3408471071233965  6.977055154365539E-8  
6.6527228761708415  2.619620674613817  2.8081794851530497  2.6130734370919315  2.229716253570585  8.146874550229171E-5  
1.670757269360611  4.145616582578353  6.117397221413165  0.13834227696242435  5.205919443837845  3.3085348882730023E-7  
4.683740040216903  1.502353200522036  6.585929940209872  4.129131663718464  3.402342379550331  2.582298293782347  
2.463503400169926  5.795801062936093  4.139004533310065  0.6066914234570997  2.5768255293415807  3.03925196485995  
1.2181958643844208  2.2236530823660106  6.200534519310545  4.872498656695274  1.4296959105396174  5.281068201111517  
4.676721189413253  3.7505528671064616  3.092885738445772  2.791438814804302  3.7372633758717355  1.7777379702664065  
3.8729391143704106  4.872483060312154E-25  4.96952667317112  4.514115752728286  5.043291759190607  2.4028237454349095  
9.353953783923825E-10  5.81228236511587  1.5406640836743903  3.475084432027794  2.8343470919827487  3.542636098101808  
6.715884761884446  4.206037479627802  0.9936853113843144  3.34950791704168  0.0030315264815865177  0.6258363267499194  
5.9593884137791955  5.259223271943714  5.170243533487071  0.860735404491492  0.3417222827028243  0.14746866223134503  
1.056108428128218  1.3385433296756029  5.202825169075862  3.174997573600923  3.296705143319228  7.049508929184202  
2.453146155463402  6.235858930780794  4.5434388643955606  0.0024854637486523075  4.470788980415093  0.5434650861444307  
0.007487172901624861  3.5537055937026113E-25  1.7764659172945465  0.5510012141381055  7.058764309943812  1.528746620454529  
1.0365091050215411  5.2577300713759865  3.008531021687414  0.7371391726776083  6.900135480103692E-8  3.5752027569323728  
3.738733906840238  1.1525170302070574E-12  3.370874253377616  1.8700030423540417  4.35325690980933  4.501718230108287  
2.0389794983214378  4.8228728433279535  0.347383615799762  4.870784412488151  2.8047144629553435  4.1443595906182225  
5.202884977190272  2.2531746391799308  1.3871876888826702E-9  3.447830244596356  1.1969241805984163  0.9626539716766555  
1.5430521614211696  2.5271404442299295  3.3250594901098705  3.517166616219512  4.876071314869218  5.074562621618346  
3.8017215712252947  0.005153349093489618  4.443115035034653  1.4044358530266559  4.810043037030476  0.1101383654193059  
5.894828566779343  2.067169099609313  1.4593811592851842  0.9124830506294457  0.7479982758618695  4.650037408507521  
7.958856012052804E-23  2.6672503659471474  5.126967600271669  5.031539232971793  3.460719211007173  3.820712098887577  
2.686814484802466  2.810651170376771  5.482706013912496  9.957342743779175E-22  6.117460559801468  2.9061925515719773  
1.7171982069054736E-10  0.39120553858843654  2.554037937405976  2.296083295079717  4.071908073149346  5.642657231573952  
0.6929911032852236  6.241092277943447  0.599859719333112  0.899249342649345  5.791743737745871  4.683587358470029  
3.7452542065855625  0.7297959285903554  4.152663013005658  4.123873355742793  1.7087453050825643  5.480705111211638  
2.9432631110039056  7.222041567411638E-11  1.971549211260627E-28  1.123950881158685  4.883908874151024  5.768497756125173  
4.743976769786944  2.1424879215921546  3.82074513062896  0.34428984915996247  3.7723389612769167  4.826599414612534  
3.7973801851431124  2.7593568536007864  5.235821245173575E-9  1.5776638496279718  3.767737249349234  3.0450671903940445  
4.461067079293056  0.07127964885133443  5.476584388737382  4.179532117031955E-15  1.406851932502007  5.2263521441346725  
3.9797438800045914  6.867332181011927  0.5557626123410043  1.102393300682064  0.21103757782278285  4.595684071355187  
2.77466657698683E-9  4.042472655287408  5.583001047591607  2.1715754251903423  2.3837776390410736  3.231793141574853  
0.5724991597613258  6.007297069554939  0.7576521390603419  0.7777421171985267  4.459810373106816  4.870389234782452  
3.360293829058787  4.0872554996172445E-18  4.5970640315469815  4.6397528520958815  2.5612854394326052  6.954781559450578  
2.528747211988447  2.286569477969346  3.609860497765506E-7  2.3298336929890473  2.1164757745426475E-4  5.95739751700371  
1.4859247322232536  3.0217728226498  1.8085490445534733  1.136635525529984  1.342552320825767  0.8823024084172824  
6.356783923422037E-18  1.0447658606329018  5.526700348972727  1.8896109313943226  4.645837516080347  0.4007323469297944  
2.1214803281357346  5.003784847416007  3.112874975226948  4.973311054994631  3.1906012891638342  3.408192269066996  
6.334259579462171  4.596437967528855  0.5685212959136233  0.0540918854152204  3.974243783723084  3.076843470995908E-12  
1.2721594439364667  4.027843162037019  5.942921923451996  4.752082279814343  0.5828456852766944  2.1331835110345994  
2.9333808130854515  5.1268833432288305  9.467012535889675E-5  4.665152347979323  3.090199153594933  0.16878355310163728  
1.561080142128432  0.9770126555374963  3.2249349228722757  1.10675645818395  3.558650379892826  7.4552394401426705  
3.498426731156703  2.4149819753081583  3.650802709880851  4.179197157492701  5.669376842768755  5.198521141579375E-12  
4.768426163880783  4.007619998075016  3.9411449826364024  2.200759298923131  3.6246444544073246  2.8912052993663223E-9  
0.08545293163799979  6.748194358532116  1.188547762985282  2.3324483039560646  5.273333075150423  0.047257405902924814  
5.559883182073366  1.7598194248310082  4.8760766029686495  4.246804610516175  0.12794127907293046  3.970033213407445  
5.2906036868226645  3.03592768198175  3.0162254486089792  1.473605818285399  4.387616581624702  5.440817425749092  
1.1612702393213374  2.9016742520411354  1.7446602525362638  4.901847836730677  2.6759264447683004  4.134353282527502  
3.5999083827151948  3.210802147200607  5.672784812418638  1.5442068020681399  1.2069241565151534  0.20007179143588374  
2.030533022803853E-6  4.553264390335491  1.1898439616269914  5.100265658464187  8.023548680944048E-17  5.57144602329271  
2.6958072280712204  4.948156838374191E-6  5.426129502604208  3.5739476720510384  2.079313404148337  6.190679803213706  
3.6633850853798844  2.8367809784383455  2.686843348712985  5.372694916450757  0.8555588813968288  1.566548090820703  
1.0746597174075547  6.705222832379669  5.27128941027129  1.8286914029034707  4.348625857083866  0.11973570987474777  
3.223948254642903  0.48443763110000543  5.321108442207687  0.007726554967937234  4.509351130000121  3.387661341555076  
0.730410837707103  6.676396986785848  2.6705949777749525  5.499564739433981  2.8423529110827948E-5  1.8334656785425736  
2.191101434167967  5.28614767711438  0.8219038830802754  0.5708314413447031  2.0199089029306374  0.679464322949468  
5.941397393595958  1.3119419797709504  1.412235230684106E-23  4.156744163955242  3.427684174729979  0.4041035258556975  
4.93026477758074  4.038610443832003  7.067006419622382  2.5594124139993673  1.1039540891355628  1.083476378100871  
2.8630820014612017  4.695524370959423E-9  6.1854544448554085  4.186927620711117  2.3672266125743007  6.4244253505483035  
4.3673719284892416E-8  0.853145720568571  4.506113523779658  1.5951428928487685  6.138955584900451  0.4147672776121014  
1.8202621569007111  3.506116424551654  1.3729526263861638  0.8347437184286841  1.8891552562657015  0.7434702365280333  
2.2964408464038675  6.970203707515005E-10  2.2432329476453912E-13  0.725554011826244  6.310473151907874  5.8386028899591995  
0.47260248632034646  3.330291584887857  2.45896532494515  4.51080481681167  0.0018888380364806185  1.2672863652975521  
2.0753268925862933  6.167580351012949  1.2876294137519206  1.5302837393734026  5.0832766273789854E-24  3.571919932908853  
3.2062285537792365  2.4345488946736156  4.667645458284414  0.25436161892513437  4.31337185562161  4.820373078857912  
1.4974906480530943  3.4281941181789732  1.0297108538443944  0.7467782105852186  1.0288095177702385  1.2257820847533831  
4.3802215493025525  0.6619628980514005  5.505173756706766  0.30148486141536074  2.587595863238675  0.004062977406416272  
2.5797965613544758  3.4428493560121067  1.3149946851841652  5.5509765847408135  1.587403115115817  4.640887018415165  
3.0735607523830297  4.626801707388752  0.9373265404055511  0.9041372851302263  2.320448244665773  0.4432714262487135  
5.479944144888167  0.6000654607983926  3.6524191918727986  2.3603707185973017  1.6535900076071087E-15  0.011248708979429483  
4.323570528846965  3.471826673654177  7.445504065205641E-7  4.659876339587392  1.4220866583080796  0.9161736683075432  
3.9611692011785924  0.25910755170326205  2.366468998677073  3.850685444849939  4.362390505802432  5.040073105000808  
1.984674103141636  2.697590937696485  0.04485739596109352  5.63380897600205E-8  6.0913607606492715  1.9328853673552318  
3.5231068895980475  4.484637916564406  2.240201523956542  0.34634174905084636  3.1440098746538787  0.060771592419837143  
1.7612210525285161  4.405529492400335  0.9256185387003653  0.5736046282862592  1.4664024600115606  1.2239344769075482  
5.100175217605284  4.7064231795284615  1.5180824760518907E-36  3.316770160650206E-14  0.694005211581682  5.406511119647996  
1.752092769700273E-10  5.449891233973325  6.434868274506623  5.4455969288924235  0.07471908908346554  2.0883870693520596  
0.6287569882354176  2.0878166583523776  1.2438845330303654  3.8893637007464728  4.019971119954113  7.103939419802257  
1.9894127153957861  1.2929366989459987  3.67281129578947  0.9400633327851843  4.5536382715015735  5.663569304532455  
2.254792262827686  3.6844705558916213  1.1551723763741808  0.7677105506159256  1.121175907187797  0.8047917857690721  
2.9137087752584533E-9  4.386693023886962  2.7853586271918873  2.525852525094415  4.295904713031716  1.3154635988327852  
3.375793537261933  0.6988691467217721  3.625175631477427  0.4898210161474976  7.036452878029495  0.359216000723455  
1.269044422600246  0.9988411326435648  3.8923903608999866  1.0666056416325427  7.390480157639438  0.0037354785322226774  
6.973564765382142  2.234732077470489  2.24641517542217  0.17694727286189393  7.991347898081598E-10  5.327987230672808  
1.8333853577916486  1.7476432436282694  4.344034901555832  5.170432158108686  1.2551939057990955E-8  5.366205327566722  
3.4370053747937868  2.3076202874146614  0.2655607581339902  2.2873714463744315  6.237719881673871E-14  5.45896320625933  
4.556078309582099  4.7973921928943515  1.0712473306713997  1.48770155076828  0.4144733543590642  4.396580064665894  
6.002662691915456  0.8296509627679578  1.3899164868178804  0.367770131171865  2.172455618431742  3.0541091393043756  
2.266599503934975  3.668156180645476  1.6072520570363433  0.49827447403043834  1.7073949022289432  0.6864797463264183  
4.235858528490048  4.886311426270094  1.7598181807579975E-4  0.315866875027752  0.6799777276236916  5.038380980574775  
5.298036458013332  0.6614707344513095  4.656467636665583  2.860949632700405  3.1390747143995497  5.049718279323185  
1.5400596863992848  9.251130710065771  1.4965192730033088  0.6045922653110303  0.6801912903020978  1.1024895812865512  
3.49171918880553  5.42743056993339  0.0014166375110385742  1.3042812806166082  2.1785839533097793  4.904709626329918  
3.8112385443136407  5.655189203512529  2.1590471008318066  0.3783978196641142  3.2967830835811682  2.5181733923565375  
0.48328265884227  3.7272934976275307  2.1430694020525762  0.7149112079294445  0.21921780317007472  2.8684536992147343  
2.4562361106579  5.531730866959561  0.871319464710206  1.9289113158884041  2.2206383297753998E-8  4.003656800783225  
1.698569035156626  5.861431600538062  3.308325861033619  5.247671589129057  1.5037723918020773  0.48785187547905606  
3.1581607302200454  5.937475230743872E-20  2.7941475514743384  4.967572827338257  4.352821564315709  0.6828505807653826  
1.5816065589346706  5.474545817941482  0.792628910966954  1.1038585913472894  2.693288226248582  0.6775281525610658  
1.9469444517769845  4.342814557440041  1.2942954048379152  1.0419164155914606  2.664210378312263  0.5611785982829199  
1.4070580811055695  5.181861796755722  1.3971461253491178  1.1026124246660132  2.228074521002206  0.7018164136602574  
1.6175340766483837  4.532868190653246  0.8184108643232394  0.622763475392894  1.8529612487682068  0.8050766973495435  
3.0429223189434014  4.253309319695991  0.5029794246947814  0.292085590643851  2.228324712661127  0.4287128740704513  
2.49271181168205E-4  0.7606308743944429  4.107649570382941  1.5631188502966988  3.366273176756573  0.7288017799901074  
3.2678412862230832  6.703342183388364  1.7382825296258337  3.5792997814187606  3.2756007337992727  2.164386615571003  
1.1580510289715649E-13  4.715676687071085  4.746180278914053  5.700268825132617  0.9703563362928418  0.8212158347762013  
2.2991900048907694  3.792182633425325  5.234488646556937  0.48815066821925834  1.2096440509621353  0.2500505522920556  
2.4499869533554857  0.9521683388948221  4.396343940770637  4.417982487093402  3.2721957259961303  1.1219493346389793E-5  
0.2279961994802271  4.582376903684209  0.9523638135643149  2.2671270020015  4.420251312078742  1.0718498229231446  
2.1685360477813966  4.262733741113169  1.425341801111367  3.9448728393344883  1.382688579393987  0.6769147179042385  
1.4208605396067835  5.806715266024214  1.83978984459476  0.5038807665105146  0.003165497144783114  3.566883746715945  
0.18702462853604707  8.270389933425648E-7  3.236368787187647  0.5919205233908461  5.3677902977347225  1.2190755087142937  
3.735359907495021  0.23136991641002483  5.840924126525915  3.536509823295586  3.752437697794408  0.09646565739570245  
5.472598480590696  2.306003933359389  5.693815916564276  2.363181278876441  2.485062059048993  0.6849702051985596  
1.6968475178522553  6.520574101049487  1.984739859287203E-4  0.6082059192897679  4.47602753713933  1.800587252193883E-8  
2.7237274600712816E-7  2.888327719567305  1.2993997816227323  2.182231722285279  4.61188545080309  0.9402753441464508  
5.392872958451385  1.9035756941857922  5.072878117638834  4.242926979189018  1.9514311328060094  3.827547322831783  
1.4691606517782312  6.302984039258037  0.9955272596284535  4.124237302050972  2.2975926292954574  3.4103079203257254  
4.267626265598347  4.470139631500126  2.8064118238149227  3.649515460333613  2.552823061104798  4.066514647667334  
4.0661510109789845  1.6740032344385565  0.3768355239029273  0.45947745030154713  1.3084228798617485  3.401000280719653  
1.1803931444518188  2.1771929355698  2.3260391216626226E-6  5.551628484633394  2.295626243983802  1.146996116420612  
1.7426690150408777  0.37367048748711895  0.196272425481237  4.726493155870063  4.4258129917700755  3.0095227262891364  
3.937167939233201  1.0040621798892404  7.275723384822816  2.552244712358834  6.303642782853662E-13  0.33634593639212307  
1.7645307051139794  2.72682038149222  1.2094303589125857  0.6528916840363874  1.0264177185366399  0.9677277559644895  
5.566017145366476  4.864394409031133  8.756057714109525E-4  4.111064610509221  5.00051712729853E-7  5.341332646034719  
2.3078786487255885  5.458153232175305  3.047719015023663  3.039568631483866  1.2773425282771087  4.640574769688156  
1.6417065066290053  3.8482203419336027  4.393593525689557  3.605220629177514  5.484056090101273  0.11080776762670795  
5.970358312156918  4.197926406019915  3.828880298113386  4.301851948618985  4.573650926095212E-6  0.9860874963395136  
2.4369593183375766  5.52178701502883  2.767169834579566  1.3152782840794126  5.859218418624648  1.892188845233888  
1.023350810258126  4.526668147784215  0.9189755368809218  1.3216833194593007  1.8603346182497822  0.9467262895370322  
4.418573139164018  1.992730895287306  2.5323431656647313  0.002795673678467905  3.584523261146446  4.3528917095853386  
1.9419590192230052  3.259145735918  4.075417759897167  5.290942971201613  9.568465805346249E-6  0.6679477218491959  
1.107624204859981  3.616353186996777  5.586342265653033  2.64641054006043  2.525948046105709  3.1899089433769543  
2.1052438252497314  4.7597814553344096  0.6268288313805903  0.9147314922592914  2.0225118336023074  0.8910080663961231  
1.956420947326557  3.9630022205482067  1.1357612813706868  0.8945907171159351  2.385439304008839  0.6361266306948121  
4.062072866189689  2.453355228398538  2.6988875113622578E-18  0.0012697707256255767  5.655803656723258  2.0218516586268347  
1.4379619365854994  4.75611270494254  1.5433761978935425  0.9885214556939129  1.6801074263376274  0.7847689606574038  
2.9841561459374413  3.1499306976021955  2.983567113703649  0.6119538054267497  2.3251486451019185  3.138562439675235  
6.4228199705775895  9.401860725405231E-17  0.7917578844350066  4.599091659188654  3.1881277844474742  1.858465868518986E-18  
6.281960276666674  0.9178481924261628  6.370031073078712  0.14397746541572348  1.0243753241628824  0.06627556724910719  
1.5961839006741967  2.433523684537815  0.9092943668424072  1.013069623041498  1.2823801475222698  0.9908550765898918  
1.093109329177641  4.6044287633218905  2.3128223632942055  1.5099530339825966  1.6259773444412655  0.7870258186600362  
2.759960407742693  0.5750908855721362  5.627815549819119  4.33948853230603  2.742918609231636  7.000099979233268  
1.3751739550418915  2.002619243589391  1.2189669358542585  0.8960832163210996  0.9757719204124068  1.3354844383500033  
1.313634434933108E-4  1.7756400407775632  6.145970528405025  1.8760426074225507  6.27101239036259  1.0157973850591746  
2.0715557321858356  2.8520148079307357  1.2473123398139647  0.5391101589341716  1.7972450657739572  0.7550814626116894  
1.4076213960916437  2.1851581822207957  1.4123456394234726  0.7292915054283416  0.7220750176691281  1.4444530816708216  
1.963966845873925  4.578242693598271  1.571505936928795  0.9245736139262785  1.3893529578336892  0.9808375173799599  
4.2564139946721244  0.5175868665084112  0.40305145485725147  0.20274658094569634  2.39168086897154  2.541297074543941  
3.214139055953792  4.559532003347678  2.175451011212249  0.18920229664115124  3.416922975637514  0.07931523191492303  
0.5694857513982401  0.7784120546868531  1.716981014208545  0.466628755844475  5.746947080956973  0.9867039013248642  
3.0590033522624713  3.9363179227536573  4.338163952563353E-5  3.029117654858976  0.012415347656598135  3.468722652258085  
1.4123071774814078  3.0288763604569753  0.6506942143112615  0.8948728027794007  2.4556227445865693  0.8081379950785892  
6.493899807966833  4.0811151650024174E-13  2.7654980265301097  1.0438543709983001  3.7712523818744472  4.41616669387743  
2.6888551666235783  5.7573537507796075  1.6511852631547528  1.37841573074326  2.631896067457658  0.8150311749686514  
1.4634266223256187  3.8844301674286874  1.593540290249255  1.2015216779250575  2.061406906188822  0.7407491934137002  
2.3834200138584767  4.52258319343186  1.7314896339808648  1.3109497630038216  2.077998158749727  0.5419641983405428  
1.1622758168154057  1.6564856559835222  5.953660571962816  0.717775494007316  1.3668550809778797  0.7298718953440757  
1.4336243342546666  3.304196933709158  1.1963571824196932  1.5687686162723231  1.9303146910473519  1.3169732191664898  
1.6852092692740974  1.4151805595176834  1.0410546597064647  0.6884087840577303  1.0115425211669382  0.9620769253217017  
2.7290662403870773  5.867040544381483  3.180467669900718  4.903472959402326  2.598369300417835  2.540925579524608  
2.6673687140294833  4.024373950427783  1.5584666759574806  1.4556007946644731  2.664281732415588  0.5158279821511863  
1.4340193092422124  3.9441080462930267  0.9901944002789107  0.9481558792173763  2.5545075344474957  0.713192327048887  
1.2894263710433265  2.9086351620540896  1.4773664474949797  1.1900312509973663  1.519402737402142  1.0040202204561874  
3.4493555847802715  3.6734607694430705  0.2866984894386653  0.5771530063057855  1.235933964861935  2.419021375075893  
2.692884800768214  2.502376683141059E-4  2.3096018347778458  3.376365297844693  5.055242888235935  4.904918217723561  
6.447683461285462  1.6835268114767308  0.7655356309217486  1.7533333609798158  2.443376539464628  4.017188711650052  
6.68248978500176  0.0253515591353121  0.8810672553910502  2.1435551822746323E-13  5.270930352826235  1.64557797848293  
1.7128303459111975  3.193543971498531  0.8412915439056516  0.8277132272224742  1.6144118604996105  0.9090084653784172  
1.4232465868133177  2.28409858062138  1.1622069629586094  0.940085433002091  1.2546859770875305  1.0277319143169128  
1.0468235191933217  5.004307359132619  1.4468464746269856  1.3754603901859235  1.9756870518120095  0.8061401906819187  
1.274457543828754  3.2095508851614936  1.283095693302881  1.141237675745393  2.1785881792099095  0.8147201588531092  
1.2215999935933781  4.971921023039289  0.7890716961040166  1.0257835245012672  2.4003561012674903  0.8368231159376324  
1.629501125660598  1.4032232018259063  1.0508823188262848  0.6943248679759989  0.9963169496409293  0.977485318705722  
1.308179212767312  4.077948940584475  1.8395973113777877  0.8903622935174238  1.7533048300415564  0.7983202000097206  
1.830152471639249  5.741622917775575  1.959417390749903  1.1440718647257828  1.6851267216812067  0.8881011532255054  
2.5256053293332292  4.819996971499331  1.613707933657591  0.9902099578516029  1.6207092045345155  0.5879369270590412  
2.3390389163341667  2.049080861064007  1.1302263545928775  1.2251674744001977E-4  5.164810002142255  3.0589242177506377  
0.4133162635478042  3.5960323992921657  5.605543840751344  5.442995401012028  0.057746399606515404  0.7072161459413929  
0.07680891121725625  4.81769140410331  1.1177367362404296  1.785538593632488  7.438524106431927E-18  4.697465212432543  
5.119872264920309  1.7949339255092938  2.0901058738787466E-17  8.434067797124991E-19  1.0842243004862004  5.456931839701181  
0.6798663099450718  4.291253007201446  3.255095450150546  0.11920477588342242  3.3023625192628963  4.0199255686862605  
3.790040504150074E-14  1.4506142851571393  3.9651115427787995  5.549507762740062  0.2223791705277339  6.020913854502513  
6.532993256121594E-9  4.457451875812835  0.641744504309272  4.15867767507301  4.318857812074787  4.299695784165698  
5.2951205304231536E-11  1.254353152475395  4.0341740295622115  0.6879072510251188  6.312496309844735  6.475536501636698  
0.7817415881863643  3.410787708762491E-19  6.665755865735332  0.1723726993933329  5.968915388406378  2.867891770523837  
1.680340389478967  1.4100552371880268  0.9520255234679219  0.504795893536533  1.2080478884419896  4.173198109202345  
1.4702564852333505E-12  2.668015410354311  3.176301348748988  2.9703539396136502  4.182238503237729  0.600826928697888  
4.210846310464119  6.558668284918261  0.1738488925411707  1.1470204946608824E-7  2.233552520570452  1.3131346752002E-12  
1.6488630080176752  3.73178018956344  0.9346300964947036  0.9449882895566574  1.237233549521681  0.9315023941120522  
1.6881085556016722  2.4950847096687214  0.997125009608406  0.6698698531855957  1.0254035173186413  1.0135564711520824  
1.8308184848682152E-7  0.36812865408735373  3.2616814271444734  2.3050904357786175  5.583166728462128  0.43279448128799536  
1.783204821560812  4.549374393524189  1.538618638829254  1.0131224071968514  2.359663470867301  0.610820991227388  
1.530368392995998  3.668154736349857  1.27865895021712  0.6557909626374889  0.9822012006933167  1.0098372710838686  
4.0338574746276175  2.6108209799994744  8.105463908509073E-5  1.247865430943733E-34  0.2965215499120934  7.644778103689449  
0.6783587378245851  7.462665170032311  0.5378324713122062  1.4351046195074448  3.3676675960107976  0.012193730330282983  
1.7949934583299432  0.2323478134730633  5.594654030164889  4.981111336515226  0.90706637804056  5.6088519833534525  
5.418503532068501  0.9990177616660821  3.799980616917619E-12  3.2627242166396186  3.8284666244307672  2.2701803511820557  
8.078810775934102  1.0029045432742876  0.8440307527957355  1.2898904630720021E-10  1.6178028637962016  2.0278199414250233  
2.7302335190934226  1.2083713347190967E-13  5.215698081878878  0.3484749016462706  3.3634020555517568  0.9122182680745259  
1.6457663951855603  3.755024357627439  1.1124574134396936  1.1792027515282362  1.9997345843828338  0.7624596914271995  
1.7530919607636808  4.2355109057211235  0.5936367377357926  0.5473006779725329  2.0778800979785004  0.6057972879098052  
0.9971448772227136  4.6801884896437596  2.2620488958096057  1.466755190907633  0.3340604814006514  1.443278171278214  
4.07036307621837  5.1208304838947205  1.0633097087245196  0.018441970976985834  1.0052089019131004E-6  5.165051973277836  
0.7808452982105107  0.5403654781740533  0.48321107065035834  1.1516006206739826  2.9180850028592786  6.621620886970097  
2.9703675822928295  2.8258240760994644  1.4968016043754457  1.200600200211675  0.5725365597048061  5.757228432527498  
1.8828698918016902  8.922913151714264  1.7772415254696774  0.41477302997719134  0.6600378139022394  0.9608450388066269  
2.1173818793637262  5.2849994661344715  1.2944857049506504  0.8317053875601981  2.3501285155161997  0.9010695418221393  
1.233194384644352  3.1269396627750323  1.3697720744724715  1.1656412614014482  1.256002250226471  1.0082157547276351  
1.909154147608117  6.042602455337157  2.4430735822525613  1.8139805286142925  1.55423893177553  1.0267296360967013  
2.0502780730860346  7.869029241938243  0.7874803100452461  0.41017368003459465  1.5925506098369104  3.258407451731791  
3.7393870938070685E-6  3.3905426671701857  5.289437046405018  0.4002662263627124  2.8717725111287598  4.07653758263287  
1.24926818796414E-25  0.8522166507282427  3.4199065706077634  0.17894193738219036  6.084517201217042  3.535295252123189  
1.5399314977582965  4.744645471581782  1.5817518255404335  1.1611328566271268  1.7416546730638145  0.7410697004954617  
0.540317227939613  4.8964196046391235  3.0680646659050814  0.6372709649704139  0.0046666134065846245  5.19445870285229  
2.003000044230435  4.305190997765123  1.4511467847316655  1.0782246093131933  2.222606686434959  0.6148816197139205  
1.5522043715387615  4.476692029288993  3.299500115263595  3.893824978893354  8.677637870778792E-15  2.0010816343167352  
3.001705707919532  7.939530226650956E-6  3.198102438593293  0.3650324731153505  2.9515909143904255  0.7626882969366022  
2.052825165941125  0.11392778749868145  3.8048367140935637  5.548460393603065  1.6596273714551444  0.4837618169974333  
2.431012864077775  4.2513390918529845  0.8743197972633947  0.9618658480603002  1.8384350229095914  0.7719558887297924  
1.2067442120471463  5.106877619449462  1.3825969573110717  1.0480211836945696  1.6980492852541158  0.8360726774971035  
1.3192699400393768  1.0805691180446217  0.46945885528338693  0.27353962636929324  1.5472636444983958  7.340182216621524  
1.64438403446455  2.6164668923603327  1.060117070062691  0.6804703552496291  0.9196345325576681  1.0425601441450107  
2.740272246350553  5.452315172356989  0.15388873523029986  2.96717187825058  1.1973247079692255  0.914957658762645  
1.4745142754847185  3.587605538865516  1.0241102367266544  0.8520258486245199  1.1136526787743366  0.9955855483857515  
2.2054111006649446  2.8642741921677572  1.0856247675204869  0.612443613302146  1.7735696243797043  0.7497549090047579  
0.9356334494945867  3.918062104473512  2.1050092066657755  1.5494168702884616  1.4444277606321012  1.5023306979948188  
2.7298030869261565  3.843743566262255  1.1182096449292354  0.8789976281352422  2.2373789253284357  0.5345077002984725  
1.7294416838577351  2.5752146536913734  1.0726166267184596  0.6713212881042282  0.8897206375566282  1.0384555733304046  
1.0180491018107338  2.4039320399366075  5.7530571459406366  1.0849759296450185  1.196980378852155  0.7775356268063233  
1.012464129371718  5.232010526772835  5.260502367908719  5.153057752995164  4.0151292580515  0.9643850116287592  
1.73284271464262E-23  5.596367051830946  4.071816832978511  4.822780478009672  0.4494540499418678  1.5517482193893208  
2.0509560059762895  4.756027594699342  3.690645905660649  1.137156383574675  2.016162986854982  0.4493690439624945  
2.5786176557571876  3.4309035552546354  2.6543887870946072  2.846568438003809  0.4586276368677056  0.9217885676285117  
5.160137882690696  2.6144302712243475  4.986780955449029  1.3913544194825802  1.5297215880894627E-20  1.1642300647014203  
5.233498567154461E-6  7.1600373596332085  2.1286479657746966  2.6912014923155008  5.51353305533519  0.35760277296671183  
1.7114586119333557  2.261979193953389  1.0554341952275696  0.6855770576214127  0.8981511403483906  1.053754066538865  
0.4163428478998743  2.3701610968966222  0.7479756605249539  1.9590043448227747  4.794664388778622  0.6147946163440006  
1.5361142336347477  3.5294807883853094  1.550582515375512  4.169258042487262  0.14222066760199858  0.9941850341157538  
1.210013768213048  3.6853311364934203  1.2823488516230215  0.9145720627755105  1.936053093039453  0.8614077091505097  
3.769158145336239E-4  5.071552139626967  2.924757768596919  0.486298761995812  1.6455773398441012  3.6804563718953656  
0.8849707518184469  1.7722949187277013  1.1722776193499087  0.5726366004598814  4.2398322473929575  0.9779015053963113  
1.0082495451156124  0.819735580557835  4.321789554432141  0.7858251100005558  1.0355431248251217  0.9444517508472102  
4.9605770266455345  6.198538679494805  3.158900501757194  3.0855727688210366  1.552793776187478  1.5062042440278213E-19  
4.477857963925943  5.105000108379557  4.224866001784327  0.6161442785677225  2.411566575239827  6.47078718218914E-9  
2.454627203896016  5.483638330885928  3.647546427913776  0.2685074832826733  1.8071453993480404  0.18669337288587887  
2.4686110063277877  8.7941363204122  0.11634111245815909  1.4958606368184335  2.9491337904382378  1.2698179803328585E-4  
2.61531754919451E-19  0.3880874525335465  0.9772224453412515  2.606844644694721  4.49643498353754  1.542783824861507  
1.2597596171946912  4.474273817804796  0.9913079867593647  0.785678883760308  2.2251567107229886  0.796875204944896  
0.7741569810078607  5.038425192131157  1.8663531332745562  0.36848973182776695  2.540558944454333  2.5381496697130306  
6.157009109525581  3.4990368385428634  1.036933478876221  4.293670560042076  3.696888451927976  1.405045497890205  
6.576273961776062  3.6913525052613028  5.11415905388105  0.62459750782942  0.5084943140643854  0.3215285258621648  
2.8291704651395926  0.9054364257086205  2.9105141938487433  0.0015449989988887824  3.9439004936439845  5.462691578364119  
2.5562209214392397  4.4827635667815295  0.6395385966866022  1.507437327013505  0.6435413565026272  1.050255795385414  
3.296316147572972  4.4933191576025795  0.3284514897473998  2.6702603392176685  0.3356607033191564  1.176873011328602  
1.44904680837306  3.0997209146093603  0.8558628239040494  5.146521147334065  1.647776769284738  0.8875885685478476  
3.0936845005752365  7.387317723157142  1.4972282621067592  1.1000399479454683  3.182771926431154  0.03543881936826386  
1.649803159816757  4.420581700043578  0.025539267074098024  5.039349845639742  2.284231420004972  1.873520385816037  
4.078825997335372  0.9114164997755148  7.378502731775886  1.8875963784398306  4.0892252519251427E-25  0.29046804858330494  
1.4231837307677904  4.757943034077711  1.5329710645444532  1.0109794145049606  1.6995438073399876  0.7832283499871455  
4.191852288519433  1.6716257590359347  0.11364529340504202  3.964921360971498  2.2542787625546543  7.197908871417815  
2.1051660464040403  4.279164578265908  3.623500319090255  1.9021645917257752  0.25204023884978627  5.451382376290602  
0.15563741526411337  2.9171401403008885  1.7392826928030132  5.200819169448366  3.1081407134274955E-41  5.601626413142141  
1.7961417844067302  3.277247171909632  4.8605383965244044  0.410064720531325  3.9366480320761883  3.5483650581000353E-6  
4.469566060633677  2.3969710874010794  1.4967440432939203  2.491834067734637E-9  4.846496640228814  4.5888959106206407E-11  
2.5296997276161024  1.3264353790379775  1.880045612854073E-11  0.18131328171149824  6.662488490655473  5.009943841301764  
4.265964612363212  6.173115137667702  0.32975607443434524  2.5532082397942214E-12  0.6063394102142446  3.7019093569169965  
1.7633637258956363  2.8187705632446614  1.4610775349673994  0.8487403106820129  1.6300626759550472  0.8208397731971867  
1.9672488601545002  5.811647155832612  1.3511786170729754  1.2436355399068175  2.626367764898628  0.9119761874211211  
3.0404627973557417  4.768508268337737  1.2973336753287013  1.3094624821599292  3.0414123613209756  0.5199146622904229  
5.371547815731739  0.5949138472869832  3.331659065920563  3.7629652892033527E-6  3.352653143308904  1.4488459600489874  
1.60789278598752  4.486224192263639  2.219784607948331  1.2953115475534043  5.459683661312811  1.3377948599936145  
1.9749495107615453  5.978763647059661  1.8263135000971074  1.2993983826966489  2.073690555003006  0.7942485289953458  
3.90254779305839  3.633008567151774  3.1959273605734326  0.5056048668814288  1.9065283397419694  0.032977361044118865  
1.3608967186651528  1.6445105852347925  0.5938067139846177  5.198593128380074  1.203931492755688  1.0637250500545918  
1.5982010582459942  1.3460291589138484  1.0504770743261422  0.6989001391288946  1.0262794527425287  0.9603951828208069  
0.07124923727347617  7.2142730964975295  1.8845647253851723  4.746916493402271  4.084398147597669  0.8096184565833233  
5.857875147099718E-7  2.7406574989241776  2.3120187308773574  1.995299817965515  3.105702395910785  1.0361524277882106  
0.6984232491926358  5.530623695300062  2.228904744429434  1.3682824565288392  1.1076772784786624  1.2770937434314817  
2.531223177766849  4.163427815048045  0.7158474933731446  0.6600680756392384  1.5462650734886958  0.697451555955006  
1.4691642259369798E-5  2.9175309816358364  0.83560285393474  2.3698726443495675  4.440456374390922  0.9830803992619396  
5.306594717144601  4.547958402201002  0.0059772313397257575  2.3217139042018335E-5  2.0226478215030728  1.279359770255789  
2.1383181583446236  4.060931291831892  0.9779757130074903  0.9614842754908118  2.007442162351902  0.6742081390348492  
2.8097394219012766  4.826082808367505  0.808231480875902  0.37318641139395575  1.1413597730755567  0.589766234492099  
0.8765456178773564  3.9209954455801475  1.1391020474784896  1.0054059415509204  2.3237545818329006  0.8644767955532668  
1.9047797958757884  4.574663348107786  1.539844700521249  1.2644082613122531  2.552908146295421  0.557586382198172  
1.3532852242756612  4.304208527741314  0.9724522711247867  0.7872313251451851  1.6676461637955313  0.891472007753726  
1.0996195943027904  5.044527463846934  2.696356208516342  1.6911315923727497  1.101551011736177  0.8821935137949362  
1.327556697896901  5.957048376093327  1.7845451393940008  1.6320365226086742  3.014732784062538  1.071332621494075  
4.84666517845943  5.118367456517455  1.8811215509141541  2.7168838626222698  1.9034691849836904  0.0683042787398516  
3.0333923679481383  3.8349717355513695  0.30303899015147423  5.129393343476733  0.5185160123782117  0.8667322029741136  
5.809529893239477  1.6517240285257495  2.1215132379201473  0.03891427462576122  3.089449429526478  6.325439492822148E-11  
