6.1583599542742125  3.847158783799144  0.9933682730806134  1.6501859133007701  3.1360360144241954  4.425797094678409  
5.468142073406379  3.1735319434658518  0.7646618457572862  0.8184758108984823  5.794983862126754  3.977114233888192  
4.402155532315961  1.4466125646213914  2.993334089983814  0.0018450909293589277  4.4595704278404185  3.18640496448166  
4.378716064075725  3.9498243810947864  2.2391065643857595  1.613344725383715  4.09938500925423  4.797647942156822  
4.047492112437327  3.0691357848411  1.9920139763477038  2.105706965648666  3.839919358413691  4.2581488082807315  
5.416997659205478  2.8296981963666075  2.812126706338738  1.3521581962817513  2.91071510738287  4.417871098182043  
1.514145992665756  3.690433010092658  2.579866456950093  3.6790185513919265  4.191007701549013  3.9192689466607904  
5.2445781090142845  3.91488270431984  1.7858600357113235  1.7101881652596662  5.841226649354142  3.9387558588703198  
4.71392385422229  4.0004093774548  0.573112188477639  1.6319959661385481  5.807011216384239  4.04283511079737  
5.1143638354939895  4.866926901419015  2.092172491271888  1.076874136869505  3.8081812094141627  3.7351669253312587  
6.438450902047721  0.9787140787635564  5.365665419717679  2.433338755197138E-19  0.44000861633623123  4.338903357327238  
0.7926188152404355  2.6388714983071027  3.993531536304689  1.4752333542685014  0.09794327851840594  6.444325046079396  
4.331646538525879  2.8306130738777178  1.6900504225335802  3.5778668300774448  3.0227637321536274  5.251750462173234  
3.1548944971225126  4.3439992019820854  2.191606663679812  3.3574647851364374  3.9091245958105376  4.577727353836267  
3.0674810941324457  4.763613221260416  1.8196781637083401  1.591246605195606  4.983028902281422  4.943369886107407  
4.320057339934122  3.848890065169598  3.9649428369890503  5.451313382600939  2.7616428750833513  4.070682088841712  
5.481512985391226  4.074792643368115  0.043130567884987904  1.1281990489736595  6.140100674333938  4.694175716278876  
4.514098784604149  3.959427668400978  2.6855749869294034  3.1472623814250915  4.560672038378218  4.228870395239112  
3.2324246496191105  4.71507616332975  1.2066208971459975  1.8672230632677942  4.817518044316794  5.1168324961906455  
3.7056967907592053  2.927830711914395  0.9887168782997235  2.6442574169987054  5.842400380490856  3.021322401447847  
1.7678753973515648  4.351698952940703  1.8938375921117574  2.3690855922284735  5.72329893487809  3.9026507391902  
3.0288802268943025  5.128009592116294  4.898270086220961  1.126711566521165  3.5786749286515356  4.043011978539561  
5.753473933725477  3.0328127894476875  1.1820616105588903E-35  1.7875379329763248  4.926548806796359  4.933695639783019  
4.746235377997772  4.758030223258182  4.184243488221817  0.9926093065281136  2.758376131832483  4.314619891251641  
4.01815047522235  4.422404245637781  2.607692571119372  2.882562765707835  5.622690994578865  2.6511024065318556  
3.8117296497880004  2.928366877205732  3.186579708932839  2.4656135152351606  4.323305566639807  4.479479581076387  
4.806440219780063  2.3447138531141816  1.8659169402351123  0.8755542075883872  3.081370675899153  5.011967042024556  
2.8745733921965657  1.6463592132371778  2.047298068956813  4.058390203014359  4.227530474066111  5.22687470213435  
1.3217211734504604  4.313574073956572  3.0200549166228523  1.8678582323969437  2.0887847741612804  5.224754082978424  
4.748975469630997  4.839511471096241  2.8727878558925357  0.8000191726723849  3.4964592746335432  4.172052783336785  
0.17346536992060396  3.4445817946938595  4.4083442158415185  3.3979838764688486  0.448996335628793  6.170658790873225  
6.135584446281868  0.9332172095399182  1.2699098802585451  1.742096283133567  0.514786310334588  0.8596179871510703  
1.1981103619253692  2.9773764751435956  1.9847191489530147  5.64028253898098  1.6433635660052655  5.688237010700161  
3.016995487178884  2.736894850501883  4.2146823536216775  6.521374974635425  2.8374403073268417  1.3052284471972677  
5.964653048637093  3.4439725761437825E-11  3.1358982353251186  0.9463528042986576  4.010091691901801  3.19547035949951  
5.311900194946172  5.2246526688763605E-17  3.212645848486636  2.640325607070647  4.6515234618764945  2.1283592105582203  
5.1850197307641315  4.723075134924579  1.633145937874675  4.396188067637111  4.752450192971528  3.47660631152653  
4.848035861761532  4.388350773824085  4.1635048079080015  0.2269915429045017  1.6348269314198982  4.264513257884416  
4.5535956648342495  0.12793203327467875  1.4892230673170412  1.419926903257885  5.301736695834219  6.305751946441734  
2.2202607148948514  4.5839750031795905  3.229583599271802  2.6976970034245054  5.321586167472654  2.560073098416746  
4.431638845121044  3.7710666839523626  3.7827240199518535  3.946091674376148  5.080404206409541  1.4109268312331957  
1.1315969934824147E-78  2.344323822364836  2.964615376820214  0.0950230692545385  4.282089487741843  5.930666493919616  
4.508905401612114  4.5418748106223585  1.3287577611727437  2.7766972752125016  4.164336994900891  3.5509743430575367  
3.459507946964744  3.4766832283378504  3.521389143391537  3.806410552384175  4.4131432030271265  4.660396922232692  
0.841234276393237  3.197624010120066  4.503183575223147  7.264657537886762  1.2403921523072898  4.733763106351798  
5.859937591629131  5.13316022318108  4.068408201431676  1.5103621421878998E-15  1.1210740507848178  1.2774859955464568  
2.975667457643525  0.7258652509064067  5.344697160978462  5.434754703485806  4.3897607488831435E-75  0.4600711424436528  
0.7639569578821774  4.121826510263764  0.4847196457602197  5.737870626930924  3.6357167252171424E-33  4.22606541066022  
4.804906155284474  2.0842726964215625  3.6133927576729126  0.3918300131378395  1.9069460130250486  5.196822318543886  
4.656028578878854E-18  3.679954254922867  3.1952429277080925  1.9066628575368179  5.097540879076298  5.057396299530957  
1.1754429914403584  3.7209332076204498  6.735024983103087E-27  2.77349777632096  4.228350292793325  1.8907794094832526  
3.748745383972327  4.879015250464569  2.4918120225008202  0.770041549382426  5.307821623511083  3.870865774038655  
4.485485982866777  3.2574986764474145  1.3454940516870066  5.855943627560204  5.183693304586559E-47  8.010282331515607E-104  
3.5052717283852983E-38  4.787357684588676  3.2549947246665076  0.40526672713839823  4.98435768310297  3.9057093032048793  
4.400688579621146  0.3332039868020572  3.1477537544386776  0.3493001554069808  5.2759032401587005  5.322410108081838  
6.219595657725046  3.927918437492827  0.8961596255767462  4.741174113587319  3.5905475856551666E-146  3.899176435995919  
0.6157652497691629  3.7673938532939824  4.9327826711769385  1.2378629494736818E-5  1.860753000381078  4.494709398720639  
1.29137280691517  4.899400963650805  6.389168427926715  0.18279282279434758  2.6310920631325803E-33  4.464167867600271  
4.769479908236738  2.5651979389124273  0.8334425875032039  1.2407006636331843  5.019803618973754  4.968929111176634  
1.159088617319798  3.480162531130657  6.26242200892037  6.089380824205168  0.09940481632822849  3.672516841861683  
3.2284793744422604  4.849173404123753  2.134902281275401  5.694914846175001  3.1617414602911422  1.847854041305466  
2.9347168669041326E-57  3.693718679676045  0.9348120341315312  9.819047222180133  4.221485324197728  4.66332544755199E-25  
6.411353567717961  4.632821140711674  2.220873724800062  1.6249368818737087  2.0500454397576214E-95  3.838187231040008  
0.35668353449718077  2.881679215886846  5.734874170887403  2.653468648025812  6.687903091554503E-22  6.087701235137715  
4.1331564059961545  4.0E-323  2.177536214501712  2.2376571686116704  2.7251410258328734  6.023826371511679  
0.7364400304977231  4.111108761700228  4.9888034067045846  1.1187911708802487  1.4439591900347568  5.565113110768674  
5.497115413596902  2.0665807654769814  3.2763924379554696  1.0173901546837025  4.897979024744884  5.197375967860372  
1.439588889587039E-51  2.6996197758969758  3.0250756388231827E-58  5.100404991352057  2.3655242233727485  4.918991875119934  
1.246240899224986  0.8949245430888783  1.3404404039675388  2.1738446137477734  0.6303225396899464  1.0230147947886208  
5.681330533864554  1.3378778927459347  4.597714520463739  0.0014778084841893817  2.314268362045033  0.3430892547523148  
3.045580812774989  0.7218535973466232  3.5732961196473787  2.70937132498545  4.737578001054373  5.828316708056421  
4.192479281324369  0.24021663620371783  4.5388317358495645  0.9719070870713263  5.11868213104906  0.830971481452027  
5.864780491081253  1.782688418189397  1.961474462911588E-17  3.6698314393949825  3.6572365114864165  5.1305749215958505  
2.2087409131797098  1.5585652072083864E-58  2.656267249812145  0.7207712103016679  5.010524712071123  6.136145385125826  
5.565165010679113  4.825503130039566  1.8603179398922498  0.49959492354419854  1.2422907834844257E-68  4.523420725955602  
3.497122939972032  1.5004072447473673E-29  4.511132493793758  3.70528073170123  5.502290058030557  1.922742394099355  
3.603833345255086  0.38795341786537746  2.5920018831956115  1.2779842667624515  6.897310798031255  1.2753163267142336  
8.061958041039984E-42  2.12978717692195  4.214244206867383  0.1615456798864243  4.563538069223281  0.8315639991049497  
3.957596625620123  4.12968152454628  0.515989493198122  2.520128606911062  4.921618098855799  5.1952569394452555  
2.362280622362665  5.5106915943027905  3.615611481318887  4.848562083607945  3.466234677839103  4.212648671817252  
0.8325670173732848  3.099546532257721E-52  3.6630545426137053  1.2783235133314177  4.110835830445687  6.677435872437402  
5.836799141521463  0.5140553782297815  0.5332450609191299  2.361952791700042  1.611397429087896  1.029906611632776  
0.0024746526080886514  0.02743558018244101  2.531286699426894  2.3884022402810046  3.867365716687872  7.342415198833176  
2.2749855847823284  4.87909649831934  0.020816657470359965  4.350433852528139  3.0374220242289667  5.319576927279123  
1.4317966963251772E-39  3.9550848722590097  2.9268750427864236  5.364504736223827  5.824276064325019  1.6543543722925994E-130  
4.293843987929809  1.974364451535773  2.671284117171817  1.7628724192276166  4.503564607619584  5.261851941432297  
5.0465724828074245  0.09733309170308763  1.1057986254614531  4.624638288410269  2.0701811538289263  4.076451392908434  
4.68331636057602E-41  0.22265979255690313  1.3464695927939139  2.571139205352997  4.070871564052944  7.347131207472617  
1.1467758124289906  0.9701574087154358  4.8980627184353045  0.793245765560987  0.4645339018931802  2.0005332895464543  
1.2801354846865176  3.737471190644352  2.45588293825969  3.5687445313257533  5.428599072411397  0.9998329934861109  
6.161741442614666  4.20798685479726  7.468936757753752E-23  3.670061995699001  3.4385540770643557  4.523038280841057  
2.8791017344719196  3.7514560700796227  5.841532652463372E-22  8.551830368797052  2.379947741372725  4.631937628781293  
4.501404720121264  1.2235147611951518  2.9672958888082817  1.4002447204234794  5.878404167742297  2.1461553607193787E-78  
1.2666340696264247  0.9430394412596229  1.363155020293887  2.1219632925202285  0.5101034464052728  1.101845106674621  
5.60473519334035  3.1160166684128363  6.326813282375199  4.452353432629768E-148  5.969306523404545E-64  4.262400462859025  
0.1936617171721645  0.6745045333065117  8.459892646516568E-39  1.7014776938616807  4.0458956503959005  5.298570581582154  
0.1822575975522679  3.269673185604223  9.75512910805401E-59  6.477743226193025  1.5209336060072827  4.471296955810782  
5.161557872348148  4.879777175675661  3.7014110097807844  3.203509284834319E-53  2.383318935461795  4.056305879659584  
1.259576286721998  0.9266920102780588  1.3554734711952567  2.1386898865317603  0.5510999500428677  1.0750946169663789  
7.182516349334425  1.2531742215243074  3.1488742073530798  0.8425269387788688  1.3680428270181137  0.4661003492077616  
1.5400418565405163  2.723900157314419  2.3492113796896628  0.4271733533271971  5.262745472450261  6.063636577842007  
1.2594311195285037  0.9263628459292728  1.3553332223762653  2.1389913773286033  0.5519293285455713  1.0745567283444062  
5.173173802036491  0.7568890141445871  2.246788636173467E-22  4.478270158775422  3.0221082448161662  0.4529654728320784  
3.48888201584736E-26  2.7491192109760823  1.6264928043648878E-24  3.3605100859547203  6.208358152403626  0.6056006791587739  
1.2999318259212331  3.9694309626571513  2.586498681856812  3.7937075219282788  4.940675140117721  3.694104901726294  
3.6244789262829165  4.299277996489944  3.917506416384196  2.6791213643144705  3.707228322103975E-80  1.0239419231399467  
1.2587362052609123  4.464818090749415  0.6594279905574993  3.535014618615942  0.6177930635868548  0.7395271699393506  
1.3159348509551028  1.019712024845677  1.4252020632078497  2.1231052799291774  0.2998257786518429  1.2231874164307743  
0.6819541202898655  5.656226171899947  6.30713151672741  6.53049911003386E-22  2.072282712291817  3.7086411174721667  
4.815801248682712  0.011185500268544223  2.6422427056387496  0.3171127305300445  5.386220864037148  6.336760808040794  
3.530100827190162  4.426290162764519  1.8314250882813767  2.71075906659274E-40  6.403131741928364  4.649804583130976  
3.9321625648777805  3.9913863478780662  5.087678791430911  8.861290354454009E-72  0.37859339187034996  4.453653693620361  
1.2442777272238206  0.8902473519893476  1.3382378682810827  2.1790109207462285  0.64198664849194  1.0153469528374324  
0.8236272363552363  1.1834488523418436  6.269363907822832  2.1955103766256318E-4  2.33440795524762  0.63006733807795  
6.065543108182068  0.8936368047709801  4.922390736379126  1.0587498427113606  0.8519283935421004  0.572472491174935  
1.0637470655393282  5.834314108330248  6.067773752066668  3.640278103369485  1.5945549868331519  0.013698438414394326  
4.4014965392379155  5.140942085900325  2.9556953152360763E-106  3.4045923452487337  3.326077281003807  4.095929214651789  
2.913605452392637  1.4440760718313577  0.8866179645632943  0.5546879313311069  5.334317401736475  5.806610668789234  
6.5056267401137604E-12  0.5686476981994244  1.0714633326111687  5.21661566221737  2.7642819411454487  4.600887295238132  
0.7029956344619288  0.5740580000099714  7.312676868878588E-22  4.372558107427255  1.6845170802047593  7.290059726936515  
6.209473915388025  1.5897842364206882  3.777987948833393  3.8840673732748154  6.849539932271165E-35  0.4057806701688857  
0.9772039175603807  0.8874511175234573  3.4930850703704417  0.9157106791930324  1.3568368156659625  0.9897095896518474  
5.936522591222514E-86  4.560977238857708  2.7775834110468773  4.068383399195289  3.5855465348847004  3.435642927894234  
5.326783090906323  5.440112117136577  3.94357240705937  0.4577021389235412  3.3789340089098876  3.0997802288633576  
2.2833729356009003  1.1818223069441787  7.09298050696016  1.6935127956415498E-37  1.9553881315380455E-16  5.470652713482314  
0.4126324164865462  4.39033821889829  0.4488409650447154  2.8731659210949254  1.6155787122919018E-28  5.920286377248469  
3.3234245734295214  0.6688220534077146  3.6893819277923203  0.970753175475692  1.3327792084752923  5.955340096391907  
1.4184899079388158  0.9614495569869628  1.7252359392405139  5.6161676397946145  2.9121224889036693E-26  1.0237054590452903  
2.4111777596941355  1.4937159700320165E-11  2.128184152710167E-6  4.308391109805104  2.489919321646812  6.579000424728374  
1.2482928678041566E-49  2.973927784697851E-95  9.7738088849458E-5  7.302870411836291  1.8548377680131944  7.322978710407746  
1.4441443583127502  2.3207315683526315  4.235763640987335  4.601534836895813  5.3810736671948245  0.4841221737460493  
1.1284502870092665  3.376950822372337  0.7110814481510659  2.5812029040964615  0.9212602111607407  0.838938582544407  
1.3077867119016684  1.0361016696428453  1.4289331078176462  2.0109800635964046  0.2761265069003015  1.2540051421252432  
1.2429371299556649  0.8870547975634606  1.336741539123199  2.1825261951219423  0.649949165377207  1.010113182506801  
1.3131875468415775  1.014956814548568  1.4197883966419085  2.1272608611766297  0.3123378430097796  1.2154519470428244  
1.1301432715111805  0.9421720681769423  4.964801077966657  0.7709375410969017  0.5420788060825764  1.891869392321286  
4.225255256529489  1.0015424300353064  3.4879405993521924  0.7946067107997453  1.614922510909903  0.6079679714028675  
1.695059603562756  4.4026300523072415  3.845155732987675  2.1444794769059956  3.825122526769302  5.056078350964594  
7.696789740180187E-31  5.837276599328764E-59  2.8642877917988927  2.231609823682007  3.8821222792336667  7.218249106876104  
3.5186663116646524  1.437863171045803  1.0613953482754918E-177  0.965468696068307  5.213497092328139  3.347932472167482  
3.0530377600804273  0.2814021292397731  2.7315313071360343  1.650829633906139  5.454883090463804  0.9533655749433322  
0.6812775384357643  1.1682329805860208  4.848710921110265  0.22726614537258683  2.7269615003170804  0.40204585294961637  
0.009422127933257826  1.036175778891905  0.8208095263109193  3.814658574172504  4.140851138993756  1.707913039946363  
0.23626986934002922  1.8568713229906224  2.400030205455153  1.2830863162482118  0.8159473354868839  6.805054306468767  
3.1181921952824014  0.8293629955491117  3.3267638797494294  4.745857572924836  3.605714382082736E-86  0.6307056513488426  
5.481521489690609  0.6247890538966835  2.5266805157349363  2.5681825583069626  3.9085292942910166  2.6033493319579866  
4.615569627920165  9.471729035852926E-6  2.3185359750533396  1.8814287858978676  6.439973360172168  2.6718398762332924  
0.2943442141793516  1.698292762585953  5.196343265581635  0.005075962406308366  4.276820150831479  0.21314247003202028  
0.7043979991001684  1.2151557200235095  4.54715987070616  0.3259031287346517  2.788838539137536  0.350348456024183  
3.617786914109071  4.533795317540394  1.6112101295668357  4.336132120499986  3.8334731429823767  5.27863257092836  
0.9821218966234445  4.733046328803502  0.7633754290880391  4.720932831527408E-69  4.641766133441352  5.800578265277799  
2.4688517172866304  4.423850510808712  3.589246552898214  3.5896737265984195  3.1784717009581924  5.060366225946638  
0.8431094353164631  0.8576458562015921  5.859548770691703  3.1301452222487036  0.14582038481536624  3.5650017063420116  
2.861816780152654E-113  0.6363289480270169  0.6830943213654156  1.0041115810394545  6.178711106945529  3.653642749328326  
1.6630175379136591  8.089365904408316E-9  4.913207508310641E-46  8.409477398265095  3.5769595330559256  1.8533211252638702  
5.829079726650828  0.4393658852087319  0.7546794144249267  6.094286331375392  0.7989358542253697  2.9068359540507065  
1.2595307534339482  0.9214446174428974  1.355754025033786  2.1560883124541363  0.561737291391916  1.065935353036208  
4.96802173917464  4.732506694675901  0.5243855182887804  2.6882295790593704  4.887134978350228  4.429410257569299  
4.027524715245884E-43  3.336062752298874  3.0842850941143043  5.297069743626413  2.270612136457413  5.361413780020371  
2.812597628647111  3.457205253766121  4.548115386206789  5.719415442736137  4.03808190956477  3.369224575306948E-27  
2.359750575462939  4.1420429572916415  1.6464318750700193  5.913214422149347  5.795761636084448  8.86413639952133E-188  
2.418652589639522  3.9681132010816413  2.2436077837163  3.1642114709901874E-96  6.201228091222908  4.704190883948761  
1.279635645025483  0.9743532065702684  1.390321145397139  2.0737467429139245  0.4324729590129702  1.1532366762238988  
4.866368402103334E-6  2.2400932740181534  0.6042726246168736  8.422455074101855  0.45463894550722794  6.946013780685277  
2.569964397006119  3.7082268374389734E-38  0.6352291868428982  4.996768392695113  4.727394709920094  3.389059976195923  
4.051151669660417  0.08948620496395908  2.8304774978020313  3.1909561634536474  2.4060453483437048  5.697328162916486  
1.2840600465352414  0.9844849227272616  1.3917887997199385  2.0670510585137802  0.40692616243073076  1.1697881608588738  
1.2579925115863937  0.922954679799126  1.3537210022211141  2.142709290486111  0.5604379423670133  1.0689713475144471  
0.6117256168014932  5.344883542980235  3.7174520038380736  0.8050122607688703  3.1276280198306807  2.233751866796786E-31  
1.2631488260585844  0.934922977135409  1.3592910541381802  2.1304462269666504  0.53043490106568  1.088558775824302  
5.487801466571588  1.0710864384832592  4.09667642355801  1.3568209078184652  3.7458695625894425E-41  2.1621983057965846  
4.056453374559543  2.3291102698070008  0.8234106369992619  1.9319137562117794  7.147286584795209  1.5783994768489543E-42  
5.745421528288205  3.7253667767524905  1.8592734790057077  3.3356857456470346  4.150230979226845  0.29975822806836344  
1.2627783816921645  0.9287838484514997  1.3613351621910754  2.1469218728722663  0.5432897405363402  1.0779243619034726  
1.2499398727469093  0.903747625638957  1.3446096660926707  2.164054848161501  0.608324717192824  1.037480586785945  
1.9809467444101423  3.7428754018628827  0.23174732729951872  8.417122112184394  1.8700424878101183  5.854653358021031  
1.2442546202022755  0.8901953190297074  1.338212382961807  2.1790609287306006  0.6421178629833486  1.0152619757716894  
4.787602959496367  2.066367089885877  4.823541699301951  4.5101345905377626  4.278670025196996  1.5631849192718785E-55  
1.2527114105299584  0.9106619917237008  1.3490070936453316  2.154368281060757  0.5912600989910823  1.048847314644206  
1.28460798599161  0.9844561264662712  1.3843238495999597  2.078452947602713  0.40616972473034846  1.16959322080216  
1.2633942871159047  0.9244557096729557  1.3528812710155553  2.1745436811233354  0.551098466813647  1.0702029568125817  
1.1050985045211499  3.5285143951226203  3.537170597215795  3.6711986986728253  1.0287086604249172E-61  2.6978996460346303  
2.836599340724731  4.514774701527987  0.5270857040877198  2.8235440314914255  0.7520394529072265  0.6812507269027036  
2.513952557750959  0.8220019187798586  3.990104761250956  4.471650749826219  9.869843356686395E-53  0.6507196035842158  
1.1229261687252221E-6  1.3770936173643797  0.04948840139721561  2.412184480247955  4.965527741528034  4.992542979388272  
1.2433176374443957  0.8879504279670276  1.3371494317833643  2.181581840686762  0.6477099592916105  1.0115803433488644  
3.180960252796273  4.361477816477268  2.049714106625424  5.64557496098521  4.046409379103088  3.065352916023348  
1.3197646752128978  0.9835359719118509  1.4669097673769096  2.219109929833516  0.3702110338876731  1.1627043099970151  
1.2669645696425853  0.9443970610742864  1.3640290546317004  2.118620603792125  0.5070020183355797  1.1041316241150396  
1.2576052856315638  0.9215214751904818  1.3527697939876997  2.1460110012254665  0.563756035858333  1.066567425204979  
4.638471772329767  0.5102549680809456  0.9199875586774567  4.424886680269657  1.154398303224455  0.8242920511897717  
1.2140715665812254  1.0231843979081354  2.8184700906239146  1.2911247326051165  0.3871031327842918  1.5825675633266874  
1.2511753143566784  0.9066663361582852  1.3459721411652925  2.1609125896986625  0.601033612961907  1.0422629534398713  
2.2913527461661984  0.1216834260722835  3.396832746131126  7.411628489310529E-93  5.8236697746531805  6.671960211122337  
1.3048422037892118  3.9125428479342808  1.0091018214678604  2.152204122092424  0.09536254097635138  1.399744506875714  
1.2763711402061344  0.9668953003302055  1.3751349118888896  2.092998756080273  0.4509502314857401  1.141025053689211  
1.2838948561035786  2.265318323499281  1.1657499603666976  2.0640479046228064  0.15526160069733122  1.3699287512189182  
1.1139014483224314  4.913498205714641  2.528970896551317  1.0390029758464545  0.6022084968654561  1.3743290423379682  
1.2184372013067861  4.8108784514424485  4.066397373171929  0.9761733849530703  4.386614323602388  3.8166793658667846  
3.5732918097232402  3.617803126570878  1.3773960637740716  0.03860462442393624  6.322430988531287  4.285688544893658  
5.980579022852463  5.224003662766895  1.2933475819722746  3.865253799019031  1.318603901661027E-30  0.855055686242043  
1.2099362704456926  1.8795687131082257  1.098568911460717  2.3234739577441816  0.5129382604071181  1.0898393165939138  
1.2698324317896785  0.9512223723555091  1.3673449798568138  2.1109973313819497  0.4899797557160599  1.1153204260208527  
1.2473407585006953  0.8977469292777811  1.342408405832204  2.169501938337257  0.6233975438060301  1.027662241722945  
1.274832970197185  0.9626888638347042  1.3728573076352206  2.099472841729834  0.46116855066965046  1.1340714231028002  
1.2744448361297598  0.9571751134847655  1.369637824511405  2.1190893803501822  0.47266040333700843  1.1245387577573487  
1.2965834884193008  1.0104043743461926  1.5546432354448914  1.95457852992013  0.345466454175885  1.2232136402169453  
1.2325517783506825  0.8620308134022803  1.3262450213417554  2.2096318465372073  0.7122469992840018  0.9690561878785946  
1.338845019526599  1.0191996726967307  1.4894162799455175  2.335632935700193  0.23659794861192907  1.2161039550478028  
1.278309329016766  0.9701077655700754  1.377991413436611  2.0920287849250103  0.4422840588885372  1.146144163906237  
1.1796419368728406  0.4154988549588435  2.9545421679993993  7.8595583819693395  1.4443270241245803E-74  1.9821801729407946  
3.601281689688233E-23  0.14574553762350848  1.0129669821441447  3.4917511595652533  3.7777772940834096  7.173163377669417  
0.6371312012405502  2.520225936951536  1.102468300093105  1.3868986508941064  8.076994872123167E-6  6.6455356777883114  
0.8831853412622522  6.393292105688808  0.3111398645677382  1.8373867237477277  0.23026913083626271  2.8899554427780365  
4.154367051562033  3.965372400334176  0.6294725358238865  2.496726221367114  2.1602037642878976E-14  4.169409494952821  
1.5778785850729111  2.1071725709365343  0.6327977168480005  3.990391792089613E-136  5.9942450732822605  6.296808450879764  
0.45363972411569886  4.033132739260096  4.978242126422326  3.0279401670264107E-51  2.679196728791197  4.572333904563105  
1.77417287083893  2.330969179105007  4.950141690480605  6.508696043648721  2.9828322236563567  5.9832128810366045  
7.830391746783082  1.061555472427867  2.809082726399676  2.484032605023704  1.6550773419573699E-43  1.7788387195346294  
0.898174110881992  2.9986550931713496  0.8624616907572061  1.402134398729747  2.112109463077945E-6  3.3787973485977263  
0.8774564196623131  1.0717943528087546  6.503590386236765  0.2691336350596372  1.8245886476906232  1.0478915340804271  
3.5324767651192035  0.8653002638842235  7.990170092556568  4.783894202095418E-16  0.7242787827996753  2.6884827603493506  
1.2448129345550383  0.8915211060133335  1.338833732289645  2.1776118585485023  0.6388093690020921  1.0174350210292344  
1.2445480819492847  0.8908903333271794  1.338537621491252  2.178306995344939  0.6403825412250645  1.0164009481870306  
0.8811338691356736  3.698071071185902  6.099212972600244  1.421320347530351  2.0183257502440464  0.4554285613956991  
1.2747493191445376  0.9687761107955946  1.5299278230490752  1.975228571375819  0.4542021281008629  1.1558277062688431  
1.2343782130526966  0.8666652802552203  1.3271998928761939  2.2049811565740742  0.7007994013532157  0.9766866439962628  
1.0850654803227149  6.5515299753646365  0.030498414234712255  0.8413699472792754  1.1637866702721654E-30  5.041879107478258  
1.1442531094283697  0.8681898649799591  7.306252461018965  0.6930049714909621  0.6321950318692016  1.6329151107216933  
4.485154396044035  0.9576965407513184  1.3970322275851445E-254  2.0501766455372934  3.9264301786076343  6.207718097821336  
0.13526069136371996  0.22092483855821493  5.349535118948062  6.54752235735439  2.507573900682269  2.6346246898762162  
4.056355812128162  6.089520582811178  6.284264572166135  1.0228179515678624E-12  1.211988331771839  0.7556122844723312  
5.392758268538297  2.6338461707019523  0.8383617892960507  2.455604125758324  2.986172904656155  1.4075862724418689E-25  
1.2608259813640756  0.9281521435777915  1.3557874571360453  2.14172266093902  0.5467081632909369  1.0773261315291343  
0.6571416900310537  0.7938683890997676  3.223144157809292  1.100481658376578  2.604446377587394  1.0009070583703557  
0.9443337785331941  0.9148005946040697  1.7886002969112649  3.885260277523766  1.7294035331297477E-17  3.6619690565165994  
2.8877972939383656  5.9111881816424585  3.809930221677183  4.3005597354599026  1.753868649604681E-24  1.897475183127929  
0.9583697022335732  1.638396420747079  5.634220027597911E-35  7.2343080085245095  1.1865037140331098  5.475737585706356  
0.06513756855659401  1.5753976395391718  4.770598834558887  1.5488700232518459E-31  3.0544982136273826  5.656375429443483  
1.2940999955321384  1.1727207320968984  6.664111675394697  0.35029482721992855  1.235831653153771E-13  6.204009606828763  
1.2544311897374334  0.914464527109281  1.3496864233496033  2.152140018100739  0.581607391745835  1.0550518300684484  
1.249263461098801  0.9018958026270135  1.3442826879863554  2.16621403595802  0.6128379663429931  1.0344177623170512  
1.2531508537766045  0.9112247563417979  1.3480356887857652  2.156379338007987  0.5895913097587457  1.0497203834439115  
0.5606687471883098  4.865256633190575  0.22022759056160326  1.5039241965511116  3.9402183638256445E-11  5.587957242089582  
4.660172811276816  0.1574112299685397  7.354878270782801E-13  3.3259589564975154  2.351524634136269  6.0867841258856785  
2.8039621020271825  0.7815900893141372  6.201543356178454  4.137648755210996  5.91245403078781E-53  0.5725584307273616  
1.289893934854301  0.9991036437290866  1.3926111511778945  2.055080767820821  0.37067870655036156  1.193827816530048  
0.4736239555891378  1.345730041551423  4.162303022857946  1.4779624981612616  6.091499145148684E-7  6.864820168879598  
1.2448816619571845  0.8916888242076124  1.338915523851337  2.1774125357080676  0.6383931184274668  1.017710401372033  
2.827522353226165  0.17943229647501954  1.2779366178626932  3.2391140515559513  2.217141587572549  5.877375539767592  
1.1676943795320003  0.4652675701467255  0.4111006467731  8.508792880504286  2.0304686332153286  0.9263563097293749  
0.6117546733162647  0.8845990333159035  3.9961719452724562  4.734357916838183  5.795576519864662  0.48438556485741735  
1.1049565273892115  3.3208763734034807  0.7436753866842183  2.597685929072322  1.0696473299127103  0.7431502915663397  
1.2748296206867944  0.9632042297007464  1.3732808102367897  2.097246772673376  0.46014333698540927  1.134971868942144  
0.5276235218324488  5.3383742048787965  0.09860947968523115  1.5223489914524195  2.904037589573476E-4  5.594751161529465  
1.2781027882259488  0.9697186896767822  1.3762569461573504  2.0937558790232766  0.44326807082766045  1.1455163227469265  
0.21219725928994873  0.7838443621179744  1.6441113393443584E-30  6.443520480944962  3.119376459991986  2.1598819302754015  
1.287730345395225  0.9849921752553279  1.3856086615781895  2.096185413970521  0.4014817581155566  1.169728567288942  
1.276010131965621  0.9604703027443819  1.371490027734042  2.116358494362902  0.4642374759216702  1.1298934639879  
1.2120264088833386  0.9799697059310564  2.928794801740893  1.2533064337001507  0.4978237266916301  1.396819273077314  
1.2439886295494775  0.8895627784707464  1.3379153945698092  2.1797554151692777  0.6436959043058708  1.0142251066381978  
1.233218403358922  0.8639551825909505  1.3260465331129367  2.207699022686227  0.707586728931914  0.9722491707843076  
6.135605839559272  0.9332209093049074  1.269925876956164  1.7421351884248613  0.5147770414590185  0.8595941273610153  
3.38465160979938  0.32765668126912384  4.176793432439156  2.5604642906520207E-74  5.124908720486173  5.94484955686412  
2.3997042500841648  9.360640633362144E-232  3.5422812147721103  0.707463953101005  3.1777346853374526  6.339416787894829  
4.499322757343383  0.9270823423404128  1.2972144293304522  1.8281920704569001  0.5052409070921817  0.9322703635868537  
1.4940622169595994  1.5132045803014336  2.181405042501072  1.014656579659909  3.4611258141016217  3.9586609154132137  
4.469159353756297  1.162165660969989E-10  3.8061852154257134  6.526043775351879  1.8271709253428963  0.7281301785286557  
9.276144445125473E-44  1.944892783033651  4.425688253448924  1.0170476647503431E-43  5.107338314697007  5.573340675892618  
1.2795467597625314  0.963484871378485  1.4727112703739835  2.0429929067826014  0.457168041006678  1.1391466415017013  
0.6928894723960589  1.165415043112224  4.878838493342656  0.22347329253583909  2.6914478947781566  0.4129127806495405  
1.7397725702538503E-22  1.0205628589171274  0.8727887430281908  3.499413772883139  4.184498407974923  1.900359690631224  
1.27720272190748  0.9688734876092526  1.3761341940025995  2.090752613632933  0.4460171091133317  1.1442678009784408  
1.1868976052604807  1.8391217686776826  1.3725021779751188  1.4750142574533927  1.832810409142658E-41  6.457428051404975  
1.697833259951833  0.895241905406105  2.6974596666874864  3.91570930100913  1.5852311379671344E-41  0.8449014825639921  
3.2360249576623765  0.682601154658464  1.1349103484397707  3.6682908876147136  0.8497175370440332  0.8444557158960037  
4.053255387299798  0.07317429289834178  5.418439912402055  0.3959911863414204  2.925231056284995  5.8968582840820485  
2.712815351398429  1.284930832994708  6.7730719246166675  4.646388532408456  2.7316549352781907  4.3967476762135706E-71  
4.2270288991895875  0.8409615269710541  5.832048209010512  0.3446886936305893  0.8664424709039955  1.9489961437745802  
0.16644069912856505  1.119955113495469  6.433596372634141  3.0252545624954366E-88  3.598551530570298  1.7454712638037733  
0.7044389651837829  1.2146099933693955  4.547480084267553  0.3259309372255526  2.788502196969621  0.35055911907021947  
1.2719811063308797  0.9563520306209302  1.3698658068857645  2.1051935688453933  0.4771949275673045  1.1237312204471834  
1.8803600772538256  0.4228750237924104  0.9217789903710449  5.83805793727537  0.9783983914757441  1.4451999680149779  
2.6762618827090363  4.997397638200403  2.8718039390235983  3.713916590327669  3.9528513330447606  4.892450839219281  
5.468082784170545  4.929320929020546  4.081470553772935E-73  3.5070302215955214  3.72718074766432  1.339553432142038E-94  
1.305002494215211  4.749947302738937  3.786735747490007  5.033544933606985  7.702421579309028E-20  2.4728675136552143  
0.4561356391636623  0.8589179901883447  4.490858304522993E-9  4.237889234226589  2.6417411498761334  1.905807472232979  
0.11971997092683187  0.8673916172060229  7.034059626300319E-65  6.0533896775189335  3.5205739105218625  2.0335204246446628  
9.851957889194826E-62  1.0899592467291095  1.273459767064137  1.9711737255433832  6.411950315441851  1.5233172125679961  
0.5961632592501437  3.3210765803035582  5.456631567933162  4.8255075259203934  3.3885146952446212  8.866721066102298E-19  
5.974814973409197E-8  0.9716906613540947  9.095582647231897E-50  6.003367841966131  4.647614483918163  1.5421325791132052  
5.824394792670677  0.4362495236498491  0.7440925351076504  6.0904197653762635  0.8090663859350328  2.9158361651034475  
1.2882295133087407  0.9875438990348949  1.3930748951583345  2.0831369073982535  0.39593269645570867  1.1740642264167238  
1.9649934783491745  4.853786017621257  3.535214881467715E-24  1.3508018369702168  5.06462928389176  5.249770701653709  
3.274179977293218E-19  2.6325241846397067  5.243501352731916  0.9188075803301935  4.0802344787945435  5.265069301135657  
1.4374129059334109  1.2477781979556553  2.82183152302763E-76  2.2635413282630896  3.0301342932033606  6.871735038284406  
3.698130698440938  1.0627836746286776  2.1343016542767437  3.1019368546020663  5.10457420130014  1.295796020280663E-30  
1.292713473034149  5.821634308910681  0.5299556720251684  3.9541742643462  0.46817330843922456  0.7305975234437778  
3.8051397303807103E-185  5.673059978637666  2.658379907370271  1.5415463172879712E-50  3.35361269008643  4.20313773545463  
0.6118471301633821  5.673212708976651  2.1221626846105814  1.2990383326653898E-39  2.105434745187599  5.055783988151589  
1.283241493569202  0.9833372019408286  1.3836692961296047  2.073817671099597  0.41000174837869036  1.1679879439299177  
1.2436742407936658  0.8888098686446069  1.337559434618259  2.1805994327430698  0.6455715978188573  1.0129903643717284  
1.2453157583317267  0.8925246559816121  1.3391757914551143  2.177183755984619  0.6362086163888642  1.0190596455966177  
2.188499685823654  3.4752171254249355  4.016316140411958  6.3505172144345865  2.0064043270793893E-61  0.21722070822745224  
2.342410288892582  0.8127525472016967  4.082458550898048  4.574267941404557  3.79849237472898E-77  0.6485800254940711  
1.2440266533163373  0.8896536108092912  1.337958306092199  2.179654262595329  0.6434695055816172  1.0143740437624642  
3.1946248225960443  0.1332029697302857  2.110571623289001  1.5832205710336307  5.397351852962041  1.1151863743735901  
4.86975295992246E-26  1.2128858985682587  3.4400794788743224E-43  3.2293405035775895  6.036052702489211  1.0681916164288494  
1.2428547430579837  0.8868693208752746  1.3367079952207932  2.182645320141157  0.6504182404069236  1.0098101582982435  
1.6400690653688994E-40  0.8414235917076485  3.519613312165086  0.9637881210963547  5.895829915467245  4.806338412673917  
0.8228120557219286  1.0308991266048533  4.408663271319669  0.5013842399676847  2.0702613125223763  0.658684540181535  
0.944991973700882  0.930832054325713  1.784144590601923  3.745882042222765  1.7686942328880602E-23  3.739686793672385  
1.2749995895170723  0.9630610712454797  1.3730918155592784  2.0990695021756314  0.46022955047352276  1.1346785592121107  
0.6851814089644138  1.1811337948172451  4.87698484003347  0.2030726750424155  2.6951869964336863  0.4097026336782497  
1.0265440360750133  5.836598064041779  0.5399445999752929  2.784637455233032  1.407670925035625  0.5286678473266035  
1.2451401040022874  0.892301029583276  1.3392018821641265  2.1767481990569233  0.6368646158715775  1.0187136833771822  
1.399573512415829  0.9655170597440941  4.832130185093386  0.7976368676084995  0.48778723110118505  1.9321226708152992  
1.2872773086786513  0.9865221903026123  1.3989078941088249  1.8439578360225892  0.4275908887443621  1.2086355032441536  
1.2456797884839135  0.8935049064294084  1.339713407400244  2.175705487097678  0.6338210284830059  1.0206786530801673  
1.2654592270849365  0.9409678154325483  1.3633829346366313  2.1209697965013934  0.5156532160765503  1.0985245620535788  
0.9547368762319564  0.9405741145508678  1.7807491865703522  3.6547251918930983  3.454392107411481E-19  3.7859675735940734  
1.2452652572476783  0.8925839175653463  1.339324879405901  2.1764891777009394  0.6361514321938984  1.0191758330116412  
1.177546017367904  4.884564625467268  7.315245834062239  1.6539492713654111  0.23062446464138484  1.5200644582916136  
3.0126505758050077E-34  1.0994679797621913  2.3918186405924904E-65  4.401877344419691  5.483052782128367  1.4128534936232742  
6.688052349714231  0.04754645252343403  1.9199343525852899  1.06152014945298  2.9616968561465526  1.3643147292503335  
