4.886534039707242  3.99662076013146  2.6859462097482627  1.6284487079551153  2.447626016022782  4.897920365451191  
2.692205810390538  2.721533262719867  4.327357046849164  3.4552387361560393  2.342095540150021  4.942980138338888  
3.193759998081584  2.298875827345365  4.4269228525903834E-107  5.307979913634374  2.8435935448492757  3.331630312478443  
3.0647725143534315  2.9256384662520865  4.784978570715513  3.580163706048362  1.4433853782690793  5.353400074989213  
3.0108774047199574  3.3271229508522993  3.0505407740776946  3.4388045609531073  2.5586976294713892  4.032066500110624  
3.4370779135821223  3.0586173662673257  3.663243078882161  2.8119843122638613  0.8997501664478706  5.8764160188216845  
3.9095163493430016  3.502025209816078  3.8873473497391213  3.6231524759296385  1.5810473914784624  2.628256573413272  
3.258148940349253  2.611983230781117  4.637878318521846  4.585568976800042  2.8068993708027343  5.3544919791006995  
2.6936816772073997  3.2212112147938607  5.040172414759784  3.6747565845662975  1.769147698960142  3.974416619165787  
3.4076965001637967  3.022129526245702  2.668851077352644  3.8008691179936367  2.7737401581909786  5.187443068199242  
4.601437071852789  3.945176425038438  4.175081587014788E-67  2.8767454148345672  1.6074508636624902  6.067630988809598  
5.854403491685225  3.379785519800881  2.0532720508299636  2.287866524353811  6.228846643571587E-103  3.844759277558959  
2.974471535788354  2.5412804640648905  4.617571461639013  2.575600945249338  3.527261066791689  4.498539018247894  
2.8771771220323474  4.045746889459684  4.732378391618439  2.9101057074530416  3.1346649994390843  3.453123993558672  
1.582174988087968  5.57221058143356  5.598719796484446  3.59784157410521  2.4765389482856874  0.829627576499014  
2.044282373557684  4.854203293769045  5.5025269680048  3.1430517372700795  2.2591289784430435  5.142366525136364  
3.834924995321187  9.581118753947781E-51  4.624822441896694  3.804012843081642  4.48470251943054  5.572152164741389  
3.26527598671904  3.086940777331233  4.660797914636085  3.4129396617909387  2.5303918259497964  5.4965772924209295  
1.4810268836836082  4.8963000734211635  6.213063117581542  2.0749620566894365  0.37901496835480447  3.979242841414787  
4.026960628105638  0.7117620277609418  4.212420256350165  2.986888103942239  3.548971146540615  4.763066314146846  
3.223320317163864  3.5577162920113223  4.839143283852816  4.036862976460093  5.810639757860003E-21  3.737564148008336  
2.533394329689539  4.164976267077139  4.757957463442845  4.731208008081667  2.2298769038269715  3.719559934230497  
4.108823684174515  2.466019988571706E-4  4.333885912059967  5.75780311094644E-5  1.5318746585678717  6.609711631528923  
3.984786055944016  4.641135002153155  3.0907729441378753  4.469221517432796  0.5992308591891429  5.345625263141602  
3.204998127931416  1.3379963479359496  4.011230384440212  5.545941812495473  2.403787366949189  5.761306002924649  
3.757002024390588  4.003524230401766  3.7802767050042965  3.595836056616075  2.5444706885896915  3.8840924413883133  
4.3953364460360556  4.407784746006007  1.5813331978191998  1.2717162531535482  2.0874477725413256  5.203642892641106  
2.9631262972254864  2.764045690430277  4.791892006384953  3.436800405700946  2.8978330544927497  4.073926011204036  
2.0583577069364933  5.487918541141006  3.6891959754923205  4.074915880715231  1.0535037460494003  1.3233616853392478  
3.7439464906902242  3.9903636089833956  2.2238218851736518  3.863325277392475  1.6991337839815395  5.066867279591018  
5.976702602675011  3.5663804988802537  3.407838087826596  2.2780175161646885  2.104744708119515  4.9317603966615095E-26  
2.080273532018581  0.6262265071443543  0.6469252515248535  0.38551394571066144  3.2458831739219125  5.33024328650123  
4.418701199030121  3.184597441941579  4.623675669895414  1.0391008220917684  2.33191568237245  3.0670855026058734  
4.63583997909087  3.401441845708336  2.6456709754541405  2.4041573036250647  3.909466512366682  3.4023411085761794  
3.5453967771435093  5.389766182918129  2.488207026019413  1.725998898003748  1.6352118291184554  5.007181512541735  
3.417015769238875  1.4268483857997931  1.1165021908145385  4.53152541016776  6.027976334035704  3.763411788062239  
7.003555030839702  3.929190473318178  2.2572675827351985  1.1204515087916975  4.672318697749042  3.3265797912105057  
2.921204018107397  4.130571249442922  3.635336464926436  3.3087798027218343  4.594926751232161E-15  4.525139940438713  
2.6775026984153563  0.6274378887338158  5.852768380829948  4.400548782601172  0.6479052591115604  6.280628162007946  
4.132784833619131  0.82410636240597  3.0527680996364777  5.4319701463614045  2.3311027089769016  4.756865126756584  
4.59781886259194  4.032343154716967  3.8475021905462063  1.1164576127093826  5.546247208020282  3.575094402261954  
4.5382331189189635  4.141969903076965  3.80498505516201  2.9182847764817934  2.0301843749207182  7.512241456315056E-27  
6.847207250088137E-5  2.2100221319362857E-21  4.989378153413637  4.9158737908446986  1.617372293301842  7.174406134932799  
3.107683596165211  3.9654494401550657  3.755694374553126  4.395164456271717  1.7088220725384105  4.860180904678163  
2.9269489678345635  4.199691361568593  4.066075788351544  3.192646701868418  6.495867319255593  2.146316466062519  
2.712942474156487  4.4028585662720445  0.7577415117312855  2.906947885367523  3.572929819524436E-24  6.578750710139883  
1.0458492291571657  2.2053487773340295  5.328792151030097E-17  0.7726349885637409  7.784648379728966  2.704109713716253  
1.9139277013322056  4.327681353143508  3.637365311126612  4.2066145368463906E-30  4.910352240871407  0.13318128971402227  
2.138613952445672  5.634700637677461  4.151008163439879  3.254095864537586  2.386591057032379  1.9314096341265896  
4.258319701466502  3.7696661214574494  4.750272964913761  4.364519519002649  1.3746087787614936  7.91893207567106E-9  
0.12273419414760285  0.2088572021081272  5.835553255323078  2.912642099507863  1.3321834127528196  3.4239074534887846  
3.2000318213247843  2.6703448707784396  4.810480379452076  5.223819663642447  1.9330096063734532  1.1150692727705682  
0.9766916206789109  4.6217189028153385  1.606523902882182  0.2677877492332933  2.145287188366938  4.202443088548436  
4.749013362593913  6.364707394910097E-8  2.7709197812509823  5.670779463015902  2.3121900369363018  0.6391198798759694  
3.352618528834569  6.850927224542085E-45  4.086758193822153  5.368816670212195  0.7017293228554986  5.987743350493801  
7.482662558029395E-19  2.491811750224207  6.288007285922985  1.2420873679225388  3.184864055519079  6.940596474961033  
6.687206386064172  1.1718277985368417  0.7606027293205196  0.8210073947872524  3.5850873718019383  0.9003140862832385  
4.091727300477857  4.352826117461088  1.3781399096717528  5.266903748119987  1.1170007724188097E-11  4.894433143639606  
5.287376327500849  2.0013414253988286  3.4013112949390942  3.4782909950509966  2.2061390160917305  3.526581457117961  
3.596355646892068  2.6110505658532195  4.33381661088067  3.978757752912472  2.8633116595242073E-6  3.9053001548302135  
0.00929238775556643  3.5076544733844184  5.251359543304872  4.960888224448375  0.8304824116843142  5.6658354068241215  
2.0018220796612995  0.688021380746499  5.92727411628456  3.2154028029474797  4.937336935123616  1.3979522262389594  
3.351090639912013  4.792839371669096  7.478222094985051E-5  1.7102870544547044  4.214422427772135  4.732797359965044  
7.464869730258037  2.639176107083148  2.622925553190292  2.496626336490739  2.66852223797796  1.9402485554400672  
8.88027868796735  2.3012029352249086  0.95057956159222  8.092156382618382E-36  3.277558134366528  1.6722268864029504  
1.2998981347529044  4.775078831228139  4.639439729848087  3.6003107970531185  3.6475947373280234E-10  5.809563263359036  
5.5168406093540785  1.8995774143084119  3.4109116498104  0.48158916237769384  4.274980992689233  5.373743963677385  
3.3949113496286984  3.47869243814695E-9  5.97566047793314  0.4160283453562652  3.3039947400350385  3.40682903256645E-21  
0.9140569918281564  1.234434647198711  1.0885687241513613  1.3688014043433228  2.847550111663911  0.8221697544385274  
4.54792647044073  0.2847946266341152  5.56416003236331E-28  4.135619018202391  1.9979237187568633  4.2934548587979044  
2.3156001896949308  2.3227778978947757  5.538428055696501  4.370514030230582  3.777532751214412  4.429505921286214  
1.6257051165351097  4.751836931977447  1.7760501881210091  5.005543436521309  0.9522607219211652  4.048402979383508  
5.058580139160179  0.7021748108952878  3.0633676875735283  1.005654628245482  2.296275764507186  6.139487511198054  
7.895033119500932  3.1789144850513185  2.322701393156196  1.571913515900463  0.005364304597267622  3.2120590931686025E-39  
1.468040339992106  4.0584533439346755  4.867174722885106  2.6492786326081678E-36  0.25673542846070296  6.601990998968055  
4.3846774481114705  3.0708588251731346  3.226811070654836  5.284048711978666  2.2885702637768772  4.529610686863115  
1.165368468341835E-64  2.2862236800418567  4.875309249669355  5.542711633091548  0.6586856820806678  5.523249521260786  
3.400811501942772  4.311428906350623  0.28274950138779725  5.007678104795198  3.6987159880079417  4.736829471835628E-30  
1.3788238092257896  3.7835361991912264  5.8339015616041925  3.9227906102009675  1.0310250303946846  6.000967322973044  
3.6495929916080545  4.630272519675833  5.066724651120585  3.6869906706345557  3.776939598395705  3.193076909132565  
5.879605638779909  1.846336024161074  3.4769040719477236  2.812817440117942  1.776688941123534  1.2135382174740248  
2.366419059984111  0.5891626299048545  0.5467455184129982  0.41239708543411197  3.3677219604807838  4.935904466911578  
5.709676060379475  2.0452796328369826E-9  3.1450224480431186  7.918872108038103E-27  4.256825321304247  4.866102451189882  
2.6780699960529626  5.241998873844917  4.910057848352854  2.0184152669764566  3.7512017676664344  0.6279288448716696  
7.043502378928144  2.663642575769739E-34  2.27646986198986  1.6512677249960103E-12  6.061700182777338  1.3472408179853315  
6.196097668570638  1.7416309099189002  1.5390848276741764E-10  3.7928350708626475  4.388048070774681  4.465264486005749  
0.23562953151878893  1.1006069819115654  5.9311317462953514  1.6931880813052052  2.6212408514067183  6.8288459929873335  
3.3298916821954383  2.6546867932275493  6.391493904832737  1.3637210583122765  2.039380553865445  4.6325002407136395E-33  
2.541327361953416  3.0088201772381353  2.7892383963047266E-4  2.7309232610997918  2.226109749040047  0.05532858667318431  
2.1734888395845693  1.0481872621848602  4.742872480207122  4.981753809052149  9.981686219206598E-18  6.137597145953876  
3.2142227127185126  4.36270937229701  4.751977247894227  2.0193972734612826  4.424415826181152  5.038431095667985  
4.691375583611328  1.3591590099196733  4.705555953824214  0.19165567175684847  9.27270742662258  5.524025458100553E-18  
2.6746101281949413  0.5125640200729066  9.81955189977665E-7  6.805174195322085  4.341261842417822  1.2273398824697745  
1.0169744903043263  1.022901857902776  1.398460686361594  0.9826609532011801  2.4790980248194945  0.8855611653770467  
3.4585425630464983  1.5452878978660123  1.42065725055335  6.713554772457287  3.3395728380940688E-31  6.980702049169257  
1.4393933925312707  0.36927648800699325  5.489390737933852  2.3778261511775612E-26  3.4606446811133997  4.610166319114983E-13  
0.0054520506706883  4.14399491880547  5.400988811872926  0.03313733821804479  5.200811702176372  8.205844151930528E-15  
2.547416003768798  4.341671899025728  3.870432111162987  3.2476618504632633  0.31958061862349296  6.116872599817005  
1.075461072862952  0.9103079319001438  1.3194802022938112  1.0310629131672748  2.8946229532986996  0.9614523041987469  
6.514546014398032E-27  3.453257638828459  0.8214578091371864  2.2566556833867257  4.886476616169875  4.65788834413943  
4.842291999243172  2.8937450993397364  4.590809775884085  3.651530360325538  0.8771716473304109  2.3915898242950484  
0.8611376483231512  0.9775240046686089  1.4479689186620777  1.188697587456793  2.498803133478497  0.8453042466807797  
2.6590070697311474  0.6115235478177096  1.3058210856236405E-15  2.6384352342208943E-25  6.527241064293491  4.581499800076982  
2.3395172458450646  2.081910967765265E-26  6.427110806704855  2.142403969341576  2.479646681556943  7.229096944037113E-10  
3.5014179148065803  3.454654379607187  4.062564363065662  4.2003164743258905  1.2239342457162773E-20  4.3463703767381325  
3.1656509919696414E-18  2.7509546153564823  1.3872440797524668  1.4464897216532981  1.8283052554416919  6.148743141486237  
1.0999286466284737  4.753218632780551  1.145516473898198  0.40877599104844103  1.3208708355866676  0.7217830846448712  
0.9681542173714072  0.9444141208378151  1.3307290506175853  1.1450496613397627  2.739563999901835  0.9136681050355283  
2.092432811277536  3.7510713679338363  5.054154033488798  5.3887506246185595  0.3179603636312692  3.744593564993575  
6.681153829962438  3.3062895567179087  2.467727227023226  3.7619264861392965E-41  2.3860539888180665  4.455171037861362  
4.973742890437113  2.032817284902579  4.8068445888839815  4.310160722363255  1.7900843058397355  2.1659526350894702  
4.38802393761289  4.404514275787017  2.749976850214529  2.1331013386376516  2.6904589474874974  3.797511957476681  
1.7469074149554824  1.0301670287168576  1.3416018060687378  0.8305657439100181  3.823250000725228  1.0885694510377135  
5.942942897145114  2.081753337098008  1.561002113155415E-12  1.7978745737819959  2.3030899031564687  0.5268510691158523  
3.1160332881237177E-25  5.3397869264553535  0.9768009108989494  1.3446375373955453  6.243091684895327  1.4900759546294702  
5.230104697379  5.5500904441247805  0.4189332011697603  1.1481254020814393  1.1015644157604447  6.020019132614208E-40  
3.1008912562678965  1.2510690271017106  3.7207481427194287  6.170232375294888  0.09411298479783843  6.432198176104865  
6.149740079743402  1.0167657608072642  2.685846965881868  2.433380181876647  1.8334587624697132  3.398352947489269  
5.41048503067566E-12  2.811424203435633  5.732005302058541  2.2615141004179007  3.250226573524779  1.0028914796125703  
0.6559826692769403  0.41117143546158563  6.349645565632921  1.6924938409557364  1.8199841046718013  7.181281130959334  
0.5033531714424179  1.1617801902709524  0.6451597606309109  1.2586541378478528  5.1176644915128415  5.1017566319281125  
1.7008850648703613  1.654930834667863  0.5018946349348676  3.110376135194503  1.9338481578095192  0.43681841380481806  
2.064746480317152  3.0976524503389635  4.3736890852968315  4.626606403427826  2.755770224951239  1.9387087466347637  
4.846286806197227  2.940492752004346  0.8619400908889202  4.8010902978490035  3.1072724276853325  4.645081636967632  
5.612463818719475  3.596110766397079  0.806716159123892  4.284941692836792  4.150520710666275E-12  4.020933652464053  
0.7526066272248784  4.217883576070607  6.519441563111423  1.7160172495538963  0.6618152489775092  1.2274077057609905  
3.759040530870732  4.605331771788286  1.4738576143235798  2.63236041989105  0.6547356513252259  5.6210236647174705  
1.7836977632628508  3.9155612910331072  0.7190064527858505  1.0691354633933143E-17  3.428503233819466  0.019932965891742576  
2.194835135972165  1.5051221000500143  6.087287240429526  1.7206290793554169  0.8766111646694732  5.465057266539241  
5.057646303998484E-6  1.2257763328108662  7.711861861854139  1.598484862740396E-5  6.341879413840169  5.770489017544696E-41  
5.018942612830916  3.062802194796133  3.9265560937976054  4.0884904063917983E-13  4.826067674942597  1.434191674312997  
0.11381740038853312  0.8858580983099126  1.7296772684126038  2.719168306112261  2.9699384040541643  0.9107960266169743  
1.5676650802898096  0.7670019276194046  1.5673320511792233  1.3489059864089648  3.8516680583517413  0.9999799896280713  
0.8484767045846361  1.4367664137403435  1.2217592674918836  1.0732115890800764  1.9252116052617076  0.8113862055847773  
1.1094569023031167  1.045145818489287  1.2184520434396946  0.9955031305553019  2.9766625258981154  0.9463325670429634  
2.375363529435272  3.0703717624166615  0.06347925320920127  2.8088253763446764  2.092525903185213  0.01449055846490815  
3.6704113767029414  0.5238331941965964  1.184866175307713E-10  2.934006220262935  3.074981622271182  2.5896073778665625  
1.983113141334563  4.472000909416725  4.997348383920779  4.616229674010321  1.5006467119658418  3.0350880961173505  
5.374269595142862  2.132832148482492  4.555225048725371  1.451412292337252  5.415212425367717  2.450020172728569E-12  
3.5358540850436744  0.03882528255738499  2.3517099416943337  3.2265341724151297  0.7291568257520953  3.9833792979841034  
4.530398007780521  1.2712056845345403  0.6383919343339538  3.4247631326900403  0.8648129682272159  5.428611971573421  
1.985072388939337  0.7390456906303807  0.670194050209635  5.480970528413247  1.4635358486174301  0.4435843672791108  
2.8884876250643705  0.24830093493365846  4.39005511416853  0.0834415015715188  3.603061627776028  0.38733092899102584  
2.104754310638518  1.58391680875951  4.539124698977981  3.4366125022542797  0.28481676128198663  5.838231565179438  
1.3709741096796537  2.4939728486858797  0.022943578973232046  0.5546009591679959  5.703734598125125  1.9753638355756387  
0.3252985634380849  3.1407288695283406  5.309007649626087  3.023060703258053  4.953920153423639  3.6939712286823614  
0.7905856760548456  0.4119271911047048  4.113686750846995  6.553960732219903  0.7049141392126925  7.4637091690546695  
0.5929255811232617  1.5346051990735918  1.1603065326565183  6.633989109672864  1.2613378137991558  1.1240599592504983  
3.317549735013808  0.9602962900685575  0.10440774240184007  4.8754968834495465  1.6773672904024546  0.4367297828378609  
2.3668636993750916  4.460430761393563  5.894288039514239  3.9286699465032013  0.7365313289860387  5.221621072823272  
6.311226881223053  2.4073189859774114E-25  3.3836057628087235  4.6046962388032355  3.5757422551358307  5.5558340796910003E-104  
2.4966937349070446  4.393081497054153  5.668391157301743  3.7328201618635233  1.8446378929505376  3.7688235080468706  
3.8424728061129816  1.4757620306784962  2.5104861840846406  5.008046647845529  0.14273868743904938  1.4299603303574577  
2.8130481214734036  5.016717808248825E-118  5.707536896673661  3.6378288190399255  0.005596139889938115  1.7241606355676724  
1.4664769093814587  0.28500463871972886  7.24112526630678  1.1338234306762331  0.9242561995752276  1.527637946527875  
0.8623762497864803  0.2975460461223025  4.121825997441843  0.10862008103776671  6.307583519995163  5.457381507365901  
1.0347770275994597  0.9171645276006446  1.1951217680514754  1.4190761338857019  2.896664222581133  0.91363180976218  
1.1037164481861534  3.3635411695528936  6.717951723316156  3.1020561664959656  1.1258579464614127  5.6581209943224335  
0.9925277813566646  4.4558545322937775  6.393422312598848  0.1952345533818596  4.361803641429351  8.63661348324226E-22  
3.7501621363176373E-14  4.05755867664464  6.598037273367277  3.9832977029500563  2.703166251724283  1.6749355438871003  
2.6153762529588005  2.08766026871509  1.2470642461767505E-45  4.676682747882752  7.256783618015171  3.8888441713772797  
4.435599535041661  1.1705230069892172  3.8195526916545694E-11  6.771638903727137  1.9164736173548291  4.22788470305392  
0.8175058445098838  1.3257791843994087  1.264103620728869  1.1702160212699666  2.1689023919248984  0.7745663431642921  
5.7672275571872124E-15  4.093509801496851  6.372146256595289  3.6300910522603607  4.7748250346518184E-17  4.5300368747784505  
4.4541190259042995  1.6753466047227654  4.452037958531101  0.9586687376662985  4.6899367996770325  1.7993976289257632  
3.4002508533061553  2.701194441317019  4.4279107562141995  1.2407139055943863  4.043433441444197  3.769483057099922  
0.9106447202056981  0.9996860048114743  1.346430058172806  1.1610086073255173  2.5530748954625695  0.8758968929599884  
0.9899720492958698  1.4133804507899583  0.8309000916786334  1.2150244951576525  2.9096484783001677  0.8971062899428255  
0.012062662474799517  0.7726025909671205  1.4080095629566025  6.626265480137004  1.9911060003014769  1.1967983799730955  
1.1442585094543734  0.8694112136039351  1.3727440969130762  1.4003950613893434  2.9804028269181995  0.8864617142049347  
0.34767325539172217  1.0256058313339975  3.3873928579682353  1.0540828960706172  1.4544067232866722  6.930527107206413  
2.7580921183469655  2.2502800653052177  4.3850986165919466  4.091003369805357  0.8013668051596593  6.494101486254974  
4.0982854776585826E-16  1.54297043193186  1.8878878511139332  3.9867512799865414  5.810304813795756  5.033119736276358  
1.8057888728046863  1.105510676392861  1.4898274735125001  1.49567860900996  4.1011592901929905  1.1252239954119152  
1.004388135527193  0.8907327265221142  1.520769414645404  1.231603692836881  2.6413131378824244  0.8537198733909512  
1.5716780642164154  4.930480452982737  7.16273061140768  0.18354169728184427  6.152650435190462  3.4171126698616298E-18  
0.8531589666652178  1.2820233148154414  1.4320582345950814  1.0430202418531893  1.9967174609257856  0.795908139367913  
4.5823156015321285  0.13323956289106043  0.003077090196717955  6.087276958566701  5.004791289395251  4.68017759394084  
1.9108166805058684  1.220324939199348  1.7050612260443672  1.7446306969872305  3.9515752046062  1.2762050346785185  
1.0299241683980038  1.173037255414871  1.2888324392209984  0.9448326438119096  2.378934353616911  0.8616120154924758  
0.906741782188806  1.2306790950285138  1.1761879798476809  1.2406553935168614  2.924106471001713  0.8262556469164959  
2.6393540405555855E-10  1.209226512064036  3.2644372286922065  4.645672603422339  1.0445733741525733  3.500199668328761  
1.5443482776170614  4.595713328393515  1.117443583235624  0.3640493944127571  1.3419530025918107  2.352924359106841  
1.0226897546188811  1.5729225132194973  1.0244653815650895  0.7104431011727315  6.469204442578656  2.154888900386744  
2.8665470392776567E-5  1.7034576907849728  6.862613654755049  0.5035993306840753  1.2498587010365168  2.563392822805415  
0.9386023496120472  1.2996276801580424  1.2732865082522276  1.024286211550592  2.3165545206355453  0.7936427019304034  
3.2133459711462886  1.773193830812816  4.205127420753031  3.6617535897955786  3.409126718153255  5.468678877155933  
1.1672496896127293  0.9309740390396033  1.2279225076069473  0.9923479167833072  3.421493145852462  1.0055622917202067  
1.737080058237357  0.8099262702497798  1.8371758098993571  1.0769640884278486  4.228788690608236  1.3217433243585015  
0.8397431811808711  1.3197100062235005  1.3261501087029872  1.0972853821424715  2.0280742934299543  0.7932119948380112  
0.18868558411782524  0.7892109838342515  2.161293962214689  1.6649623607123702  6.344314350348995  1.4635412282684002  
1.3096874777588372  2.3909044421657826  0.6590587180683459  1.3891090782038227  2.0633735477526485  0.45851597541163913  
1.6159349253311812  1.1150618041355633  1.504942933824349  0.4980319201507438  3.9524061643879187  0.9468933475374772  
3.6444050130975953  4.259767148765513  5.571854523947985  4.473378976772138  8.908443445178633E-39  3.1041047597737794  
0.18981187845714112  1.5965322382068483  1.8937255520758869  1.7188906501421521  1.3919423772608324  4.195758950114337  
0.8919770112101627  1.554114869933546  1.1546756920515318  1.0203251377570435  1.9526885017631481  0.7738241462658113  
0.27918729513577006  1.8097503967609383  1.4323590218085875  1.6161222677303981  1.538991431810642  2.3205975072950324  
0.09858642239630068  0.8862095385792375  1.5386861088004014  4.149438514811276  3.7220179638440984  0.671315618378312  
3.385825503181742  3.8369319161931865  3.911620141939832  5.184144700987433  0.20142956344030805  1.978228351361027  
2.0716797344914477  2.858043784734751  4.08417553163997  4.984393811243496  6.202246459893288E-12  4.9821248927279775  
3.5070479721351834E-41  4.1998661476014485  2.487963874103123  3.7674493432881158  0.5613008611864275  5.83021912701812  
0.9641260704952318  2.200428491397674  1.3049008506144077  0.8684248327779504  2.4227616914006735  0.5764659421180743  
0.833362781104684  1.238364390001902  1.3251673519110807  1.1394684478962802  2.193029500092247  0.7863562497278856  
1.1001506316534775  0.9316076109754758  1.09725458407487  1.1973681120517716  3.0249115924728445  0.9911294329614774  
0.834072927647519  1.3059749042995394  1.350624634068132  1.0954694948605146  1.9988107161974544  0.8037518045957395  
0.99997858267741  1.112523824424125  1.3916287825192264  0.962379198721212  2.3545161123699194  0.8500491033167068  
0.8493358253177468  1.439945457240027  1.2159323702596854  1.0759221005065178  1.933440496007173  0.808271391317369  
1.0110883899479395  0.9280939118745481  1.0977876322930975  1.3226655595831138  3.2152931968720706  0.9722494926585901  
1.041133629923346  1.2948364427076207  1.0357742002829018  1.0511566109875559  2.696067314645474  0.8773653668955622  
0.8460159939525475  1.428374590911848  1.2262242614065333  1.0776932046436853  1.928318054536612  0.8121999975351145  
1.233782733906611  3.7459588883316135  1.3402999745743942  0.4895509877038467  0.8848500591336191  6.498178806853443  
2.4668540246214605  4.8152320958331766E-5  6.464894588269713  4.321787971654114E-5  5.783954269317586  1.3789331138813258E-29  
1.9297065807235199  5.758504642272521  4.098803865616834  4.9079809299655186E-23  1.1755690707359876  0.3285875480833098  
3.6967221401523274  0.21417063310412168  3.0934680137235864  4.055622378255131  5.8242829973171295  3.105278473116073E-6  
3.3299931013775786E-13  3.37634266579395  5.214784333126122  1.4396009547883941  0.7161076524921847  4.474226310408435  
6.58596199574919  0.842918220442161  4.190732035288596  1.666759614797594E-30  9.468345600251842E-51  2.0838499542368862  
5.02848825088333  5.048085701041763  1.9319162714565006  4.2193489084474285  7.610282548220196E-4  1.4319212723070065  
4.763732764614668  0.6142264549892934  5.321958092231596  4.691447587673303  1.2426517286847136  3.3424765980020363  
2.5325755044809504  1.0633960507526954  0.03686453466708529  3.4997301457963186  5.595333526426764  6.048366449717291  
3.663660399372455  1.2059842662626734  2.3885548440994415  0.07543015133491836  2.377533711522385  0.5760679841181944  
6.0015760451384885  2.506790210572214  0.297962030106897  1.3271453624646887  1.6698978720880449  0.32490806849621845  
3.608315938988942  5.970119823316911  2.204174538975836E-38  4.002013094542756  2.0574639772504457  6.190417779108079E-5  
0.8480475018348369  1.4353314232275585  1.2225187746138162  1.0739980404268763  1.925764127800556  0.8115229895775644  
1.1973008792703443  0.8861560887081613  1.2312387535603462  0.958081853049843  3.36545545082974  1.0622264023608836  
5.949919804591759  2.9733539718839017  3.0090292952729913E-9  1.1404815969069884  2.897057096713338  0.35659207886609035  
1.0720396034051745  0.926408748312622  1.4614317702468649  0.9513556224997191  2.6506530838531406  0.91855763589218  
0.8093181935837106  1.209657613901873  1.386331964603519  1.1571462700048027  2.1371142772053515  0.7930394576151274  
5.304917581202897  1.434591952043034E-11  4.403602358063133  5.322383653649779  0.4230620057533562  3.012041751820512  
1.0065362809894782  2.7908257473373816  0.30885572695515523  4.178760537411771  2.2110186572476134  5.654848100357735  
4.745115582577591  1.6816753108267912  4.259778331588178  1.3277316923488416  2.6253439634822993  4.455421841264033  
2.933235442959582E-48  0.3085684141774283  5.011070753780156  5.934494639373685  0.438078721220048  3.0635145115949256  
2.4074682104023065E-57  2.1212420352521257  1.433378743277764  6.879991744556074  0.9112614240801329  4.920288184395717  
1.4934954210791256E-8  0.7619006880073426  1.6217792738528338  2.229169220078582  5.279194428195452  2.154659178447301  
0.8343613688042425  1.3557038016913603  1.3183222393844694  1.0779048713732322  1.9322749565141948  0.8205741432706962  
2.0043783207695993  2.0545584746857966  1.1097670764720395  3.344467930236605  1.114247657679174  0.4214752690200773  
0.7833799392401382  0.5460047917282793  4.328260644173486  0.26072918428072395  3.802167490752277  1.2204699525539795  
1.5096491791633069  1.7046879289337717  2.320813589853285  3.3137994825323065  8.44025349645373  0.6711764929688786  
2.5605567538232177  1.1586284938771707  6.558042007928637  2.9404208477215312  1.1736499573970278  0.8083338964127019  
4.9702702096017255  4.1885567411699265  2.8272703974473483  2.4000773661474013  4.6033597707416425E-65  2.101020562473059  
5.937281537721329  3.4971169129116717  1.2980948662994653E-14  4.227022430464644  0.42940184319687597  4.1351399908978514  
1.053501947946697  1.2602774424674579  0.9659885527218329  1.1660446792312231  2.836745194472913  0.8939713711482823  
1.0444469511987433  1.057484214745846  1.1906682019694468  1.0330227433018082  2.6286934088583647  0.9309008117999122  
1.8515428868776622  1.0545191892774042  1.1697844372138928  1.3241164559065988  3.815294819124583  1.0069944361160297  
2.675898549492675  4.280734601028907  4.935935127245398  2.7542052631109348E-28  0.970780907671707  0.002429775537623693  
3.513560994416318  9.452318773185033E-16  4.891015396428244  1.6554298268902086  0.31443837346476006  5.655527365981803  
0.8235536329673482  1.477404364069522  9.4118669762424E-6  1.0481239831356144  7.2992594900188505  3.69371155185748  
1.5094926919858798  1.0384605734820127  1.4337996398728818  0.5804216383973627  3.9820543480191346  1.0285176272174021  
4.384302530823691  5.1276190539213005  2.847464174099682  6.3908925764909154E-12  2.0057542411091576  4.304951107632401  
1.5843701290663375  0.9277031744179337  0.9575447488288495  1.2890050672502904  3.5043531666787335  1.02954175322831  
0.34606881002248485  3.386189846027211  5.979571873116316  0.03537386615710147  3.8279665440670403  0.5817801339499995  
1.5913171736998818E-36  0.8545100622484273  2.8237191470577225  1.9958976571318794  6.711713055869054  0.2763401522483486  
6.778431737168155  1.0823034268892122  2.487924754594972  1.2764560833698617E-38  2.0799651574115448  3.777272313055553  
0.35787973729293204  0.902612054388893  1.5637955289878611  2.49894152797862  3.7357829490208703  0.662652343342785  
1.1195893016190537  0.927741607920544  1.2528124481586351  1.0009774273791519  2.873129022903459  0.9807720717372735  
7.781880501188221  1.1626159182441542  2.4150286726341585  5.3552062419072046E-6  3.669054970554805  0.5084024135647784  
1.0511116238071454  0.9804009844896103  1.3192145041594798  1.046739363705494  2.7186449662731595  0.9224709513644596  
4.741923077250696E-8  0.4085520025955173  5.786970088526484  1.6747091427735452  2.6567494681290023  0.9702692267146028  
0.8316029136719569  1.2905849528306903  1.346023384952364  1.1119271965625164  2.0489588420597835  0.7936582475734711  
0.7977914578050871  1.231333496794657  1.2993680808074997  1.2081356187080163  2.208421646425589  0.7879169375360032  
1.2814713714790007  2.1295106131944306  0.6366725938726696  1.7706290794321757  2.148329134623643  0.47489705908161184  
0.8405804494638517  1.3939636728402  1.267245974772567  1.0792651380280722  1.9325128129376747  0.815448361467488  
1.4883124688205394  1.1369230607099596  1.1895358122903634  0.6528553059092616  3.143482985794713  0.9953068195419503  
1.925023123069208  0.6354624774122265  0.7239520327308108  0.3899914438748783  3.0350303872615747  5.4821224842793175  
3.530680158039958  5.4545071978222905  2.882513498626008  4.502194446412077  0.7493217646034652  2.6290470491287556  
6.803536281823176  0.5636597919742092  3.038377546147572  1.192474469527301  4.6699228341086085  1.329608886994338  
2.1881623461672706  0.7250744577514702  0.5190913091473406  0.39879576943982115  3.6867146660246526  3.2395343843019035  
2.301388360409174  3.729758361869411  3.769418808239787  0.2929141809726068  1.8194945659926467  1.7364009549754473  
1.0926829839628551  5.17147747291969  0.7194989062639847  0.23012669089282095  4.438302500412273  4.371400418796518  
6.025548962813998  5.4520943898888  1.0206306042603808  4.924632265645763  2.552330531901022E-50  2.1650512245296715E-4  
0.816193821880266  0.9738743599014279  1.3254007546902085  1.3599207959885617  2.6344540248272357  0.8531730606738587  
1.868566836604063  0.7445908002377768  0.7146170749445429  5.539531813115524  1.4196123050974423  0.47930655149354956  
3.092857652874128  0.21554408008524717  4.288984038722538  0.8906271376385483  2.562326755616467  0.24382889562487128  
0.8611595052024057  0.9682574801749572  1.3738101491511  1.248836148267885  2.6131900964248516  0.8635017778649007  
3.6546860004001784  1.4418126544344398  1.7990379868774236  0.5640541511303531  0.34965797650260044  6.582747419410332  
1.12977978198771  1.6154960574441724  0.3960944831729981  0.820139156236817  4.089520436108854  1.9529323572279345  
1.1785567120179146  0.8957512624999829  1.9380233538672298  1.8679604137902512  4.033645948990646  1.5977294165191613  
4.349813534515836  5.533761814069518  2.9602976414538382  2.4412317725085644  6.465322015489107  3.1657821693035693E-10  
3.1312638217141973  0.780564705050839  0.8854535873859805  5.493316034497596  5.922305461482867  3.5128226987371773  
4.578013859298485  4.077512507871766  2.5323957406268474E-52  2.808040364414772  1.240134444938394  2.580358629781126  
3.385964437287841  2.5030593304608613  0.2213802467268307  6.756003368016594  0.5867291111949373  0.16830330313272315  
3.4103869156720004  0.5820242469984379  0.3786251704613643  4.826022716776775  2.4682989506244017  0.5117039886459005  
0.8834467373070374  1.418982811070095  1.027851764641465  1.1709753702397625  2.4401424805244156  0.7953864877879695  
1.3227891230694762  3.639350388249728  5.103136525694063  2.7469822371597452E-11  1.6050840779507816  0.7280339776372868  
2.207813307480138  4.786270368978555  5.539368756331076  4.444940767982535  1.3132597112781281  3.9346793555755095  
0.26595996619547835  0.6630227728594031  1.6762058125212271  4.414698430365418  5.9154084956110715  5.657963655453393  
2.0858448166620804  3.8080642571021133  5.783298098700628  1.3497645811011614  4.107421374360451  2.877987627651568E-85  
0.3344569017676907  0.596346849925935  4.114893316031172  1.1939708271261318  2.861828756947814  0.7523799919938764  
4.717760633767892E-10  0.4037436274232492  5.819998819177315  1.7365388774085868  2.422752847847674  1.039612939079051  
4.825308364477952  0.3539422305036755  4.473767405868513  0.027356511832941723  1.3867075655014858  0.8670313515896204  
0.7247892934044993  3.717933035833417  1.527547117357096  5.2038575799277735  4.010989144212522  0.15518914940069595  
2.1655165973963486  0.19216754661763777  6.4272229609472555  0.06852989911770622  2.425417322374733  8.277366448029669E-5  
0.9217538896120939  0.30047086070843215  4.125824908452215  2.3937285753648255E-7  6.350880325077444  5.427660074691771  
0.770188281300726  1.1860708115951077  1.345370744704077  1.2488832745722969  2.1771436151230183  0.7987810162051658  
2.5133289478815266  3.8001834878825766  6.04901953498575  2.6699198693475577  1.1750847496312408E-50  3.7142579872113703  
6.4971018001506495  2.0163999192420548  2.039445715721613  3.6608473695469668  0.7525931101504394  2.8943821398563165  
2.252113969581439  1.627039903570692  6.60081786453843  6.829665269247595E-18  0.6644522462286265  2.5852004073310173  
5.918752509637943E-10  0.7917707967484595  1.922112397221742  4.620705349087669  5.482911100115626  0.5764358865218234  
1.1996077496350959  6.033690010140814  1.1276859823537662  0.265839341515128  1.5895846767811614  0.5555599502665698  
4.296701193998245  2.4869709855733086E-12  3.9223127219942917  5.170017054730937  1.8242500992352895  1.7375222711984793E-112  
2.514387005428572  0.2385956809264925  0.9897469825420931  6.550690541620619  1.733780297300051  6.714885413760363  
0.8485952015368406  1.4371644266680275  1.2215492087493418  1.072991845247827  1.9250513509964762  0.811350705029655  
0.8442720600183761  1.3758601973380036  1.2820703003769314  1.0818321461237559  1.9651187060832536  0.8047694537076163  
0.8255823864401585  1.2464744735210955  1.4287447627568814  1.093385657890269  2.00012766434211  0.8103966895918887  
9.060273517639073E-15  4.36745567457441  4.057597893665033  1.535207478458585  1.2056487607544546  5.001609686370624  
1.2063393737731682  1.8133527783095802  0.04159015098345291  0.7795934863320275  5.9665706270659555  2.403894071713144  
0.778855363411571  1.2018420418565088  1.3471006646231922  1.212182497006431  2.052308848385895  0.8221732513680372  
0.46062424168160493  2.3584893654255232  1.6729696773044354  3.1917294210083877  5.415155831345261  1.8410175221441472  
3.556240416834219  0.09404533184309569  5.310059427416054  5.18470948699335E-12  1.186360353235963  1.3315351740670311  
0.9104704114474718  1.2211621715079388  1.360797268805191  1.0328285764793943  2.2123621971501186  0.8015948220698096  
4.226681022059131  1.524605420403086  4.624403016926259  5.304810880784816  0.8724822393173772  6.571455903954708E-15  
4.278739851647823  2.0167077834830565  0.4539473549086697  1.15665518143568  2.083605207253933  0.5727414170513488  
0.8754611686335887  0.5413539095271896  4.494030489156886  0.18106218684412878  3.68052455589173  0.8023759961460245  
0.8342723955172128  1.3781090508419034  1.2716260216116053  1.0911790550006122  1.9375442980715851  0.81814713005097  
1.8807604240735618  0.743827068997966  0.712096601954894  5.532720893479182  1.4185996261161045  0.477638108983839  
2.4955437362423837E-20  0.7852621475878212  1.878504578317471  5.052722789325432  4.89432828024892  0.7710812279820384  
0.8377152601156638  1.3325896379693025  1.3828687971717826  1.051826380614436  1.9195808392039622  0.8234178287652701  
2.846843760418113  2.709123016858421  6.309875789421014E-5  2.4550742746110785  3.25050519044617  0.2672320199343745  
0.4973984488488132  1.1053737782800734  1.6451291786991527  1.634690131348898  1.695044553200119  1.5769333103901961  
1.5360427729243225  0.8262550448630503  1.2315281757564625  1.1611386763430256  3.4029462504996824  1.0151179330184918  
1.6419614304001637  0.9655786623273716  0.8405055241798255  1.3315335441110123  3.3943790723604663  1.0378683432499793  
1.0320746675989496  0.528909914097661  4.046550969072893  0.14992433615710687  4.394465600708124  1.1854666041607418  
1.0388873173600486  1.4600154393878226  1.0548481816025292  0.9341753212094914  2.4026165660749643  0.8171409261395536  
2.1169108894721336  3.923124991094432  2.579241859336378E-24  3.664310101155299  7.087965418602862  2.1796536103232332E-4  
2.1314394801858825  0.4251727822258593  6.608526436477165  0.002687679721583558  2.051793878320951  0.11832657289436044  
5.827650087702498E-20  4.409520772882641  1.1376313523770711  2.1556892352275216  2.569527667633193  4.967129923373021  
