2.3788114297363965  3.108134314417422  3.716747630986709  4.154613803735753  
3.6315252385648837  3.9767097999096537  3.6031007373848123  2.214676479682287  
0.738237623212568  3.0065190660815895  3.9080669257959055  2.9836015825166973  
3.1578626025519556  4.110433082544168  3.956789779077971  3.2020551079507378  
2.1004183498260023  2.165772227046347  4.644495904672643  2.8624569138378493  
3.6850187738824745  3.334795990129  2.652372352448021  4.2316498310552  
2.7269466154078117  3.7461718016058514  4.028121246003075  1.9715975265699321  
2.731471333605487  4.5761940075006375  4.385626174273884  3.443044734505119  
2.0172042572563713  4.074892488376244  3.8150592542263544  3.6048661828345083  
2.2651150820738586  2.7487275292560933  3.87824741119995  3.8633458745506903  
0.07918829158008163  4.075387526693824  4.8663451487377785  3.126032983460836  
3.0067773446659922  0.33886658854716756  4.621315849556063  1.790568150467117  
2.9883351799248494  3.0868665418376224  3.9227104533838344  3.464704010479857  
3.8624771522686934  3.794044101119023  3.4539693284599533  2.880026062758232  
2.5221927082366147  3.7015735858683363  4.890577994538802  2.0918504145979337  
3.811926095018845  4.396593304987617  3.632021654736559  3.595444516400393  
2.1871768117858386  3.3264571288817617  4.666746126709808  3.8727423091543867  
3.137201531916436  4.779771880196615  3.830716342806744  3.696357057499111  
3.2820473432492205  3.8943303560434166  4.350264103905004  2.400155982606064  
1.9675435810191972  4.548305170555885  3.3792358769749056  2.868419112908753  
1.7907550623459183  4.764532485681481  3.1741442620893854  3.0318312683388187  
3.1734003151383847  3.4677348340695744  4.797895442455494  2.9662835461125083  
1.8228494566678533  4.797322911755397  3.7533989243637738  4.370360617286931  
2.4111660193403046  4.831301845179208  3.551258312140138  3.7798690445103706  
1.939194603268593  4.82058494631477  3.7989481971623626  3.7824779408736515  
2.9764197777249013  0.7258360227698221  4.783732803139054  3.3945347146479277  
0.7019721062897928  0.08518917409042132  5.028725716661233  3.5080884076891214  
2.9940894499235133  2.571440844424288  3.999717741004091  3.0428073693789175  
2.842718739125643  0.4392450294139268  5.127051542202489  0.8746999410501479  
2.0371825800018493  4.063608827469637  3.776944983087213  3.764938701831946  
1.1972151616386102  0.006271270932043808  4.829152171156023  3.836736100376184  
0.8999614485047654  0.7696503310148671  1.0877009846631847  4.438297637445777  
4.8246387064340075  2.806902626428096  3.026741660237569  2.3089775288891157  
3.1940373203445245  3.2419614500795904  3.1230054441429855  3.461698785395909  
1.5498696000033232  4.728936882447723  3.553358438682917  3.8712665465356504  
1.8295438781400226  3.345117768712492  3.8466900559448565  4.348939168802574  
3.139120665649191  4.341168364659004  3.2719533229748574  4.95974048539293  
3.9174830009107415  2.9748406394746425  2.9049328105021486  3.4392202278510626  
2.5142811518070194  4.653830739493717  4.307886495431939  2.9510864519931816  
3.0312416304942214  4.912752239317575  4.22866268030724  4.0939767763713894E-10  
3.3669962625582524  3.923442256416784  3.861451822084216  4.066066262397916  
3.1394379823756813  2.708603540388319  4.8225908301982585  6.712928827848989E-24  
2.4571436137046647  4.357598020705837  4.416965034788416  2.0118716481969563  
3.07585221989112  4.373747806858027  4.02033267309117  3.2830918736275745  
3.1670705607845187  2.8843566066354844  4.298871348417128  4.308488162005157  
3.1223690610765784  3.9837998595233475  6.076097370389292E-73  4.456553263437401  
0.3420290301430803  6.91177694533863E-59  5.000837319947182  4.001144685861222  
3.76695044397937  2.0822773134418814E-79  3.6756085493450357  1.4776206997123928  
2.136599848632455  1.8298247681071882  4.31021960419128  3.4783097994995766  
3.565663007153137  4.198958773726075  4.598468837517464  7.586759024313097E-44  
1.8875257271187083  3.941259235123993  2.8593836673373034  0.0526172820734577  
1.6617893458084392  4.191782164758752  4.534172732786476  2.951766185045928  
1.3050080876080454  2.7953140612496643  1.4640814791168055  5.659433807272572  
3.0538586586541306E-25  3.78643528953044  5.036143151192502  2.2510553177954002  
2.4002661364522226  4.814666101555578  3.8427103334659583  2.96004176216179  
1.6832890735077894  4.7762190374980795  4.124129545841339  4.109679413080563  
1.170566856019949  5.1244282677692725  5.011913009310837E-16  4.328854670123574  
1.2310584342322048  4.874188884984964  4.113126949120229  3.1400854630832895  
1.9321172479871542  3.385065512190854  4.309021967955806  3.2730769336126238  
1.164510256337032  1.6967813452043798  5.95178892632996  2.6038277714365266  
2.2830472413073513  2.9766496800173257  4.9365073991787005  3.2551366394782915  
3.063457437950334  0.785787913084463  6.291366807976153  0.3818250796325553  
1.102488189152452  0.27959067761982687  4.023024979009906  4.221310293734929  
4.025648315174809  0.4108558347727139  4.682509854720538  2.842790140308034  
0.5336502083593012  8.023253614061527E-102  5.71193566550652  3.3377981966188406  
1.0753672933206335  0.020253045865207063  6.390028975501962  1.5134986397069738  
1.3228624025135094  4.400135415082306  5.287596434873616  3.4101509468069398  
3.2045172475806454  1.2943230886790184E-67  4.466286561180644  2.644322893670562  
1.5834860428062716  0.9408669752186314  0.9012331376223339  0.9244091896838489  
2.698615072503121E-126  3.2863050099100644  2.831368677001136  3.650688164508049  
2.7355737904769244  3.554870877118508  5.710266939802188  1.7718162979919967  
1.477199602977295  4.288359982982746  4.449478012386788  2.9715673433899252  
2.1750239022106403  4.325546365656179  1.9440552483989313  5.332505553927927  
2.2097152251939  4.053287931688806  4.340455815533026  1.0010763348254155E-117  
1.6607071123855113  1.7569471774584948  4.09626955271062  3.9320468367240204  
3.171197695387984  4.882706343053242  3.079778252870926  3.84711617682424  
1.6403746886067312  4.409442865881132  4.211649860426789  3.0025535949137407  
1.920608589100755  5.043745819184349  2.9456315930723096  6.568144171941181E-54  
2.2531846678370453  5.081456556468507  4.453011329826669  2.8167018231268406  
4.97405107346147  3.825639757150147  3.8584829119041473  3.6491783123287247  
3.473764495303625  4.422121281784145  3.6495064570928557  0.19240270107837643  
1.260413394015243  3.247649291366613  0.2191937021893057  4.61445725268526  
2.856718484925666  4.5045631140225595  2.6946264099359056  3.8490385658035473  
0.9827475315032574  4.221858430828078  4.419326884150457  3.9071924040472927  
2.4323555030847768  5.114599983734842  1.3632848881283544E-129  5.55935576028631  
1.3774525593856903  2.483910120384255  5.2459970856378355  3.261338863033467  
1.593792996047503  9.974091728517983E-25  5.329007211347792  3.26811261349921  
2.1790734304224397  2.5133907608739356  6.301212128586551  1.3727007971559918E-130  
1.670517040105584  0.44485273766151706  3.3882613228774163  0.701207582630701  
1.9075968808449637  4.853107030300838  3.665180918140178  0.7488279472444256  
3.5482114306562527  4.268611637095821  3.465036868034698  4.705286501581572  
2.445607407498562  4.427013604201531  3.5501021043428396  4.723541181469887  
8.568797380375071E-55  4.503025505237897  2.899922379128634  3.215364074188061  
1.5835253788067114  0.940876527346597  0.9012129221475297  0.9244096414585181  
3.6929685629597855  4.67378399788824  3.551368933924685  1.403189462107234E-135  
2.1038083028429915  0.7179874193485439  4.797735287151742  0.007187829385700934  
4.114977362465125  1.6861219615709046E-59  4.179552886149632  0.47933752340677066  
2.607980499046919  4.136907145593743  3.12929582239459  3.7292035787584363  
1.5835134246916105  0.9408736244865532  0.9012190655730572  0.9244095041619025  
3.746306099320271E-29  0.6495673492492354  2.4495509129616044  5.072040006234825  
2.260763850239675  4.082018799773068  5.294978611475494  1.471229459676164E-69  
1.5835242861830132  0.9408762620208951  0.9012134836656822  0.9244096289094157  
0.8056082919759766  5.10918917652815  0.36968299810139427  1.6875306532960972  
1.4049047816989668  5.0594673738323666  2.2961570775302778  0.2697224037277475  
1.8772662111725549  4.409477657929343  3.5308935796054732  3.1943644014397994  
4.289946329461587  0.9354233272211858  0.8361595068191278  5.328912107506842  
1.9883018818770295  4.2049193558459255  1.8497664697831397E-83  2.5893390656489887  
1.5835276546936976  0.9408770800081818  0.9012117525301278  0.9244096675978077  
1.7200042159416467  2.0620792415218427  5.468009105618623  2.2380326757241633  
2.297704735044528  4.343771488073739  4.915753988356656  3.616929007201024  
2.234681809647019  3.726789007717983  5.2689998351889775  2.602137220325318  
3.248455945435153  3.1438330194738535  3.611118878055717  3.2727539260510796  
1.5835272534740388  0.9408769825786103  0.9012119587238007  0.9244096629896715  
1.3126282857812042  5.312261483653098  0.6518639673375153  0.8383993663479882  
0.6505127670988972  1.376334205596016  3.326384555425164  5.201528158942178  
1.6490235645822546  5.698653907281122  1.6643968477930638E-226  3.411683081596877  
1.8964759690729163  5.200610486581289  4.146227274039051  3.1241555534159158  
0.14526136382743338  3.807543370169853  4.260936761700069  3.033880830927429  
3.557715778588429  0.2839054684052596  4.70961338910537  2.2842748423505724E-20  
1.8450016976084394  1.8841858751261036E-29  5.970821516005556  1.3149431476282083  
4.925974010541346  0.427534712224145  1.397788475494972  1.6467391488805723  
1.7190399307000175  0.672767477154304  2.2038043271816057  0.6312811271805213  
2.072711737886213  3.314351570491946  4.441181052458303  2.6505211027822044  
1.9091526704536863  3.891922139099101  3.9874095909695098  3.9208268411832266  
0.9557121848388624  3.060966846383731E-30  6.024784030034144  1.785916914223425  
6.597931403075334  2.5521511529792655  2.1264959115236834  0.8041157293949887  
2.8732028838088026  0.7906129528229822  4.725805095344136  2.344455096731309  
1.4496489560927528  0.3195334495256511  3.521029906573162  1.5249407103853396  
1.749680782103276  1.4952742145871295E-64  5.800941445577304  1.4282179960195014  
2.8164895779686816  0.3213373029802493  6.129414684030995  2.0860856887813182E-88  
1.4753568902069578  4.347523346893511  3.545027654342165  2.3030243620428354  
1.5409735239644866  2.288560310685663  2.4956836693835545  0.31716225768407524  
1.5835259516827156  0.9408766664600736  0.9012126277367181  0.9244096480381839  
1.5835114609182057  0.9408731476138751  0.9012200747925767  0.9244094816084268  
1.5835003058015367  0.9408704387552643  0.9012258076206047  0.9244093534974142  
1.6972684231628672  0.4458953070061956  3.3845851848472917  0.6773012340392747  
0.3494175593029412  2.369818937870404  2.2387088721510273  2.6937400436481305  
3.420398647173811  3.574575165068819  4.833150706128251  1.785371625930378  
3.7658575729198507  4.372767097229193  4.303173904781641  1.5985755477118314E-160  
2.7289741083741513E-175  2.2549801609818814  3.582670609188467  3.0332755223612815  
2.1294061035292913  3.858169903203404  2.11040115033003  3.1283860542431166  
0.9928276624392146  4.548666636053842  1.5317635274345993  0.8341094866328785  
1.9325585993135896  3.7410727527862333  2.6118895328689082  0.14379472931105466  
1.638134278631799  1.2438233562641148E-50  4.69198133575325  2.703930451143095  
0.3594805444123359  0.31363588195818415  3.773736671832815  3.542538405054007  
1.4265799565619788  3.8041359164529913  2.7909656982767133  4.8527639892100165  
2.4200334680039575  4.664010949588768  3.6892077285419504  3.9103975262447856  
1.072186761968777  5.639579915911095  1.171014562936646  0.68259991566194  
1.032592721066013  4.551103215159194  1.402108384757989  0.7806348929628957  
4.7616889727853025  4.752692875306281  3.444732565617034  2.963117497178375  
1.9457588336121026E-5  3.4249651072088634  5.724683388246704  1.133882881924951  
4.325993310498652  4.013052306025352  3.858625767731015  2.184791583187776  
2.334918497952429  0.7340501519126861  4.495500892340721  1.2123113299049862E-9  
4.3502654619728665  4.468177581140648  1.4897428246422133  9.926450677819057E-153  
5.376297184947848  4.578128438486001  5.856546108968325E-38  2.7903341905071803  
2.713157631972821  4.215504352520073  3.4450857933262024E-135  5.2431047401823285  
1.583513654659709  0.940873680326923  0.9012189473919884  0.9244095068045918  
3.8942725672545038  3.6003868726585333  3.802801681519406  3.0861684432798637  
3.5942960689671772  3.5388454609424875  4.466680689890268  2.3064220015680585  
1.4363013694270084  4.305289741170643  3.3698523509585447  3.793464469023108  
1.7591259132661146  4.762627542926547  1.615314402008941  5.650039893337525  
0.0012845597818135351  3.730794442235057  5.7577717548392116  2.072836874425167  
1.5835240398089443  0.9408762021930651  0.9012136102815026  0.9244096260797124  
2.557012219608487  4.70484335421363  4.753440040290741  1.5232324954579548  
1.1711491086597512  4.867085131805697  3.494875559909119  1.7296291719582888  
2.402544241091503  2.5507929122374504  4.954631819969231  2.179719559921679  
1.5835269282430344  0.9408769036016283  0.9012121258655995  0.9244096592542899  
1.5835277073900782  0.9408770928046281  0.9012117254485528  0.924409668203043  
1.5465048373661627  3.482401294980185  4.491325781372552  1.1213953013295704E-25  
1.5835206123216663  0.9408753698839964  0.9012153717264217  0.924409586714072  
4.0740230488648  0.2420119523400156  2.105149533404775  0.7563143403405133  
0.24031743958027943  5.22245790573919  2.3722819597300755  4.030091973597537  
1.6906785910812576  5.4668490415662045  1.7540496922912723  4.482461018294172  
1.583522937097464  0.9408759344177048  0.901214176983945  0.9244096134147519  
1.5835271614792326  0.94087696023919  0.9012120060015116  0.9244096619330825  
4.623508254566136  4.247873922233134  2.845128440757426  4.693324968857356  
1.5835267831057682  0.9408768683574393  0.9012122004541323  0.9244096575873421  
1.2437825153922742E-88  5.310481843880504  2.113243632330537  4.368728252191444  
1.583528177505598  0.9408772069644211  0.901211483848115  0.9244096736024687  
1.5835258386763535  0.9408766390183269  0.9012126858126456  0.9244096467402769  
1.583517489921951  0.9408746116595209  0.9012169763824632  0.9244095508528134  
2.309737090778193  3.4323728601894965  2.677848913082327  0.07711015306058318  
2.1348310941562705  4.2204969801174474  1.2800584029924386E-93  2.3694881409544175  
0.4810244707107797  0.23890052407698728  4.164596941271546  3.109753072682806  
5.215488552042075  0.26397944577665494  2.2908498296300492  0.43474633122925127  
1.583528215220693  0.9408772161229099  0.9012114644656799  0.9244096740356391  
3.4093845301974186  3.9866117345816154  3.0684275207563725  3.837275463611248  
1.5835276539080905  0.9408770798174103  0.9012117529338646  0.9244096675887852  
1.58352246056104  0.9408758186987601  0.9012144218841391  0.9244096079415545  
1.583526519893962  0.9408768044407935  0.9012123357232035  0.9244096545642724  
0.9364942671062446  0.8490187315660033  0.97931794029517  4.750218214130246  
1.5729640611702518  0.644160170891069  2.0273352113153127  0.7555323951143204  
1.5835276695116463  0.9408770836064756  0.9012117449149298  0.9244096677679962  
2.756133738522948  4.284485956155948  5.582740283450727  1.1485784323120622  
3.270673783034414  2.2803463276501894  1.1109846770997471E-46  1.075812236538841  
1.583527289568301  0.9408769913435062  0.9012119401743396  0.9244096634042258  
2.165045485180953  1.3069328819492771  0.5826285801462956  0.93897206305121  
1.510886635150996  3.6514121661601626  2.887361551436913  0.11942885977689682  
1.359772409781977  4.651885410019199  2.0139231250956837  3.844792456376254  
1.5830059160746745E-71  4.497052892668899  4.354206479596817  3.1862389451635478  
5.102935342372408  2.717750461926893  2.021960599732197  4.07417307340243  
1.9892040586231279  1.6211502631518533  0.5371067337654813  1.078963686053748  
1.5835180516232454  0.9408747480600871  0.9012166877138627  0.9244095573038614  
1.5835282040355647  0.9408772134067838  0.901211470213911  0.924409673907175  
1.583527396263491  0.9408770172526714  0.9012118853418495  0.9244096646296541  
1.5835199272802991  0.9408752035326714  0.9012157237812706  0.9244095788462884  
1.5835229288014048  0.940875932403106  0.9012141812474704  0.9244096133194849  
1.5835257444419029  0.9408766161350057  0.9012127342413866  0.9244096456579796  
1.5835264664714  0.940876791468008  0.9012123631779734  0.9244096539506966  
1.5835274782454767  0.940877037160644  0.9012118432098989  0.9244096655712434  
0.6916483564698748  0.12980390125589078  4.914415665599031  2.3753906963537954  
1.6026378717315952  0.8936176508793899  6.709239660116502  0.16880556010861222  
5.157899001854289  8.786988570300678E-37  3.329643350434119  0.37596364040404207  
2.5167571723400474E-127  2.9288044736659415  5.306727740123085  2.541267993020715  
3.9554733783281466  1.2103779923627724  1.7490982173974692  3.45604644124575  
1.903987717950308E-49  4.24587775084865  5.950413955400962  1.602977043566373  
3.295238303458007  3.8440228437576196  4.811072771359028  0.8148560088434237  
1.0784075352341578  3.0558538523574432  5.266316567811435  3.689908149126607  
0.15783184351032456  0.25533263605658213  4.793572758448815  4.5927081705710195  
1.0267726929324172  0.7913485709902738  1.0730713022744547  2.9196854174931968  
1.3126197667815405  5.31242006418901  0.6520768549182315  0.8383185864931121  
1.2604033116697915  1.6493512939313175  6.141597827311549  0.9020827153726991  
1.583496213456472  0.9408694449978278  0.9012279107460183  0.9244093064951271  
1.583527376576499  0.9408770124720109  0.9012118954593323  0.9244096644035432  
1.333985341349646  5.3744638398769835  0.6090224188191512  0.8657389595407619  
1.5835210223797214  0.9408754694601902  0.9012151609901915  0.924409591423574  
1.5835119005991565  0.9408732543835331  0.9012198488325998  0.9244094866581443  
1.996687715835104E-195  2.415674092188252  5.5263224347478666  3.3927709320234856  
4.877888607372375  2.5044061722470423  2.778450004648158E-59  0.8672788691526699  
1.9080381485518152  2.8477923246952077  4.6132364169634315  2.74702015354873  
2.163324375393469  1.7247946462947197  6.293672309737104  0.010384659333921306  
2.9607107994810717E-173  4.646437703120239  4.230452839855417  1.9764026873091374  
0.8387919850493117  0.7680854444379895  1.6089893184047483  4.880427050486662  
1.5834798815804472  0.9408654790492073  0.9012363039990154  0.9244091189271791  
1.7585366939651783  2.650440121222689  2.4118410132133645  0.2658333852412561  
3.410922080359359  1.274371959811481  0.23553682740627988  1.0274848888933064  
2.4116930107494383  3.8617051701291274  4.523339093687976  0.8224938891076287  
2.4863663170893027  5.153215211714705E-67  4.40445581801072  3.1005817902022654  
0.46451573506532545  0.5425577643337967  5.756766491031282  2.015755738099871  
0.9595900540052326  0.11195538443297778  6.029952418877194  1.6545999450302775  
1.5835142169304195  0.9408738168687926  0.9012186584278101  0.9244095132609697  
1.5835146100969804  0.9408739123410115  0.9012184563745037  0.9244095177773268  
1.5835000118430724  0.9408703673785388  0.9012259586848459  0.924409350118717  
7.087703619644307  1.0911220085389979  1.181338305397675  1.6006964733721722  
2.3322319764514203  2.952814529253477E-38  4.181293742080171  3.916273612052324  
0.2565670076031031  2.05329876663471E-39  4.710016324546252  4.224018865229064  
1.583493928052026  0.940868890026772  0.9012290852529615  0.9244092802458564  
1.3271088724734537  4.672385949127772E-104  5.491956883561628  2.39878383969954  
1.5835121116486846  0.9408733056315377  0.9012197403724603  0.9244094890828696  
1.7333369293979324  0.5850042980571261  5.3327271549364434  0.4558198346654457  
2.145018957191446  3.556653960206491  1.807414170806315E-71  2.6351993379639125  
1.1048586914016942  5.326559524693935  1.019841492998938  0.6007559440175616  
1.5723208789236645  2.1341481063560486  2.59816399328876  0.29780155766568245  
1.5835276161259224  0.9408770706426343  0.9012117723507701  0.9244096671548444  
0.8843955963372541  0.7242329312016096  1.0980886931095881  5.184705193764491  
1.5835266970963495  0.9408768474714716  0.9012122446558501  0.9244096565994969  
4.487768585579519  0.009964086074015471  3.180475704645797  0.29114565134755777  
1.5835276921773902  0.9408770891104778  0.9012117332666146  0.9244096680283196  
1.583523703804668  0.9408761205999652  0.9012137829598772  0.9244096222205993  
1.5730216739856149  0.6441490298585646  2.0273241103210644  0.7555293225613584  
1.5835258558614713  0.9408766431914324  0.9012126769809344  0.92440964693766  
1.583522465830117  0.9408758199782592  0.9012144191762792  0.9244096080020753  
0.8998692601014292  0.7696314225817482  1.0877755922525794  4.438220010539298  
0.13710612225043944  3.6930507741936354  6.160298313917308  2.297762634303552  
2.653837856015698  2.5153830962988915  4.781898318588356  2.0444657019955033  
0.9833849884034502  0.8005894594018607  1.0750995296754424  3.2098840015149412  
1.5404926162126185  1.5457419507074364  4.146600718719984  1.0816899188136961  
3.092043575897187  4.687128429338917  2.7742707853652315  2.8915551433440747  
3.0103768932848305  4.571383610628979  3.80940736819171  1.0011080088532975E-38  
1.58350692362299  0.9408720458073787  0.9012224065857688  0.9244094294958467  
0.9844477093643511  4.529388121733361  1.557480779580782  0.8415207422663374  
1.9286256335955194  3.743602259710296  2.603926007366228  0.14663040867065166  
1.583527220909047  0.940876974670739  0.9012119754595094  0.9244096626156524  
0.5136403815606375  0.31198045433397725  4.4087630283660255  2.572135481547321  
0.6250659675121314  0.4928461957968216  2.854559665785847  2.5375098422524314  
1.0150870379956394  0.8545177307317731  0.9907159703100171  3.4184977607516487  
3.4379811832819245  2.5398046753524164  5.306323322861186  2.7076844539244487  
1.7558812001451418  4.789041662172033  3.537496696901383  2.559550236704658  
0.7394301964965684  0.16931545081097277  4.827957305283129  2.202065057480099  
1.6830538402021369  3.881455565505137  5.148890801004968  1.5531603843820635E-7  
1.0327231737249192  4.551311405876649  1.401681498840729  0.7804916728485212  
1.5835275960422277  0.9408770657656402  0.9012117826721258  0.9244096669241771  
2.739604092398633  0.17609323550063216  2.856940310034496  2.4929106445446503  
3.1279081327084963  4.363413487349297  4.410053942298795  2.804521676355305  
2.2662545751689354E-7  5.409394528442496  3.6078311754618593  3.4350018628602577  
2.776446294963238  2.149047771368468  3.030331473456812  3.0920824904413067  
3.2986615271679014  0.34979408700129233  2.3560602665084462  0.498494441545322  
4.481953838697057  0.010585571076906584  3.186467117949684  0.28932517891531057  
1.357603538728946  4.930272482355391  0.6272272570227917  0.8107545144404983  
0.3778271231231366  4.45791800412778  3.9337763276480544  1.3760676935951608  
5.500126670734178  4.310643321121971  1.6634128736302847  0.22613863284201643  
2.713157625119753  4.215504364563259  5.588872740607026E-134  5.243104735807353  
1.5835102979686204  0.940872865206272  0.901220672456705  0.9244094682533749  
1.7299284712560643  4.010913468530868  3.552824898338692  4.376519000590225  
1.5167161250237289  1.150642445026121E-23  6.368942939460418  2.1882781170776013  
3.359241744830966  2.493233181445503  4.55507852615705  0.05831861110480479  
0.8066106321786557  4.951122031763679  0.45941148145599703  3.642042824840637  
1.7221776933349262  5.454937210908143  7.640242275314465E-189  3.4908846293884266  
0.8275100609874805  3.1751239009160988  4.910815796084829  2.363839346242822E-136  
0.7152789928838229  4.885326635694977  4.205865916762883  3.1846829938025216  
1.5835263029301925  0.9408767517547258  0.9012124472246087  0.9244096520723722  
1.583527132302305  0.9408769531540515  0.9012120209960384  0.9244096615979778  
1.5835191509722741  0.9408750150191936  0.9012161227391873  0.9244095699300986  
4.928367753609284  1.370794726724593  1.0107584494441955E-60  3.9337461074076705  
0.466505159114242  0.24729310897910212  4.124463067982693  3.1572789273341524  
1.5835181385676496  0.9408747691738472  0.9012166430309148  0.9244095583021464  
0.5063482629058875  0.5599793481120453  4.412861001581959  2.3921303694581817  
1.3415035731678489  5.11273973349692  0.6331683878703515  0.8185333510928496  
1.5835191039809824  0.9408750036084313  0.9012161468885304  0.9244095693902696  
2.3275107198033975  4.458898969926892  5.110666000869581  9.230838246776351E-102  
1.3767173466480316  3.84247971917523  0.6787635678536389  0.8561944243331564  
3.41088052659427  1.2744464205824368  0.23546479612945204  1.027493591147088  
1.583522222747332  0.9408757609496284  0.9012145441006854  0.924409605210188  
1.0446020825887559  4.667759189417768  1.3728957996436775  0.7883146025364713  
1.5106173494696435  3.934941532355989  4.276506643785546  2.528607031259515E-16  
1.5835258624113562  0.9408766447819933  0.9012126736148075  0.9244096470128754  
1.659714894256245  0.4444329365892372  3.389746151798347  0.7108586035993556  
1.5835277393210059  0.9408771005585266  0.901211709038701  0.9244096685697792  
1.5835147245982177  0.9408739401450252  0.9012183975310537  0.9244095190926992  
1.5835275496846575  0.9408770545084697  0.9012118064960772  0.9244096663917458  
3.404851196100393  1.306824721256238  0.2054941945313347  1.037652534527899  
1.5835262886650758  0.940876748290587  0.9012124545557842  0.9244096519085703  
3.2174700020534917  2.700731080735564  4.302601294953801  0.7674790744536574  
4.54259744428406  4.381752398083089  2.174438949124546  0.008415377103571152  
4.888972441972382E-103  0.5515087499011583  3.3301750020145153  4.19452339564966  
1.5835260780481752  0.9408766971458349  0.9012125627953437  0.9244096494895332  
3.6095995388861324  2.4475708354818897  3.181974929516657  4.422590266815798  
4.42962367261863  3.5609051818239337  2.94067321652197  3.4327660212079927  
4.658774813559356  4.5672573843486814  2.3571181724081285  4.294405891028687  
1.742333447225675  2.4103827246882346  3.6956361561316844  1.7616578148871929  
1.8468965749890496  1.4841224058744813  5.648166241115231  2.045840040600173  
2.0470796515729046  3.9408448772462127E-56  3.708831685979814  4.901437334065218  
4.166256999111264  1.955696425017098  5.027631590053546  2.1536848181840376  
3.9010876480430396  3.3679034602933084  2.9046578183972005  1.6816553621987875  
5.2786209572139615  0.762017100270575  3.3841201959026996  4.627600343439779  
3.484877225375194  3.669188401691742  1.763471505064278  3.0732833813031406  
4.697902048108543  3.6102688154582596  3.0867713281979308  2.0086688684126432  
1.8637934342735722  2.4688096245155884  4.70482214720002  3.284374078395694  
3.615086737907967  2.9491316723925647  3.548523764040773  2.114454271183625  
3.529206046292673  2.0846416264016585  4.062400094765425  3.454389757240548  
3.051693193307853  4.337996744610732  3.6937429025860626  4.0631903358998915  
1.6755099633888209  2.2313115651721454  4.253936608943208  3.0873704989392547  
1.945386106737778  1.2000512841175919  5.542002286942937  1.7147517869775772  
3.3219466762573426  1.4933021286565127  3.4489652880679706  3.8096951403327455  
2.618083928841365  1.9920975214926264  3.5267408464837287  3.4767440763353425  
3.4535817919019984  2.443241934585272  3.311257795034141  2.4343553160818536  
3.575431240650823  1.8669982342344231  3.4704782888670005  2.219053356197654  
3.696682086924677  2.571532740765696  2.4127934859005635  2.645605793680087  
2.909976914714107  2.6625023474228686  4.088600759891139  2.90841911922581  
4.435597852838524  1.2945493791795621  4.288635064331966  3.020374743277574  
4.1520506704892  3.5953869082413785  3.5394109415676334  4.673225890282096  
3.481641551345029  1.5117096852452117  3.972978459189583  3.112744258450835  
1.324275848602801E-144  2.5917737840858015  3.3771562959976458  4.2809264564346075  
4.7796301330260595  2.628217194718817  3.4236801306764226  3.993587739013212  
4.972431447964197  2.88513379939859  2.5860194457336236  3.6474000174779215  
3.7423597095909606  3.426326376428064  1.2191769521328688  4.80492306541947  
3.4012982147371895  3.796662712347723  3.4183728046915864  4.455808599373069  
3.7523682964101392  2.3678827839522616  2.8710938114929614  2.5858899977182004  
4.052847049499983  3.887266266693458  2.1145405757865974  3.826932454682346  
4.640755366636563  2.619885244695115  1.4227123913081212  3.9517165364243416  
3.090463034678171  2.9760171110037184  4.988646299478367  1.9691213359795625  
5.107585047213699  1.4133690940604509  2.12984107635899  3.6108940768435445  
2.692217310893846  1.3690338309535255  4.0693818499161  0.25126709016140797  
1.8133942873706523  2.957464063439542  3.9950999377188614  1.9398961465150069  
3.50998227778603  2.732377171576994  4.569519406266818  3.8923126875798766  
3.9382456913293136  3.1681625178047863  3.3564340729088187  3.630254267155283  
2.0574104299682023  2.7977499107571546  4.599889434392333  2.159786432912818  
1.7360932296214686  2.2125450784353133  4.686631768467794  3.2683211123988127  
4.706681116649046  3.0175105811250504  3.693111174450736  1.0562799286095146  
3.6416091381437528  3.4979034886759073  4.190305054615136  3.3965313600597633  
5.581315811926685  1.9785661786719302  4.294829087597629  3.0703078411630687  
3.0742740581500176  1.9268133847472841  4.2694120973590035  2.5811966949692446  
3.4602275280360564  2.6169874826901145  3.082216109072506  2.2964424310642606  
4.05311294292558  0.02614597451456906  2.7641753492371497  3.8270805839241198  
5.481127876017627  0.7153956469178239  3.861703190042881  2.9776908720930706  
2.9192948192525963  2.7205769721947606  2.6931828830659184  2.7539990246227846  
3.371399269040061  3.7416909138374694  4.543925844609752  3.090109846998125  
0.9401989284912186  3.011613068289871  2.116810018382578  2.6062841564266965  
2.7464793741858435  4.501223851471487  1.6544206781626296  4.054825465380428  
3.437369266906655  2.4798633330360125  3.1785185754646097  2.2408610889493747  
2.7576767752702986  1.2424240834929805E-176  3.567603173621671  3.25088621970295  
0.7539446208844665  1.958605664606827  6.612685387413487  1.2264994819637256  
5.54488126388402  2.720704056684505  3.2632095030349584  1.462526910827255  
4.431802239916562  2.886078509375478  2.840623275167142  1.6894706623578797  
4.46788761323176  2.8902353679085646  4.983873675134565  0.6239347191821888  
5.296767237902982  3.186245848839235  3.0769130105749096  4.922489150880685  
4.301625680865798  2.0394748874983372E-121  2.688612779787382  1.8091880383039838  
2.71878550109977  2.6264281227114132  2.9690568040319247  2.3622031226490354  
3.1906383083032277  2.1793286374050542E-82  4.608524058767425  2.6247962392104034  
1.8670154694914978  0.8079262153246574  5.334213487409808  0.12157608084777229  
1.2128650997898272  3.4399257197731368  1.066850255547774  0.7864223287978978  
3.652478130782606  4.326832650106602  4.312128366809941  0.6505582874880897  
3.552792861929417  2.9277081845825847  4.417883830035953  2.8262376339153708  
4.42342497984786  4.4333884429873205  3.8365397667158625  2.8486357754114895  
2.2255765284966595  2.180865515230699  4.013335465852907  1.5711125796478855  
4.92504873959268  1.6825257891595993  2.529763247346749  3.8856890469642598  
3.5621204532712936  2.678618776775451  2.674503609486877  0.7929014216129726  
4.309155938696156  3.2146675416595496  4.252195787954873  3.503117949544004  
3.513472830218579E-194  2.9811268064544407  4.812845437184909  1.9906711854647252  
1.845349101235204  4.666253744526835  3.8161564106374612  4.09720090715868  
5.938820235717574  1.6555384759104677  2.104431408961139  4.907821901922522  
4.182193138527815  6.901293104370166E-168  3.2755772770298854  0.4399162736718274  
4.307905655800332  1.5154154432766314  2.6166823084094584  4.2636744962765  
3.080931561277121  3.1754013758869344  4.19838734749545  3.2488013019411657  
3.240639896558946  2.4681218250347468  2.9898117956299397  2.5373137351540973  
5.169235968585416  3.0368751521487  1.9038082021962353  4.8018046831000225  
6.586757274650828  1.0434199724640323  3.1340440326146  2.5387900862171744  
3.8144232966382607  2.001380524597534E-16  3.297857609625612  2.5294888650115106  
2.8921355870720733  2.059793081406227  3.5283702410773947  1.3306038576727057  
2.3944699542345727  2.174390748628362  3.4416226942935224  0.2003345950875029  
4.614710231294828  3.7619669211193036  3.8446602956423046  4.10800995536844  
2.9300534778371854  2.4386416511959674  2.964229943581895  2.524591305721934  
4.869288306655908  2.935041812840278  3.9791641051727007  3.8298425214515803  
3.113670256088475  4.893324706034293  2.375160420023137  3.392876608045549  
0.8053402073382997  2.4056160471294175  3.5827590278710013  3.8184830807349495  
0.6815173630441329  3.8237353286077895  2.7432037746151545  2.5202279017878815  
0.9488033982805335  0.33435353207059104  4.131632289950655  1.5482477567400765  
1.4349122694250198  0.3206668011268584  3.5224760509220556  1.5364645866021633  
6.224819195749202  2.14621755487866  3.486320683487967  1.6220851759037656  
0.7492768644220588  2.835289968521766  5.050656344813534  2.694734887644306  
2.994375799558235  1.3232374373375697  0.35221051907438744  4.51514431100717  
5.472285323018359  4.068477203859521  4.526528512633396  3.187305978266659  
2.4023391986057847  1.1036073888516542  3.120172472351856  0.7763214568445826  
2.879600967267839  2.705961451318143  2.411909873282464E-96  5.513778796742388  
1.8858285963814618  3.942395733963758  2.857384490928867  0.053390202839678776  
3.6355634499017007  2.6191245873693743  3.0265809310711576  1.8245232214043121  
4.549247261214324  4.848283203644746  2.2963192076704666  2.740792743109593  
3.319420820154994  4.6377833061261535  1.7694631274100304E-103  0.9772876891892428  
2.737474492040074  0.8607383568176585  0.5909080425659582  4.720134793170156  
3.723601806814419  2.0504217574702355  2.755831368309864  2.4069579859018306  
4.039756734097643  3.8836719370945136  2.4370220027508194  3.4890906830168262  
5.738008257490837  1.1447050915375403  2.475388995777981  3.9545977499140013  
3.380787997202049  2.6174464689546384  2.3149841655884975  4.563619570984577  
2.8973878545346727E-167  2.973713026535082  4.590551571072412  3.3244648219267527  
1.026772702997496  0.7913485735295597  1.0730712934598396  2.91968542403991  
4.4919527617653285  2.313306293708112  4.468308868849509  0.14297073778630923  
3.7270475670314656  1.636942652178651  1.333856969342865  0.7360713555961075  
5.190486566209825  3.0103604942305484  2.8058865240804325  4.187066053330331  
3.492098497122148  2.5092345495814334  3.004058220897291  2.396892780432691  
1.5016423772652692  0.15869369947568657  4.956398746954827  1.6192233994132805  
3.7192424629961773  1.8194442672474318  4.57737862672748  3.557762961853563  
4.328544838275134  2.360063326406986  3.0863934306936347  3.720515623251731  
3.175490280303828  5.782941848123277E-220  5.485143672849689  1.1260173933449082  
3.424863248650616  1.8507211342328873  2.98961151739376  2.163614819701147  
3.589117513571759  2.9895201789282804  2.542140766333291  2.5396874105687837  
3.1124386629517633  1.0539251395392507E-10  6.259249564496682  4.6058080116476334E-36  
0.4730106232152597  2.016383542969532  3.937967100698109  4.099868974909219  
2.8653149761874666  2.524673027779042  2.04695715660916  2.9024386029528064  
2.6926507811435614  5.866008673914675E-154  3.3170066986330062  3.6479198963794763  
5.749821056420367  3.024143235468802  2.83559682273035  2.4432160432454917  
1.3999708180320245  2.4765882843699645  4.8520982630757175  1.6606628205628975  
3.7768881020695164  4.3737539134564605  2.6095060520778133  4.413102828544406  
4.485524782702483  0.010203832550489232  3.1827868536791706  0.2904433448956559  
2.6220755501774744  3.8949714496737744E-16  3.070151105252015  4.337457999608974  
2.605423596664693  0.6681351616022876  5.313256353799596  1.071816423765051E-133  
1.646504102757551  0.3002269784434111  4.768298641452175  0.7746941967176537  
1.5835224133980645  0.9408758072461039  0.9012144461219107  0.9244096073998354  
0.34432215310088427  2.3580463580901583  2.2564442248651932  2.689393879254778  
3.0953887630854657  2.5559466737884424  2.8144976965993247  2.4147558854602957  
5.039260170522669  1.3641084182535115  2.6940041130252195  0.1384760267714665  
2.8546923641373025  2.1893477181921823  4.214007545685841  3.4830814148435847  
3.5623522008527657  2.381707338363223  2.8084209103645468  2.5579813509204494  
7.784382953731677E-65  2.4072616567103435  4.82049129607851  1.6223403089729678  
2.209733852395337  4.053287083760736  4.340457505580522  2.226727060218103E-111  
4.750217826738117  0.7405468863909624  3.1900416335612434  4.123474385326431  
1.4219495952855492  0.3587075510627107  2.429639625889367  5.417901292020537  
2.369902996823931  2.6230234300290776  3.3056887150988477  2.193250789964928  
3.157574445210493  2.436795019865226  3.007429689451273  2.4570022252497465  
0.3050146230924718  3.364477285771436  4.423293109466712  0.9824659434384864  
0.8074777136361864  5.651039291647694  1.8858548534356432  0.8815719152359769  
5.064972518381994  4.561013537236228  3.3571964333160715  3.478151883365216  
1.4588483839728463  2.3974359055475265  4.144399290076377  3.607271709078259  
3.8919584957930775  2.217752050045789  2.951202573232997  2.577215115089144  
1.6574703188612507  3.0119596826485093  4.085539397093493  8.61126522039799E-8  
0.5160509538995367  4.286078578875942  3.7548259198440923  1.6288937232528307  
2.421122844753984  2.4919077756521415  1.3750396862263385  0.508391967826306  
4.845062913371362  1.2071999524144124  4.568510301718798E-25  5.799729674222112  
4.016998779643481  2.0342111631480355  3.4705974367767237E-158  2.9048271153959275  
3.2102979177972952  2.794124223150812  2.766091385656238  2.2889843628943525  
5.668214570016252  3.143696886982398  2.282985178872451  3.8630846326834445  
3.1526425676835  3.051572131479256  3.127400826782007  4.38479029971267  
4.280621492897405  2.6639417106513505  2.5959717833901026  1.9095876629212551  
2.731535334583264  2.3969390498779726  3.197137533747614  2.038375057106937  
1.2079909925742804  5.634219101765269  1.8374503148098638  1.877088809039251  
3.7064047122144514  1.8740094489497077  3.0474194818127973  4.170635947068941  
0.6154478623255379  4.648316967407225  4.685635056138831  2.4162556534505573  
0.7243146655419338  0.9546499265383294  7.317864443968733  1.2557110732912065  
5.031514237321491  1.663697678648398  0.9946229391120762  3.9879999690995174  
1.769983664129727  0.9202821338859644  5.380688303499869  0.13067461237013045  
1.604630957869056  2.3648736836711333  5.694171647925301  0.0021808221012212725  
1.149187930515957  0.7653239968294893  5.159047156519772  0.7860352273167434  
2.8488808874423586  2.012494904231169  4.289971231850213  1.1994806190952438  
3.718662555093148  4.166758419985152  4.66533337107245  3.516132218098924  
3.5973300045943484  2.0232603143227825  2.8477559569901865  2.691541482087134  
1.8373722410216944  2.717942202154969  2.8806117090769745  2.5470759679812436  
1.4215793250460966  2.480532754619216  4.974747440550913  1.3054689483524495  
4.698730428321068  4.27040443392152  4.179538221135811  4.2484190786843765  
1.6061291518518686  4.252529810921802  0.7533258040005817  2.7307562986334037  
1.5053972131259  6.061606322756274  0.5485927565126181  3.5902253895517044  
1.5835130291041635  0.9408735284220724  0.9012192688747649  0.9244094996194933  
1.5835106532444472  0.9408729514813752  0.9012204898721871  0.9244094723329389  
1.5835274453439905  0.9408770291710608  0.9012118601185378  0.9244096651933593  
1.7307707862291593  5.081661649976349  2.264707181367758  3.345362817755597  
1.600069393762772  1.1959619656475093  0.4352791462892531  6.03530925818767  
0.9488164362504511  0.33435349229917155  4.131634353076586  1.5482195915601256  
3.5223328683498596  0.44044010610015205  1.5288368316277547  3.796128941069199  
4.72705138458768  2.997626209601132  1.9788386443239978  0.3268017342388437  
2.6152621724539284  5.0333982063830796  3.5645903850996157  3.9066589907897824  
3.600394790721578  1.673988181918328  1.607757693352443  4.891032003429871  
1.583525937829168  0.9408766630959596  0.9012126348563032  0.9244096478790748  
1.583502529960532  0.9408709788619722  0.9012246645808766  0.924409379040028  
4.814152951914445E-47  0.27524540095727285  4.96253278059984  3.511775864656862  
0.39146366903267166  0.42797306331150603  3.587581236494806  2.9506733625345283  
3.3845523442531324  1.5617150996012152  1.3997892610019764  2.8272838023460505  
5.4793102317359095  4.093882943771671  3.5495116996138463  3.7041030381874895  
4.643286439854902  2.984627669743932  2.042934140489193  0.3232165613383282  
1.5835273509771748  0.9408770062556375  0.9012119086152651  0.9244096641095266  
1.504937084722847  3.2019031319306155  0.45016304648416877  1.232486037297702  
2.112382645144452  2.305686253903755  3.2990031657815964  7.916552851698341E-11  
1.7162015771469659E-15  1.8858421788288808  5.060971070076452  3.664436453235485  
3.865438591921714  2.3679567904668035  4.342049276323896  3.732174118906446  
2.151868191735488  1.7985225162470728  0.5963233574996014  4.3910359196917605  
1.9877016992930816  4.211419356369355  5.708239900137107E-86  2.583123199214805  
1.9883094034287063  4.205527898554179  1.4378706528530153E-104  2.5886724650715482  
2.3904561806547338  2.8537177615412115  0.07055299699712697  1.668845062075319  
1.988023649771021  4.208698557422302  2.6996886731580495E-106  2.5856310977353245  
1.5835259360318952  0.9408766626595224  0.9012126357799514  0.9244096478584322  
1.5835255327417295  0.9408765647271735  0.9012128430376822  0.924409643226512  
1.5835276759480617  0.9408770851694527  0.9012117416071456  0.9244096678419206  
1.5835248791617087  0.9408764060160479  0.9012131789236846  0.9244096357199394  
1.5835271660308174  0.9408769613444669  0.9012120036623743  0.9244096619853591  
2.6160250912757954  0.9452432447815408  4.175887031795834  4.079158128427257E-49  
4.991459580462817  1.3927491643464872E-5  2.5185020471573267  4.5295022610859705  
4.046007627558861  4.046027805802207  3.924470777310438  1.349500550316968E-145  
1.7305672715079925  5.22249043428524  2.702299805134553  4.288684603127894  
4.602811308811057  1.3737450556065112  2.953016576629284  3.2924236563919522  
4.844752243812235  3.240620131044485  2.6287114919687666  4.006087309081651  
3.406636582858729  2.7181050487372502  1.9787091448708192  2.168661103689443  
3.36402772060198  4.307987724340686  2.127474232975884  4.121998542233352  
3.1308001333237664E-257  2.838035973002951  2.8824663874861884  4.6859772872821255  
1.0267727020555453  0.7913485732920713  1.073071294283579  2.9196854234252108  
1.3767170620189813  3.8424818915507135  0.6787647020048059  0.8561939790826882  
1.2440068436471257  0.03703210915911825  4.025243087451945  2.2204015726579835  
2.1156455126433804  1.940645043280836  2.02943365787807  4.3369085800686475  
1.6926803712862228  1.844099379116198  0.6491589585145561  0.9715327464129998  
1.3126196378071524  5.312408323992657  0.6520797616895323  0.8383166979850697  
1.6038418826782292  2.4736452611242523  0.6107528120460877  0.9696415278094744  
1.6037619000200225  2.4736564206476954  0.6107703101428484  0.9696986126551511  
4.738376158722509  0.5870548866553519  5.224648155826389  1.6636438802514941  
2.963507010368565  1.3191387842694526  2.417606181534363  4.22265713493964  
3.5414853354865437  2.453723637033274  3.1806612522809736  2.3513090874367464  
2.412689014901235  0.1190751819142545  4.655314789361875  1.0647985058465113  
2.6464018566585694  1.6109614372173668  3.470375109674064  2.027660026463774  
3.810200537902677  1.4141768790827456E-85  2.569658130440336  2.3422638186423512  
2.251101245139355  0.9318935019708887  3.347099208262569  0.1449771026087051  
3.8417864225679863  4.916290750639531  2.8679118343757155  1.1451265233651593E-87  
6.263804539241224  1.2094937074043093  0.2781525615545086  1.0103907169341204  
5.147860409536224  1.7729603332520596  4.240667650834424  1.2551745874142042E-161  
3.0728590183162314  4.859838427872837  3.632572220177398  4.087993339952625  
4.196091496815762  3.0806945632806038  2.525069124684874  2.4784687597280803  
1.6538051228099542  0.4177860556076257  4.083257497072476  0.8338276211258403  
6.655871203245435  2.22418022340985  4.725522477373255E-48  1.4289163995909167  
6.191605653382498  0.9100740341291983  0.8278734196346302  0.9665675320701802  
2.360251649775232  2.4806956456517204  3.1369051168449693  0.04268368346340986  
5.141085352139043  3.4666421418533603E-38  3.344591909827597  0.37245792948854384  
2.576471310034833  2.223471178927039  2.875961750576835  2.8458855733472297  
0.46451716276171107  0.24846540075301585  4.118743270060396  3.16355609111179  
0.8583237722954753  0.27920111793277747  3.97437294335729  2.1054723214298163  
4.745712380743303  0.3889109610997052  1.6905212241488115  2.0991612752082904  
1.663848109390372  0.7883324635466071  2.1489091896843906  0.6352292668906088  
4.162374356612095  0.03585973762192012  6.03375261886737  1.7213594806022988E-78  
0.6472612799079724  4.5190565690161115  3.1774767045065375  4.779352558859941  
0.37519583929142875  5.019320452048153  3.117403098221754  4.555530819251048  
1.5499091861781755  2.2444860776743107  2.5249266983797716  0.311639675236747  
0.8843955971810791  0.7242329314059792  1.0980886924341322  5.184705194417566  
0.8843956009213936  0.7242329323108759  1.0980886894479498  5.184705197325994  
3.2847122745522555  0.3497818650511749  2.3706310098963694  0.49431092454272235  
4.455476171921689  0.013807555272433552  3.213779145652819  0.2810029933826201  
1.5835260169222156  0.9408766823024032  0.9012125942090252  0.9244096487874828  
1.6475285108560347  0.30048830598534565  4.768249172497748  0.773535485425935  
1.6478358359426846  0.3005622856763206  4.768231951415521  0.7731934193668591  
1.649421185987202  0.3009764610483259  4.76816075009006  0.7713880220415944  
1.1824379059185854  3.374939432858653  1.1464408432887396  0.8015121371961563  
1.4694450768195526E-76  3.2594200149007753  2.8697176334815  3.64081392317722  
2.9158988767571077  2.4405707025061467  2.976061832467268  2.4435590313139137  
4.621435384934591  2.4187539184647937  4.047178305711905  3.2142873950859974  
1.3599571478929628  0.564507055122137  3.8705877564398907  0.6937407343094343  
4.573876279507403  8.201145078566432E-11  3.3175453484449817  2.4511309361458973  
1.8061862230200685  4.091870308918649  1.6910769478036904  5.648781859015377  
5.430620953034181  2.789897443025427  3.3989296379897835  1.2727807356145642  
0.9899582681676302  4.542063941119899  1.5405713940961459  0.8366465908620508  
0.764215061231282  5.489713583724362  2.059889112503188  0.9017285461499249  
1.9062750764104377  4.3272950428988235  5.093236230766435  2.8405625695247542E-101  
2.1287061225047212  0.9645653656756222  4.996840902018895  2.6561278989521257E-12  
4.695771314285591  4.13230983974173E-18  2.8863318009920422  1.250908250320756  
0.3594811179561915  0.31363521220461127  3.7737392246004475  3.542541227904584  
0.9364942780322385  0.849018730087673  0.9793179395087591  4.750218241395351  
3.367853278286721  2.5302460512107765  3.2510108921995755  1.5744073069586326  
4.323073145259716  0.9353333414185575  4.321915878403014  3.1362417086701786  
1.3155273705331747  2.8010289769694947  4.578805050483513  2.4784164381780176  
1.281526775935166  3.3867773100996836  0.8781129633420286  0.7973796459396598  
1.2203089452116858  5.555092779405953  0.7898571748814276  0.8103307764539073  
1.0477651548167632  4.6750393437760955  1.3631841267501161  0.7855186093747704  
0.3473487767942737  1.007100620443149  4.414755815233118  2.364032313793023  
4.720840613091402  4.407232636275778  3.898838252639096  2.5764381834680035  
0.5989157098763709  0.4441021833712625  3.246056973131902  2.830931087016939  
3.3643455059207032  2.713885616715772  2.9009080248513417  2.476871699834826  
2.341855615482738  0.7314941147309073  4.497047353762448  3.3371654335209784E-7  
1.956467738400945  0.9188543309244191  6.080951484408168  6.157372302729633E-8  
5.356004031121752  3.607731888387248  2.3509941931236864  2.3959308359906975E-24  
0.15171069573277499  2.906796633511633  5.887301621665386  1.0996418624308357  
5.03205193840314  2.2940649379504183  1.0036120907790362  0.8506116385581426  
2.734505202548023  1.2578483448180793  0.28643772839687953  3.6779090393960034  
1.5834641791305817  0.9408616658814257  0.9012443738421777  0.9244089386143262  
3.019596433241986  2.873489000716681  2.720712679299556  2.0372467738679547  
4.265259171373086  1.2630085682325265  2.877143831211223  4.655992965143417  
4.909180418557922  1.096893628871463  3.0922448995510123  4.204879971042467  
1.7417477630851705  5.033875819536048  2.920842329907107  3.510353649326293  
1.6227983190172415  5.448785798217368  1.106419898024454E-55  1.9904847319283814  
3.4987885896815536  3.5505828527203693  2.2490707666227983  0.1578514736086024  
2.110554409234854  1.2428252788672385  4.301394050138103  0.052021050296540354  
1.5835279404751756  0.940877149405497  0.9012116056621183  0.9244096708800992  
1.58351732250578  0.9408745710033695  0.9012170624223529  0.9244095489307433  
1.583526407623531  0.9408767771777744  0.9012123934209044  0.9244096532748098  
2.019120215704129  0.6681121584123684  5.231230675142032  3.9519247362851972  
5.247802186564314  2.9900216350560025  1.293592689977607E-71  1.7263489992714893  
3.6057096034687444  3.020698714827642  1.823038937306326  0.3593720348573966  
1.2153820763972838  4.211997840704193  0.09752592340209873  4.470417147388293  
0.8208771235449748  2.9651966238221514  1.8642017417767662  2.775900874244299  
1.3242632927700686  2.1301614782138785  0.5483781605916148  3.4754827469558913  
1.3681036497811918  2.0242030895169143  6.695567759121053  0.877734253704426  
3.663067173259062E-111  2.709150094652185  4.147213452417955  2.8141589927211  
1.5835191900894081  0.9408750245109617  0.9012161026432013  0.92440957038224  
1.5835274761776874  0.9408770366585154  0.9012118442725717  0.9244096655474939  
0.9979590547157363  4.560471738923677  1.5160157299616759  0.82957132843154  
0.9990146726083974  4.58736927369536  1.656453571292974  0.7637352846755077  
1.6472123469272273  0.3004178259291742  4.768269929954226  0.7738803261697724  
1.5835275248407525  0.9408770484755373  0.9012118192637861  0.9244096661064054  
6.381116074693413  1.1726839578237487  0.24242159742575436  1.0616680387320392  
5.4693879133417  1.4904290341368014  3.328372030848348E-61  0.9477570192354292  
4.0752725960452665  0.2371385002968272  2.1177776054576967  0.7544762931294612  
6.488255898881595  1.26186495874369  0.04253381923297518  1.194035956132332  
0.832377054269862  2.6758185279208697  5.611947639842211  0.3488701325213937  
3.793566248936526  2.0782022994812017  5.202985351011902  5.72734721620852E-106  
6.037219982501182  3.6198182982288074  1.357730278916575  1.3232768750375737E-6  
4.122791793118623  3.950866547100664  1.4350395396448137  5.401284723589536  
1.3441005633990182  1.100587963976948  2.9154300696935103  1.885676672042235  
