3.2875926054026303  2.5719043236730075  3.9611339038907762  5.640661590771308  3.1726903207751476  3.7782633506975793  
3.8835186709234515  2.772665290366618  4.415536778059811  2.1819780547312755  4.511584029025762  4.734360118605524  
3.6769772750496057  4.454382314472983  2.005225380647291  3.3783521856066  0.9433971351068896  4.681933028416523  
0.6157096851744881  5.703315050387463  1.8084450836404267  4.757932035552835  4.647143713736114  4.935869900019617  
3.682451395941971  2.974956952681118  0.8765798491086513  3.4327676148790096  4.726222818155743  5.188017447366314  
3.778512666885254  3.3900907151316826  1.5693816054942067  4.12484456951997  3.855646792881407  5.286422169584206  
2.8129933241561664  4.102159419976986  2.9956578395622593  1.6905307291417022  4.744751034321508  4.142597220190328  
4.877818521982163  4.4231831920015745  4.2286236642830834  4.482885995409451  3.3921940935176815  4.082425568556839  
2.13983713658791  3.9705743839306757  4.404066423107774  4.032718069568868  1.799979680737601E-23  5.65496089764492  
2.7139918643691154  3.9846486050501837  0.6407335069364238  4.89931090221872  3.778292616999108  4.93110507841947  
0.534256878179707  3.188147292971118  1.766638753831681  5.835558836472947  2.891411245848555  5.92562073154444  
2.544381075013311E-38  4.567598145978342  2.2498930692950094  2.8300524709827526  6.082190645999403  2.7696257299006377  
2.726273646846117  2.673414498277834  3.7806045347505934  4.887558061998188  3.360597461976238  4.672399012286123  
3.21288840179435  3.8325791915610794  4.346269236630517  3.1868330089081236  4.619347110815947  3.6411076549259374  
3.9788530078955433  3.2254026926339407  4.898608655698358  1.5909221585289794  0.5584201330846813  6.174688148972799  
4.107254092347439  4.42977009908547  2.604465731660448  4.143335885683238  4.139632274638632  5.854602086753559  
3.590576613965847  3.9059092370946806  3.4641339669938325  5.229618860897299  3.6510956110848762  4.269630287261223  
4.075850896338198  3.6890267128745267  4.178337616816393  4.418915163743116  4.033871048744942  5.258566112503038  
2.018043445367707  3.3740870716859064  5.651400866626292  3.624844646240771  3.509142889479566  4.588814895434165  
4.322318594572397  1.701012349917301  5.028969182953958  3.2418812378851613E-21  2.337616289168744  5.159212831284953  
1.3982480833190383  4.718688961696906  5.713770652035717  0.3235084958615278  1.3405445343497995  5.034417430026156  
3.8152912961585614  2.274123820068695  2.684748742834427  3.895437501338062  6.716736403669399  3.0356250472064814  
0.023056277834918554  6.187380223993803  4.306395181260195  7.091016649636521  2.0143771255126532  1.0487614990155718  
1.774831638983265  4.448972217829693  3.4806264857353315  4.643484932473707  4.917877118962469  5.246520114936877  
1.9931308124113487  5.207859922051839  4.104909062137876  4.5442106471716555  7.316856158081469E-5  5.711387000522263  
3.4405190844438414  2.6879777593400247  1.449805390935099  4.2668828263035286  4.923974497311768  5.573703344023621  
2.140188098965674  3.6117797502143847  6.574200897032341E-67  4.2666384143497  4.86061172906013  4.8412145105696505  
1.2941561210646872  4.508388466138325  0.2833790520394205  4.306158446319779  5.415348668384384  2.6609682458866524  
2.0330284460438657  4.1416984080456134E-8  3.522178629737778  1.9622525848147685  7.412556556867631  0.8925357668453807  
2.00926174284928  0.33052076691339266  2.8972194191726075  5.143822625386223  3.1035845747091657  6.9905483065982965  
0.8617256817328339  5.448115417289668  1.3854811999449548  0.20830526816321904  5.620771632398191  1.910276086556971  
1.8237454244205558  0.5922246258148177  0.665752222920186  4.948808769472783  0.3477149212999778  1.4804805386182436  
2.1189883722308465  0.6676851218167473  4.2011119630427665  2.375887730707594  6.717709099083775  3.737661717489588  
3.9683406801031587  3.5460573772158446  3.756782332202578  3.3621645673642258  2.4154968879551433  3.7768889284173  
3.875963294526304  3.597090725436696  1.5901584469019512  0.7665484469634101  0.37279660067050596  6.941030547565882  
2.311337937355755  5.56017001664296  0.7487146858534065  5.324488870888129  1.3169097546513482E-22  3.7398043248369364  
5.921917172023176  3.82477246189325  4.670151984127606  4.369703712021104  0.417215401372761  4.225573531010295  
2.460443410107189  3.7334257877257717  2.304440342050761  4.022109840445275  4.768233131013836  4.03269992002733  
0.3327034064758913  7.043303034425667  4.259589935131866  4.146290991111305  1.9413909889252694  3.158742027725488  
4.809476788826128  0.5658618500446985  5.332453030657221  1.6076289332272302  6.1306668579029315  2.37759087882902  
4.832124047855091  1.6978498006711862  4.931247399386193  4.751426421166057  4.727658059128412E-47  4.525741396713128  
0.2514812358633241  4.612639295884869  3.2987022646668063  0.32918245661420825  6.444175052400858  1.4611818091751778  
6.731689648639956  0.17683961822916155  3.265925028888069  1.0411548717694218E-73  2.46840728835885  4.10625450406202  
5.753993036133373  0.001059153003492349  1.8626195278144926  3.712057736293396  4.67410164464195  5.438497257690694  
4.556829805842113  4.161240340416384  3.382815067224476  4.559729447352871  5.458455015641627  2.7700298038931754E-41  
0.866415627321377  1.315449441913192E-20  3.5231970355592868  5.245733141172705  1.8780115428364368  5.214525874025449  
3.0993862358320006  0.2301204116289148  2.6474437735557506  5.5861290084478075  4.214564630001482E-87  0.4614046391142027  
2.5077136691521367  2.969367559415655  6.698536603950392E-7  0.7497198837264323  6.416282357393051  7.189526130325407E-18  
1.7583683127891891  5.981123613338731  1.0249951782484275  3.927622944780887  1.092719512650049  5.082304431496209  
0.8054080818676331  3.8701405308706454  5.991849840662399  0.037236361088884035  5.441086973364243  2.6421746475310295  
3.0759734519411084  9.044054573053313E-38  4.377598506992558  0.6179115978747067  5.536338723479895  0.6516361198288364  
2.733845129117359E-51  5.769237640602917  3.842455342029749  3.7363428707524338  3.687746373641095  4.014683845830771  
5.309313726558362  1.639877413234318E-71  4.315771562040553  2.673084014467375  1.4241084646024183E-44  2.0826349341924835  
1.967149136855091  2.408973939436417  0.9610911194484864  2.3343579643280552E-12  7.1987337458790215  3.1463159432104746  
1.2396273965086797  5.20213500448581  4.249877603884099  5.030479065157504  2.6661052308952624  2.390187260757258  
4.156533890239855E-6  1.0041899141624635  1.8385776325942509  7.584095692823676  2.4637418998210627  2.945272319778551  
4.357697968789107E-18  4.234160480206764  4.827142184583304  1.5603597360663028  2.205923033000995  1.0924080671377116E-14  
0.7359353231644028  0.7298651356962571  4.771505952218086  3.6485941424847512  7.06154783584055  1.4984630125887455  
0.5660224772992574  5.033011175990572  4.3720770606102946  4.604287544530245  3.7787258811304296  1.9876293459181413  
9.236638058003922E-119  4.179753986621321  3.1243735069561858  2.914344897525216  3.17740799771635  4.327413567916249  
4.597795044532455  1.0551430749130506  0.6114864294855878  4.646218955619037  5.2952548750866235  4.976714452200762  
4.267881537295662  1.4365742074362422  0.9477538422284433  2.808897784618678  5.419379943554233  1.9906466040438084  
3.011009643811551  4.366764203489237  3.359184385141252E-27  4.934955207163572  3.7954549491529597  1.483027640434026  
2.4850757286538108  1.155565258538667E-6  2.0808260822286577  0.9374420799322276  8.91395459328763  2.1803908371375487  
2.4536240558733646  4.471685787366547  2.0024042528251345E-68  5.110457345929221  4.3105498590932  2.091053260766159E-79  
1.2956091880079674  0.17291801192422268  2.007171043267921  3.5371041485194867  7.3574130380778895  1.5207986571630552  
2.389059749170937  3.5413864724541537  4.069010720743173  5.266327078477612  3.3737201087070834  4.6199116478574975  
9.495514282778968E-4  1.519067388008005  2.478533167884581  0.6292215764693996  6.580229214139596  3.368303642580712  
1.346211990164438  0.8180375318219969  1.3107885001470256  0.9696565596969068  1.14572947822073  1.0432417761216168  
1.355811248202802  4.602880695395754  0.5378573332565871  4.8689589226753185  1.3943745222439997E-7  0.9826550309793084  
1.733035326677423  4.207907323920138  4.0600533222721165  3.668064770442213  4.082732271403658  5.733444803181096  
3.17892268405495  2.2111833828129748  2.188650195524859  0.3614195176741462  1.1368509945473861  7.420613218919375  
2.042634159651938  0.8176373538512357  5.5618345539932275  6.20734710872785  3.2142665337777494  2.3902635532114  
3.0258205517092542  4.9056251336045005  4.39636354787937  0.48669107684368024  1.0971500582913778  1.69034014660418E-75  
1.4715312976206453E-4  0.5574858220746451  4.334253579349752  5.3551829627602086  4.651175729349331  0.5536261141926632  
3.9225882213352294  3.711125676311149  4.0470845346661015  3.422071895787699  3.0288227653457297E-48  5.780080062251023  
2.0233221503254954  3.3399384563469674  1.649044208515074  4.009981891501004  5.888401713998968E-34  7.097021480655868  
1.1601319325871071E-35  4.536231340750701  4.7303892936025385  0.4799726204514854  0.8718817141496965  4.836281265984662  
3.923711739944478  3.7241668329251896  3.6451337629056764  2.910607872942113  4.652526316879997  5.452908725685617  
4.221439881465102  3.5678643231188683  4.430396618940145  3.688168822374856  5.836820690102487  4.871251508061649  
4.4478492201743195E-35  4.120551763527207  5.976756930624248  1.6000028497023624  4.760025914431205  1.1103523697822906  
3.7263863056023436  0.3366675351042813  1.2397555620899219E-4  3.8587341617231576  0.08192387802282015  4.600208732723165  
2.9788871911253736  3.1024858247622675  4.598270097128194  2.866003505028492  5.500765044113993  1.2513043564812385E-96  
0.07281065306514774  4.641460293413698  5.457788264235254  4.394006751531497  3.891722063179428  0.05473186940905785  
3.3480091636208993  3.4933340684000673  5.56315324011931  1.3979101943708176  1.7404586718714117  1.0972670700592587E-7  
2.358916676541977  5.149827681669218  0.4293201746621295  3.3956876025691347  6.524853336617037  1.152013172614095  
1.2497793527695344  1.726494388182721  2.727395263113931  5.7457077127756735  1.502115600071625  3.301424427305143  
0.3489172022579362  3.4455642490291103  6.2102545032188745  0.5414890968956368  5.8591063799459615  0.5833784835215253  
2.622414083323768  3.0055101266670774  0.3127344337916691  0.48424937970346216  1.5285069426075952  0.9956514522928381  
4.337340020275781  4.502508222557025  3.19849697425616  1.8710881878549765E-111  2.951458388265151  2.9919747937704897  
5.258010524580304  3.223048325622464E-20  4.179910473392241  6.009208336735527  2.7884502382421474  5.2784531992310395  
4.107736718525763  6.183385272423592  3.438912702782491  4.290417998402062  3.99601588495843  1.4568087638696606E-103  
1.2981709281701905  6.222423451569918  1.6631792750459204  3.5781444408391354  3.048844774982718E-35  3.846762213642292E-12  
1.3590650166085443  0.8125816973869016  1.3530558923144036  0.96546273349575  1.1254590980525006  1.0392816333756607  
1.7124197441207242E-99  0.8302854030402123  3.094682355270297  4.511367420103758  3.87496860354373  4.3716896211652445  
0.21002831748219147  1.9714424927767142  5.358743532078553  0.9550050849185844  1.016930579618748  0.8981423669386154  
2.6463828179192026  2.4032631977464773  0.6597503725279651  9.90024178347278E-55  6.415641759104185  4.211678784994437  
1.3522087263083217E-41  3.6590918490773814  1.5637416481495128  5.928693489750029  3.2446173284914974  4.730486415312287  
1.3395569398324199  0.8192623441401041  1.3037303316321696  0.9722069598553941  1.1547028422246497  1.0415143611361277  
3.296357436010264  1.2538571719286102  4.660860055594045E-64  4.5115748118037935  5.599033659554103E-66  5.248161465543314  
4.061666157615573E-6  4.882872889400775  5.788777294361341  0.1811636483032752  4.083957188174535  4.172235465810155  
1.3472085763837578  0.9276690389822653  1.6972768026576004  0.972174695757766  1.0819182004355392  0.8619508691192811  
4.839499780408865  9.02165404180838E-5  1.3381569039262917  0.31801049820526606  0.8952456410797529  5.016096373906377  
5.8031879982296966  4.506736576407384E-5  5.300312760043206  5.746435622180528E-29  2.326911569992569  7.060042639060473E-46  
1.6844275804439381  4.6135032134099765  4.870630647602152  2.5460858251541263E-6  3.4079301998574243  4.701850995164614  
1.4719786233255265  1.5201293761942398E-6  1.0477968948800498  6.031201658328919  1.5830125764143705  2.7239152612877375  
2.396416791949445  8.08041684239438E-32  5.357091184563912  1.3628217229187805  0.4491312713136626  0.390156398155017  
1.3397338061105932  0.8173475376422762  1.348709370200253  0.9711877765742396  1.1466825586566416  1.0229414978928635  
3.5233508910652502  2.699014229075754  1.263737069454603  0.1926634921430567  7.14334641593129  1.0172818276533356E-37  
0.35814694787290213  0.373484686465869  6.318858082766439  5.985231652624891  4.619694442758785  2.120049421964486  
2.4876511026883174E-67  4.758712464319529  4.990542809178682  3.711141434334437  5.261368335564095  1.5043992773582877  
3.1171084865351555E-41  2.126864622768532  4.78860941940669  5.181798853703643  4.140287467182246  2.1380000202573455  
1.3703042910094885  0.8081680183080525  1.43762975252397  0.9664569533141302  1.0922297749126604  1.0222902835486354  
0.9339277553154175  1.6802317585527797  5.1680389270899365  2.1451143676452697  0.3606934867826618  4.153509356815084E-12  
5.3241381755352135  1.6191638054534687  7.327398510563593E-58  5.576529445156665  1.1899574897935378E-72  3.3367478713025815  
2.5108515664124376  6.466963630742235E-19  7.239272621014843  1.9646325988913997  6.953756280472709E-35  0.039875284690132684  
3.822713045742808  0.5956986070613938  0.41984700984639195  0.9886195966229233  8.232713350746884  6.416581003882784  
1.2628464848566279  4.535399335572  4.144013068074766  3.5484582728899112  2.729914817928588  2.3188752141822375  
1.1306874464565155  0.7360064397221199  1.204006240570679  0.7185710259740051  5.029393243306538  5.2373975799371975  
2.74970309925208E-4  0.07355799582627531  1.9809625774959396  1.650494824862463  7.404967192383664  3.922294638589098  
4.928887918440882  0.7177523047146785  2.2454065332206  1.8152153076536444  0.3820195246288204  0.5736463370382471  
1.4532296130762201  0.8293149623124114  1.0728894210060698  0.7763805296661173  1.7164375977607877  1.7795070346863386  
2.777389228588924  2.045255257544068  0.24922864479628284  0.08064258042779544  7.463597348054943  2.1255545290974918  
2.743765483662299  4.483885465662933  2.4932171730206947  5.078405156761825  3.3240928118505177  4.776195872309498  
0.35407092198107754  0.3940857972141692  0.8582579058575481  1.8264832863513853  7.224051846406996  3.003813568012815  
0.44350060720372947  2.501924120249646E-11  5.636762547911294  1.2586093288591509  5.99363770042815  1.1075102722829322  
3.876212460843159  3.5105840178169143  3.252752837211639E-22  4.500485866251192  4.758031932635487  3.286360867589085E-5  
2.041504922132783  2.3961626620375376  0.36022778974411823  0.8755112305099366  3.5282384347170224  0.21292197610587843  
1.8826840634647342E-37  1.162478106989527E-16  1.416893646297377  1.8781348747118647  6.812224624289614  4.563631855696625  
1.1686359693243376  0.9612925058538679  7.477414966714224  0.8853579362965106  1.2565951567578213  0.7212931725904298  
3.752525433292806  0.6101452450400481  5.557153261915376  2.9443361972487168  4.699213780064001E-101  1.714144977060961  
2.933435189356109  0.973598911240902  0.912242107985122  0.5257500504759457  2.8269050003169465  0.7099163796607109  
1.347186001165262  0.815010572276274  1.4265649727890086  0.9727670107823189  1.1142844270062384  1.0058946467691203  
1.3663260899694147  0.8091156465849848  1.4978846180564853  0.9712216775715411  1.076563194627088  1.0003368943784914  
1.3426820041193162  0.8185732503504155  1.3128872083473937  0.9707959970503652  1.1496587072013889  1.038990153920621  
2.7387474124679425  2.90501899693297  0.35373433112340896  0.49610299534207836  1.627100487118258  0.8916951724478386  
1.4018035366949204  3.285935941424165  0.8980679892840528  3.52454910600372  0.20010015859118502  0.9492943626386348  
1.619733906887893  4.23299402889338  3.8396129097011342  2.233897674041883  5.614894823764807  5.396915072479112  
1.7205221607033745  5.838859566043356  5.581893576928045  0.04693704335921007  1.6772198571583363  2.4058819376560154  
2.928740132342866  3.116361216061546  1.059157893282812E-76  3.2195870946691167  1.798727710621458  3.2357315521155336  
1.4607371090143928  3.4482558874705447  2.613079927779115  8.4248159928357E-25  2.1590108560350103  6.166752038021617  
0.9315279425982907  4.727107395856323  1.3408252865801278  0.9093230188091104  0.8098752061379106  0.8359919973263271  
2.73517575861627  0.9164600773068656  4.751033687715011  0.7271436532210243  1.3298994238886446  1.127897110548605E-70  
0.18986691773173467  0.3723203789982802  0.9862389468102106  2.030943607121029  7.169216374115781  1.624838166222351  
2.321401098172332  0.4939610474052527  2.2029416714721095  4.577878765941952  2.7378403129428884E-42  0.6446116158527065  
4.552893711682986  2.5399619287415796  3.168972929860855  5.02938710626211  2.6057289605253835E-48  4.529745169692598  
4.430567617260396  2.65877114442727  0.7940336636107732  4.170215307185211  0.9982858024791926  6.813884579809616  
0.8622426182888052  3.0313235096057594  1.4484048887250305  0.37162639432919453  0.6635793056862949  6.226145457585891  
0.7901835082833049  4.708670623674219  2.92850895250411  1.4677502461384073  0.4384717544895266  5.874962226583612E-5  
5.332327943677964  4.690294904024565  4.895594774606262  2.1730433038026225  0.2895836379655639  5.208857379657489  
3.325191704373833  0.6939730912476618  4.915451911467352  2.8285019467667687  5.881939370507771  3.847830029181777E-157  
3.3486820424294472  4.5564028602210875  2.418507887416316  2.41770836737531  5.73249655432839  5.430283030393159  
2.0490536064504679E-16  0.6778205114667173  2.7380978438545176  1.0812386158172913  4.213267599506278  2.926422092718753  
7.820854055393346E-23  3.5889811477888656  6.002856899195479  0.3741828262017923  1.2059001342156097  2.7769264181649636  
0.6075115073707271  2.264167962556345  5.869475058622069  4.433498564751671  1.804733047019999E-8  2.1554222215684584E-12  
8.08373236429388  1.4923575740511494  4.030287956577218E-102  4.193141750011926  1.1738191838020227E-76  2.6539321978384276  
1.3478520708442423  0.8142399883984126  1.5426049780736255  0.9791219283577266  1.0785578873756252  0.9708645427644396  
2.078420201623105  3.3001486749884714  4.057911213861985  2.115986799687092  6.363212889809245  4.139975053784806  
2.0006847644638133  4.20705365866506  5.4586438473472185  9.380800726750017E-5  5.269798638584151  2.9339964464461175  
0.5025647541175331  4.7750191738705245  4.108622518742447  4.310143035160431  4.920451185232138E-72  4.626357918492685  
5.505135887598732  5.639300385734399  2.23500527235709  1.01000442922682  0.19728502844239965  5.105527779523111  
2.4488065809405413  5.840441834119078  4.383354541074069E-10  1.9906410553130722  7.675311506692988  0.34379216833669707  
1.3370802178740744  0.8197685833626231  1.3011709247426495  0.9730474602881192  1.1579608460324582  1.0412659311107826  
0.03999082593325665  1.244045744948496  3.524244707664942  4.561891521270638  1.8359231486384167  5.8522257212928155  
6.1385411292187975  0.23809031037833048  5.43426191675988  2.5332861416403536  1.5758252042028354E-35  1.3768261312203682  
1.9909100868893666E-6  5.5693181329519375  2.1289807294380494  3.464408782802056  3.835521090393638  4.569317498903351  
1.3540727505410732  0.8138632539908008  1.3527881569967959  0.9670222085344103  1.1301428759777064  1.0347441891444564  
1.358912550423838  0.8115191160856241  1.4837884886596566  0.9725534400133816  1.0861542221238372  0.9984648018858757  
4.71339228451658  4.662250739068348  5.955035420721366E-50  5.63262422987146E-23  4.4024318513676155  7.625719620769951E-72  
1.3707810264986613  0.8088101604672929  1.3569480617620224  0.962422843510234  1.1175012861607532  1.0470906734687337  
4.5722736948140845  2.139345445281217  0.44516670292046046  1.2861679119569347  0.7914249175279637  1.036622481701645  
5.2574425540282625  4.178589221410121  3.173020651585008  7.522595446638211E-22  0.7630934121389705  4.7729096588007485  
7.412302810420693  0.3735980315378176  3.237725533222869E-76  4.383150262147409  1.173058584865434  4.592614058123134  
1.3360048241003388  0.8199476849172758  1.3006540341059099  0.9733996605874502  1.159370175674579  1.0407614368749372  
1.3475545158636595  0.8170790084790746  1.3224355473524092  0.9691141407493197  1.1425260194984939  1.0397865321620305  
4.442959718386425  4.777442622422909  5.076169056441934  2.8553943336984413  5.149989985786746  9.778648780314133E-84  
1.343975012947235  0.8184689514475755  1.3071712807028173  0.97058423439145  1.148966582184054  1.0431116611344549  
0.3865184022043547  5.882131317157588  2.0672661516790574  6.184469492933125  8.358329766881788E-4  1.0529588481770837  
1.3520286604945084  0.8137951606135017  1.420059600278272  0.9709320994010852  1.1114351772591151  1.012182484726138  
1.3705821205654287  0.8067232182093935  1.549486060356606  0.9735677128602257  1.061479464449425  0.9864019743828035  
1.360326422380943  0.8121507212603437  1.3553804084243308  0.9650872550750861  1.1237231254833435  1.039660787525151  
0.5169285899656463  0.3808900429848076  1.3176354031694117  1.3568148472098926  3.0232848605409894  4.352458763303602  
2.5466013334675135  6.743317870155122E-28  5.094812784022529  2.2987896205785177  4.4053961319894703E-23  0.5186193209905959  
2.313847368838933  0.44512243969047444  2.4427803931357714  4.404431919024705  2.2211369464849046E-64  0.5768041494172638  
0.45088804600137244  0.5126023773875641  2.2596313395986685  0.9877314673516012  5.263123009275738  4.380295128921846  
1.3533541984200257  0.8157531968612756  1.322494305553978  0.9672826069499612  1.136536953308825  1.0454264325301577  
3.235609413985607  2.5642935364631256  3.141180515318846  3.970037534798201  2.9344747949315257  5.771088236935577  
1.3353963584486779  0.8200210486752622  1.3007916723135324  0.9736004158425827  1.1601913127811687  1.0401288836444813  
1.3489315411109486  0.8144194377257596  1.4513269911992095  0.9736566624000712  1.1050500886904224  0.9998319721936455  
1.361784702008566  0.8112069390633482  1.3830699553081156  0.9657543287193529  1.114531250992076  1.0321191303832424  
1.9136634502406098  1.6043377412256243  1.00786309289092  4.790164604507943  0.13197103240129207  0.7288157317582646  
1.8069328533390911  1.8312364065744378  0.8355512762630781  0.7447517459568143  1.3818833216270758  0.9096193699616923  
1.3654436689610558  0.8101057688202394  1.377362776293341  0.9642947590311048  1.1136050763712715  1.0370166084016919  
0.3452994289809058  6.239368866156095  5.077052139468527  3.9661245193150365E-19  4.109816336560288  5.410538271597642  
0.6557120749811133  0.5776446469806256  0.8770430551216589  2.0529829809088413  2.593605890222549  2.7273831094249754  
1.3351471031534796  0.8190033822046846  1.4079579719139077  0.9748594981055299  1.133147646929425  1.0012479961512981  
0.9828933793424356  0.7122688356705418  0.990552720321814  1.5147586583445525  1.8985507345891959  1.5150256060048803  
3.7508472850817265  0.6456690070310681  1.0333068441325706  0.28387435524448856  4.063325043726016  0.7612874396024231  
0.8850060469237526  5.967823027306671  4.217219588066838  1.5053712046136463  0.06912435138935523  4.136497960075651  
0.7099508567059487  4.71909967761716  2.363714525917757  0.11987997952900871  2.297697456019421  6.875267782899062  
1.745529590157911  3.053079109509764E-66  1.2078445179430268  5.645541680503829  0.8648091225029775  6.833333025069771  
1.488754306263827  0.6836785618858121  2.256103275367063  1.0109505655576787  0.8972785323614636  0.8614047654380872  
1.3395295005768912  0.8171246347514227  1.384019808331338  0.9726290766427412  1.1361076486073778  1.0119932871506991  
1.3352710882140888  0.8197832505569533  1.3054551503671226  0.9735409867110039  1.1601921539512272  1.0367750925521542  
1.334161745417371  0.8202435600887019  1.2999182548708144  0.9740046383086821  1.1617976490125161  1.0397760980326571  
1.3480088462758275  0.8162259436052357  1.3343889847160704  0.9688912472671615  1.140336824590473  1.035582699518827  
1.3464775132146038  0.816075031197073  1.3431920530946764  0.9693103853893058  1.140354036523434  1.030883387367752  
1.3646284331036014  0.808964737895582  1.5665125229530394  0.9759778469155825  1.058270569840286  0.9772153379740937  
1.3973872140352237  0.7936246434889584  1.6499453683578642  0.9745781077186049  1.034688901136007  0.9658992792375831  
1.3268198726191045  0.8227069039649839  1.4837850175308986  0.9799086772993222  1.1230154114986797  0.9705508202366611  
1.2034128645557098  2.323669207146426  1.3054474145649444  5.2927667823142  1.0371201361359983  0.742682017491891  
1.2048998033472678  3.691351450298566  6.812653512007419  1.3668415532531921  0.6785847588346231  5.398528840164611E-9  
0.2331074190931138  0.5516366070809823  1.348309398149081  1.1648656609498829  7.115042281869493  1.2363326236249301  
2.9579577149054908  2.4654657725594693  0.12449448437130653  0.27880828062770047  7.131470441281108  2.355626068662901E-50  
5.329690163411753E-11  0.4761495754716382  1.3223349742954376  4.87656070618047  5.219358388282915  1.7071979273421845  
1.0945582636935473E-62  1.278955741042254  6.715864678189157  5.072781778582126  3.243572520585954  0.004265835272658997  
1.1171457320546945E-46  5.589238876942177  4.181190917943181  2.2627813190975914  5.1232323073283945  2.39953993457657  
3.77614536045418E-92  6.367206191547812  1.1627567812719632  5.596606430516328  3.1922863654943527  2.6849720350793973  
2.1876099878599824  4.778835017427267E-43  2.1465396917186954  7.028363403527543  5.717304944088275E-4  2.9923051067932085  
0.7574487263053997  2.638865526315136  1.4280047499423076  0.8960878142848495  2.819455280056965  0.5104381344909895  
0.9900742080234097  1.721048238473992  5.063632958989051  2.1719991429682928  0.2555561617380649  6.407574446681167E-29  
4.286490401888312  5.2540886260770545  2.3725410259935017E-59  2.6783437373265258E-14  1.909887568211884  0.7106903538905842  
1.3521601030279145  0.8161527938084094  1.3205535297903115  0.9676591643418097  1.1379361933947352  1.0450862016070916  
1.3633531628017372  0.810299940835765  1.4782153919956085  0.9708269620190364  1.0840298414725584  1.0041559115326824  
1.141659211782196  1.5296410202248498  5.366738037773066  1.9765399103464643  0.2611538591216969  1.5892317384285501E-15  
1.337319638936434  0.819723884920706  1.3013514449772547  0.9729695821991664  1.157652229999158  1.0413257980988926  
1.340003683090275  0.82151211595627  1.645112543514784  0.98299939534713  1.073074452170451  0.9268758871822671  
1.737975526577271  2.543293248155413  0.09345707488793058  0.7989094357892227  9.11221151710006  1.4920609412459019E-9  
3.976748414503341  0.0934282272016243  1.5252953229433164  3.927428457581458E-6  2.9376196822350558  2.8735027939960958  
0.5899769434417302  5.060733461941485  4.063300500931465  4.602826409105686  3.972919112442784  2.091238975501299  
4.948251997734968E-44  3.497614727946816  2.8281923031918232  0.5027621917894352  1.3009724159295015  7.239686794673288  
3.6644855107497705  0.5572368209641159  1.6629469186721753E-17  0.26305028870885255  5.286703982926346  6.839465168379091  
3.1399114959068233  1.439682192491765  1.7611648068170023  4.4800302219584065  2.2983872756262515E-36  0.3376979855544827  
1.3523092085732127  0.8123694270691745  1.5769762589238845  0.9800028726722375  1.0661448544903105  0.9635372206383621  
0.5217612262377517  2.320812418123818  2.044392248086979  0.57641412852405  1.4663636351912614  3.4267425987289535  
2.463831654962164  3.059665688863487  0.3351609742497547  0.5349847026626694  1.3721715000209243  1.023941588051692  
3.9195264177286466  2.249524270710565  6.362269364535992E-5  0.45402242192196324  6.191754217449236  0.031806158534349926  
5.484451805533127E-103  3.2533989051125607  3.5244335833975975  3.1443418527786324  4.118097684744782  1.279602725652095  
4.524789518750686E-48  2.503442310896752  1.9525359005188176  1.3598882328407158  6.577312258907723  2.726003064947986  
0.4965565788443611  0.5456106633615073  0.9004402587525044  1.3202845729906476  8.268481383462197  2.3864486954295288  
1.3409437118589003  0.8185861435012095  1.3210177069753486  0.9710801609812215  1.1503659702458615  1.033972834167585  
1.347904174799396  0.8161824077966291  1.335882159123703  0.968903208525213  1.1400974678406461  1.03495807304677  
1.3470362449073956  0.8150961701551523  1.3783844949534636  0.9702249977170906  1.1299662935745671  1.0201937208347522  
0.6134857343208835  1.2472362081338506E-10  5.549188050526332  1.2473173130853985  5.90527277034021  0.8825082633275219  
0.42462646750604954  1.6505981371495038  1.1689374852627654  6.358299639710483  2.9975341496959698  1.2985579240333596  
5.68603564901124  1.3405944663916853  1.7200740150292555  5.029748405162126  0.19362577835331876  6.815786103905089E-11  
1.3554055464779806  0.8133835870673561  1.3557432313191613  0.9666370525020158  1.1281887318272616  1.0349617443430232  
0.31145780947316426  0.6262762053974082  1.243034135922498  1.4207421029421459  8.362353207186615  1.2328312779820016  
1.358024147918751  0.81453881976699  1.3257110348445758  0.9658683360689975  1.1320835515257166  1.048269244645676  
0.08333467107229202  2.7004910835710776  4.617235757637666  0.4457435479593349  3.8038418150866784  4.0455332561504305  
2.226114913569797  3.541411868056241  1.5190782101333817  2.702309721764952  1.7584469859936494E-13  5.8328176613297766E-39  
3.563556378133225  0.29394986669260775  5.570717458266116  1.1684950458207353  2.300059617362408E-41  1.5633509916830346  
3.175026860770585  0.9678583320538061  0.9686705643730842  0.4918423539568445  2.6446995721718567  0.7210656307799388  
1.352741294426654  0.8154745444097565  1.329431001029416  0.9674239691896236  1.1359583947562433  1.0421376711201862  
1.8377767474750655E-16  4.416154193130811  2.157283926626401  0.842409132776469  5.064887279470974  0.45061032645727767  
1.3475065502096844  0.8178620156160317  1.3094597847759182  0.9692496981418426  1.1445346104016656  1.0450699619112735  
0.6886116875919714  0.7057029004767387  2.3045039127112954  0.646621095382038  1.6228352587784982  5.399740454414251  
1.3347063727545414  0.8201235192650332  1.3006809381976783  0.9738258559098061  1.161102073453242  1.0396265244051732  
1.3380687335382333  0.817766487530089  1.414409721592345  0.9745599218981146  1.127930300572414  1.0017056279521968  
1.7695981922014015  1.859919393471691  0.824272406809934  0.7462415429582279  1.40941452849803  0.8958914279320763  
1.3465758355693787  0.8160886278896833  1.3420047072701293  0.9693022836561195  1.1406158536365434  1.0313587365780112  
1.3641983677708625  0.8101624085742485  1.4540498512156408  0.9691473500204149  1.0907948256171034  1.0123483077322903  
1.8325445004162397  0.5889971551552171  0.6676298274165758  4.957375639858591  0.3420916081556851  1.4844517240263386  
2.4516086132192014  5.875698675237526  1.5237532992823948  2.3021246091823446  3.191881950067013  5.214254674273339  
1.7711128813774606  5.474894485007781  3.796328127224857  3.6756957496679585  4.197178011983841  2.2660235183025007E-82  
1.640229868575315  0.6783804070836875  0.8077686372614459  3.5703334974996928  0.6047716255727384  1.3565754345025192  
1.2593441622847092  3.207491956216184  2.5771588229173132  1.5603386057704074  0.7272137361583286  3.714632446692588  
7.726822378458417  0.3111495348513458  4.709242967196769E-29  2.1140022883533156  2.1180398626639643  3.132734858530092  
0.30150942144693643  5.924891873521243  2.472358294843122  7.945659736430786E-58  5.357336477425733  4.827847345053271  
1.3372324789472267  0.8194477993581707  1.3092638516286232  0.9727263785396651  1.1570843608879737  1.036393455408382  
0.8639228281516379  4.717435449775596  1.525347593633763  0.952325228385646  0.769655877320188  0.7962934735167132  
2.7161559678878313  0.9355462906656806  4.749084460085686  0.7252811928049785  1.3368242238203825  1.0234335790297584E-52  
1.3635670962207176  0.8104485097813249  1.4406598916438336  0.9685342455802598  1.095244573558285  1.0159902369798552  
0.2107552320506802  0.44909679222859444  0.8383287604661877  2.91220261115342  5.928458091975687  1.417019249039143  
2.0238364368783563  0.6162214863527136  2.3443975525731187  2.9818428103435175  0.13735061560641268  0.6393299999629197  
1.73906478983729  1.2752290101468866  1.1953089635259688  3.436447234066236  0.4028253814348039  0.8245328275193682  
5.231515126927328  4.988359790638515  2.5398867091359763  4.590875713799401E-9  1.2512205443396036  4.876432921857909  
3.66997538128734  4.30608513313039  1.634064818634125  0.6867816715791438  0.6088845528032677  5.154371792031105  
3.9772676293248606  4.145969983551212  2.9922334796294006E-47  2.7618750378390042  0.242241390514934  1.1132407872517627  
0.8406857082776402  3.083482738738331  1.5961190812476505  3.5272389367617183E-12  1.8334919963874345  7.136375952060605  
0.8169099819169809  4.699933279994807  2.8244711453860147  1.558363365473652  0.31378542765095563  0.20850723990769884  
1.3351866935751904  0.8200839398809222  1.300249579405586  0.9736680326318156  1.1604438408709803  1.0403869197096538  
1.0614811120884409  2.943146387749606  2.9594700614147035E-5  3.8469238990659846  2.656994635239872  1.149067298612479  
4.467706058281756  3.5595395540799686  5.30549846881249  4.7191282769081505E-26  4.700816916497706  3.9597514859428746  
8.76150597279569  1.140290207402526E-50  3.683460758889723E-76  2.965874601542907  1.9107352619638307  2.769404530293052  
2.6613904396297436  2.953664793731529  3.6603690083340936  2.8704193199487826  4.618521112169286  1.8710579287970979  
1.0238360475923325  0.6694342069663083  1.9362472943240032  0.6728329904339758  1.3694281134129618  3.750411342296764  
0.6656016756106171  0.7368504425639859  2.3880448817576156  0.6272493490241645  1.6173988540951882  5.331981756270095  
1.9440240276948664  0.4670153828107777  6.044947768073269  1.1314540220110851  0.6077570280847902  1.1104887275272298E-22  
1.967738299831495  5.1807230614610935  4.3660833967419854E-5  9.078084575253659E-17  1.5274908993923886  5.360743456067849  
0.007272091813949936  1.289350836194011  6.489363739033564  1.1934525865499899  1.648658274078837  3.436437223998711  
8.145293107642084  1.4585011732028337  4.8682038588975604E-79  4.195394476384157  1.16536153250928E-63  2.5825052401387247  
1.3592050423675188  0.8116846247029853  1.4530749314053006  0.9705858596207716  1.0948611107498718  1.008402971569715  
5.712722129241154E-52  3.77144332591537  4.8555548468675696  3.1791612961588283  5.464356330655362  2.458707974535767  
1.5646888734169748  1.800468314661268  4.477269638711553  0.6903031489802519  6.925775021578101  0.3650076923847073  
9.173962180495136E-65  6.096701455385064  2.8089545726466465  3.185679272057249E-66  4.970266774032106  3.944141544520877  
1.2558005881650054  5.252196001809846  0.05908009791945023  3.616217489650559  3.221114235582374E-39  3.33067439757724  
2.589595977457082  2.8506144358836713E-50  6.916011551653669  1.651966064885953  0.06283733699192877  0.37960564807720976  
0.7382130285936275  4.937018856038337  4.284375882728357  0.3138539186687586  5.545649089134887  1.1755999893425755  
3.2798647291437004  0.6271703431284592  0.2584257624411382  1.8620385552947065  8.088205941785608  1.6327391510992977  
1.3422201328620673  0.8186435130842563  1.3122286132366177  0.9709903887432916  1.150349468236768  1.0389424179306386  
1.3343214135665054  0.8201934900942208  1.3002325510335242  0.9739585201299363  1.1616250559021728  1.03966107395707  
1.3546802615974303  0.8129784303962989  1.4315661576560512  0.9707917464887559  1.1057060249578636  1.0109265402271639  
3.2428616399006764  9.815128516497939E-7  4.529817322126594  4.414668962507173  1.1222445956919466E-45  0.9066741367026564  
2.3577617278589247  0.45684875499168975  2.415568528456109  4.399679538567036  3.1873067385612317E-55  0.5674327345477234  
1.3338937364087062  0.8202947998924117  1.299677083117927  0.9740924850255702  1.1621447245285434  1.0397412373891164  
4.569309912912032  1.4491896453993895  0.8209883113583339  0.7040170842181775  0.6864407085573765  3.933337137545042  
1.7196736545451463  0.7106573421139285  5.978303340104784  1.1514026705781593  0.5920435031677086  2.6721610320421194E-54  
1.3390532799106099  0.8194258624285322  1.3022621437941406  0.9723952809252199  1.155382688472854  1.0421159283547157  
0.010443293306444478  5.512691985891009  5.336158268377038  0.05098120964945806  3.8773871179022725  3.6631503238382774  
1.1039865796888153  1.4639077391145614  3.68848919031956  1.6550530510297705  0.5276818667321478  0.17029886099175978  
2.4535221991959357  3.068967910099411  0.3345155947839958  0.5335763327160677  1.3734625851301923  1.0251838184870665  
1.3412442775999889  0.8169836730314507  1.3490309519845791  0.9707773194959618  1.1449188705751778  1.0241887208037563  
0.838833987421853  4.713185914050808  1.6503955804423307  0.9872374772082728  0.750464884237578  0.7471626085506533  
5.022049330137096  1.257426341806742  0.7458968000651726  0.031925358480802205  4.885850677355373  0.38151302166047996  
1.3355062510415339  0.8187860620639774  1.4028366207579621  0.9745272536135481  1.1351897188987718  1.0028683358321209  
2.763386524873563  2.889430857658956  0.3733821212909179  0.4972251044092521  1.6366250324749896  0.869816686201056  
1.3369330608589414  0.8197939020217208  1.3010906998116865  0.9730955163513387  1.158152649272905  1.041204438851867  
1.3573768023840136  0.811857020940719  1.4685851384132884  0.9722492582258897  1.0929233771773779  1.0014925560430794  
1.3497090760332382  0.8171100385209563  1.3144512153596137  0.9684866826978881  1.1414290863029404  1.0450877230993962  
2.493130554215993  3.033187071189503  0.3377987579752894  0.5371410944133277  1.3716693050364095  1.0195281878336884  
1.432053720381098  0.7778684965922489  1.6906827851759467  0.9689695840465541  1.0199395832620628  0.9744447213914486  
6.119964925712237  2.133797850240219  0.29605469932207745  4.880506716238015E-23  3.175349681008252  1.7400910110943655  
1.1993840954079906  0.6104457955793943  6.474962103034883  0.6157905044560539  1.1297064398657621  2.916251933540072  
3.333292757507144  1.1363887800839834  0.428493213401676  1.2967389374169405  0.06007932916971463  6.054366650822496  
1.3479521441663116  0.8147771516931945  1.440876520749163  0.9733358687616439  1.1089828014037257  1.0022269062796283  
2.7703333406770763  6.398656169782376  1.3653356246740536  5.092328960500493  2.621434879516305  3.9332606388988727  
4.5297329107366835  2.570521807921994  3.8985032083471634  2.74020182834993  5.399100630315359  3.8555469484260594  
4.39716210429324  3.877074040963215  5.084796649511575  4.714454673432777  2.659659364284346  4.902467401835514  
2.37753731953704  0.6215577248341833  3.265252619132932  0.830524760322356  3.6192291391851086  5.177477371292356  
0.47650835441955564  3.354225244366668  3.2233428417806365  2.064316448477196  7.0280352742401035  3.9173940770989284  
2.797033353011871  3.6549435400862387  3.3402345651177144E-7  5.787192359964546  4.512341954160329  3.247357538099985  
1.8386266287510222  3.694447356908825  2.179772432470408  2.1337642106459023  7.185899768324478  6.00262035580464  
3.257445718812899  3.140872091500922  4.245641538959305  6.223746473588148E-55  5.82956848044057  2.4170966990902087  
6.033309060754943  2.387278936216497  2.2310672130080613  4.263940437064286  5.82125096726286  3.575553724311464  
2.8422086302339187  3.2313899826727086  3.6002329624405927  2.582302313560569  1.2088246153159845  5.267656256383784  
2.3215467893075696  2.7734196126198496  4.281507236799244  1.4503816671468637  4.667236648821751  5.909684182628574  
3.309108372750536  2.1152097173848547  3.682776954779528  4.354346030925459  5.093704001300018  3.2777366981900045  
3.662270876219376  4.770261821786721  3.082496672673975  2.155723357359096  5.028726783155757  1.5712926248464758  
3.4004106000576084  4.37005250531904  1.7996490311739832  3.747296004022636  4.844988254206812  4.2268196500763295  
4.059585353867035  3.5932901563607706  4.105108686544661  3.8162541598154913  3.664044141008784  6.045764475439266  
0.9837378716071833  4.665411545977296  2.2511665045291855  3.7850154915426315  6.527882839757588  1.110045503808068E-101  
4.098655453142235  5.385345068062067  0.7241620870844196  2.4359635938168114  6.843340554777149  0.040812353046046544  
3.3428760724268263  3.7496730319677236  1.8318496522596457  4.527612698194693  4.310434158079519  2.6920056573401734  
2.3019638174379486  3.12108279847567  1.1175412710334596E-23  3.266279896462943  5.24698735282021  6.363538250583095  
3.4853937162851585  2.7606311946430515  3.244173351175009  2.832335485942221  3.5880466505616986  2.9406937198166716  
3.5698188308265033  2.5406487667216298  2.8960696948560987  2.7995566409835866  4.190632410992985  2.8199616837996304  
3.400501249993648  1.2922466805805286  3.702748148243628  3.1744137683450506  3.801750748587703  1.4262160005989009  
1.5171761191807203  4.1548901161004625  1.704425642963052  4.272223595893295  6.24580094857172  2.4753961736770016  
4.688672178716338  3.3074146270500218  3.216142241552674  2.8145667561564403  5.935162224006666  2.2951706805019705  
5.025369866947312  3.141191192060111  4.2797469957687495  5.13623659596988  4.379734745261592  3.6109012675830505  
3.084326110930121  3.1685363976943015  1.132058121894255  2.3569753539059657  6.590781664374405  4.067540898345141  
3.3494314255556987  6.877140086273218  1.199185772535639  3.5977786316767864  0.8626624859005948  1.5924027876423241  
5.295127756583165  2.884263589605162  3.1024075935266238  3.658469385100007  5.161242532466386  4.248362139964689  
6.545851137826262  2.4061144137283406  2.4580651195462178  2.920795798511197  5.628563364402999  2.384986252076137  
7.186399255870684  0.8790731670486276  4.8411640791208175  3.084525099954679  1.105523983341668E-58  2.4957783500649815  
4.576762479836166  4.047949180101028  2.659629797317617  4.700222433101124  2.4444831044846338E-23  4.928102012834049  
3.7059635592549465  2.80099541672166  3.0440674707837565  2.948588576162515  3.1179387791479405  3.130282915426609  
6.139664025554145  1.8686221054333225  4.267691089972453  3.3291608439956657  5.347717031259816  1.2364949393451876  
4.720411045310174  1.6600358022985082  3.1189865794652407  3.7871306843139747  2.1507417226544034  4.107309777641324  
2.260327786629302  2.7677334910867324  4.483053129831759  2.1591582594767713  4.665884260791863  5.158425020315985  
6.489503527321743  2.1717506649141827  1.9303828216225942  4.563831390009562  1.65624580213001  4.449788225816477  
0.6557017712960441  2.297454534140473  3.592195202858732  1.429015469030206  2.1147227135588516  5.1268281446477  
0.8585086724309838  2.4516741008125957  0.6584403131214425  4.191742526422214  3.6283373313080527  6.077121907129587  
3.8101938123095143  4.140537981262602  1.421767454555611  3.7693806485090318  6.320837147849781  5.483619372342785  
5.964605731526398  1.76301691563966E-43  1.645109326261384  3.432184180820546  5.948688477517773  4.248210985558867  
6.681119179646095E-22  3.342744847013749  0.17372971196802534  2.848964795485208  6.720527823657952  5.961625101959922  
1.507241011676297  4.94376242465321  0.4092780737292623  3.2301635356730274  5.298743524082352  4.717779305818403  
3.2951286329917058  4.12130514369423  2.324304784231528  1.0816366541243198E-10  5.850104450594305  5.657340800498979  
2.31593557857232  6.288206332800557  2.9916211741905205  2.4365619096450377  4.138837913302758  4.876378190553685  
6.764576142669081  2.351598328817757  4.154877497235346  6.956330782878093E-47  4.58862421699112  4.994681220277014  
2.864042920746175  5.39039568939528  3.5120557092643604E-7  1.934871662893861  4.32441964447334  3.809977863996886  
4.637249983981048  2.346243780628207  3.0843648753343333  2.507474837712248  3.185916136046185  1.6628592467146857  
5.474597076733777  0.41616714734396587  3.8816791844807517  0.09771437307426613  6.567571727446007  5.534128572423253E-78  
6.077326841167517  1.864477605122252  5.777706223677518  5.426461901860904E-13  6.032006370523485  0.7749173857218998  
2.0709856405111036  2.5042525352196336  3.4551447327335296  3.5422918505417997  2.621260203827651  2.8942299806405507  
0.46385654937582455  5.866299506979112  3.4351937484293558  5.4834446458931225  3.290904820553027  4.719030471614748  
1.8447247994437384  1.9416045403402493  3.4511272485978313  2.394753757647568  0.6427341913589038  4.728858824829363  
6.067954411082502  5.033786101092664  0.7265414071398997  5.865044888217977E-83  2.504442740579914  4.3649523803056915  
3.6403086550338912  2.8153737241273658  2.948236745521031  2.8873045486338698  3.2213796064604914  2.8803731443604943  
2.168310011549263  0.6107142999913766  6.877028194838969  3.2521234276995  4.639863828139836  0.7789492573053661  
3.8266564025945566  1.7198410044349215  9.294612658483241E-73  4.495870784781263  4.240494497091886  7.0706671211161956  
3.3435092341492996  2.868181372603706  1.4746136196758353  2.3590632095574167  7.121034742870975  3.4994283814926717  
3.970851555293716  1.5335332757708862  4.139638377726629  1.6041799746572705  4.1766936240802375  2.6684309589218103  
3.362133092965355  4.0429175973635205  1.1785961438410921  1.3300030013545197  7.464500022663688  3.4638278632009407  
4.195320854860344  4.0079194028579135  0.14054816690932107  5.493230003405527  4.777906722330952  5.478565667567651  
1.9692777372598054  2.4287229435105877E-50  5.757685448328419  2.1538069830406754  3.863650793370089  0.5956339945804043  
3.1996243955358206  0.870524450068393  3.425590344885755  2.9154111314688533  3.0545162604446974  3.12307206884292  
1.1020833581718714  4.946839058715476  1.6633068165128957  1.1201637612338396E-43  4.071314515760512  4.2559538432998325  
4.839538949229538  3.2824549989459078  0.03051062775377567  0.10874024023315783  3.3356407893148163  0.022897730142127745  
0.9677290586143891  3.3616581014666367  1.5716649812257888  0.9491072295841126  0.8721260649040539  0.76494504437694  
3.118361114101155E-9  2.2587372651262965  5.4971483744709095  3.0858766600650407  5.9926845448284665  5.287854821529734  
1.0047108074318065  6.376477322870545  2.6754760035517995  2.5362471924402845  6.37969450586111  3.31001882364913  
3.678700878362995  3.807325829375672  4.46303425782286  3.7620147359510767  4.4570506118781825  5.204496060772691  
3.1367556890163795  4.31403693963174  1.6562233243537254  2.247862396320938  3.570125358406221  1.3115185762542274  
5.077958688305392  2.653914256857277  1.9901183972180803  3.595397366710696  4.25015870140357  2.731537759317132  
3.4456600640136217  2.572982777629004  2.451401904555269  4.5579640315911705E-33  1.4298579974495196  3.2877790354245873  
5.87644448390116  4.820763027216857  1.053545695697467  2.977942094701808  5.096849149440704E-5  5.4654937203266005  
1.5931212070671947E-33  5.324229151302342  2.0564848922894563  4.167714473372403  1.2904507638105143  3.7175891339698452  
5.667435089273471  4.814309384699381  1.3449225795087876  3.367770625745882  2.1691234690615593  5.099798467903537  
6.10247377444545  1.550815999720997  3.492682770624812  5.077373323855011  6.280743946931105  1.7816693769568133  
3.443408647832242  1.336045717794672  1.6737421988938381  2.08690658179179  3.62455667603143  1.3304510474066513  
5.080526344054363  2.124254873617545  2.173472810681599  3.8754786064754665  4.899009346884899  1.989331069426447  
0.18549385675172292  3.497240180403794  3.7847670753874025  4.680908041083541  4.539152739074158  4.019962900618503  
3.1676699979438787  2.790254108012573  3.289844064661331  2.9226460762638835  3.077449016810717  2.6213188005139982  
5.9287792148542815  4.2065640244648314E-111  4.137117697694648  3.3599197178467484  4.925104967456554  2.771473320839128  
4.477470852166882  1.2051853908573757  1.313450662919083  1.734759087394342  7.97329064207787  2.9003045505899676  
3.0460836965573015  1.403180264176712E-16  3.114855462799673  3.707872038982921  0.5122919843899753  3.684356779345154  
1.4482402676764068  3.6192277517552545  2.1476020776112286  9.003519963871173E-21  4.0603418036662475  3.8181576177439003  
3.2198084746555846  3.3589486091590963  2.4936057677482495  0.0624777781998008  2.082040706086494  0.5842016815570013  
8.482674020706547  4.569540475343019  2.566411011439937  0.9716554058541675  1.9391644031362687E-14  2.3370098838571063  
3.691206582715343  0.464865680223388  2.2419530572371658  3.1242949522687486  3.2615028971290068  3.3384698551596133  
4.19197608968284  4.300330707833229  4.210998500104887  2.146124513824083E-13  7.107774488307746  2.2230773342277104  
8.286434527062223E-58  5.921457109272619  2.1346774140991753  4.463112628373695  4.583174327518257  3.243645935956048  
2.3516523194331007E-9  3.7976521682280437  2.954464127773564  3.20924221608128  4.737748378830773  1.2071228986724893  
0.7172723164694911  0.8066878601184705  3.7631718727891745  3.650172704527938  1.2529107770064267  2.752498208178458  
1.7231966491508788  0.9640204209534247  4.50947220888854  2.624218543913632  8.569012914209242E-30  0.12089094854634803  
2.099436922374203  2.4368095290426504  0.3591605664941946  0.8688393425862967  3.4075591718257408  0.19929096918407382  
1.0691146732261955E-27  0.8797171910200338  4.4907148844611395  5.633015876936146  2.3075990361034333  5.301949146376408  
1.6957899184878389  5.97134462054741  2.7899148532294046E-36  2.6738484260078432  2.0437560974886133  4.938487884274216  
2.1519945465508377  0.2523315814880938  0.5958922192339409  4.693563821412417  0.21083156051456117  4.13434936452599  
5.6330247086205505  3.189705915474338  5.6593835530382455  1.5020077659308366  5.75636188953441  5.568651658279381  
9.091043800376135E-106  1.0369864868384522  1.4630998253128  3.174606710889487  5.457439019872524  2.3255288091363004  
2.1995975885105654  1.5001824507715107E-37  1.9586376209803218  1.2293976346789086  1.0968456449985249  7.8353883323876214  
3.1533978584731566  3.489931067963517E-47  4.357370173328147  0.5972529990915896  5.465980537919164  0.6836329975489877  
4.357165991643749  2.6062773683036373  3.1714508238488026  1.3162158886282476  2.6685950137436887  2.4849836249179615  
0.6350904624016178  2.6082123059130525E-36  5.395280154426596  3.3651786630048606  2.8209058862217353  6.188207613627474  
1.9837978854586902  5.84384616625604E-28  0.6718838423325811  2.4115995712211986  1.3244886498410426  6.333873116186431  
2.762896380996763  4.817128459042175E-31  5.4731523646562765  2.1156285257446714  2.166223893248168E-26  0.2556508628863029  
3.998394441863004  0.9124858548824074  3.853313868005373  1.0293724726293143  4.284962558521894  1.9381987972198007  
3.711558490916971  2.507503866476999  5.668673417457907  3.7975396086872597  3.5589088671396487  1.6424832847558235  
5.942833500713818  1.9549470919754581  1.3609158866632676  3.564305693615562  6.8057862038065045  3.4674836314525956  
1.6113940655129002  0.11129272949769702  2.922411967365018  6.28009883489964  2.4556088193162773  0.7642269869890989  
0.6474676460601438  2.3617854969125207  1.7415253178650993  2.4738110642419167  7.791489446300223  0.4169645289045517  
0.6899186573859457  2.7106821059061326  1.508586505343373  0.9071003340754986  2.6714392762828996  0.5295807780312801  
5.110615333306177  1.0926959882227244E-71  0.19458037702756556  5.0864076817837  2.866965147494056  2.635375533945734  
3.1619178036344677  1.4881239676217684  0.6329132907939186  2.3834331658035297  1.6466415330592154E-45  4.127330828499849  
5.851500542074212  1.3692307551506353  1.554744969793209  3.5460384700182725  5.369481867085863  5.140814525797499  
3.6955883307499517  2.6586511438326865  3.2256097777864112  2.8938123537616334  3.371351439377262  2.910536033470183  
0.3956292372199945  0.9648106564010166  1.3711214606404083  1.0253234497209711  5.98210504979117  3.1789234445903425  
5.740058099234677  0.002803373993353449  2.297351463761116  4.774848680520863  5.5864689954448385  1.3339628651861073  
5.5800690043747  0.6613421586459227  1.9331239889714416  4.388960051634621  4.431406641606673  3.53938667844117  
4.8490665955421015  3.7906290739088514E-4  0.5110258458697787  0.9673521834559865  5.482327662741722  4.731328834832494  
3.3442870762981194  2.1999093784569848  2.016493494055622  1.956461745835798  4.2287790698711385  3.2590256441294114  
3.6790270342082083  2.5471621777397115  3.168047999642803  3.036352409986886  3.2852364023671665  1.6730505340055988  
0.6300361281829876  1.1512776092398807  1.434503162445124  0.473933342407729  7.839446815157823  4.08197168384126  
0.49194669602909835  1.595489409825648E-37  2.693185182823064  3.0782971054398174  6.5025582970158435  1.4898715285506643  
0.1843437250929071  2.828269336295424  1.495322538171785  3.4007397827447887  2.972821188118514  3.5204991535732892  
2.9587957397106364E-94  0.00788369016356521  1.3124621371270386  2.7140610155870064  6.053836841475142  2.7167083034154174  
6.01448307115769  3.3348253298815602E-87  3.938445357716403  1.013924205171381  6.059884257987392  6.179347363979907E-92  
8.757235350777777E-98  4.020559676328638  2.3777243324293074  3.141763122020331  4.398432640880332  3.703105396368006  
4.3019428015080186  2.508012558433197  4.155852961660071  5.675014262174601  3.101502691561118  4.350237348685218  
0.7958668738270531  0.6409900753312262  2.1884521511704906  0.6301256788509431  1.5417688976891732  5.514516097102871  
1.6584514963247842E-58  3.5555565399812865  2.971151866862404  0.5160626650719801  5.879383436077464  1.29145866009608  
3.242011284021275  3.926973023311097E-4  1.6684984742800708  6.352889477667994E-40  5.182708070968715  4.186324911927033  
3.0905762046246688  4.3797664461793975  1.4210831712387661E-22  0.22633884126812598  1.757970628791191  0.8913475325392026  
1.3292844686041685  0.8213103303472756  1.4721387738654927  0.9797637053617392  1.1212275635694524  0.976582959290202  
1.516799340939479  3.279504114170687  0.8837018040174485  3.4746492325085274  0.07057449936885035  1.0358919889017475  
3.478363182627641  2.0868994947478634  2.7852394794923865  2.5415692262180083  3.13858213112485  3.67341405864687  
0.9419843210942136  5.701444333854539  1.9814190619705605  2.558136433467919  5.640805240940794  1.3724467762996005E-31  
1.6618887369691475  1.2702131107577061E-49  1.5234399706262711  0.8005106311424218  6.09371560530429  8.16226751246671  
3.8704695129816686  2.785069420431404  2.085455160220724  2.641552247454576  2.983356141384166  3.0543764631394636  
1.1943082900403854  6.223712797055618  1.1336664580967397  0.6905293428701987  1.2833658097558893  0.7106202772376342  
3.042665568585224  4.900482564824942  4.396363246228325  0.48192175817213917  1.1043234337754848  1.4489385110444991E-68  
2.2096158304585383  2.8328095598394887E-47  5.484177546739305  4.356973769796312  5.625231863476166  1.1523885871225024E-45  
2.709519825969151  4.2613428558712154E-17  1.801972859479522  6.353161623190741  2.4939406341940242  1.3645777360801  
2.0778614263459443  3.321160687903497  2.874240846356063  2.900505027592897  0.41922542183565153  3.6116210825207316  
3.992116009678306  3.1031117273669118  2.944566798100701  2.476118050311682  0.12017712535978402  2.8525266114459713  
0.10710327901213672  4.497619735169863  2.1987091260695024  0.19085259033425062  1.210286369091774  5.652370468301624  
0.4956212018322366  6.016796179280939  3.93284163521526  1.779961298803234  2.9200413281021178E-21  4.5408584954402105E-17  
7.741101763594247  4.342626201258176  4.540137699465913  1.4859726675956082  2.780007984507985  3.4688372946695596  
1.7623532817207983  2.5705195290867375  2.667295495090042  5.390643113633428  3.788205772372158  3.4421164775519264  
3.737980579653042  2.6179013443390033  3.3515771811794743  2.9831107424317302  3.580432884478857  2.9148535225168195  
6.916761959266201E-21  4.295398765480896  2.4293513533483715  0.3615258182521519  1.936877195597253  4.561194349258528  
1.1936323224840636E-20  4.4826038548274365  2.998034687281894  1.2367986226294236  0.4037239685669168  5.180177778900241  
0.3814778551862318  1.5392780961570929  3.51992738983283  0.8969059681365334  1.367345415585849  1.5981209245838675  
5.812359347677109  4.08661844316366  3.15150320284692E-70  4.58237609996953  1.6068803500602665E-37  1.0492701504401705  
5.126847120326972  3.461316454103732  1.7571171936529033E-59  1.6175025887915109  0.1662682859400715  1.6000664040315913  
3.014703495054741  2.9309117487734055  3.318106619399642  2.207224781862086  3.390881389452597  2.711841433385201  
5.859683572406106  3.1777658554999584  5.901627473262835  1.877500111567947  5.58249066641748  0.1988120782636758  
1.8373862135473837  4.443042961920441  2.677877395760484  4.5062165769568505  5.153865057145419  2.4804931378143715  
3.0803113259673585  1.704610157280934  4.019524558542607  2.470853743096327E-6  4.456244640994947  3.1182635129080354  
1.9689833155616296  3.353111009870346  1.6590318815439566  2.3530578165861242  4.332967153649405  2.303761605358414  
1.9815899664493228  4.888859479741192  3.4400277607629492  2.0559546640396253  6.294000372792091E-45  1.7986649155959948  
4.461339769959744  1.759943297859579  3.009703274093598  4.147780602915058  6.58138278621703E-71  4.9816397572866045  
1.328178398863493  5.306028398705852  4.225525942802872  3.639631878144044  2.067061529270512E-41  3.7183769631675667  
1.5090801259328002  4.2272368841897485  0.38020839429598685  1.0672511924811569E-32  4.660112649972156  7.560742863327354  
4.806388503215833  2.674527727027794  4.909706359962747E-56  1.5341145128521993E-69  5.20827272619559  3.7190015047197145  
4.512902632816561  3.81942930599501  6.635756500022281E-16  0.0618860449484292  3.4147036009978167  7.958195406149992E-9  
4.630515830653016  4.600920563637102  4.227403144676456E-52  6.18457448595551E-22  4.408284785899744  3.9061510105033464E-50  
3.21130321109494  4.193118031778383  1.61669430178932E-30  0.22520804471648773  1.7342410482667745  0.9375235457610901  
1.8558942631879256  4.9629273837348  1.176893095661105  1.0076810590424798E-33  3.46236799567137  3.466196357511294  
8.417725318681931  0.3296008873760151  4.767526901864018  1.0634165158694782E-52  3.144010216422263  2.4516435926944067  
4.232642829853554  1.7229351790636827  3.4334510064163033  3.167422921767035  4.917335756006019E-33  2.092927064269107  
3.396173158965891  7.455569198545473E-13  3.3492506134557196  5.2895944294343575  2.6951710289115804  0.8574211828568833  
3.490667188091357  0.16553445407823691  2.730780646575513  2.4203672226833186  6.642502543041941  1.6242921024356954E-42  
6.118926476625169  4.050830459045198  4.884629476254178  4.4651854904536  5.631597632274953  3.152460713360185E-42  
6.834884818439138E-44  4.244365296566527  0.2832448809350651  3.8348591155061924  2.380633280491651  3.6901004277097305  
6.37705763460576E-59  5.307876851444987  0.13163611612552364  5.166541449626568  2.279777258417777  4.842918639812502  
1.3467479176137498  0.8151476961269192  1.4075047168589219  0.9718650294546344  1.12085375171372  1.0112346503594627  
1.3276787479279815  0.8229053960531492  1.6007009119149724  0.9851291753184802  1.085724918123276  0.93677734658033  
1.3382156581162852  0.8194116236559669  1.3045171030434497  0.9726220174560769  1.1564065914525758  1.0398391881146416  
1.4843761556278888E-24  1.003019346637901  3.430859588417872  5.921617478171801  2.3763649071072543  3.79594755304002  
3.7113415361088262  1.0482804550191812E-52  1.39176220801585  5.462584471859887  1.930038291053844E-11  3.6503934358021657  
1.7684572540142807  1.0131157216761502  4.572379039361586  2.5823616456689393  4.4501831788008796E-23  2.91089625598757E-8  
5.254046297476682  1.2226157662776267  2.7482926398982697  0.6466294156891644  3.8344318752161177  0.00954296346912371  
0.4807153544581423  0.5527065044722785  2.825162130787202  1.3669989017696584  1.8216501248076318  6.151782271089181  
2.021696545305279  3.5095928754815566  3.099077880341445  2.6897489170685716  4.63731793880784  7.131838693724093  
2.869395512594034  2.6157072754057658  0.7964063686670331  2.3484266456162985  6.579778121031441  2.64322021612247  
1.3419058320253925  0.8183946290662351  1.3205324821956264  0.9708357340293522  1.1493305403360248  1.0350404688858263  
1.3401804227999257  0.8191782684805062  1.3037551567043133  0.9719823873230534  1.1539112658083375  1.0420364235526292  
4.790093802093142  3.4491577189964846  6.813980194306787E-65  0.5493956056581544  0.23134165070603016  4.8771330977068095  
3.4306761222034314  2.721927673509646  7.400154814858343E-47  0.7807120051613645  0.3458504071406229  4.010096320458763  
4.025559483395833  0.753044439935313  1.9034344401055587  1.8309781734752548  2.8245341864605025  2.628800590148065  
6.115368368747143  1.5622581107695204  6.0337408587649035  0.7197045368016592  5.176102771429869  5.196363140939965  
0.6335091720806557  1.0908687790909699E-62  3.0908192565025057  1.7610810316613614  6.017157810045848  4.295067930069705  
1.351870508075328  0.8131384628109325  1.5059690353904422  0.976024930999526  1.086682941142978  0.9852320281924698  
2.858176963183958  0.49285528677858076  1.1975438350222536  0.5734135688476638  0.8804884386530631  2.7934754166276585  
4.323184702070606  2.0414250019837743  2.3365321905138154  0.2696282872794281  1.9183013035298961  1.2836678251539822E-13  
1.0850816466645175  5.349572370443231  5.804475427331541E-14  4.706993755453442  3.3440373586589542  4.299348921436399  
3.2298001719973173  2.450923212669998  3.711343924871563  1.5123407466752752E-27  6.822147309003438  5.703512059951418  
2.2704809892452444  7.942443969347071E-25  1.004980557214025  3.722920833767651  0.5838869878793035  3.902902312755291  
2.4002603187260525  3.7695698753885846E-53  5.321916770035219  1.365893291747406  0.4469469441341262  0.4067069230306315  
2.3660051689733455  4.884370304917196E-37  5.388004578793755  1.2459679550641631  0.5431796805006965  0.4035940680182894  
1.890332888852532  0.3477305107398042  3.827382997805493  1.0446838452377902  0.7765871761792773  0.6300870818427121  
2.395251405157478  7.843658796280503E-39  5.3476805743997415  1.349743387557299  0.45932285225541464  0.39483815310953924  
1.3240033662857902  0.8237676585309359  1.4150220020406472  0.977580352816124  1.142732784255223  0.9902024706019172  
1.3437414254287743  0.8158711746673238  1.4368589509900451  0.974307939231244  1.114632372060357  0.9997952482853925  
1.3341498516246408  0.8202558173443112  1.2997395054385978  0.9740085834538525  1.1618065428240107  1.0399104076520125  
1.3343042346908622  0.8202254732720571  1.2998967288426113  0.9739578029040186  1.1616065641868012  1.0399156352643741  
1.3262602577529605  0.8228048019513492  1.445711925336321  0.9787375036017372  1.1306881463342457  0.9828019655099799  
3.544969291617725  0.33273192717972816  1.842003533142384  7.03508148252467E-30  5.533951139339856  2.7351837749612264  
3.3241059677228164  3.608871761688519  5.846654136162673  2.450285270241662  4.561576321774602  1.0138091193208473E-121  
3.1753861862607184  1.4482923444101274  3.1646693946798923  1.5587695281953158E-50  7.97296442619257  2.104029104550911  
4.666199262117549  3.033316804157215  1.3307888168913358  0.06843563238587504  6.529488910858755  7.980273450042727E-55  
3.8499442439651554  1.8502062638890222  1.2880497990066138  3.187229676831695  7.137890848538867  1.6467287933559566E-47  
1.558460408706473E-26  1.5400815464547954  4.6753059673297495  4.194514660780957  6.893154570873884  0.4427789483093959  
4.129464229713474  1.4647205220202089  1.7098903007393367  1.3640581713730673  3.6947402059250365  3.8268252382909136  
4.52409942163655E-7  4.52801203350565  4.774912889667267  4.764978694583495  3.406525174304405  2.7044572870088635  
1.4668097766778034E-54  4.845333706670995  3.661251317248758E-33  5.661286953123186  4.477409100192249  1.2088676692417224  
0.7220097055189485  2.6466850072830894  1.4503740441166928  0.9052484000813067  2.763824567941567  0.5286699697013083  
1.197858370637808  1.5936113401093523  3.6427234442855547  1.7485611097616172  0.48038273468797654  3.206076822399976E-4  
5.180748938193012  1.795711880618292  0.6273190449893971  3.829589247313399  4.424275880334495E-10  1.2527669981874896  
3.606219879600856  3.1708252540757993  3.4414579007862893E-70  1.3712865638003975  1.4664620200707578E-12  4.803770335888993  
2.0063164059449154  0.6677726548868163  1.2920472388733228  0.7704334161690229  0.9324519417755454  1.6964673446207912  
0.932740103459218  1.7320315700569549  4.9664506728863556  2.3178910536366897  0.28208398199323037  4.9444715675966526E-30  
1.2909587102192748  0.9078709478746869  2.797521373375921  1.1581214936854003  0.8037991843811294  0.5989727539502049  
1.296354142934554  0.9055344422134743  2.795039691481385  1.162098221999621  0.7978629798021346  0.5983014692958297  
4.371615614021563  2.04346619697872  1.0809941731562251  3.577033118055127  7.178499420692307  2.044458001317067E-9  
3.5240544006583607  2.471118276542137  2.5402025838114253  1.826982166245761  7.1406504738179395  2.0140356639721007E-5  
3.5305424576557036  2.7787611525971787  3.209964123823821  2.977048509404044  3.496830179113367  2.8471256074688727  
2.395597711713903E-20  1.3121724444417755  0.9691375764930342  2.4380234746056404  4.876477449516341  4.31016832589815  
0.875791669409575  0.6294724545253984  2.9768715510846526  3.312067396783514  2.4485758471206505  4.103740135927606  
4.138165288455244  0.8562851402786097  1.8569528044746992  2.9452449223218413  0.1437096153267948  0.6098952352091108  
6.883873103596302E-16  1.1711498861910186  2.3740662617125654  1.005766782870378  3.636355049691288  2.4756992161500615  
1.2259690416558149  6.041666989822291  1.1313950967906239  2.9650673209113416E-61  1.9253942585313994  5.195276166849674  
3.5922309821822047  5.604216037487834  4.5890268069349935E-12  4.2306095122956154E-16  2.5834957269540815  0.591867152460229  
6.251951970300525  2.7506449569913762  3.2197746348654435  0.36532929602753544  5.219669869236893  2.0209506855507775  
2.917295423646277  3.1581147851316693  2.289930792003503E-5  3.066964996409349  6.971039767505794  4.6815085857866165  
3.9481459343626053  2.124044457048053  3.627637425511516  2.9781457171591352  3.515087007335666  2.253992213613168  
1.923998451510098  1.606221732669164  0.4521290371980188  0.6274679882810973  5.382131210703135  1.3238791414144677  
1.2414285115121624  4.105541651611978E-13  5.513666298844082  1.1575736632949924  4.152574197759207  0.5170962869571387  
0.6574429362923558  0.2818697877520337  3.902846844411822  1.202984984826247  4.760389832203383  0.8514832231988329  
1.3573972008428405E-6  0.7073008232870311  2.443276883225202  1.1775024770019638  3.8702563621103794  2.5814618931613316  
4.38397433580715E-6  0.5369111153117487  1.5698199005714084  1.2312895287475658  7.046260292029303  1.2881945440194027  
2.9912016732390634  3.302285255997474  0.5185969995179756  3.6166591294873496  3.6337127934777254  1.3185419460102161  
2.615283276525043  0.4740738316402462  2.638363410801448  4.190433132223875  6.41751822865734E-42  0.39526260003846003  
3.6445603686664976  1.8758363967343998  0.5778704702386158  2.888177184901433  2.090229998103582  0.22241709592584988  
2.8284678405247217  7.706237240223392E-71  5.441901412827327  1.3088837573382537  4.1019332890436075  0.8182631588751907  
1.695121984679133  1.0166842537162835  2.004849285194558  0.8683845251415092  1.2111432366745687  0.7148986491600555  
3.1230050918688157  0.05664978898169665  7.830219787731408  0.5752431038147034  3.186445257134612  2.1680555714039168E-42  
2.713151357120138  3.083159102328843  1.919902971114854  5.508008957051376  6.603998405539479E-81  6.587361527216385  
3.056543509010585  5.963916386761505E-63  6.07873964802885  2.824325269433179  4.331233290954316  3.765620001774019  
2.736248791328643  1.0088938992264636  0.8793623065906702  0.5565496485779876  3.0307610950753108  0.6821558214152524  
5.532225142436851E-27  4.504812974330278  1.8394063449244367  0.8616053794265836  5.055357619225476  0.49704280082336944  
8.185004750221102E-13  4.530441260067732  2.1174758679522414  0.8411582287688161  4.955031841278708  0.4459515540546107  
1.1183300933558016  0.6332485535854497  2.0023054531237743  0.6510303532373236  1.2568110397459773  3.7446861562781084  
0.6956829904577287  0.6948343896154051  3.040298265609315  0.6665356907941287  1.6391942335174992  4.935173301803727  
1.3516449628977565  0.8159223040303388  1.3249853964726843  0.9678633852920395  1.1381100245216929  1.042671974472252  
3.310761982227237  4.201437991988257  2.974005813209101E-20  0.21809548007360335  1.8039230909005242  0.863963484098089  
3.27619758310424  4.207979337222094  1.1971727531930567E-14  0.24024596453978178  1.9466432713127484  0.7558484573750701  
3.0652166130438268  4.380939386328924  3.1937967258993387E-39  0.2298556574662717  1.760777044399589  0.8850965004574849  
1.0102131828358052  3.369815908159196  1.3867032109773048  0.9152380578370021  0.8921770241407985  0.8400895292311367  
1.4024519141312644  4.621010770851494  0.3062438542581271  4.811857425828159  8.298186486266402E-11  1.142545100815067  
3.0069717746865785  2.3188024011724657  2.254768957690422  2.8959536259428535  3.4880156619519282  3.6182956616724025  
2.7990821164799877  6.23091271462593  1.5938675581164936  3.539964286063549  1.7424263578449444  5.8294591409659295  
1.227576307234526  0.6850556399377224  1.1488067359125786  0.6750109505269685  2.8165736092616225  3.0906209176336823  
2.8359592841513632  0.4094260151083672  3.68934051374031  2.782943416621364  2.968914103147155  4.005326273012734  
5.11986211654518  8.766794880505954E-42  3.0849903781797847  5.896588208756444  1.7860906948022033  4.88916341736616  
0.40216906346788706  2.4424821432798454  3.1377019768183976  1.0398802340933473  7.549262988322329  4.979785701357437  
0.880120831810865  4.719475455322234  1.4655526600457245  0.9247509891340372  0.7920735971099078  0.8142294494840048  
0.8494465657705506  6.087658592372935  1.317113637072444  0.9815022148013344  0.6750570856153534  0.838012863300389  
4.962580386580118  3.7106496172962933  4.700754146031121  0.004816305857340538  1.9034470035212283  4.606605971557179E-110  
4.138993514091178  4.081610971587255  0.7732896528385537  0.17110049545128286  2.411576377471823  0.1544551875621132  
3.4055438823699333  3.1221113342769725E-44  3.817620179984154  0.45359283795176325  5.705979907130121  1.1848846900514414  
2.195044976546824  0.5021934090765418  2.307983294180531  4.611390123174199  1.5213363897310195E-48  0.5761605745484112  
1.9738407369345947  1.754265047785645  1.0588721830620091  4.72086049637061  0.018890073486901648  0.7161687588199712  
2.05237167943811  2.598532009989379  3.121348989359936  1.2673573164304248  2.3636653788819606  4.118810007811538  
6.980974030482685  1.9307552782077317  3.0674175175652607  2.0274292282950532  0.6228868579515319  4.947479228963345  
2.8078909690354332  4.559143666905591  9.461901056493125E-17  3.99294909944255  1.116506498583468  4.013518875198972  
1.2190107449166627  1.6173315119262333  1.170553090997897  0.6537168154989179  0.7565397364354198  3.7194421756534117  
0.5782287003216572  4.610675724897569  4.399239463571213  1.8417639109164154  1.0145479089589534E-5  6.686014973560297E-33  
0.9358786027186109  4.727959783891626  1.3316610842203778  0.9084341076398027  0.8114093062875668  0.8368181371562272  
3.059809249231639E-19  4.936404807721782  5.718765802732305E-6  3.364234411798853  4.343864953095532  2.6408690446942016  
8.160208001456304  3.9008653096937818  4.606633517270206  1.2507067388953603  2.4487787426423893  3.4352076763552195  
2.7495395892779433  1.6438792821557089  2.4253156797921366E-7  3.474083378918771  2.379514589720315  0.8430840590142136  
3.1939620916463944  2.958404471199408  2.79261341246347  3.057256209496792  3.0978276989348794  3.4410034365741016  
3.2067734996258703E-22  0.6764426849719215  2.487810241762666  1.046630061152999  3.792535762438783  4.092326930977517  
5.251530872341483E-7  3.1659663048211852  1.1370795905922468  1.1364043645591213  3.782644825089274  5.649182512857002  
1.2501579767759157  3.7829428783759877  5.4819395287192725  0.194364824918458  3.975768939059942  1.1919900956187872  
8.863838581730442E-15  5.777544695281854  2.45530862307324  0.1806104656179639  0.9434355524412634  4.7916340014465195  
2.2766302531487252E-17  1.3552564748812979  3.672142473599701  1.7914071367469588  1.523823660939729  3.4675294314901945  
3.0397881716020367  2.946049315985797  3.067475824997919E-25  3.1884287624562617  0.24715896904365037  1.3001640695679735  
1.3454919957533766  0.8155144587948989  1.3586461725905228  0.9696755203850271  1.1380483749042702  1.024727462239536  
1.1980721172485642  3.2523599478351493  3.0519656000483577  1.6169852531928195  3.923428132407954  3.038079685809642  
5.476481080460087  1.9723553527349378  4.066509629552122  2.270799324211884  6.910301218139878  8.534933992587763E-50  
3.603987726116767  5.504006656741291  4.840379819179192  3.5323416438235675  2.5443402871088443  2.0496111992304074  
0.3045376659857709  5.460723472975072  5.072061205078493  4.0873759112491275  8.489682015424517E-77  3.8501537499220047  
1.1033787539109612  1.2521666217662457  4.653115423335323  0.7785454975275146  0.5143509151140284  4.974148042695635  
3.194491290007745  4.638552403726142E-38  5.038688086074001  0.4306422882724163  3.430992649802901  2.1665658604869638  
1.0270499196991063  3.5368415340841093  0.991854930235212  0.4448295592770593  5.663999810227491  1.8536680937322747  
1.338765540553229  0.8193435755999687  1.304295948792065  0.9724520650510496  1.1557046766480368  1.0404536841258158  
1.3126829207857131  0.830543820877098  1.580936733711008  0.9861459463053411  1.1014493593725392  0.9338028168123821  
1.3624149144878022  0.8112840561165928  1.3611318618520758  0.9645304818476561  1.120665276040715  1.039530415798906  
2.1193792425230664  3.9714528434499974E-12  3.7307461046277286  6.483743338062795  0.5785545044209648  3.895953941007957  
3.7901416611686045  2.3372947806096136E-18  4.8086921906086735  2.426927345154915  5.593563353562418E-10  1.5185066140010333  
2.742629531675035  0.9277445588396978  2.410547283110611  1.3787266260304807  0.38895711931083793  2.0968255446661956  
2.4439055589579697  4.821736878199555E-26  4.936587866484025  5.06840446723624  6.071018584104566E-51  0.5404160590479414  
2.743812820062037  0.3399634318906689  2.0644388728575787  1.3693648872110442  0.1127714736209394  5.053559534249705  
2.602134689032251  0.2631807988068166  2.6687288123414805  1.2335415039388407  0.30627151932120156  3.3894080084384184  
0.7121251935550739  5.964498274957992  2.325671082668268  6.208605900241636E-15  6.213169931528222  5.227573350773508  
3.896116063729005  4.5876643342632075  3.6637292658742657E-19  3.9424183044313886E-97  2.0561514186769396  5.283435784986329  
1.3608351265583438  0.8114405727318365  1.4084793940283762  0.9674840780382187  1.1071485310106626  1.0235758020613102  
1.334714989430641  0.8201476404974029  1.3001577892190912  0.9738270287186186  1.1610872844157454  1.040058135724231  
0.8904133586681833  4.7195224886741896  1.4412974333263089  0.9251144521869208  0.792359040515156  0.8165739214354705  
2.4574075570805403  4.942914222505556  1.7279649537824518E-6  0.3521004526804595  2.7853318415366144  0.2723551898750915  
3.3705975618641264  4.168663441395485  5.625215752130984E-17  0.21686157667032746  1.7472953142942276  0.9206005920631806  
1.3353137106428925  0.8200276494878932  1.300879036233399  0.9736271873121358  1.1603034059144752  1.0399872944081623  
6.457846105475616  3.978212113813953  0.004513326446392216  0.5304162565520817  1.499374301432918  0.6526806431349295  
3.572897612897985  5.5597964330986365  2.540019269845976E-66  0.15153803994124362  1.7246619093146727  0.6036617000322643  
4.468769198531894  2.2707242499128757  0.3397108662748987  1.3238207263406572  0.7577592464171072  1.1296146049574243  
5.585453413399657  4.604377692874889  1.0785727485328159E-39  0.5649129808864958  1.4166321643023656  0.627234990340063  
3.042328906518432  6.1818951154784685  1.5191991707444963  0.8653709684328174  0.43752705479229914  1.1763128813913653  
4.811157159758227  4.032063743150804  2.197661763586036  3.7043011453021565E-24  2.2527489140567636  1.0954364614936858  
1.3940271463938023  1.1708887274542004  6.06758376227991  9.340600075566048E-43  3.299251514359989  4.809662665430366  
8.029374521339584  3.2420507977651365  3.173991575936094  1.2469578924544584  9.980176543377778E-45  3.513794064606725  
3.01246855347599  1.2309488968460958  8.137244443537771E-72  1.1874857701565895  3.5345798021329755  2.8246759703338866  
