4.102332544224145  1.8645151977461494  4.829727055250638  3.1723620181108294  5.416511749178665  1.4446065758743751  
3.869074792998875  3.2743885131065613  4.2321952032354035  2.9121777770901227  3.250483134985549  2.8916527462319817  
4.656959368253491  2.8536274823203827  1.9332434761169766  0.2781648432921446  2.6725626743105204  3.9126002840148297  
3.950851306433939  3.4172926727361133  1.2186191221917664  5.05722036069537  5.39635773599506  1.2178787663432697  
3.917851608519139  3.03865590595787  1.2049905482629573  3.8455074233895963  4.086093562900877  2.7255187857311083  
4.13243226724627  0.8474519886588904  3.9547323789443234  3.6350413600592675  5.020037174594202  2.7016660573671585  
3.987763514885087  2.9742182807154713  3.6260409080118454  4.1562421417286135  1.0420040646672513  2.5482846168090987  
5.464055766122434  3.156014817086582  5.11423837408335  1.7483257428212589  4.103039704752971  2.938755622489832  
5.362133391051934  2.701401942091131  3.9651933688999783  3.2115976368049997  3.7495383385848338  1.2474366660324046  
3.9166184786847835  1.6663724833816258  0.9256144592350248  3.348095034211735  5.478595234501921  3.620638924031307  
5.784696173636854  2.577387778504311  2.597033682445053  3.3463420471926706  4.861931458324385  0.41766207240638975  
3.105804996630431  2.9223470444404236  3.255029307890991E-11  5.3567426137192715  4.622601599064929  1.385875077640191  
3.361801973856869  4.343668078041584  3.449386686269792  1.8332763628242552  4.596672027916397  2.3902302530291757  
2.7838642967891314  3.2120658528120662  4.1106102113073835  4.6248572430655495  3.5854824824908573  2.7538176144072466  
5.034934100386077  4.405815606064229  3.736686255252519  3.9651012807883794  0.11485979820274553  1.8096028940493678  
4.93909694647854  2.345501870495455  3.7188596572306842  5.644170068204685  4.436291894982953  2.298632147525431  
4.77424364774832  3.8753365595430758  3.67889323718351  3.122653777034717  4.660438261417758  1.7531869558841373  
4.606013406536354  3.1657059517675323  4.8162575044822376  4.106964701996192  4.592939551184559  1.6127801691805048  
3.876020595271471  4.983590089914715  4.272259177867487  4.275469021282342  2.8639488814426644  0.25679657011461604  
4.042280072269699  1.1964736950625783  6.321729575543661  3.054282354893378  1.5872491608486416  2.1276559205186483  
5.4176212269352755  4.902038769414286  3.501888964510298  3.2932989726794175  0.9926840990532789  0.46908276044128244  
2.1665812607999246  4.1766827408339  2.9694436902278887  5.314077997205039  4.461367678068265  2.2830608015736176  
4.301467120885819  4.321510508889233  3.012790816690334  3.9542428180602682  4.4925353957210525  1.1700767736616768E-64  
5.883168537404156  1.5788359564422996  5.368989164940348  2.5279205442178125  4.692278013715263  1.0639102675720493  
6.292964299075379  2.9763897291860033  4.75836290504856  1.055899847930705  4.6465950510924054  1.5416320517288367  
3.73925950240201  3.461221309485999  2.2197658695720413  3.490816158197064  4.73861357852546  3.0218375458752407  
4.102073528178026  1.7479297094125075  1.58084205629642E-10  5.587382055275888  5.58626063824313  1.346529469387475  
1.926387055266695  1.3027890475558621  1.1326730709198265  2.0250983766244675  5.655364256943337  5.442662864457181  
2.7482645450409194E-9  4.47108154003643  2.0223239904234  4.4138514909234905  1.8547927906485069  3.021484254581483  
4.245669763755334  2.680332238834715  3.7277724353700514  3.281810936580606  5.080190004930091  1.4775101125439636  
0.2482554465996967  6.731772911373395  1.3184838940471175E-11  1.6137368973801467  1.3625465797552216  3.823477045772472  
3.6329026733681444  1.7258329596189368  4.601002644100348E-13  0.5242032238636357  4.100530213376529  0.5990792556636929  
3.847910026188944E-12  3.8806925277085527  3.237467346695966  4.596724551198238  4.289972023017738  2.3531862686491003  
3.2990197769826763  1.1629172234382896  4.777714700793729  2.0009242712041218  2.6786109005839003  4.320401991509019  
5.874801138362603  2.960670301844749  4.658614021164471  0.33994881959202405  2.469951506462577E-7  3.441021325602865  
5.519565060404181  0.04314809650923897  4.00833859462073  2.61043957797511  4.813916190076241  2.9858027790635293  
4.713767260586454  3.0072852235285814  4.9918649723910065  2.88784866931105  5.162499717451298  2.5977082373369877  
4.078005632330395  1.148716215473194  2.4684254391352454  4.7874405909296085  4.9109547832102365  1.7076309411953667  
4.569318569921217  3.600188874499657  4.086431596315767  5.8714160442881855  3.8086505300424807  1.3063635847804825E-21  
1.452171463364497  7.101875353026543  3.462812940031625  2.61847218129001  2.114182894933865  1.2121556027907772  
3.928432885876767  2.9444919495598385  5.388267639271026  0.6411439611715305  4.625265659591138  3.8174286435516875  
2.064470501638447  2.775232185241661  0.06448238317223276  4.165048098635413  1.832308560178073  5.856301290807472  
3.415599904299372  0.685344972175561  6.441695960183722  3.720373644743387  3.9326215531863104E-10  2.9006484234134846  
3.4379823144070905  2.658645683094632  4.917542534620635  1.2872588885313088  4.091112217972167  4.825007584974375  
0.7830283146399373  2.6729006708233993  4.709363648198904  4.218032406031554  2.846452042181017  7.002859832139381  
2.0048146423928515  6.231773060787324E-9  4.614565547315342  1.9855650648396421  6.6771053406091605  1.489355780514937E-23  
0.21935585921740305  2.050847375419178  6.585251732427336  1.27198333325242E-6  3.307665224457539  1.8171604558398577  
9.971331744686987E-21  0.15493714678865106  2.527572807239099  4.405268479292919  2.4408320694069214  4.12473461496161  
4.190715496435715  3.834811236087618  1.6517070778872407  0.2542818980195339  3.860114663668385  3.9664512425698626  
0.023746077736849742  7.340593100347403  2.8288127586403182  3.9414126922205073  0.31940002870643047  2.7434589926992667  
0.5002667259128778  3.9856768875003654  3.8911054662870597  2.014714915521128  1.3203928329349646  1.1552312485867506  
5.974893417115338  3.704130380056851  2.021469297905183  3.3506982767161895  4.038504644208379  1.505064635938158  
0.9902072183988246  0.27774776262166423  6.5112083310190085  1.0011714095492348  1.9758816439783171  0.9170188895012927  
1.7797528482222535  7.524467188882424  2.727444901529607  2.9357102080802506  0.1284092097630606  0.04314671938349497  
6.342894698444901  2.327105101066721  4.270853809343623  3.820844856005583  3.9980929736129003  0.8438955413392191  
2.926562378035745  2.273966700420055  5.778793094342048  6.909753247658692E-8  6.207081539460356  1.4237919664636232E-6  
0.9644682132818696  6.683797297425394  2.4766925325177627  0.5411961505992793  1.3766456834377316  0.6154720081711057  
1.5317115162484858  4.616008853991116  5.179184818988396  1.0359957417144863  4.0955559105658335  4.137355953229726E-25  
3.565920742392409  4.058850843424017  3.082972828102077  2.5789417985646907  4.061810771465736  1.7758342867043015  
2.979602742241013  5.4477401015102185  4.1820998361278607E-7  1.156317297798662  1.709027126440959  4.73201821357416  
3.129324981589729  3.8715755417643583  5.019664630390625  3.214596888354279  3.597122382932316  1.6157687489988488  
0.9959126348353963  8.290506539245085  1.941124609366113  2.047467488189772  3.723851605097904E-17  1.416917557047956  
2.644976869521459  0.8313289582141077  1.5444577233122534  4.010846407796359  6.496159617513415  2.3042730212852858  
1.130406210956479E-8  2.28550678855031  1.123031506633404  4.495239434810348  5.4213419462707195  4.775270023022646  
2.1195335291507376  2.8360036839066463  1.830818639927152E-42  1.3572526305380657  4.5344759870351865  5.064386344317878  
1.2312251351223205  4.211977910574837  2.8150806828398367  4.467409865513374  4.7839476839535955  2.2463296111719464E-6  
1.8617604429548287  5.9882095749322755  4.404337555666071  1.3365892057535926E-4  4.793474899394099  1.8476402807943069  
1.8414954927817562E-11  4.904839368612953  0.3247992420946377  2.9299360397528607  0.34663488365318584  4.976031316147672  
1.1005768677653023  3.1087382088122086  1.3279829358466226  1.1270819775606846  0.37720696181949565  1.7056612892455554  
5.497953975683301  0.946945635087332  2.475668396806351E-10  0.5393455099860184  3.2724771684440643  1.1555083393802084  
4.472423755142798  5.697302779934763  3.009186988115537  1.6137991271956584  2.8385374522495948  3.1032620579398142  
5.965951928311673  3.339380700065516  1.3144027424757716  1.4494064331560035  1.8449724206591365  3.0370979713849855  
3.751102861326236  5.188254568449258  2.5931162642010155  6.482742683323728E-19  4.916727983518228  4.001145047144884E-10  
4.1460229843288365  4.96051491365367  3.4134127029814954  0.434635737358707  1.057482289382392E-14  2.9464577643565844  
0.027027493537757685  4.916674978863372E-13  3.2447517967341724  5.014820750067333  6.555623786698224  1.545639448780215  
6.173843996992369  3.7517344177247787  4.233985681986434  0.0012355389190079771  2.519550541833575  2.781228771947889  
6.5291103988825165  1.5228567480197028  4.2437650800247155  2.7629473073707307  1.4338070410247814  2.2143317890462098  
6.284617507150352  4.13620784651194  2.555525261891586  0.29338765376815457  0.6797680689163682  0.25504182297596567  
6.093244945079667  2.85391023684632  5.423103067264275  4.792448983213317  2.2136371942551567  0.39224693014553286  
3.8164426145793624  4.537591631097008  3.288501941663538  4.78766171071552  4.499035355074994  3.280033467960327  
3.7232180617198236  5.546503523732998  3.5523336430375667  0.5893900364544  0.7790893274553523  3.4192581248147875  
4.3534458808189544  1.8412011833395139  4.165803678847873  2.6671686189496486E-5  3.532424267659951  0.24172387781299737  
1.434606191574207  4.310934812780273  4.126849614131197  4.076639536609488  4.427357482510918  7.013080266469165E-8  
2.798774341641884  3.836676755815722  3.6341064419075866  5.15949507188186  4.566957030601246  0.51315326053243  
0.46972393778251964  5.662053341519552  4.445380286702453  0.373397043017521  2.9389287349840623  1.0562424353084061  
3.39265466792927  3.9059010432944787  1.0948430101007316  0.24062423700862934  4.575497277723578  4.815563419688228  
2.362825276617496  5.316099718587582  2.718211066560911  0.19188558171489656  4.845206472000819  1.137469778839373  
0.8800284524772826  7.950036290593235  0.0071746381658274625  4.5779542836124785  0.7396859597530565  2.791924559732442  
1.2273127525055834  3.9423789373190847  1.8659384305415265  1.1254709322439078  1.3238386587845368  3.0508703061079707  
5.258000311733064  3.8257684834955024  4.86151831506374  2.0506510703734397  2.370456137238968E-4  0.7283218721986662  
6.389088068872504  2.468680184998892  5.217298664490354  2.9684561326191727  4.819433245943514  0.7022759774223685  
1.3406061009002113  3.119103475189128  5.1717037091731095  1.4232428725468236  5.493470005595887  4.214645991709232  
6.609217903904783  7.2567760616842965E-22  3.541762645432659  1.3550307134532586E-6  2.1088175334967945  1.6045257144106964  
1.3758300601896252  3.682550995355641  2.564892123571851  0.8201148556975609  1.1763172310779832  1.4433182264701334  
0.3954753665072918  5.479577403471799  3.6450574201777415  0.1746010772329717  5.05038801029706  1.4679940754116936  
2.253111043794683  5.874435927459562  0.586851473819874  1.3006520104066484  0.7882316270308185  0.7844015798547584  
3.322014208290453E-5  2.22930294731178  3.0762536367458075  4.391625178793119  1.0268896817921256  4.530174965142106  
3.135392483534097  4.028647059100856  2.7604676471791167  0.8578188117192438  5.574107506960544  9.463882922124885E-42  
0.7662786754000263  2.71796283171698  2.041933122133487  1.0157202646637267  0.5590033179914344  2.32106965109129  
5.6038851841007356  4.363280156609716E-32  1.4702968524991438  0.24844705028581246  3.3504992410060104  3.305450144692446  
2.184155550575104  7.89503355829327  2.0739712328936624  4.164377117475113  1.048235721240816  1.0577465167763384E-19  
0.6707201162799035  1.4101869565304725  1.1533507420990163  1.0902708517736375  1.01795532811195  1.3157747715419068  
1.9536906592966776  1.7360901476319346  6.282015657250145  0.253657946861292  0.3938881935738244  2.90540097884319  
1.2682915677482414  4.4582853823659425  4.975654156258422  0.6128933792810811  2.7029567431579637E-18  0.6477492521905087  
4.593717051330691  2.8677917142391323  3.6330421689981947  3.3937433946304285  1.5099471539130702  3.2705483738992593  
0.5656916004405956  2.968510986433803  3.808405733881056  0.1623223154428763  4.825419044497115  1.24759844487754  
1.880523111229105  0.15716170807564758  5.2122911654360395  2.454666945907315  1.415710380950956  0.7063572238603085  
1.3450467259485601  2.2474340116625187  2.275440373227265  0.8416372615959661  1.3764242147487635  1.6913282063175643  
1.6162879470215257  6.225249480573498  2.3629709212430097  3.8670621979225905  1.2009376178241913  2.2123914134568046  
2.8787533209744196  7.542070380473571  1.6244678587637678  2.4472467269019282  4.32006747909306  0.3922058960311913  
5.163422962125632  3.73814215119219  0.8104299135640706  3.0059353608382606  4.6038426865283615  3.247115923483802  
1.8062505557965884  4.450608187540558  3.7098055832435635  0.013808349285369097  4.639920374975945  1.815814329338289  
1.0701605369295206  2.5228742998179547  0.8090187999683297  1.2951421710126125  1.3108895026474157  2.3811952789258726  
1.8374046284624994  5.179789792609242  3.8481093752675424  0.35946985133266895  1.2565990618433367  0.004932604826151265  
3.165033199511487  0.013357274924104167  3.5607592162135764  0.0023156489993725157  5.262342119109259  4.9819611150490495  
2.796476528661262  0.9727711975072295  7.72780637893928  1.3786021421910342  1.0615416611179098  0.04875357769111715  
1.3311106557373817  4.031360609223447  5.864355029010478  2.975150682372498  4.693605986922347  0.08382853976033058  
2.7830308908003882  5.7537394242976445  3.310534527494858  1.3905575059000094E-38  3.122854964806637  0.5066222212173949  
1.0676839296199516  3.810300462802627  2.2959315745717457  3.2860263365651696  0.5159697093788798  4.537894065928898  
0.8384745904945166  3.4794795579045226  2.185388345279322  3.422742622220004  4.761734525691354  2.619343707678886  
0.022037219114151376  1.6012244689080415  1.0869810891462655  0.8032638554475373  3.5854412186747675  4.183655067355288  
1.1013148175099545  2.033198251686387  1.2095284222745868  0.9371019945998487  1.8694341887420463  2.677830027658382  
0.16804442293257815  5.740165080206691  3.3166668515509707  4.054466078928849  0.7835216588485344  1.5575943682143798  
4.642015603421948  2.8818573241519867  2.5990806449395083  1.4941812588696486  5.217761750082657  2.9882752943835738  
3.4564817525216054E-4  4.284155931470387  5.171426462472671E-4  1.0744347309730387  4.860498184373626  4.4240867369828205  
3.20332563068857E-8  7.028321587327116E-9  3.0867997316257667  6.516990012452938  2.221215145443416  4.04518797846867  
1.5280262550432144  3.123880256101965  1.1057767021906226  0.6238683404525902  4.978830125759374  4.903615967064354  
0.18319643481734846  1.9012283444628957  1.9872642998422745  2.8881362323856847  1.7776724506323227  3.3196218525412706  
0.4620194468252855  3.7459032690227505  0.531415960176078  3.70977492575407  4.744045975849019  2.691571702777076  
1.7029428899378698  7.697964414302173  1.985618487010736E-7  2.0049625897006593  1.380567468183606E-16  2.2844580095159013  
1.5867112023621095  2.6243456244535492  5.940965895591332  1.0401405270437228E-46  1.798745131621503  2.2560321190827906  
1.6998976686903373  4.450301510562685  1.767709701496032  0.9134424767237803  1.9220608642733426  1.4006814633018847  
0.6708313648906092  3.4817212151402273  2.2539063301214988  0.9460118392218761  0.8644263710467397  2.946670412280007  
1.1405639359074708  4.005752337501277  2.069110297584502  1.0628394626509392  1.0658126532321248  1.0230419120319092  
1.797806977209722  4.843341737787988  2.4637148239700606  1.2332111339689458  1.724867560479381  2.1877116783791126  
2.022935441844808  2.7300951325885685  1.0110394867736128  1.0985993299816468  0.2471929218229433  3.2018372792100025  
3.7791803708520084  0.9620083023079936  1.0258207514038755E-6  0.7714895011097074  2.704790974528804  1.3100438918534345  
3.998679906263535  3.673107875324275  2.490117090933183  5.509639477527775  3.05068153451614  2.7399859529337247  
2.2444490399346537  6.752398355497412  2.2232946255031685  5.071904189828649  0.7682972849597623  3.654644621242881E-8  
3.3545106043601747  4.374362522538768  1.141026596321785  0.5859613980488212  2.5362745121549137  0.2423347241805655  
3.7599155242184006  0.5622538756745998  4.050276922743521  0.3030563746780536  0.653014725157204  3.9772388178118607  
4.048052440400401  1.0560680496263068  1.3819546373706766  0.9098483466957171  0.30231697409987246  2.8505975171832785  
1.1564589792577191  4.837134090678435  2.912863109221365  0.7265171134748477  0.9620250676940529  2.267883422170902  
1.71604665883689  4.100735537422054  0.8118286857644028  0.5132447747137368  4.867281870449736  2.026656749172569  
1.1362588695095868  2.5176387719663476  4.386866957560567  0.12153232601846167  3.6833682285462332  2.4089535521517265  
5.799024309183288  1.6993135199896602E-15  5.065788852884593  1.364082356768218E-5  3.0059704724466734  3.258411115174634  
5.547649301834727  0.6408149282735449  4.773829956689344  2.881036779935729  3.4543237690455495  3.7370481173022054  
5.942256340677757  2.997370184949538  1.2369359083997316  1.397255387300837  0.7219477870923754  0.5158102061532911  
4.18056458691259  2.7302624191209413  2.4714149870511823  0.47275560316614884  0.7800785413623473  2.724835152498772  
5.195556382549742  2.564470922866315  5.216800856158612  5.71636305154721  1.2660654510280656  2.2409110351843413  
1.3423691670859432  8.09009026553349  0.8433324172543268  4.12752790926761  1.5028875729668063  1.5094884757163244E-8  
3.851140339286678  2.9575350034577195  2.6512239339486627  6.052168503211735  3.9206777532488566  2.668978424669237  
1.4366060992441758  5.124144253809624  1.0342780052913003  1.3754795729772786  0.5826841742231189  2.7498995089694325  
4.025454309977062  3.4089060780239775  4.701569935927516  0.12726639372280057  7.073170357082213E-59  2.6743962289756897  
1.5531528778670574  7.561255213381518  2.1501383453347302  0.6700074270730064  1.360717435003956  0.0677454905076755  
4.8758716257517465  5.885038470182736E-37  6.071033124008843  3.5800456304770814  4.646345636232606  6.959206536952004E-5  
0.6390389297006475  1.3236548657361473  0.735957481707779  1.1489952129306193  1.2637757811852526  1.743022751058307  
2.3046661569346982  5.008977517184299  2.5940524811239776  5.076615537475545  4.244188742552954  0.20339650208970902  
0.6018581115486513  5.228953823475985  2.7429746091592446  5.861304406002058  0.7101185225545016  2.945121359604531  
6.453461044474837  2.28268511749781  3.462744823389365  2.2349424050991655  3.5450841409190854  6.22074990758617E-5  
4.285125420042312  3.5861156794864844  4.875045976251585  3.547873146136387  1.770438589423539  0.7593699811243085  
4.667294433660984  5.261694349670869  3.0405244125285487  0.21548014594766396  3.032075500909291  3.286087874700401  
1.0680909329284538  3.3535080210706645  2.06326925976511  0.868672960775222  1.4978912769980737  2.0513404878887216  
3.7811862922281807  4.528567305181563  3.7846052997843485  3.5395549981997614  2.6872823165992616  8.542510710537272E-4  
3.6627527820943078  6.568113158292163  2.697976690293475  0.5668569044814558  0.9250839946929337  1.0100036431188835  
3.071342781129057  4.2988819160936025  1.1496141223515133  4.770189080987317  3.0507554708161106  2.0991547662784766  
1.25567272244967  3.5281469735753905  1.8147096154921016  0.9431841819839111  1.0837743985349575  2.2657904794269044  
1.2325782579803695  3.776729069025266  2.098574776208913  0.9459669603881101  1.7379997184098663  1.3779081176519952  
4.380009780189898  2.2583781835966636  5.273291542950138  1.690682595041315  2.577333076583762E-44  1.8792443035996307  
1.6381344502901913  3.0621581387044743  2.176793162242189  1.240289795051199  1.4385665479506957  2.621988474587785  
0.10294607218671097  0.7660494451621014  1.1515405073196985  3.9184344546249417  2.5357819395439507  2.6890506258932563  
5.859489564725898  0.39520045546039706  6.721198906502678  1.3039889898360217  0.5643087960218085  1.3591947425606463  
4.287777906370594  6.869487312929529E-22  6.381693195520806  4.695852323439096E-8  2.8417099729794555  4.83938378934224  
1.8387009830615257  4.551684233854128  2.7924416722868175  1.2091138261501695  2.0776372046688754  3.1119358748216084  
0.6859105617422966  1.3083016283943558  0.8570088964918471  1.1138765015239736  1.0841798906198783  1.326483864346213  
8.06871341032794E-16  3.740583588946626  4.5981439273289  6.139846498899632  4.066682513019343  1.828469082259537  
0.6251336565651756  3.3926892942562383  1.682125156733541  0.8982561687938302  1.9445635374581949  2.052961590405968  
6.662617354970756  1.290626903318034E-17  5.02329566906203  8.557866845065562E-30  4.018175024993384  1.5688376337329095  
1.182084162971647  2.8005897043867263  2.974130777908289  0.7748175763198548  1.131865130410865  2.247961287044856  
0.9640445771005062  1.1363953488727  0.9133104778915562  1.1103842805256097  0.8488383809307862  1.908854505692736  
1.9423904456553567  3.7372668857069806  1.7868682608011806  0.8807368657553737  1.171628750797497  2.5413457524706007  
0.40970653789377565  2.6973929722896055  2.126742267548741  2.130081326383506  2.8595838395418838  1.7322061604116525  
2.408534982135134  2.4530163619003904E-15  4.448978718949118  2.620091604512723  1.7454424171181029  0.5074770535857915  
0.835232146069073  0.7180916102970389  5.43719131070198  0.06215935808171741  2.7279401378401484  1.0890465786613324  
1.2152488079263757  4.963165065031874  1.1501199612381674  3.3979870366118785  7.104942747376818E-5  3.651646434752885  
1.0024657968655262  2.7983012027557512  2.2792780392171714  0.895338899405706  1.1430871288303157  1.668793205037149  
3.693147885586368  5.363768489094125  4.547435939591865  0.19263504281861601  3.7247157043343613  0.9035219461039142  
0.6933134266414527  2.1049721849868592  0.7928988601672583  1.0695311587724763  1.6333607170385127  2.1416106205513077  
1.0951679668968228  4.160747543117992  2.214522525390949  0.9172297859157147  0.9779667634974216  1.4844465791803474  
0.9869749473348466  2.3976684162054083  1.74201190375654  0.8629075863659001  1.9248389817104874  2.6237265079049297  
3.1074489674110413  4.087563273642112E-37  2.8020876666489842  0.013278290444294943  4.192644895837516  1.3877311485527475  
1.5019574695298425  3.5422348962477996  1.9301401593425533  0.8404761369140737  1.6873999227037741  0.8831585328698073  
1.3766379999269107  3.4527920257769087  0.6988689119717258  1.0519745292350584  1.4796948289918457  1.7628979603536807  
4.926164691103262  6.239672413042672  1.8736181019672824  5.399152321164067  3.332415199337526E-4  1.694136522490931  
0.9706843231636357  3.4342979776189546  1.5359402069655876  1.412306878055247  2.9313795132385607  0.98120805557341  
0.6111324194401978  2.750120805758906  2.0730187205146913  0.9901544785085294  0.8673958672262098  1.3808753249673194  
0.8400472348561607  2.489441434430607  1.989705591426926  1.036038493258167  1.4172267960200007  0.9764872865218621  
0.7521105416497089  4.204276064018531  3.749891929528345  1.3809493546466398  2.5510632106306537E-7  1.0733524817710516  
4.7607060749911465  3.873654171185115  2.689169357089362  3.738897993089128  0.5321254562094399  2.851141553336548  
6.25836201012578  4.140150333147945  2.8674900051231735  1.30169915842074  3.2234108506363888  0.38913557233074025  
0.8765764987377094  3.101767467277247  4.732898122338044  1.5238906796028202  5.226215942238996  0.7651700642396585  
1.3056426577949436  0.7531034003520686  2.4051276363630625  1.3907905235857745  0.7888437272927123  1.5157457543212267  
1.302852684762682  3.4342774798099835  1.5614961351026402  0.9441263813204939  1.4253553400619887  0.824610147341772  
0.8403033013592076  2.972031206939915  1.4010247173227481  1.0825082412411688  0.7886762965227085  1.6979274007584433  
1.3045944803364584  2.9163425884242815  2.6944135426189604  0.7712684565852184  1.392223517288642  2.2904017304842506  
1.5425902258853028  4.222224817700694  2.2482763634734173  1.0071418900585511  1.4970299979576882  1.185011017445188  
1.1933825527642477  2.6169689054641463  2.2848279754039718  1.2065184883518811  0.7805120502911814  1.767404735476189  
0.8890435475556409  1.0952404381826482  1.449077442215406  1.0423723621172136  0.9118591405793367  1.4917027723224388  
0.9961765894563656  1.3748466872898266  1.314704153268706  1.0803411998842802  0.7702917366785985  2.082603677974628  
0.6971910935997356  3.6441037083136396  1.3820720226165808  0.9440547876020401  1.9170269774479252  1.6685417791681587  
0.8492034093420611  3.945714212133996  4.946521453663167  0.3104452157935651  2.052719804192235  0.6961793282710863  
2.6594336638433047  8.21058289765968  0.5737528392056911  1.579939274440221  0.7675107674018529  1.1040507023704842  
3.985554245540709E-15  1.743792558745924  1.052277318924161  4.8476215930453534  2.860980226010174  4.3108484393677795  
0.11476756877380406  6.995983255584941  3.682177111615255  1.3978090691126979  2.3800206795803952E-4  1.8844304043124467  
0.09144125325767541  0.0021238373827214977  2.333272447784403  3.632025248598578  5.624397182766928  2.0939630678224685  
1.6244087599309374  8.682912665470903  0.7731470641423547  0.43946302610252624  2.9933262425481724  2.5973378219174916E-57  
4.879570603488658  3.816137896321148  2.062342801404858  2.679036440169423  3.2121951912015443  3.026447733791566  
5.1528307454496804  5.111410756904365  5.5576518418666025E-12  0.19604416400013358  4.55696825902092  3.043059893179791  
3.412477499464609  3.6087863113553182  4.886057329111632  4.920120904290851E-11  5.620200061495525  0.06474994225347099  
0.1261821844667421  3.2412500559718325  0.29831485077774655  1.302026238473807  1.6397692227591254  1.8678607690501203  
1.8572318860034829  4.538981137092932  4.8634583415095936  0.32068678992891486  0.5243486406204791  0.6444087970901168  
2.597929319444577  4.762631459742938  2.5775881716113853E-18  1.3593711488357467  0.012856956104715135  5.097435750073202  
1.2122864742208241  2.913722509978515  2.168218108167408  1.056015180048812  1.089691544598827  1.7818232622454195  
1.5855168588794353  3.6255088094191845  1.2276563956321584  0.9053848922075683  1.8376251315174787  2.220508223161095  
1.8479519949455316  3.3799879664041903  5.372550530497323  0.20153157911445682  1.0018668858541877  3.2204140901227794E-15  
1.562545472904495  2.5785042715868123  1.5383415109077299  0.9556987998208692  1.2322214859115317  1.3451452438284095  
1.009368981141968  1.7714004162831696  1.1736859377315743  0.9987243657519767  1.594978199558466  1.951836413890638  
1.3003831584124828  6.151302501257462  2.863963834032291  2.8951333183875914  4.155826677511146  8.626439960461522E-4  
0.7798562687949746  1.3423610381857822  3.9464723415114347  0.6180927168757494  0.6999490635860686  4.406140884450955  
2.4092403228887624  5.006348043892553  2.552182554093097  2.875228758819665  4.575837440416742  1.263583963203879  
3.1211948770826807  2.316841274680405  1.5207581150127596  4.133806225711791  4.531538029610015E-14  4.81969524031273  
5.354293287118087  0.1480961322151434  6.867797757357827  2.9949963776940995  2.50489288552507  1.158782326257206  
2.2200875500191817  1.5836084275431271E-21  3.1103243735947452  0.03753247427457927  4.718638473898316  2.7727458027460425  
0.9739167346937858  3.2052828824121495  1.5846444616231667  0.9105427905814071  1.7622540115687837  2.3236455404237613  
3.0708693660083717  2.8395592423907567  1.047066475961331  1.4381862502498892  0.5931973635537707  1.0449476611609114  
0.9442478191795126  1.8871426412572745  1.5207515548628383  3.9241722527482197  1.6080495952700318  1.8677735205843402  
0.24759333369623618  3.991118131350419  4.295561482219198  4.424012575633186  0.002285299085470054  2.2613611437901877  
0.002738516080703316  5.4763298302280585  2.7424123060581052E-18  2.497335379974777  1.778653818983622  3.859635260115542  
2.3292564605541286  6.676703785500477  0.9632091883707271  1.849240974841685  2.7770043945278005  1.1345032054146509E-7  
0.9584572622188932  5.631328642777828  1.0238997823088023  1.0683238684364096  4.44258112153574  2.972212152609972  
0.9712955018185463  3.767638207090983  1.2321312525277732  0.9858091374350458  1.5976810693661825  1.8303978332114033  
0.9511571785902301  1.7094532127819657  2.740850275133441  0.7974270510647943  1.3758732541787653  2.3192112890108856  
1.8809861447030125  4.336891068927194  1.5330390125170632  1.0580788410126472  1.361030434219366  1.2272156431907784  
1.123321213245804E-5  0.03383473328165379  3.065984133678857  6.133995145005146  2.949986379279215  3.7895605456964305  
2.3330514674634037  5.047591042776165  2.692859089750047E-7  0.599444661156854  4.9529879097794085  0.7977759261221528  
0.0429924475728233  1.5575636489087592  5.981294089799712  0.0033271780197552353  4.566976224340463  2.1499047099096296  
1.0793446078644702  3.676253347379575  2.1411551362215024  1.0162587188707666  0.8182485015730143  2.2966635909775315  
2.949178989955726E-8  2.556327365715719  1.0071751621924933E-11  3.8762810780256536  5.771478986014442  3.0486104100969738  
1.0819716564150914  1.8861897661894018  2.977257825816626  1.0955793910789433  0.8614366686036585  2.1349630900330703  
2.1688673367824913  5.147542459675713  0.7588574470727462  3.908279549335046  1.7612812215610856  1.5736812005528726  
1.556966000698868  6.577056682819162E-10  4.884269434318094  0.16529234747288257  2.164883981570783  4.5016135164916715  
1.3470473582804527  5.946815695264542  4.316332229429501  0.2743935507670986  0.267141760905225  0.587064596566679  
0.9187770713411869  3.073662480018285  2.880573841789252  1.1465130985739773  0.22889600070683896  1.1436848515359865  
0.7622329725764138  3.9891679808327507  1.8748115329889632  1.2960479054744447  1.546154843136861  2.3867208457659097  
4.698834370550993E-20  6.1497060968839925  1.1265891857603102E-10  1.306787029380644  2.5466788084438603  1.9192858093452192  
0.7467191413135605  1.1323965808569607  0.8010594348643968  1.102984494186129  1.1127166194966698  1.3015159082020238  
0.1516113582542655  4.330814045514393  1.7221182065138128  2.753811724607268  0.03880423344063611  4.362896541764736  
1.7952408169944023  4.294396098692176  2.838000394673194  1.222792082358484  1.3357063454434372  2.2548772829012864  
0.8945245048513144  1.4727373608343115  1.9739564475427336  0.982172537776401  0.8284383896794797  2.2419043623852972  
0.7452483319949601  3.4260287575213364  1.2480334039320213  0.9664463122840513  1.8712841645463318  1.3928220692407611  
0.7835465067050524  1.7056116803259376  0.7471313288730459  1.1487967632589409  1.094864272745829  1.3054153463960345  
1.5704241056798558  2.8393921482286055  1.6519192995385024  0.9722076609846112  0.847731141924418  2.765641033478314  
3.3285665919816587  2.056876279082688  0.026907458706961342  0.5390992998626767  4.479126606153915  0.6323881729481557  
5.7977496017336225  3.904423732961626  3.5071489266979983  3.2319089560255954  0.8964547400195172  2.3982501581866815  
2.958772233363542  5.652631087648503  0.12027290777730303  4.153239391566288  2.5215246571841816  0.9150622809751069  
2.4114090521342537  3.4904012202192494  0.7299179108621088  0.7507492871608004  2.803674452130467  0.3427245910952984  
2.996480453421501  4.137509685365034  1.0572939465959357  1.6071872648006935  0.8406281347310143  1.6668344894808014  
1.8653864314016517  1.4420104828842881  5.716882611026582  1.674327625363021  3.990544466049713  3.6306143995854185  
5.8321163780687835  5.178969508706112  4.306484284482726E-19  1.6927672347879572  9.565882752579307E-24  2.990556522521215  
0.5416545590636241  2.4523517258326297  1.5129847377790144  1.0301949414844684  1.2171266172193764  1.9928674145964518  
3.5742829358956705  1.521157580438006E-6  0.7247248003445094  0.9083705639491453  0.8507209883339656  3.342745274402621  
1.9045835715781825  5.02919494516956  2.5940536538944627  0.7623861374750024  0.6905342442863003  1.370563043071816  
1.2916762830773227  1.9947555807321669  1.401053313675464  1.1054145203049732  0.3508009304897307  1.6620066152952644  
1.216751994790562  3.680332678092616  0.03594548950634125  0.6553902285026443  5.001135555056351  0.3339718844322293  
0.45214838054747764  1.3814726774587351  2.9659139009952216  0.49047942223102087  2.8541995130661855  1.587775127270382  
2.439448146262328  3.5868963542166727  3.248702989838302  0.771067955199922  2.678380334353969  2.9144613826794967  
4.174937220225247  5.013368549949109  4.535601641320876E-6  1.8365209024635858  1.2936964254953705E-18  5.72526996789732  
5.842925294731683  3.5125017894572306  3.6459167251707556  2.937426782277603  1.2133326699108447  0.27811349058495216  
3.575923772193519  4.793215532559598  1.2263451797585077  1.036743517480907  1.5770641306077493  2.8016684492420514  
5.750579654030021  4.60716708240667  4.8560414613328255E-28  0.9964928662789495  0.008333619795247467  1.648507169403446  
4.412456599007478  2.0677891752719306  3.348000009951624  0.4228163786083259  0.011139360545680687  2.361669188582  
1.0312808162394773  3.318750113643211  0.6185639900690241  1.1290002188885386  1.3792367363534093  1.379968966491035  
8.384447463324024E-9  3.7016601425795015  0.8073946900072613  2.9089722276473484  2.559521105715104  2.494960394895728  
5.081692069696938  3.882779215298014  4.285799184432591  5.470817348494122  2.533723301714013E-7  1.8917349934561656  
3.5680559296875463  2.439411504663151  6.4475795005323615  1.6982803902249834  3.5709786326877238  2.536633031820492E-6  
1.6935340247242607  2.4174374684862303  2.3162353965171993  4.641400222422222  3.384720537118248  2.9162603724050613  
0.3397722924026915  2.487544103105697  1.278209901329779  2.252846099036169  0.6536726261994952  3.8562461986681926  
0.48983053327949383  4.731016155465296  2.171431318533069  2.969073139107385  3.322969621232937E-5  3.6399534188894505  
1.0268120922025736  5.297560659030701  4.043631264873741  0.6757930790896259  1.050991291848636E-7  0.745416849510891  
4.999428933419034  3.4398579687380346  1.3320350551299167  4.198136581688288  1.6707198050947971  0.43955120088736854  
0.47498700661229987  7.102171446616207  2.975876453887224  1.9404035340058192  1.6231879653211066E-28  1.6155421435658226  
4.309514594620493  3.179977749956022E-30  6.067883581750935  3.572781286090293  5.0871787046511345  0.4006231874841168  
0.7358445294502006  2.9903257363143694  1.1429837776479979  1.0390736049035778  1.432679525036434  2.032606660582829  
2.1704164371589387  5.23000233418654  2.6571818782468113  4.438610226848009  4.176330242069896  1.490944093026873E-19  
0.9130076584603292  6.504438261069226  1.715706808044142E-8  2.1809398085283624  0.0827338897154345  4.353570633688286  
0.8316510910742916  5.586397721042157  3.472138806662169E-10  5.947457261727923  1.869694641438717  0.7520083601191435  
6.162852347934688  0.008375368411316492  2.0630006483497305  0.20660706669143844  3.426624086235126  1.396881430579273  
1.531122801502797  1.3710700054733462E-6  6.310694409216313  3.418105451738442  0.805915596423222  0.44745787724302466  
2.1589439016482093  7.83072176279078  0.3339751677080898  3.392624027922977  0.7807105950771802  2.7461758524834047E-20  
0.6085158924693783  6.672925086270793  3.14996151640309  1.3351133525681733  3.733430718755498  1.2709351614064086  
0.7143303136362533  1.186091708257755  0.8093070237128515  1.107969262262078  1.1330313622607038  1.2933744051675984  
0.849086798590411  2.502113682367492  2.1657882710945557  0.9175673863724085  1.2395784477332106  1.1651367979496543  
1.582714302875548  4.499173213857078  2.8481889314269826  0.8037087225793288  1.0808029660840772  1.3639654685370866  
2.3720558435559997  1.661875790805221  4.320332174397858  2.7095718285260673  3.8782846231706882  0.5171944307203528  
0.5990122934165488  1.19469677137535  5.189281105864568  0.08815672464470624  3.105538801973075  1.3510167551503705  
1.6060648499680854  3.5845127371564516  2.44235028681658  0.7872376106158636  1.3831312019080313  2.050321365771867  
2.9700416574893076  2.7651458923278156  1.513772557979329  1.4686903929318178  1.6363824798394795  4.112345338635492  
1.7518579644712646  5.494088812520407  3.8128286118837433  0.5522533864008655  0.5848729996774502  0.33805623703649557  
0.6098202235880164  1.5744925931118938  1.1720878242080035  1.099636543136549  1.0247124441301971  2.0099438384153934  
4.237244883926773  6.219998045710262  1.8023240085593928  0.9105781867881513  9.219972926070552E-15  4.832008731373589  
1.80673004737909  3.221652008786192  3.164368868076235  0.5398358576517419  0.9467331375135466  0.3617055069222139  
1.3771197309092411  3.4036291911978926  2.2090793333990915  3.812814483677902  1.4412372077683955  1.3499785698804334  
2.082616817737163  4.612666924712398  2.0496984821076722  0.986550288039382  1.7382356987460752  2.8641533124088934  
3.2539436007293556  2.2172239601160344  2.4702276678030786  0.6920112606317664  0.7370725535136747  4.134284007146205  
0.8276874910501868  5.37992903171994  4.672228375681331  1.6090281059295384  1.773007227640813E-10  0.7822047664387306  
1.5109001141597398  4.4468833100570855  2.188752671870808  0.8649195984609865  1.3972309091763464  1.3921297455328632  
1.7784883334117239  3.6137509246525386  1.2621440641139376  1.1781304365668643  0.9963323063442407  2.9349959663922554  
0.7787107931100903  1.1713652709122038  0.8320514647456401  1.103645367861382  1.0388786810885027  1.3628931346502702  
2.109595994810024  4.117648965165268  1.060916190717432  0.9148405667837681  1.664967547669215  2.3035679479923297  
1.2540320482335945  1.8317962346652392  1.8638372862739325  1.0303121115868046  0.42890160529601296  1.6143130252334763  
1.7387026259973875  3.7591723735049922  1.3435814161721016  3.859990348908119  1.817410461234136  1.5307366335409105  
1.3381941409660383  2.323657129852128  2.941398889992605  0.6469837135582442  1.9964080716101784  2.9782732476018197  
2.226618038309785  5.387462634238074  3.1702642293712757  1.0986219463553804  0.31547724791252185  2.9714093142824605  
1.018507076381834  4.70048100785291  4.6987717501564  1.680118356989733  9.366439313272392E-6  3.3591868783025998  
5.26133013435471  0.9160071836082863  1.56820199912969  1.7528260004470755  1.1349595404865966  3.4932288299299907  
0.9377130382349695  3.4014021316382377  1.6340140090735695  1.130548153333922  1.3063799220649075  1.3764087451338214  
4.690603156766669  1.8840517427585082  1.8942734462311623  5.403436208381037  5.021983118250875  1.7343906349487226  
3.1084957153917716  2.2587865514825802  4.228595756579106  2.4408122399690004  4.104973810201693  4.905789373600622  
4.038809749486133  2.3365545457941383  4.1531504816823555  4.4839618082559936  5.417924973179091  2.9520121513943236  
3.2646269704067996  2.5294092626986573  2.9133431958112106  1.8533407910385271  1.4671761654893447  2.8817663198443624  
2.6564228687558606  4.047830327607012  0.9999871575352018  1.5748023505091953  3.285611746589132  5.065208108954752  
2.2967656089364996  1.0706659952940327  3.6519654558283176E-11  1.560038631214087  7.389409943617672  4.887669228034851  
3.1454558678678373  6.414830096442505  0.18438460698661271  5.270551619107366  1.0788554296352668  3.7394423839140094  
1.5087214060649825  4.0969393802571386  3.5253628428576675  5.337167764638612  3.336244866029342E-4  2.733464002417931  
1.6642362563602437  2.712816041524806  1.5277754705061792  3.4411419491840936  5.424799432320485  6.242892090398247  
4.653334085451185  1.3572132488417903  3.169698789468386  4.1608330504739115  1.7744800525062485  2.619009274156865  
4.267008827643245  3.819005483812781  2.288693560366331  5.678549179503269  1.2984501346410195  2.6699263340778847  
3.0663985945851766  5.84323483441627  1.716565114967248  2.65204051391194  4.514165096219539  9.959285561358794E-14  
2.6141848117964983  1.6949990813989202  3.277254321650458  5.1089952717538365  1.7390791706158404  3.9230424411872344  
3.6655645591569104  2.059362961508048  1.3338260945492901  5.384842720412397  4.708262996892483  3.516557907190789  
4.318114866023417  4.293358197063315  4.226534943873596  1.9715590440386677  4.84600212905671  3.215209507384295  
3.970800900194374  3.8095797469811106  3.5817277977973274E-31  3.2549978653924914  3.7639701637510257  2.561592690188566  
1.6174759054221568  2.5788207198102  1.4303465324970515  3.475167411472616  3.196745833790667  5.26605780771654  
1.930997967957964  1.2197655034513817  2.2834881113208825  0.6236668388002136  5.5842750654471285  6.076346506690811  
3.322023666043165  2.3306962965428015  0.4766952155772134  2.969549571604915  4.667992169092299  4.010730307909392  
2.5140628643418093  2.6905189178186752  2.689579177119811  3.3001555428782243  2.7403435458743477  3.61990476498795  
1.4898885694819317  2.052383519868753  1.6562571757703406  3.433246793403438  3.373142174749694  4.39030106580767  
2.8369941614661185  2.2941609847286695  2.0729085072636604  1.3008312066773755  2.8411838959448  4.468680337899622  
3.624808504058093  3.3302547001768508  0.949093697423796  3.9948782411403285  4.808064534543941  2.6815580044811984  
0.8697477499838793  0.9940159323326734  0.7302845414641915  3.410077617583533  4.759153675183867  7.85792263697338  
2.815850690925821  3.354497891805613  4.165314900043752  1.8427238359139713  5.331467180943751  4.930407774603355  
1.436839814183021  3.5298162341682895  1.133596849602796  2.9710375831145632  4.2842018851804955  4.766279543918579  
3.7962921908809095  3.530837099099189  0.9449738720870156  1.697187839124636E-18  2.992231262690407  5.00324557975968  
2.845939449727979  1.2638269827253235  2.94186764742454  6.011206952066268  5.029227055625489  3.947578795177787  
1.0380715844395416  2.0154505470616918E-9  4.815212077020944  3.7683836446238925  4.889930450752854  6.5627856544919085  
1.454259646993214  0.22247223603969005  7.218124105580706  2.7690502268917183  2.314044818237314  4.735673426124783  
4.832543986978242  3.6665510522418376  3.5126609286069774  3.791413083505088E-7  4.716832655976926  3.118164059235083  
2.5958204936711855  2.7068101001406806  2.5845865458567827  2.6615740730541315  2.958096259596047  3.6601981259102954  
1.4481844230693768  2.694661215314908  4.848913341959226  2.9061759544709003  4.486585152084294  3.810693460363246  
1.718572817433201  1.4921139296403751  3.31460783315821  0.00449994899738234  4.131813364987772  5.824066408807658  
3.335635403426292  4.282770077411443  1.85617915723792  1.4141690118499763  2.0204886179826484  6.124042918052814  
3.303358868858405  7.340056760185812E-26  1.8931038679531116  4.642140834495612  3.810604033558355  5.8583223427285605  
3.225647446034751  3.4668238882173523  0.6468639187500667  1.7421664346810029  0.2592537610873791  3.9165504449706443  
4.78127765653164  1.714450402976319  0.7957442375895031  2.1229478752681885  4.664326147260297  2.3656926500789233  
3.9690068381070582  3.605460634277867  2.1409874942243747  4.962310924938151  4.7315449409514905  3.5002708365373216  
2.4195637941963395  1.486041518277938  3.4269515383582987  3.870620058701359  4.765267995059701  4.976733783576809  
1.7795691930873212  5.149400008285944  0.7498618299708408  3.330409120566667  4.185639962620292  2.4038652805362952  
2.9090563527685864  3.4397852035667387  0.5440465860447459  3.8309036664982647  4.304607309251715  3.0965299334868344  
3.2089770169617102  2.495694400987564  0.9680829012549075  7.729765462553044  2.296997785069876  1.4817320432639594  
4.287491676141391  4.781989327783887  0.3635204187451317  7.152148497433828  1.8021330383037022  1.8488039054591652  
1.3452549256104938  1.9764924882479937  1.2224635179911032  6.739642010172332  0.9447269149366792  7.6182483525838105  
3.9927969388354922  1.938003256589062  1.411500099077013  5.360141200589619  2.1550164644006444  2.7901497247803544  
1.4010447260702097  2.4735184966082544  3.1071856138966885  3.150235714491972  2.7895503999765805  3.741537410233862  
1.4392507962297275E-12  2.425989510856185  2.490216729282182E-7  2.4094781432417745  4.834815524434292  5.510485655326585  
2.050921318566975  3.3539830635244727  1.4115292674203195  4.084623806536  2.2342940217262792  6.56458181756101  
2.641112302870469  3.1898581042799563  2.5923785448290233  0.7990416815185817  3.141891680860816  3.3052986959834403  
5.4515282388343005  2.3804639882394074  1.4091546398994181  5.473510489497369  5.297322106902781  1.350451344937476  
4.80767877478961  1.244872938435586  2.7649476810037914  0.4076138692255299  1.7091469416163914  2.307412204234478  
3.480033029558967  1.62121302767977  4.273528969632229  6.145602788115847  2.4198093148414008E-4  4.456203569656177  
2.453951185563947  2.6901912298386788  2.7189733822027287  3.3005288174630554  2.623692852650299  3.405909958642818  
2.4273015335079986E-57  5.1736998034738475  1.9625534949588301  0.1610264044502654  4.038033835592411  3.751874952821869  
5.785669664561635  2.3650386512482053  6.074461561305519  0.32537992477495503  4.023974624214905  2.1151445093048045  
1.3962145931686363  2.3183274450417897  2.2365093501768922  6.094177920885366  4.27565072541898  3.512247047199847  
1.0971995638122187  4.233353249174431  2.782643590983794  0.6136838702178631  2.1812468532641347  4.362014392098676  
0.07321409838086716  1.0868926190614394  3.199263546035186  2.4589196774139954  4.625736409706143  8.053322726038713  
3.3039674493163296  2.8101854941897257  2.878628452676901  3.7333815599832505  6.007885644160921  4.319926552908367  
6.009663885545215E-5  3.274063233313931  1.8778906116837641  1.2981400300392263  2.481690381667151  4.621837322008015  
2.8898027503956127  3.243589388587154  2.4883747521212873  2.6294356269252077  2.6665191123951875  1.6710160832080394  
0.6215630447746814  5.87398912749816  0.8424232193128149  2.5303992622284275  5.785265620274324E-7  4.618494624355119  
1.9119789749486071  5.592410006458085  1.7314317079844088  2.031263939344365  0.04656965288806647  3.3430355240431524  
2.48495539376945  0.44087410393606485  1.2769706778896017  0.9905036619937004  0.6575083247894921  2.9231514673877244  
3.386872292944535  7.042747763684938  3.646280189794933  0.5855461718967343  3.949438274164092  1.123395579371416  
2.4501312404804474  5.890603272225162  0.03340976123186136  5.996398501399165  3.927550693542314  1.2916450820724052  
4.091386140836056  5.208901589479153  3.992193226451663  0.04331666758279529  3.98448527248739  4.258690976567854  
3.121905229471718  2.010941509511476  2.4032971450654945  2.6879456460516873  2.0475401601892766  3.371069964549906  
0.979357263223398  4.1308688381383334E-5  3.1630261214302937  1.11102010849541  4.9427078376527955  7.202695085263466  
3.1245651179271974  2.933880862899999  2.5275542734890846  0.976184775077508  1.570451654847816E-8  3.0633036971154786  
4.757076721747006  1.8471103723274283  2.3843496519511693  6.141830226525226  4.27098301850838  2.8273788531863153  
5.306257322869244  3.793457894691348  8.696226615645272E-39  0.25965680914199385  4.385571141178491  1.6262473797504355  
6.47640176289167  0.838169171711508  5.130149055395331  4.2377410268107765  3.4879253881622727  1.7827052364535563  
6.829903719098373E-13  3.4597849999465415  2.7627819680782832  5.1538496521537525  6.302250057635438  4.098541776713114  
0.2715562658112205  0.9152289758437946  1.2021693310468162  3.111823493019161  2.230946287559493  5.320653557618971  
3.1786609603137044  1.1416310079329473  1.8141181923391954  5.273966963313651  5.039504773921586  1.5588953218568151  
3.244386470118412  3.9631109255214665  2.449301261782407  4.7819617047668  4.611388765966737  0.09883255272597527  
3.0262887465692976  2.356715869383256  2.6043686821029524  3.0289657543099113  2.505067373173102  3.7059234953526627  
2.990193195382146E-11  3.5322429961734962  4.373215955057478  2.7486351239417224E-16  4.544360245499157  5.524499849814812  
0.007935162121534946  5.288703742415467  0.44403543097884784  2.0041949691481302  4.961885493464289  4.560861367648895  
1.3834707433926023  2.6871455615370166  2.2787477887293797  0.8255818288113053  4.4303693209470865  3.4920774709296727  
2.4743449586747466  3.2450247822524276  0.9341336352218317  4.084244994057146  0.4918468369614441  2.9363055292289646  
3.0958640402606012  4.177578401050272  0.7538833341317385  0.811179576279332  0.6949140620881556  2.3659841154202574  
2.794100577133977  5.122756354067637E-9  5.50504537023963  5.679243952627251  1.314627297577687  7.087864978557072  
3.1683773005987494  2.8279380428413172  2.741425825219287  2.3371707874562486  2.635739866180166  1.893541053263694  
1.672124327467581E-19  4.819280107354219  2.8292691559014567  6.5471202401096145  1.9679315894102656  4.2151497559821305  
5.7292920130031995  1.862641887770443  1.0112718676503325  3.3847708690099654  5.841499341286657  2.271769961501761  
3.8320983762140304  3.922453107466928  1.9298316106755204  0.7952005524993311  3.7395420914439566  2.368195222334945  
2.969578112562013  2.646026250945006  3.520847619424789  1.6238616540200135  2.73583575192645  0.35709235646773485  
1.4277310927759208  4.508585739795577  2.7758704021810092  0.6838604896320751  1.6279431265353497  1.2224086136992085  
0.020568468302900576  1.9637472781027652  2.328363766330892  2.710199015568135  2.624627570576953  2.2609958676313298  
2.8364205538964935  5.930169478423843  1.7360947036203362  2.213395106543173  5.077696381854358  6.688742651867216E-8  
4.331575679050724  3.2831599663002136  0.42898408047785197  2.105503500275124  2.879733377075842  3.772827318312748  
3.8098862908049704  2.5312010943843153  2.40533941835091  0.15039602560209236  4.118905607601379  0.5247581644318585  
2.565244255642856  4.78972723279246  3.814764834540715  5.398101684914625  3.495308475511497  5.35803628985855  
0.3311998789873319  3.531539221320635  1.9048298360062943E-38  1.7377307498474617  4.771976703827413  1.62964614501265  
0.9311805345242226  3.1395346356711774E-15  5.115978866053312  0.32434904662421726  5.099331286545833  2.4687437423722245  
1.1031851955177787  3.3866193024107765  4.400540316553758  1.6594559327994736  1.468033630925072  0.2360072562592761  
1.8967029928701158  3.5127058765840444  2.564646007781512  3.722718144299882  1.3304691369911799  3.267834938403264  
1.0877414926732463  0.002318987139855898  5.198760507760527  5.572791134836773  4.48748879022555  0.5883038958984365  
0.8661821252700193  0.9701122211750873  5.347281588083272  0.3914323010196836  4.21390927193974  0.7767580185482972  
2.0940779298938224  0.6971279236802921  3.015621265185634  4.349393285730975  3.243491728571006  0.42799346273510025  
2.5190920724124323E-9  2.6423882006169475  2.665455429188791  1.9871806850091671  1.5253631387677584  4.897645572125601  
2.2633707683730697  4.024509875057588  4.410691659262505  2.5793261386417474  3.685812968197373  4.420726263490691  
4.066801626822645E-10  0.9686863493037701  2.2048245447230843  5.908807258723282  6.244804509605781  4.789519918993226  
1.442956329434277  2.2289249987120816  1.1036358775879709  0.018790287664223422  6.45266704537885  2.990693882843301  
1.6242922670145333E-39  2.990180880073289  2.1819260075327467  0.1952553925732592  4.737494962756033  4.872014053744237  
1.4660969202838594  4.1473977783706575  1.8745028799405008  1.0687351387717459  1.6882489065594668  1.0084445719682185  
0.2520207493765723  5.652489868047678E-8  5.563710553117489  3.4279492059171632  3.514411902527421  1.561124008105355  
1.411077773359344  0.5938320187137016  3.772680417098924  0.45446213869317986  1.2248247718109304  2.5397358593760258  
1.7576346184220966  0.2324783721074517  3.9825167777851838  3.700014784905329  5.6400105382529695  6.228389570207494  
2.3044643788205006  2.570790854280912  2.818341437497734  3.210284433830972  2.7667437987069783  3.6603045358215938  
4.012397136896316E-4  2.6640017894157886  2.2819645282088463  3.158864405030678  1.4609825260609801  3.951057070398454  
0.3876360319939935  3.1366293989655674  3.644737032860967  3.2681902023071183  5.085071958306106  4.870488731254227  
2.4361486014916824  2.949854580413628  2.677016798826651  0.26951531859494926  4.6121051230039365  5.253068420231032  
3.5978269185194227  6.0881778094439705  1.2569904831863124E-26  1.1238777765805859  0.026459099399027516  3.881066734200652  
1.052254435175678  2.7705199703504424  1.7414359378132318  3.5808211703045765  2.2040870817624154  3.536470935868658  
1.998605349838128  3.601410947373864  2.2683245845130413  0.633879553500517  2.839969758772907  3.9988558766815006  
6.56798607188786E-11  5.039310106240322  2.0358340434565627E-16  4.39847131487966  0.31662382938722206  6.328088542854276  
1.3302722344356375  0.35523590639914837  3.4921564731225114  1.3583169647323148  5.949842863910883  2.7583566149751424  
2.2953335560622494  3.2050084947547095  0.9001649088813048  0.679426986809747  3.568627796056489  3.2628841849913455  
0.1886070793431177  1.3776298335271457  1.3035831853697135  2.1778081342959092  5.65702981377891  4.021090522938037  
7.767421728373511E-15  0.006128996601682421  4.586432454482135  4.782734136078619  2.0597432067003174  6.639576749840073  
3.21783836649166  3.2930397990133367  0.47629402942431237  4.128689385203714  3.8695302591008454  9.02350350675759E-16  
4.726646407508735  2.470946353213014  4.801053865463636  6.107306531020723E-6  5.159390127320798  4.118043126446818  
0.7339365206141671  4.401838529220459  1.438814687218327  3.052646317354126  5.814052666980165E-10  3.900417650410057  
5.659173867199551E-9  6.900268952678017  0.21367592461556323  1.5146150862365129  1.6810340371055448  2.819824526294129  
0.27862410302735185  3.8713812890419015  3.2444444121294302  2.854838509135626  2.3676692139596071E-7  3.936589283726742  
2.50966961736123  4.585662505123872  0.5373687313536865  1.629419167149878  0.1203402115796222  3.428073026315218  
1.0011095002447397  2.7155096944217654  0.6759918892427996  1.073386480664362  1.5938260397927513  1.5501576101786156  
3.6247209742541697  1.3900639885399177  0.8109227776076624  0.6683896756390468  2.8129289353931344  1.5216870653331631  
3.195843481111956  2.4379433849483534  2.6761283105835  2.2254430437053663  2.759252751921295  3.1594947869860337  
8.616330178981064E-34  3.308388875956916  0.5415012962723911  6.7501588837861375  3.0890207092645108  3.304803795231897E-8  
1.8781179206577976  4.834788107984853  7.590959679686214E-4  1.5151083711112678  4.977036615016874  4.7901604002267755  
2.08868106144781  4.110928390177246  1.5057241142398003  1.4932790958289393  3.1287471989592297  3.436375312370698  
4.750442840635752  1.2940889999363392  1.2768138677432255  0.8238146138597456  0.18969515869835202  3.919228362411387  
4.991882080217051  4.948633758464695  3.156920145175477  0.41748815875939804  3.4678105360200806E-28  1.8435530308271666  
0.0037026659996204454  0.0038138959816440446  3.4820223887109707  4.452619674010201  6.253730829807033  4.101512017440229  
1.6879325614551475  8.537023530975306E-23  1.9501848570400566  5.183441627454006E-7  6.698919273785367  2.8671749437694207  
3.342422648450662  3.476346051559122  2.2557425612413518  0.6876678287358261  2.552816187255757  2.0465115987898534  
2.5193594406971735  2.5117400669847147  3.033991477599553  3.363565452221683  2.874437952274246  2.2335649627739045  
5.948712506882774  3.026353424627618  9.007371556326152E-15  1.3225290161301242  0.5243824739872375  1.123029256766684  
6.457036587693613  1.4053483821270465  4.67718430440262  7.740041751359115E-6  0.004376898709486784  1.4143865725019955  
3.663617916585428  1.063824841577239  4.9511775918212315  5.41428279227629  2.536802723434709  5.546391116244101  
3.6860734409988782  1.7195717012474665  2.4957789073038863  2.844422608170978  5.163823749880803  2.040215497825846  
2.2223672383373834  2.9235950638757515  2.619801174147926  2.1911360418965264  3.249627127067831  3.7988424607322497  
4.494384173575816  2.704860800854927  1.159481523221721  2.8587259618434797  2.9577126886985053E-7  2.7069130355582613  
5.671439472622592  4.099352222894385  0.5295886474640803  0.6904777254091471  1.488784497074204  0.07154413075177729  
1.5512973461599828  3.4133878714557224  2.0643539066195817  0.9577158407996526  0.32150189139113966  1.905473117222034  
4.415156689304955  6.393998067521407E-33  6.56358643428299E-16  5.9966179183141675  6.58719736437763  0.11409737352621123  
2.284842667661691  6.244874650682663E-29  3.7641390315205943  4.619265994270432  2.595876871371807  0.5847962243303473  
2.7429982082249413  2.731017877989879  2.6199648660373125  3.0941748370864177  2.46610933535953  3.052907121234008  
2.633113959140998E-9  3.1313300561383084  5.235308243856758  5.6615462491909  2.766962519765979  5.037526412406342  
2.927530000937704  2.155910300072432  3.097804670034377  3.621329267541973  5.568089806859855  3.502859132972609  
1.9387215543240137  4.386625538197914  1.8663888008257683  1.5615201787126642  1.9139951410695861  3.9871070015797425  
3.1196849002135063  3.658389946218091  2.1148908630815098  1.193253387993569  2.586906536732971  2.5356092870556504  
3.9169190065380315  0.9254276485435777  6.236788577617826  1.4287380200944892  0.6178774331604773  0.901692557218036  
4.358881636435578  1.5596292532080114  4.514065510116238  2.1274894763510024  3.766552324061087  3.2012399642117897  
5.586073946382896  5.366186897861411  3.330271471191554  0.25567813662929195  1.7987758141551828  0.6646535516090237  
2.0698699365208983  3.983515414777067  6.716525894943221E-9  3.275890930019609  0.15644171804409046  7.286251866552943  
1.2068850304046468  7.605355859324789E-31  0.7135632317306074  6.738072913715585  1.6191085163102308  3.8466386125561947  
1.6961577453573962  5.146113731443196  2.162765870377625  1.2888401873682918  0.06586764256038148  4.399953596512865  
3.9413721574816316  3.913624279115421  4.0084976724019725  1.9476016903974507  1.4754226268956132E-30  3.083947401555127  
2.2476079591585383  2.675904213121701  1.5589390135254641E-22  1.552774620422659  0.012688621219854743  4.071066640446671  
3.7994689560952617  1.7945825596391207  9.155621622391154E-20  5.554852471970456  0.0210991278742151  2.884871694857196  
3.3311072778908373  0.904950592634495  6.280342612024507  2.930680790445474  1.2210358351850545  6.4443996843678555  
2.8034585464020387  3.2146803129126  2.9988864903538848  1.9855573073424262  3.287739000456387  1.4520665488276925  
4.347855578807028  1.799143831313956E-43  4.334092118400703  5.5650790253913546E-6  2.90708405853677  4.9563767136758115  
0.6005448858737478  1.986952626110957  4.2961108727491295  2.1372997389799444  1.201710359008204  5.119354920745297  
2.504228775096413  2.6700455121847524  4.943776532601769  5.1405515293981  5.124909929618437  5.107870564339907  
3.341332460005164  0.5737277148428179  1.675411301010688  2.1580545851115422  4.6760742383669935  3.2369513633208595  
4.413017524789807  0.5953561317646636  2.5705235035946346  1.5848605610959885  6.062624609600024  3.748534883332598  
1.7842337395609835  2.526139699938692  1.2742353148607048  1.0722871724181673  0.5089360740384911  1.5096154515654987  
1.6990824560556597  2.7686581938021138  2.2799502577583914  1.214876763137944  1.6850917982425109  1.5625011827085007  
0.7743205104254066  1.2285443331571906  1.4766746579870365  1.0390438297641695  1.039989258905476  2.4260543127660448  
1.9433523595502942  3.178392873387761  4.498359712615254  0.28162943190511613  5.787576373915246  9.278737525884217E-24  
4.462066168707431  6.715847898711904E-29  0.8832436575638335  4.406396991197351  5.387387667356661  3.6978756016300367E-13  
0.9414735204157323  4.745368303519732  2.659192062163731  0.6867969045898361  1.4272756459072904  0.7340148144892866  
0.8226762559604595  1.8178546426590374  3.0059451650453415  3.547637035451783  2.557001468431174  2.1502427368055526  
1.4933420777336992  2.2150972345383506  3.9073545928054516  4.220624683122159  1.7806933040367574  1.8425815689602022E-18  
4.248213162412072  6.259137322756536  3.5871188035158545  0.7041640409917219  4.379798680191406  4.339852302161531E-25  
1.3779611968122197E-9  4.565408375096143  2.243117229540349  0.26668627229495456  5.2372743553010555  2.2403262551202068  
1.0296484339589829  1.8087784893783496  1.3224567063209458  1.0396054543616386  1.1229327527244732  1.3059677410324633  
0.9754047058697044  2.2708451533092404  1.2254854191112496  1.0318870740509358  1.2134869105458514  2.8539975009883083  
5.047876826099125  1.0354060579416087  0.838477309834664  2.4085380698743006  0.33714254245396036  4.4452193096976  
3.9785745162297315  0.36323251849347743  0.03018988394173101  1.4983178524915834  0.9989633621900058  3.5809218647139667  
0.8936518177771055  0.06539563888962095  3.383132544247232  3.587677623502558  2.867729343049641  2.9517684195179457  
3.7327064892778616  5.4915427461662025  3.290269908066212  0.44051175256699193  3.622190903951077  6.495776017940199  
0.6259572584465151  2.318482409414035  3.084831023970741  5.263947968152168  3.5821920625928056  1.6852853424237966  
1.1994294626701894  1.8592148604940744  2.181182194721653  0.8563018133377029  1.4250112535026587  2.1470755099015864  
1.1282047199246017  0.7416898906584272  3.659742753420479  0.6499760689174722  0.909354846556431  1.9918768437001517  
1.7069961749515334  3.8854455431405532  1.8662141284906621  1.1671037239509463  0.805813196185109  2.6966177588033036  
4.853356063706213  1.3658039036093068E-17  2.1110814014506872E-5  4.829624032816188  5.003286254865738  2.762121938188553  
2.6803102412688355  5.684651243824508  2.8112060708848534  4.289246829022655  0.9060632022970609  4.422571226970579  
0.5569980294320025  1.213423953750043  3.6675396033048506  0.4636128907122641  3.4469460582614904  1.580682774000686  
1.404457866234856  0.003616264963659439  4.850238946271996  2.966425810090709  0.891053337082795  0.7879838241310368  
1.6074319550449259  0.40491597321116374  4.780825684698784  3.2499309542214743  1.488756992195142  0.6529218734104761  
1.150654611548259  0.9433786858862913  3.7413743046347205  2.331226436342288  1.071776552547415  1.1756847883692652  
1.1817764034731717  3.3487113658355915E-6  4.857794091127588  2.963982151734226  1.0365327739244592  0.7638464548033547  
1.4013896614354258  2.444014140304577  0.49769821633753075  1.2010805416527408  0.9557008839674803  1.5670939934375918  
0.7457471410262405  1.1323536893821042  0.7983528217743677  1.1038402268667586  1.1151613226254287  1.3010470923920945  
1.2698742250738209  4.571964315933344  2.279325500266867  1.0907950758688363  1.755414055714555  2.7963255925187966  
0.8033575734280516  3.5088070849761563  1.6817718519293983  0.9228935612893482  1.6813338730248544  1.7530267589199167  
0.7958874940093488  2.0666087905870665  1.1492557539451753  1.0494759625712111  1.3093431013297492  2.4238541094533144  
2.62373789727021  0.6950153692556861  3.4518547063726466  5.650534036093614  0.15507732473495156  2.9523220741935745  
4.251115152742826E-25  2.4794859692186626  5.007895514510721E-10  0.8954563206298644  5.806674394085265  7.161644068989286  
2.575005933570804E-15  5.53228521736355  3.425246049132345  4.057555671810185  1.4186680631185898E-17  3.4185971911027897  
0.6526922011198899  4.123513668731527  0.7164242402978414  3.1966986584239194  3.860874532555588  3.369695059331727  
7.018177811678762E-4  0.22932239703125765  2.982243958659535  2.204755759446861  5.84142736614287  5.829487371384856  
1.232282571014838  6.195134735573063  4.084375540788918E-13  1.6318696330732274  4.434939826436046  3.9538003693143033  
2.8826278186550147  1.0947060063001193  1.8741420156288706  3.33785471286875  2.780839677658232  3.5919191095730745  
3.220725435610802  4.8467960976019455  1.579940549732212  0.3016346422857193  4.500364233805899  4.530352186554264  
3.5382511912452426  2.6097790207043023  0.8311365318665495  9.52536199661727E-10  5.993768021432136  1.5577656821793178  
1.4280225138738585E-7  3.680713599682924  1.3755562876908283  1.034661309723867  1.3083157659944533  2.3832966600686527  
1.7014357138232221  3.0409727032214526  3.2055725735843175  0.5007809133833949  1.1621040308015163  0.3139734409740794  
1.619929850943727  2.007574190794061  3.962227981700433  0.1777294164083041  3.017306287666719  3.6923297149385195  
4.8494116133723235  2.458130725467806E-5  2.793731889940329  3.487631039693414  0.694855923913491  3.2910118227430236  
1.199476601541239  2.2342536731467684  1.728111346998713  0.9981267453326722  0.7216029183493048  2.0518236738324784  
1.690132730904521  4.31597253408991  4.712038507175112  0.2580022258578032  0.8003769581486514  0.006417150580031472  
1.3680739739635674  2.00248411767088  2.3613602139822043  1.3353853766038815  1.1678711590815354  0.709039268613407  
0.9819206427257738  2.5177589732877212  2.191970470113436  1.709245570392517  1.4287817864711494  2.7565928733758387  
3.779392169095833E-15  2.580620680791534  1.089915956251149  5.519989355228872  5.10536650743061  3.624774526338044  
7.007370698799187E-35  4.564511937226222  0.3794692365612919  0.8214076904406127  3.916936352764268  4.345732857563425  
2.255619097628228  2.8986453844603837  2.7110092207008423  3.2109436621172254  2.8066818232531774  3.4668623935514504  
0.008084188916035823  3.8822116254221335  1.1489247876133462  3.2955649381158105  1.9967280119373425  3.568447276512387  
2.3908242977120087  4.116543175203036  0.6903620148442848  2.39284308142758  2.379551695098357  2.594232759714368  
0.9862735372973211  3.3517335954257956  2.829469572319237  0.643425044951495  2.3300271406826263  3.663897464401347  
1.2744318815305176  3.8341919418736095  0.5661942346189244  1.091890278210908  1.5812207770648712  2.511925560046286  
5.0218293746429365  3.1692660268496677  2.276696731625484E-14  5.4192637901486025  0.881656690571843  0.6882455349451524  
1.3288276820430496  1.269703555831494  0.6727622082727017  6.967350073908591  1.6977676304223457  0.5798874329546375  
0.909212659573947  4.034067895969825  1.667995608944291  6.429872259102444  7.822840904835468E-40  4.483308121315137  
0.7980743106536964  7.215813361044725  3.244600464379606  1.823618990663175  3.5837552120959875  2.271822442684352  
1.973627136074136  3.0548064367428016  3.1835433054377993  0.8293429877087058  2.877844739385428  4.074298049326215  
0.7543019812964966  3.1479828259626323  1.0900235061555772  2.181274155208742  2.5828406171262763  3.295709616576213  
0.6449970902754067  0.8643788140909939  3.916865235497667  4.7934744170428765  1.8305924216498317  2.3055685556914205  
0.47662649076306335  1.03789747947348  2.1504087570032593  4.564812730678436  2.0938257742575175  3.179622773158626  
0.3885896845286693  1.0658440800346751  1.9056195717638023  2.787340693534322  1.2310115836839675  3.7514601955939546  
6.776778805893255E-14  2.254243141747987  1.3785450345826853  5.104095302135348  2.352038448785283  3.9360361206935233  
2.342055765125471  2.9893073816838878  2.241884432214649  1.140660197191313  3.456405519210448  3.3724489271592937  
0.7778368315927836  2.8425307010803014  4.704646476012528  0.22445202754039972  2.513940892160216  2.6792994111181963  
0.05874736458551446  1.0400233205751388  3.3459808675990086  2.104703979512113  3.044175601145672  2.343956108799238  
8.427281607626212E-9  4.093998952488668  0.8213302157029286  0.9389209899556465  2.1637017344366276  4.864829341504346  
0.7133308195652998  2.9164288836203442  1.1272732587018708  1.0890530957207978  1.1213416125172497  1.866144755604573  
0.9702612217765147  8.486166701012564  5.843644999125475E-8  1.8133936283855567  9.76097163193946E-17  3.8248790531306978  
7.082307438869933  0.05072431960496224  3.8173812761743418  1.2960940776074914  5.139704865318468  1.5548470255284288  
2.2362445208795596  4.274930525278983  4.677994468750127  2.634222571656296E-18  3.5885896538325026  2.2681099317566358  
0.8125808326965089  3.5196208847368844  2.258270214825562  1.022788728238624  1.258344746897507  2.31025845404417  
3.0207406870406545E-5  7.067426549050989  0.2753724665293426  1.2550730398586782  1.7646032955049813  2.0668729599318127  
4.1458157953543207E-22  6.372655103059181  1.1025931275627157E-6  1.4022585946993782  2.2923453266594325  1.972657877135505  
1.2350329649024712  4.033971709214457  1.4529979169984608  1.9617695084533724  0.36197749393065864  2.4426928967662214  
0.09683115450488697  3.892856473876968  1.95202881663751  3.258747498697913  4.172648747867005E-9  3.70417017013656  
0.570716428163389  2.004305480528265  0.7278857781767686  1.0873094935975351  1.7254292580028396  2.5807547398891244  
2.049794691879087  4.137688181729147  0.19097420784803054  1.197276730927109  0.7065691257768498  4.279393529879702  
2.5665726216675666  4.601578089226423  9.457470853086519E-11  1.2387949592749592  0.48949251891557854  3.1994896493270124  
2.0883313755281043  2.6562024515657847  9.665728410448425E-8  1.6077922492880563  0.006042867939520235  4.671299746537202  
2.993469898393614  1.4225626213791955  2.0497581677002845  0.722065986028659  1.3876447881578846  2.3113494430105006  
4.812201016622925  2.1446047245550544  1.6159896201320316  0.4549816270090754  3.6806334711889983  2.0827796182603637  
2.873367175091623  3.386748999021637  2.8056899633534242  2.092921258157834  2.656389145630431  2.027477939384613  
3.017687227495261  4.919463784704429  0.2591922265607863  6.4868098876376985  3.769219147478746  2.2329573889527612E-8  
0.965761369681389  3.9505472258628895  0.5189765612530569  1.310187469104107  0.25910487578013586  2.5162460787653376  
1.9180822331178502  4.866439452668217  1.1611642673808156  0.7342610682411077  3.1374502235515282  3.0981338737057866  
5.70457007273754  4.580336497762021E-6  5.682909689264902  7.329877064713507E-9  5.819987409306405  1.5755235929006075  
0.9347549581102226  5.437214895756619  0.9361737920682639  3.834318469397765  3.8396372937592482  2.587916338467298  
4.158028092621115  0.20422063024866255  0.699485279159659  0.8679130599191719  1.106389320325282  2.7438148113264464  
4.6406621278236875  5.038638538727822E-4  1.2604799817096146  0.7741793181753494  0.7042138507822133  4.057522078148956  
2.035796232384989  7.513851222365594  2.1793558564865405  0.8187474005413674  4.471092315259322E-21  2.583088124387662  
2.4503151042623563  3.6947275917886286  7.091828014663153E-5  1.2719370614607508  0.48119366081633724  4.4927700860059225  
0.3347684636104633  3.822940362271871  0.6887141290841581  0.9920109101054223  2.3588317842584083  4.794599770063846  
1.8283989224618704  3.1437455856619687  4.46500411899603  0.12809752437597197  3.115533039667399  2.431742828012424  
3.245870647253596  1.8879369202209116E-10  2.8050834916879417  0.08208475667009019  4.102117612068859  2.8189937276701635  
2.5359734263085545  4.076554063308496  2.0448942232237517  1.6548871871958288  1.4891077758445188  2.7543005315055082  
3.0349403330926368  0.912755477885878  3.6833754124628317  4.59044558117418  3.5598367034424205  4.9194112427161  
3.678714419726305  5.274282226388155  1.3667315978929588  1.5051403377570176  3.440410985919778  1.8768307196035088  
3.0027372131664336  3.5297400438255266  1.7426902223984893  0.9933004253012466  0.3233375685310658  1.728266399594473  
5.044757512113446  2.9241933481140836  4.483202331069079  0.11958629086862087  5.773398640372317E-4  1.410916542087503  
3.6280450865040663  2.699355358854795  2.702128611693785  0.5946522496616707  1.0497464395872822  3.6085722739557626  
4.645313729953266  0.0010994748284959687  1.7740220819103306E-41  4.04912558954715  4.451379477719187  2.1528940434389714  
3.2547815081173996  2.35326662218289  5.398012627647174  4.606803216144272  3.305481868589802E-18  5.9725517386307425  
1.7737268751479052  2.9165182237440685  1.9376343542882246  1.635437718891412  3.6280333228129917  2.7313624653866397  
3.0243153414085238  2.7104270919960425  2.759507037663805  2.6051376382042206  2.891909080256363  2.7888226572987596  
0.8823153420321947  3.7070491174596873  1.3216820432368925  1.906221009885108  0.503637973760954  4.734764516095503  
3.479936527384437  2.0144786639406975  1.3178542350025767E-26  6.247389763397253  1.721096122296507  2.405719066935428  
2.321456373822404  2.4228551959498876  5.952425108209033  0.8296669801646052  5.280175745697672E-26  5.206133884895459  
6.549044764150405  2.691248619922274  0.9029208795572088  1.5483137978456827  4.386185387751156E-31  1.7456994575781455  
1.1803460926354032  5.555057662705507  0.6297144938914503  1.8159701929150838  0.45371093747771785  1.7644482363710732  
2.8943084274097655  0.2879768152784255  2.3965202341749694  3.316975384245481  3.8477612219607304  0.770065849479089  
1.3424466012510285  2.1774685974307824  0.9371113840597572  1.1003420251079117  0.8452404864195284  1.335525838711105  
2.155497472540709  3.9992610469603913  2.283550366072115  3.550911519873172  2.0922353753272502  1.3135366771108536  
8.30692671021552E-24  2.158236721504203  2.9487898149751772  4.645883576349683  5.833008445752099  4.203944980180093  
4.574333145187644E-15  3.2336442596153407  2.3492032953410886  6.1484425529859905  5.433400454585434  3.3112394754715964  
6.500857623568555  3.1240289453645818  4.6191317658295175  0.8410368755401824  2.926489684470535  9.108430976381918E-18  
4.881602609862823  1.0925048170672558  3.8524865999956077  3.3101186178765607  0.6152900220861368  5.339922605982607E-4  
0.7971576033671934  4.021863511159857  3.5751341606392075  0.6951859968122487  2.1996315547048954E-5  2.39473505438039  
2.8363855690139035  4.8494508465790105  0.6661271563872093  0.9480842364799442  1.701296547154342  2.426782993514078  
0.7890272475521505  1.5055058171967581  0.8211964760450063  1.1391219636269643  0.9518262098903956  1.4168998334664331  
0.9320401327100033  1.8464858144244665  1.8299128528594604  0.9546443711610295  1.1810491285085738  0.9695180143721714  
1.462998243870347  4.574450835188445  2.6632122533153457  1.158308875025552  1.732296094871988  2.6489263410941657  
1.5163128636833794  1.8469999318825876  6.769079697858461  0.005125438178567693  3.702598790758028  3.2389990224529868  
1.5715665611981393  7.493027057748283E-8  4.828247059612911  2.293419357459802  3.352632665820832  2.783134906071837  
1.9160475935976806  3.746878366127519  3.8162833777495004  2.083950088101785  0.9690723343005104  0.9857537074381142  
4.467768331057476  1.5181152747830606  4.446527941345579  1.7832668175665467  3.6423863935209417  7.99010823359217E-6  
3.9226413297286733  1.1515286143016513E-4  2.951668038773311  2.1529944393601474  1.3166026200416638  2.6327784480323757  
2.2083491818155694  1.5327678602838217  3.602724605280305  2.149644301945559  1.469855839031142  2.373794281200586  
2.5218029608495423  4.152299476575083  0.08342364629550471  4.882726872388267  0.39213841530071597  6.28601366782013  
3.1236303240406835  0.19227859258515928  2.9174617053579595  3.087883770041001  0.28753586455138813  5.557837431793336  
0.98842601366711  2.209842326099377  2.113616204907974  0.9952839161646493  0.6327570079851771  1.1234194851508377  
1.1027488271714787  1.709516636231803  1.0952964741537106  1.0018397709583646  1.6001439426774628  2.0472676235965954  
3.3776896838535966  8.87933810059215E-16  0.8774907930413782  0.9156775740816658  0.7659968340739818  3.605355249764547  
3.2444560851081112  1.0539781938434452  3.0243303717825607  0.9404032529146845  2.295784977200453E-10  3.8346525087605836  
1.995926058877282  3.501476989804595  0.16352947747785349  1.4123109447188382  0.17948385295334085  4.735759780260714  
1.0505996569712335  1.999012528923322  1.5841891632756977  1.0436319058394126  0.8017944046085698  1.2874887146992906  
0.08600840093635284  2.5259183179586744  0.723341629996539  6.9530064005255054  2.121762978066288  2.1577035178508868  
1.8406900423905859  1.2718688184327505  1.7297894202584165  6.806458919980598  1.327095419749991  0.30301804036751023  
1.0067443536599507  1.6978276148267202  1.4872250753358998  3.910017713885581  1.7635675984093417  1.9093955630406787  
0.6025388469227358  1.6931701817419813  1.378297943690195  6.855755616296883  2.1870016679879885  1.8057121908931795  
5.5547795478942295  3.145678665797925  0.6585998056291678  0.5294501907473017  3.889073047368763E-24  1.9716116856198882  
2.153678547667708  2.099004452783301  2.3589021975467284  0.5694797823653693  8.42792132297847E-25  5.283386262578622  
0.595117008965528  3.7365036197605113  3.985210995636699  1.9068557858930084  7.043552833736828E-46  3.1017941715610613  
2.6815867711264816  1.646359389939255E-11  5.495282436296702  7.641225771415432E-4  4.267394970289813  5.852715761127903  
1.4016066836507919  1.6697881968030652  1.846172888725299  3.46122304340717  2.811744613628762  1.1156543307740203  
