4.834361621513704  3.8903991105735627  5.100468086664379  4.135199857065448  2.6638210118232037  0.7335719168558348  
4.028069824207974  2.6230874467359446  2.7118528304148137  2.734838225899524  4.887391923528863  3.478561526676183  
2.931216606534776  3.5402312959386846  6.0781365272798915  2.172106076395524  2.474776682145614  0.8559668927884153  
5.331778878242977  1.5857736945105918  4.747128820086495  3.4886917130250312  3.660796234335556  2.539149628678277  
4.785009449204799  1.6883742998656934  5.703234910280623  2.3652488879242366  2.411045504768241  2.968297914224012  
5.210590553166513  2.4411962693426013  5.743730169427097  2.6706854961126854  2.642588850629244  2.117934523379046  
3.051643331433111  1.7785566401940502  3.0286913556725117  3.3590793093716136  4.235897292528215  3.792944109961864  
4.691127035290522  4.0962160691997225  4.345285283373869  2.7214562366749995  4.908250174008587  3.4137939233142776  
2.6740403598699616  2.5950482506594352  5.06065994067362  3.90073482112624  4.481334168635686  1.0208575046061361  
5.067696620282297  3.242860299326064  5.539908498541507  2.929709381269787  2.630763744977734  1.3946870509243836  
5.383962912143562  2.89251761628801  5.783308281484309  2.7680535507439963  2.685332443168989  1.638798797757999E-8  
5.086615703370259  0.3300210003147163  5.44476136477559  2.6497849274172323  2.0192334656634157  1.9074259500599176  
4.802854132845  2.9558360973558684  3.844114252191396  3.740962757364099  3.5962336113771918  2.287019408202302  
2.9431816916194293  3.0799863531812908  2.9709574167454176  4.660348567015157  3.597858136411823  3.808230128629976  
0.5601469229771053  0.49344151028011424  5.548279751050759  2.8881476855975508  5.559040995952041  2.806456108469821  
4.434285066680348  1.9023764118005602  6.476730942809953  4.204872468509824  3.2143554581436784  3.653704217079843  
5.334004673691571  3.0321185039994973  5.486894280633112  3.233106216695861  3.4238552757482275  2.6045573500390176  
5.00296841466239  2.786298061494556  4.944897470087428  3.410169543807338  4.887004912234207  2.785489656058018  
2.1656090278092215  4.007124893079654E-16  4.10719009484082  5.248345238650007  4.660827345317822  2.872349210737889  
2.912539230458238  2.253936836453923  3.446034016590288  0.014107515632737962  6.587014182184809  2.9272739148331834  
1.1537090053474004  2.720265732308923  4.534848786006301  4.6182900294003  4.830566585340916  0.9365606613646283  
3.9792230958694295  2.1173864622433483  3.2130778547003533  4.3033472950406475  2.5921813343414435  5.199258989608219  
4.955204116891169  2.686510750789692  6.066833670044484  4.891922291295786  3.7681702485881043  0.6122942891005901  
5.105486156242731  2.08461402869603  4.984455087126904  4.12109390902391  4.452623088758588  2.5289365724036204  
4.185257476689451  3.365196067216324  5.169646264947868  3.511418450574292  5.187106370945161  0.029232028850294106  
4.664978903880741  2.7882894652393038  5.064237212914091  4.242579135513183  2.734452358333515  2.3347153553657254  
5.338772775102256  1.706278321966684  5.530783406830812  3.3806147625021925  1.6017074075609996  1.4348600529606783  
4.6272280899695915  3.289508009772544  2.6631262829380753  4.657287000214888  2.3935852550465406  2.3972495015492323  
0.8604719136146686  1.4235890092623726  0.34085920134949466  3.9346472763499967  1.1848902036475755  6.56888176971289  
5.386684391629149  2.196265354346652  5.092140913184444  4.157927752003387  3.028722899525212  1.7681081052519207  
2.2326558812679997  0.37124912035857194  4.781898637712961  5.685926824821689  1.0625230324018243E-41  3.7020921550213073  
2.664620327385572  4.853294644843965  3.468515872701467  0.29955693839868125  1.4340471887431055E-25  5.6692591587867216E-39  
4.674700250621984  1.256696102690613  1.9129157527437832  4.174919545061949  3.891738087426294  3.1541906954253265  
0.979569481036356  2.97455877082623  4.490271922445489  3.350967298785446  3.7652015775899788  4.12968868900946  
3.2105979974741876  1.489783130072171  6.478987261804521  8.728277304231042E-5  4.672169681973875  0.7863888726103356  
0.5563115307264235  5.027720442826312  6.759756104179578  1.715381732410748  3.0472593322694745  1.145053608371101  
4.905378204911251  4.759989398260492  5.3343235100621795  5.350736778849943  3.612369694821481  4.877345066277061E-12  
4.2952960521136765  2.2473503994272863  5.45456352097916  3.8186790171356386  1.6461593653455318  2.9176828949081086  
7.70349984398413E-10  0.9385386088796299  5.676157041975948  5.354873271088579  4.237509722442965  2.9874614108369446  
2.7331500308098065  4.580062123746991  8.190975667568707E-10  0.7436950553822661  5.270433459471118  5.844448707235571  
0.1590569363640971  4.954437810002946  5.951862053574241  3.8359791284236855  3.881842231407025  1.7113063026853919  
1.8177910908280637  1.5410750558380069  7.737361452101468E-9  1.9939113233516184  4.364747214187922  5.9926100814698975  
3.244518826809545  0.41302358174375436  3.214272738588982  5.884923773990831E-19  5.7665051711467905  4.885955882220292  
4.913455248418585  1.1174500882105036  5.2500461108989755  2.9774723237036467  4.685406876775333  3.075737749162955  
0.2954195350177114  3.198116424617786  0.6942526263737174  6.813806859137366  2.241554153051751  5.949404260447004  
5.353660117342618  3.029403397610141  2.30353918974179  4.946651093886089  1.575815988536147  2.1568436752448723  
1.0321396741580627E-21  4.944520176760767  0.36742269553619517  4.1316406927516125  2.916056807431527  3.4929006450862294  
1.8515420206201627  1.6668566409612937  0.5379745091928023  5.072518189714324  0.40937425969951985  4.360491766525897  
2.602943964135405  1.0681941942225919  6.323537187512552  4.292642857376799  1.7417849771018505  1.7785054323873235  
1.4179485780826844  1.8322887341868823  8.355289851560369E-9  4.073864344601609  5.41241324161022  5.1744837841693405  
1.0016807436761426  1.412751265369338  1.0501483118018127E-12  1.1319137445625067  4.3782961721967695  5.2893689247772935  
2.474878039354435  2.6099017651564225  3.4633813484455516  4.3717254032757165  4.929957448995903  2.475988704891133  
0.41821113267980464  1.132870846052541  1.7484419950462091  4.278046270813257  5.755995938760279  0.7708545422593719  
3.4920354204329866  2.448232340595716E-75  1.7920051853606898  3.4740373801222164  2.137195590976232  4.96150723456673  
4.838657176900452  2.3603365504383205  4.802209938407028  1.9780165027866832  5.128644012499154  2.242098963410935  
4.957593491494193  2.8305949758867706  4.213541848302831  5.154923733774653  3.452165022731907  1.6694951288748074  
1.0598527823130943  3.8158315752708964  0.7155978236877047  5.4740718982090195  1.087600342668398  0.573050287698779  
4.39460035583647  0.823909164244094  2.125673113894615  4.32479918490363  3.99830426008601  3.229960862719536  
4.434773003548619  3.2020327818501375  4.046708583040795  3.677916713018866  3.544715842916682  1.1855522710645137  
4.169226118686853E-19  4.153532574444586  2.276443740403475  6.265451157741482  2.9703934938179355  1.5394283334794368  
4.0525222043806775  2.247621691614214  2.606576562788309  4.810364252349166  2.7132709211740815  3.9292046089031283  
0.20798398199758897  0.012815531790261311  4.642050087219706  3.734275028052119  1.7986023268123575E-17  6.876088183021716  
2.907928729182179  3.750503074714288  6.555768498102536  4.671277181386707  7.505782461161113E-23  0.0015490237982570612  
4.684769986045071  1.276248177941253  0.17735445648019924  3.729675644310555  2.622364766252145  5.3929882526381565  
4.370264372369673  2.962794089014891  6.111888838872968  3.417691719105657  4.30405003024826E-37  1.247534506773881  
4.548614510581212  0.1490388927526578  0.34272991368654443  3.7198388446511155  2.9926177807876093  4.1247009490123805  
5.06002762064922  3.172128040681935  1.4780437594240212  3.1208585204324253  6.006421151482691  1.8715698229892481  
0.32624667208195224  0.47517666130073405  0.5341345516243448  5.690879955339261  1.8118236303122452  4.8046763029113535  
0.6780045306725172  1.6662149737912364  0.888765660366928  1.2738111324253243  1.1012512300240973  2.0940547174595268  
2.315572733597285  6.828194582774121  2.3338010855802525  0.04518464418729221  1.3379139659659358  0.10443360030106978  
4.743986397383331  0.5733719106462722  4.919255422830498  2.3652105482419254  5.5834410988446725  3.386600034422823  
0.7563424413882661  2.120465317850557  6.159899952258285  0.813635947635793  4.970548860283565  1.9050598929750944  
5.742969758921194  6.023981260011654  1.624656797983099  1.9332387835361313  4.482541689163521  7.420696714446249E-8  
0.32094360970315716  5.107621832907087  3.763809827238051  1.7075416905691945  3.664990652323655  2.631349935824953  
4.6073543643737365  1.82435742613837  1.0648881130957357  5.922890319408135  2.1967329828088813  1.5509077246272749  
2.2575323321201486  1.7942347531170464  6.219968249023171  2.369936875006577  5.123068691407823  0.5357024786856489  
0.5873718473558119  1.8339952578001069  5.957271281741162  0.9318172007583634  5.395131149544526  1.8607192351347006  
0.8176313907146379  2.4001124098754167  1.2492714215454777  2.3105653354279707  6.630179680560277  0.42653601020591536  
5.189929012414322  0.7414672835340094  4.650265992051607  2.611563743054445  5.4511545527023255  3.879594083993089  
4.819601058160148  3.0729149956491715  3.128066448069045  5.5892340412704575  3.6418255375379047  3.670242114514108  
1.152608769571279E-6  3.3591066438335506  0.38305161954495937  5.7238509416316266  4.247794160329538  2.362154453990057  
4.628399954172024  4.02876000356655  2.906282385460914  2.3964586713705124E-24  2.954683558909956  7.402888351291735E-37  
4.22018226814211  1.388157578679966  0.32519965557005964  3.777310722942886  4.523975807809825  4.885699026154749  
5.61403719963724E-22  2.658663571506478  1.6218298144611178  6.973432775688414  3.25092504031688  2.061070772503681  
1.710245105827166  1.5440377544353587  0.46549320370946556  7.028580837282842  4.0856030771588046  1.2690478301155583  
4.98574421096152  4.954049566003724  3.8178515979974046  2.121730251404016E-5  2.599294276114908  3.545582674185152  
0.9199783719963429  3.0295823121643606  6.179894573731592  4.8353496064123025  0.37816977131639073  2.352744169534078  
8.773651501501907E-17  0.48300931789811014  0.6384960755890072  5.263393719076963  4.822653238294965  5.826432597195487  
0.4627071110866651  2.834933945135182  2.995722535157535  1.128242747933786  1.0918989884199233  3.562304835250779  
3.7258212398997284  1.0814059979093827E-22  7.53099264033458E-24  1.9884763529198966  6.002565642227492  4.36509571049594  
5.15757924959353  3.611596038453743  5.699235522308625  4.282774854503898  3.9825091168020164  2.3177538388361145  
3.548760462689069  6.57283831785624  0.299542228842004  5.622445203441949  2.4705777866451855  3.4437613052284513  
1.4594634960896165  5.818069273207383  1.943333029569737  0.2570235711439324  3.9758856346103135  0.4376844118175606  
0.6428302184528968  1.7563753238388264  0.8946446269938723  1.5303998678920823  1.1398362996486426  1.9856246191658384  
4.064490319295784  4.502605167855812  1.3284833548007144E-43  2.361817708303411  4.091436399598456  4.288973271969502  
5.230486966987552E-4  1.1361695519745738  0.7051513480261316  3.974949724085344  3.9340676608314205  2.882375989075304  
0.9167656548293828  1.2987942246225208  0.04495715264789266  4.3497617969197435  2.2991464140833213  5.51986489751608  
5.687001961357682  3.5419783358115846  2.4559095269265034  2.701129624598608  4.388349239687431  1.39739411799931  
0.8590359227101063  1.2748648022637534  1.0239968894204732  1.2209981669997778  0.8776592489676052  1.1285811742743306  
1.390113034491839  3.709068552394289  6.75264906653441  0.40206401552565546  1.2525702782093118  0.3500954239481986  
0.01708008650208332  0.3141493545081472  1.399385766714962  5.996499377739772  5.518820463953139  3.9080169164675  
0.5450806784368157  2.4000100645172684  0.7953209038730721  2.015279591561087  1.7454182027011478  1.898936117283915  
2.4059753260939316  1.0795745439921367  1.9791995991837015  3.349649785175042E-4  5.8414162151355855  0.3021422251094271  
0.51176507507809  2.1395122679164063  7.613518027922476E-27  1.4621921811383467  5.4210223974451655  5.551846911159588  
2.2371659315870853  2.9858072700948095  3.1783485286328954  4.363506973560573  4.771941643767094  2.2154809309003456  
1.7780337560699604  2.7373614910445676  9.313392200080067E-9  3.7468938487848815  3.774819703297674  3.9465947215365156  
0.07996068430988704  1.0914479598215963  1.325909449735603  5.657067619455264  1.1990206457832735  1.3135641887675533  
0.8392219834247521  1.6421245245549299  0.9662512009222036  1.2370540158524634  1.0829018208783605  1.0599479987239095  
3.3355804543408487  0.9473993290992989  3.394396451777301  3.447776799625087  2.5330497559382345E-15  5.615632998522186  
5.036498551276763  6.001241922264768  1.6944959381541098  3.6960647966279874  3.364150671606671  3.3261213967076513  
4.603785412311902  3.40551915463201  2.993501300353199E-41  3.9006349150574957  5.094880304962008  2.9771524810471064  
4.909879346124505  3.8419227410992636  7.050712121516049E-22  4.070634528858353  3.936430543737622  0.5152321285956597  
0.7324631315548793  1.7479037732937235  0.9324076133534608  1.6897738448051034  1.3306910043682325  1.136419355152491  
0.5031730334209458  5.4411392476553795  0.6770538630027513  2.63117502523855  1.6873158372737642  0.9406870543038695  
0.14542047856119952  3.4748161935198727  5.957847628039103  3.4669427046191035  3.4886089912852083  1.199564193958671  
7.651645439538748E-21  2.3903986336196126  0.9096732413493871  7.602488169248807  1.493636860966536  1.1449664289334072  
5.171701313367601  0.8200540401846134  4.184414158385492E-27  3.0008819209474047  5.366952921900664  4.678628447215328  
4.477629306240987  2.814399884595829  2.1683928016855636  3.300333544926451  4.121090236455326  1.1215006475354853E-56  
2.5407903144039385E-5  1.849093743639982  0.2008082121012209  2.8140035535186603  2.977342244263706  6.2074278075652565  
4.995039981137591  0.3193085403226588  9.081915939893982E-16  1.2709664844847222  4.302159574585264  4.644605553535843  
0.3818043602594262  4.17246900093244  1.4068525349356344  1.8523265822316461  1.0441078175615717  2.2396074679162394  
0.9198601846557765  1.1099309075042956  0.9160424899753603  1.010860709260423  1.6637718389275735  1.9665541848253383  
3.4637829650607057  0.08161978325284933  0.5773109879753148  3.7031337295082043  0.12141935455047385  5.193541622926242  
5.3853437478641775  3.9418393206128672  5.339092765187494  2.9631483470242808  3.4708681330317974  0.42132163724876454  
5.346580378730281  2.4559884587786676  0.13644587855836227  0.22241210525323057  3.34320719467859  4.401503111108561  
0.4930916822582541  0.3362862126638608  0.7727218534919542  6.155883265817769  1.271790921140982  5.463218205950105  
5.134726943190477  4.273949144323684  4.525978752988988  1.7854765792590606  2.778469504823326E-7  2.4329362120958566  
1.357413383152404  2.327641360629222  0.7787726108965214  3.384837078413729  0.580642813358253  2.780776979217052  
4.881900194720682  0.026894107291289895  7.677032303546088E-12  1.2377672623005034  3.874225997509055  4.8616666065579475  
1.286091215717174E-26  1.740040005464869  0.02049185104548836  4.1923883038288245  5.147020007017938  4.740042917615925  
0.8246937288679805  3.786891334310327  0.6131327310181893  2.9964688389708987  5.674932133563937  0.4724562004395021  
1.2830957810555141  0.8921544705291923  0.7180396427383118  1.1003716404389523  0.8613854087783634  3.811336683833074  
0.447265598498877  2.483882452107309  0.7594652701542279  2.2358271615411227  2.1674430223271046  2.3789697751456327  
0.5413713289615895  1.8788626361512313  0.7487680541832289  1.936728633625173  1.8826325217040107  2.1779806725867306  
0.8219890962871915  1.1676251136877678  0.994675204673453  1.3422942991343885  0.9079127234513118  1.2314978050637246  
0.6863705152134997  2.8001377577369837  3.3120894009481296  0.909923141160228  0.20229739316429873  2.872444582647052  
1.872590101306549  4.784577539885233  1.9762063090682174  0.3770017434414651  1.1062279944637636  0.7310959292951955  
3.886723573641351  0.7346489132622628  4.776466967576634  3.3791053410285117  3.9745166219732697  4.134147906366422  
2.0647592154738775E-34  2.005257901333952  1.251942543161349  5.610960772626467  4.279679698212075  5.313590060839758  
3.9048377572654984  1.0183009016030433  6.565903416846313  0.23935194900591217  1.1396386651850936  1.7834344981700252  
1.0874714055095136  0.5248098743126028  3.9626255329779534  0.7104696704726291  5.722555531416489  2.2868146408067327  
0.7338155862924758  4.428919790557245  0.6418640721708071  0.9762026338180835  3.3083980486795648  0.9999252622075124  
0.4877784412202871  2.3842263107403925  0.22081387692187698  1.8564760059111718  4.372294212102545  2.206179048804849  
5.515318569509225  2.5682775239814166  0.3606881432833739  0.37819158488621846  1.8015660195083703  1.9457620503697015  
0.011038944399684609  4.750944782801061  1.17770349959424  4.03419347729413  1.409092783297419  1.6584766442923298  
1.914865759172953  4.177057021156932  6.075177108563744  0.7985376910824793  4.418794131154102  0.06350093920738951  
2.3213941852179767  4.136912455978482  5.96450378644504  4.686911418489205E-23  5.425713899680264  1.958394522644132  
0.9886540041224294  0.8792498946376884  2.079065375252376  0.7662258147666231  6.432170198598503  0.5921604287736401  
0.6916516082859478  4.480016013607727  0.5481080388989776  1.0837930186036528  3.5355823717100323  1.0034950150248225  
0.8140340301629084  0.8422935362091948  6.39769324212355  3.52862251185022  5.37248641600034  3.6806749374057204  
0.5713277857125236  6.108949299547041  3.5944326803473864E-10  2.118793620171629  2.7010786216681377  6.9766557989096745  
4.167103734487961  1.4182809074607519  4.007217407890164  3.8980617439196874  4.168097348673142  4.571626803490026  
0.12365564811723222  2.0329565534793503  0.360860849618933  3.1022782324842786  3.3490160450125592  3.5751321692850535  
0.2987645600506037  2.4126686316364565  4.054390364925991E-32  1.2837166346746338  5.8048706632850875  2.6746540301208936  
8.138400389622922E-13  2.0514738260993024  0.8467045730416604  6.860832971404912  3.7906612242157536  0.9517980969702015  
2.1340089623948533  4.1071024272640635  6.382605597492616  6.710560705351943E-10  4.853982664292851  2.70679365105227  
0.8258868864343402  1.7106475024700554  0.9206845695625689  1.262187187093273  1.3163270392647246  1.0559651457032395  
4.365014811302212  1.2872219110780053E-25  0.40871727641599154  3.521909478756234  5.390223491555656  5.060366048329348  
6.38313073907373E-20  1.5136157499488425  0.2802626815694803  6.151822342932334  2.6750210626596633  6.269243136979272  
0.7768732683470273  1.6536546306597604  5.8919482123247535  3.699354592549983  4.305371035270708  0.38356420687465115  
4.477192225183195  0.5967345116754894  0.5263846510214667  5.687699110008936  5.7343513197809095  0.5720144203201297  
4.665912026234245  5.5986997151412705  1.8199191881429266  1.9678249793747808E-41  2.3092099814572022  5.096063878762714  
0.843714935023344  1.6813229992931489  0.9876061375011078  1.2229921530232197  0.9888169044143734  1.0682581857974374  
5.66868047387297E-22  1.4183712085182012  3.752164850923195  5.757220033021246  1.8824113771570707  2.407035723842217  
0.4599227678120959  4.475015592373055  3.098891360781233  2.214924844004749  4.843490648622474  2.423299975000132  
1.56661317452487E-4  1.498994805463066  4.955441266309675  6.081452894389296  1.1608312137106758  3.6912129094036046  
0.7312736365484516  1.6405484941050115  0.8086109636902375  1.4623675520473558  1.7130455190298082  1.403576465352621  
0.7326873869525626  2.076966110544638  0.8129100750550334  1.2428425742248024  1.696482522524513  1.5536889722235638  
1.8407912160443287  2.597025286184715  0.026784166226269467  0.5202547736205512  3.235092438772176  6.544836182928336  
0.7598449617477421  1.3702865786398493  0.8923736923080937  1.4615641631096816  1.316774300940307  1.2815665226109134  
0.3209718451733829  3.32899383292547  2.4918076595707173  1.205799961393701  0.5511155460780424  4.0541843531286155  
3.473420693788573  0.8487467632433476  4.668636446567155  0.036715057059034995  6.184089311843452  3.0287401763438178  
3.8806876258449385  3.157022899440678  5.725628178106565  2.0418258318141883E-69  3.3913539214108317  2.4175557772783756  
0.8468008418148746  1.2190798721329272  1.0159141212026583  1.2410234199089847  0.8803060340728817  1.166527285406025  
0.7814870674577633  1.733068261713307  0.9763574715718579  1.3849092074135612  1.0026635070750916  1.2552064233654054  
1.2293929015740356E-21  1.276939805907191  0.175267621613508  7.931733333971061  2.7912559902390006  6.446703736605809  
0.8283424362752042  1.3663599138078053  0.9455038428227959  1.2874223698305773  1.124159865351065  1.0848899846255928  
2.6898969096421643  6.820506889693393  1.8045779714529975  1.4117937396594336  4.109765894368884  0.4862296187024555  
0.6922441066223941  1.9385334601882909  0.8811833112476114  1.4632379128140964  1.2975121718861928  1.5881555371103386  
0.6893184083370326  2.355891385977432  0.9653020393260092  1.2723479700838147  1.4640677398248754  1.7443094035670679  
0.8486957880748716  1.2151174333260695  1.0203212390133536  1.2301475608679606  0.8754048610270599  1.1677828595823414  
1.6306247562826988  1.9016067439754005  0.1387219895945953  2.223577435238572  2.783721931694622  3.6823933824442694  
0.6686243022245938  2.006418808448317  2.1056229664828514  5.434910282739022  0.6545939608231147  0.8720827777862485  
1.6062605726756394E-7  2.9430440015205965  0.5756278427702747  3.8311657323157475  2.194946736255006  3.101359849014563  
0.03408395347670178  0.8519934355082301  0.7761451827756979  1.9730426600738882  2.9480016042935513  6.314346919836099  
0.5758412204180848  2.0283100271607335  0.7655241251896605  1.5422281748581996  1.6796773885008474  2.3589032165684136  
3.642817236080331  2.069009942716816  2.994146684085001  4.528864750681753  5.0273030168179575  0.8843829901030694  
0.6441580966465942  2.1466617383547195  0.6793792196955738  1.6114071677555561  2.3426534536122094  1.7440998286209253  
0.6351673485350559  2.0182442483403435  0.7955007834456337  1.504818946190274  1.8198373762359714  1.9658139500019212  
0.7530605392599716  1.5672684088613995  0.9518298657647299  1.4345079330933432  1.0222441707670393  1.41625618084575  
0.7452617329385891  5.036767072866284  3.341552143294181  1.3075928892792295  2.094385149465711  0.824408075861372  
0.9008720860366  1.9706961792203894  2.2114223298005413  0.9466861600926738  0.4054812749440228  1.5874447530074618  
0.7694896511597612  2.2873224391647695  0.834287928856055  1.3300214730393392  1.7119116698835297  1.1207638915694236  
0.3148751542323464  0.5392415064809888  5.286676382569207  5.272043856548785  5.422954912423445  3.3694645567065686  
3.3872612983945345  0.5464580790459348  0.20701065358393503  1.1662519894003942  1.6596074740121605  1.935571476815262  
0.7241123393633799  1.613265029389295  0.7442505288473484  1.3641276498423733  1.9573361020038893  1.6063357810809433  
1.7473938772085726  0.9428047811191909  0.5772641111348054  1.2979575771272231  1.6058287673595883  1.393572031089267  
1.6468203038944729  0.7899932033151427  0.5640327344219966  1.0408450605541488  0.8731244769552631  5.1051991622205355  
1.2353635973420245  3.236960566942546  4.769642933661452  4.449304247911262  3.6859037078586296  0.6956364228873535  
2.9064519951457437  1.247211531005237  5.5676744179380355  3.319215657752601  4.191687933774115  0.24525173231385405  
3.029128501776074  0.5916551831131501  1.3733968468431054E-36  2.9093308707382737  5.6530629053456405  4.585370705074257  
0.633719318596217  1.4954693426619228  1.066288109992465  2.415980883193608  1.0394084302380242  1.1023713718970232  
0.707100696497499  1.890599385168237  0.8613363047554965  1.2609856066424021  1.346860899337246  1.7663981062880414  
0.749728743046461  2.076594549005445  0.9202658980893478  1.310430942414126  1.1629624288079259  1.3407296274824154  
0.6749706710908089  1.917176708261922  0.9656911372029432  1.798057514367232  1.1153886895381022  1.3585395194083432  
0.8703034706706897  1.35588468805086  1.0162777320818766  1.2260455449896557  0.891667076972648  1.0976546424428835  
0.5232703609563716  2.44771859719082  0.7734056030754227  2.1186091160949223  1.8590796963407679  1.9295447559802128  
0.7368233756156443  2.705542157867005  0.8407061267427473  1.4981512582356593  1.7613832459600423  1.088710872852965  
0.6553363134863837  1.5212379270243293  0.7725181798203605  1.3318435912405853  1.6530815524811036  2.188703233638039  
0.7272314564192073  1.6866216136618017  0.8570530696948507  1.361091497357213  1.3770978776881968  1.5408704853697766  
4.880315906738908E-21  1.4657639360855501  1.7113680546624273  5.181157025774999  2.1215119480033158  2.9600705832391725  
1.2912019888899713E-17  0.377413300906221  1.3454289390324854  4.6239421233309494  5.318502460355594  4.466070841313382  
1.0842012716429643  0.31533461371253074  0.5023025790088266  3.57429744445002  1.2788308051168984  6.562832770514666  
3.6095720203945922  1.0726513729487258E-14  0.2781206274436282  3.908218309149638  7.354860600008733E-10  5.562659925540474  
2.8357698990000717  2.769410497696437  0.05660944345634535  3.534920186122164  2.8048100910065963  3.5525816777196813  
4.43688543276208  2.8122622008493074  6.885559897662678E-39  5.876886450502882  4.808393932323792  1.8512939818640867E-14  
3.6734780103415208  2.076334002718913  5.264854300626698E-20  3.654064193720682  5.973851544815356  3.7134595325967856  
4.606063706301737  2.7768631795889323  4.995795737889089  4.9652575747736165  3.3996940467562546  1.4216872766480606E-51  
0.9211572286500781  7.5085667397411475  4.120109451559639  4.547235759773939  0.0013141216359747459  1.3952352835292476  
1.3704204702835832  1.4753174121506532  0.9283455545992376  3.6051187313496214  0.6929131756842231  0.7365014803336782  
0.45676883200606505  5.471868041727041  0.7462377863931333  2.8453868264050732  1.38450633419225  1.007674090380083  
2.036194110123687  3.3895793375139873  6.976555986304768  9.224901153274313E-24  0.001016187900433518  2.699932492434171  
0.8407892431283173  1.1992171049744476  1.0074089102076853  1.257896850711141  0.8870271519462712  1.189835679124701  
0.8655307893189064  1.6501611567269434  1.0131923841447035  1.1997147130529702  0.9133561860688841  1.0692860889271962  
0.24403232189881988  4.567557128435722  0.7328560952055371  4.151500116633796  1.8370452490023952  1.0978838465106815  
0.7989832357108047  2.07909897225408  0.9529232747843185  1.3014517135250951  1.1465629380616147  1.1022601695780343  
0.7294190933374537  2.154633978402131  0.9657444307689402  1.485413621569326  1.06463775041811  1.3170298388781267  
5.233232761204553  7.804322362154366E-46  0.055196533024877314  3.9130767293157356  2.218163768734291E-33  4.300637769271855  
2.0871155878035834  0.5945850123366773  4.049681523492123  0.274643296864836  1.0231634754524297  5.007491387776121  
4.621075662429841  2.5166215561746017  2.950879928937358  3.5631670561492967  3.6781364835975996  2.3487725885366664  
2.2176579557125436E-21  3.0985897430750726  2.2864917526226165  3.572455353287428  3.9156461159602363  4.130247254669324  
3.415945030585214  1.1971374939798924E-41  5.501067522118984  2.9339254821510207E-10  2.303749724617646  4.7566354047376  
0.7661316346479332  4.410491668103704  3.2188789860869202  2.6598727981067953  1.7777462177723233  0.6592604219977515  
0.8543883834122289  1.2773172702011097  1.0198139951216931  1.231763608598615  0.8833552954327739  1.1300432144132349  
0.8137424369951413  1.2747213233107375  1.0258013606450915  1.2133723022516878  4.1698731748426745  1.1061203745604689  
0.36998194385679894  0.8656619818818913  1.9065171896263278  1.3437344409146041  0.7614573869572082  4.063311961209593  
4.510595914886826  0.3484885483815434  1.127414984831845  2.6677595671798575  0.01053523169398034  5.2859846867321005  
3.1952880837879653E-13  0.6337729760561461  3.0802685983629177  6.242982467576303  0.6222485559943525  3.3331822500162356  
3.6042511605200453  1.256177687349577E-6  0.5732925826956132  4.382183706437594  3.768150039918946  3.3224096159033105  
5.4500240519018766  2.478038778464364  0.004449774071423985  0.3507238862210514  3.5421675550488336  3.91991149562746  
0.6996326646804917  1.7667749171296234  0.8255389030744968  1.5152873547276708  1.6157284339199331  1.5293133475041218  
0.8625383880218429  1.709125793780764  1.010462855314447  1.2019664122558744  0.9201664089632071  1.0695860676021505  
0.8430927811303127  1.2763294510925667  1.0030834825401054  1.2595929254400433  0.906986527773744  1.1349594728336672  
0.6289384340699379  0.2965322150484338  0.815188334251931  6.112983049490227  1.1427782182166308  5.261019279765288  
5.113779241873626  3.3037096848745655  3.5148531980779505  4.622528368089209  0.5909719162947569  0.03366850967484458  
1.4482654215544226E-26  4.092719861180941  0.5469254655747232  5.467041710468774  2.044587701437943  3.462141316237011  
0.6553709436695492  1.4137568877544051  0.89762013522372  1.5416106828440383  1.1112411011839554  2.0280133642051137  
4.969381843466724  5.165318758136601E-4  0.030798277167985916  2.7711544070484506  1.105815946135514  5.193521744712457  
0.8537746726137682  1.2939345589693443  1.0148438933836057  1.2374509965754814  0.8906390361699181  1.1243310139772016  
0.010017338140071969  0.11265431857214282  3.1237913694776753  3.2604998439998103  3.3279700229984535  4.857471044747572  
0.2567920337808814  3.3056138810864852  1.4775793550340206  2.547012636634116  3.414132579083915  1.0703998987379737  
0.8994539185049193  4.056876324703002  2.5463315428196263E-27  1.5070032241147404  5.971445492333631  0.7279965470373643  
0.5791043492528393  1.4861721941265913  0.5216986724446819  1.7154113208929869  1.8502309537487656  4.37076158007087  
0.7803119516167927  2.2912258911756114  0.9193601031763896  1.2349690299098974  1.283629967920709  1.1815611777020798  
1.9671746407376665  1.3133946597955766  0.8896064011194997  6.14767481562374  0.2493731892464137  0.4654022388297742  
0.7100733087330134  2.4578377946390115  0.9596683649693086  1.4830170363787543  1.090385849648539  1.3420087106639993  
0.1956539852158393  1.2062601821059213  0.3782405623487685  1.4755405169650002  3.4383860292102355  5.144267517975693  
0.8291649513488584  1.238292683576589  1.002944243059404  1.3472271949003083  0.9093034820892207  1.1490933427648706  
0.7189330735443714  1.9192571475118476  0.8221269818440667  1.3668581295602036  1.5885533894640813  1.5316877264499338  
0.7521158095633697  1.8446885821591072  2.014964256652603  1.029708312720184  0.5793154168408573  2.059357149544613  
0.697944504616102  2.703982633204102  0.8822198902066121  1.3683886069354547  1.4093850277866282  1.4402739803518347  
0.7483027983447184  1.711836096941823  0.9337846606487225  1.277820987940917  1.0126767825870175  1.6181505740188253  
2.473355621902853  5.254016021937371  3.386205027258307  0.4223646225648764  3.979455220931542E-8  0.028715794399955207  
0.233488183742915  0.7622702859760279  6.0326739871703765  1.4691261236481237  5.21218204486802  4.614692219312936  
2.9872399839827093  3.7149880856427338  3.933071414381736  5.304658161300033  0.5925152075433229  2.711096860082462  
2.247710791138417  3.429155489976662  2.5591831865115093  0.8296067229059564  0.18753427257223618  0.17372519835850958  
0.47986791512989574  0.9663858528649554  3.6857434714982316  2.548378589074101  2.645732536781959  2.5314259809295385  
5.063517257836754  2.5892218313120545  2.428612190621556  1.358855230843213  4.621235016457369  2.539546757658687  
0.4427287893284192  0.9357745732359536  2.192360818374342  1.0250188901738888  7.311370349517901  4.489676036863418  
0.5726021423338712  2.0648138707260126  0.7545606073775638  1.7160718744520023  2.188467610707909  2.1841367344299782  
0.7002223862224016  4.2243352261353  0.48204725985821173  1.0413670927092644  3.5285065370146254  1.543169940173885  
0.41358995109299823  2.095648688616689  0.1825449979432385  2.0131925512848623  4.3583091959068545  2.6902275139904352  
0.5927001146907034  2.1147779208138138  1.0175326235769238  1.3265027611151785  2.067527166090615  2.501681455733792  
5.486136624142196  0.5322807043401743  0.052925735824597905  1.6282075623299592  1.618511024824304  1.4152679770226093  
0.2556425287629124  2.8186936400166775  0.697335827763868  2.5593241819304935  1.846441794536481  2.519150558040419  
0.6104480938160989  3.8334583729926934  1.393348862383743  1.8657027630105796  2.5487935030629716  1.2308754845438281  
0.22039686102193484  0.1870249736268403  6.729758774034288  1.1898102586014037  3.3375468638772507  5.567273658969726  
0.8172244725568116  1.1837144974109968  5.035042080640597  0.8795434363084633  5.160258709213397  2.1886477976677794  
0.962219052466326  3.4458864300378274  4.840677107087632  0.6117942599055922  2.7741302549326756E-9  3.2905798347304267  
0.8994956808648596  1.3006790984804428  2.306014822929863  0.7114493492042245  7.044956685128837  2.695682091363653  
0.7020645766172033  4.750764142697353  0.6001148412390165  1.0450570028308372  3.221822632821971  0.9997802109733961  
0.6955085927447028  2.1488145250388544  0.8837013784905708  1.4248592351718807  1.2992027391188563  1.5488171410987819  
0.7927314513491824  2.2520077737137862  2.259366576603484  4.594049437711103  0.4327009652439223  2.246616261631161  
2.5540653307467482  0.6390689494281987  4.002807716327144  4.366149788281489  4.714077577625757  5.255185254219434  
6.148554751239959  2.9570970226889264  2.0880034341233773  3.680825255779698E-31  3.908865981715835  3.4136959844505563  
2.391872279484517  2.300134679512795  3.3404057178130513  5.561193324189743  0.5790287610262704  3.475494691003711  
0.3852047591045639  1.1168012670146878  0.6238696825911717  1.386544393054251  2.2904909363092583  3.9962964772944995  
0.1321176426595311  1.3587561807055997  0.3463098534095815  1.5121670998191885  3.2399673908202855  5.553599194705562  
0.587438661808282  2.8682394545723424  6.329910384483064E-11  1.8233565311035256  5.380162485102105  1.0463370127478313  
1.0527431064248944  0.8510501985776812  2.2029089824452943  3.6863544906417  5.810326782235707  1.2191947226552682  
1.441217231507905E-20  2.770121472783048  0.7551813308482853  4.993035398239315  4.487561258360449  2.8745758460831445  
2.097170430623346  4.0283087111667575  6.469115553010939  8.619449950008355E-12  4.80055615407646  2.55056425269086  
0.7963383198828897  1.8500607758567997  0.8562599316313876  1.2652603485752505  1.5968889001729514  1.137682277020764  
4.753286402708287  0.5076157904365701  9.636306110812698E-18  5.385700603269553  4.9881299680174465  1.1317251723891555  
6.781570690568214E-7  1.709507736334047  0.10780704978861541  5.92500573217649  3.8940504841022703  4.467562383758518  
0.8703091804965022  3.6177913003111635E-87  1.6544564224806724  2.9202022135239565  3.7212530040596836  5.631494721427182  
1.534024617248554  2.99646332621585  4.462644497347391  0.40582426160625085  4.137393857805098  3.65482034444912E-5  
6.796524607448766E-18  2.0965883725554058  1.8575880953451247  7.0419950041364245  1.702616297769497  1.3986667135427169  
7.228617906465188E-40  2.924207714744014  2.22069922723298E-27  3.21159802284279  3.888512262314354  5.877960257693831  
5.271265735453713  1.7388470568754864  0.9525349227017408  0.31113698266905804  1.1797818153014088  4.97144898691362  
0.7400101017294531  1.3629475088148177  0.8099549380675126  1.5081985625161352  1.7133355219389415  1.3635667657508106  
0.5020340483577153  2.568765863273177  0.8461298004238765  2.1429731460312516  1.459052281766581  2.0089741844874602  
0.860253911109931  1.2762421833422135  1.0243684875376649  1.2197522545598878  0.8770756523708132  1.1274598731685783  
1.4755535589373373E-15  3.839879260179844  2.1542186316682845  5.316672800770392  1.1527010641426003  1.539051552177673  
4.547856316231463E-8  3.836491159388626  0.6450293589363139  3.8893130313211173  1.9914373857734353  2.8692367718988128  
0.658747986273812  2.013083618085356  0.8323589466028447  1.3429429380217075  1.3867307613560216  1.9804470106355347  
0.7237371529805765  0.7345243022276376  4.901011607442593  0.9121971310811271  2.477622145855242  2.2347532313281113  
0.5294439011454867  3.268162709673193  0.10087816238337402  2.355507503554269  5.079128434040499  0.9941543453101213  
0.6466973975017883  2.429374763519895  0.7195566153587748  1.4667181349309626  2.0822621878060543  1.8156179567583934  
6.5946098691184E-5  3.899695372814331  1.2252079708324446E-12  2.567217683263627  5.559608573528727  5.5787607964862564  
0.6057452196105362  3.9803403309736476  0.8344175537224149  2.20149468031905  1.2174541985193994  1.0158979955712275  
0.30452853735489177  0.7049132691595186  1.9712829296367043  1.929093588573258  0.819584461973441  3.821213593795766  
0.6543386397712215  2.8269992568138917  1.076477720012847  1.279728796562709  2.0777958317353993  1.8877678617983513  
0.7272677502740791  4.298380670609317  0.563605613280049  1.010167101394467  3.50850701232712  1.107677675165839  
1.8228471652842957  0.7621415092927879  0.4132892584946175  0.9925142058903903  0.9508665743486412  6.586736211686054  
0.732711411845136  1.3894148484683828  0.8768900863130172  1.4426801842559882  1.2989291555225033  1.481207582042147  
0.5554852424682114  3.017449990978683  3.432910248543333  1.0807822468519122  0.4766661499404801  2.769746190514919  
0.8511399154306734  1.2297916459940097  1.0234436626382812  1.2234117038080219  0.874219658631502  1.156287474602465  
0.7259941865119403  2.1871012534186427  0.8077559602948847  1.2897981972203565  1.692445742672343  1.50243734414539  
0.8160060153707154  1.8283580861258337  0.9972542243552038  1.3388980461769056  0.9790244325893893  1.1049665311046857  
0.29458613110209353  1.29860992373439  1.7674297481601156  1.6929217972283854  0.8771082803497441  4.0215070424173325  
0.736218099318676  2.279049784668179  0.9531153222351336  1.3570014225376046  1.0483771793838423  1.3981683651864911  
2.3395328102026722  0.49315028507833153  4.839225189732063  0.22772712606853635  0.882919789105211  5.134800368538464  
0.30919534074175736  2.377869533665521  4.523844953459705E-26  1.590395002370327  5.958395217521171  3.0792598841589838  
1.194399653509367  2.3553603625188653  6.635732883978851  0.5430540930675541  0.8742430751608565  0.6824531660397349  
0.7649493973061072  1.9649075668929321  0.9735847081850034  1.3981965197503388  1.0250925976815286  1.2654508242926303  
2.3929640601860345  2.8119079925817054  6.289755435708586  4.923804217000998  0.7874488226563162  3.08442751582253  
4.955691420106205  3.6718703831772794  2.1857872117512684  3.1351701076308722  3.7578421232732153  3.7620920711020305  
3.2980390929396113  4.950706616578214  6.078676419233973  4.794176973244009  0.9696008647990616  3.4907108073418893  
3.006259348987874  0.654384554710243  3.6426786814394205  1.715198684490768  4.012828708750098  1.9593565869391285  
5.213447191365207  2.5539443924409895  2.845449436128957  2.595539231883907  3.4111835684317193  2.979990403620236  
5.766569379721728  5.395559015198313  5.182802222459663  2.5795883824147356  8.166730026898737E-37  0.8971988461571386  
3.736241091468178  0.5770820441079333  4.423521946218092  4.323830623626442  2.1581431971535636  6.236367820370113  
2.6281877940829976  0.6397623185728987  2.224178500234172  3.901609933873147  3.384738058785667  4.77508179901932  
4.43322881542179  4.524786190605568  5.666450787206191  4.783688169671837  0.06744437051820912  3.6645301313688896  
1.968022414043191  2.912933034613312  5.305585418108348  3.108904445303417  2.8070907969850616  1.257962602363441  
2.9921657099382455  8.927701722530036E-8  4.2374125118853385  3.9181073123209296  4.44013343658383  3.6193445137454128  
5.208804588710929  2.3947013892826114  4.32825079133919  3.1938169197735307  2.7717124355125833  2.5986709561001113  
0.8550193909639032  4.359579561558951  3.7759451803631525  2.1515835925415114  1.949934494599551  6.040824717320131  
4.4286791354086015  1.9686054437630993  5.553432372538651  3.692441414684463  1.7728940529937585  3.60785342136804  
5.380676312115405  4.045181985542735  1.8625565963756292  3.608175061444521  5.223049481657553  2.453843506864009  
1.4791132398451814  3.254178439075749  0.038725665569623834  5.797344187105465  1.7076612345941713  4.489434950659153  
2.793720412013183  2.124228782879232  3.3611225768995165  1.145711467891187  1.9402854151619866  6.973487846765377  
4.533232099028119  4.6867939587378125  3.918949638520584  1.762130253381183  2.4546894053387165  2.442865728218648  
6.368747655575633  1.4787981676073683  5.45486342076839  1.9980741499637276  1.6704689171827145  1.849407386604558  
2.268928814401731  3.250983866757261  2.9370362165242625  3.260003240438069  2.4805277125362264  3.4380075256432847  
2.012697226281052  3.1508626151823065  3.163349795664316  3.3991455079434223  1.9237268054616414  3.8608628473930517  
2.476033757546496  3.906883647128405  1.6235823053198455  3.2772774505158826  1.7765275741139865  3.110862135645396  
5.007415110714876  1.846914239864033  5.298902821675828  3.0685333999006796  1.8287572617035992  3.1659540464738622  
1.8435390898154327  5.67818220559843  0.08798061628971336  3.20887232498024  1.0395623759618726  7.574360315704877  
5.112289952167983  4.694753845242844  4.588692224998518  3.813825682924804  3.220032360929003  3.0606119384349633  
4.786704235898377  1.704333591976588  4.099375554384809  3.642252283092938  1.208291676454868  4.128744251152216  
3.243612577969223  5.539464147672976  3.8732188670860994  4.010851110127695  1.8338359675638956  9.699133601827483E-30  
4.0965941437021005  2.171964949889666  5.766712045900087  5.725924248478038  2.951254530582202E-15  4.134625130716585  
4.879711520550723  3.6587324019337673  3.142323663679843  3.2456765297490744  2.088139125096306  4.46019492442418  
3.9227274629363276  3.7829983076662836  2.8892835100369556  1.7894906423827794  3.6141954989002882  2.786455890258781  
3.2136903183932595  4.848694087936009  6.287895461858879  2.5790130756291902  2.546092869805567  1.258945601211958  
2.6539091080696973  3.152607717551034  3.082679464569727  3.39900916232892  2.348460474044354  3.138178390980538  
4.999015339701759  4.256700197174828  1.5497688588509089  3.898474779864462  2.757028687793321  3.1391146768464835  
3.4866085509353364  4.343116720656189  3.6864070373635816  2.9912635814169452E-27  3.540385213525586  2.541205619465486  
3.7591808894135585  3.2167276854380944  2.331485189935073E-6  3.201704882492144  5.119909246920082  3.9888417647291448  
1.9032470671970836  5.1060005947352956  7.055025568951433  2.9405442412541247  1.574418920970517E-20  3.742117537311297  
1.3912366573011177E-7  1.076872187928875  4.0777146105268205  2.9362927034292623  3.1971069078556464  2.789364581173203  
4.703816026964516  1.8794388228831411  4.85930476230538  0.8174280741202149  2.598427944300303  2.63144408507209  
5.5270175285176  2.3704226306546077  5.590886739657681  3.3835988715866536  2.4703350047441206  4.269933385004817  
5.0832013563583995  2.775051191772938  5.581086621015274  2.5714810269712722  0.8585661431345667  4.868575167652695  
5.818778689503214  1.0559129533560075E-46  3.333965955813207  2.6761152183819723  2.3236736844728534  4.145011241497638  
5.584867748222802  0.575330957603367  4.299764206123276  2.7104295101429163  2.3994306199859903  3.2158591568115513  
1.3268748627128564  6.002194450702407E-189  4.543585636727273  2.557986082217124  3.5223360411122933  6.0720554185802325  
2.490412395713044  1.748814052679517E-6  6.401903784568541  4.872675637475696  2.6417875654041114  3.47760347192901  
0.5724823999823726  4.288815970337265  5.123302000885125  0.5138255529903037  3.746900461981754  6.815262387755968  
1.817245234002769  2.323968209437185  5.0089502594087  1.5025347853435014  1.9744924725475277  4.561520997272576  
2.2332008089113082  3.490558396858254  3.0484221637631355  3.0374199910354465  2.6207891964073453  3.277416022753382  
2.493677925625545  3.916901126604794  0.37462494661668566  1.6077131316009097  0.6464423078204959  6.74244709065428  
0.0012972691252032442  4.895956444502036  2.478941756950835  2.871052154985799  3.3190820704819473  6.818523851872143  
2.3187326635362755  3.309729030030955  2.8173168912514135  3.2141800109071372  2.1626604735264743  2.7825168138589254  
3.9615314032228146  3.217383507938223  5.0249915730817385  4.8181116462755895  2.842940453905819  2.845772972622318  
2.379228424865759  2.0269573473769102  4.084512028660814  2.326540052360119  3.2867853301199514  1.0749784729159113E-77  
3.9941637357532866  4.783592060138138E-15  4.518580660684085  2.038070185442742  4.586555791776171  4.763367129662117  
2.6706040227429635  3.2998198128948295  3.477497605472541  3.064632922565359  2.2238569752483506  3.011773999694652  
4.012582655409947  4.02636887319808  5.33500014875075E-15  5.26993553808513  2.1023478913028852  2.1562333731238685  
5.7410818333059845  4.438079678832393  2.5820829133570484  7.494243024777783E-67  4.590613304512879  3.325423098662129  
3.9711086879624995  1.4380429113755961  2.6378722108814077  3.5486821279373073  1.5889065144502528  5.790569133859415  
2.515804576827356  3.612875280189908  2.8899734449043897  2.2803795736090895  2.6022992655407653  3.603252214965001  
3.9350648961112125  1.1761078074233244  2.603020748640321  3.117742581111078  3.2518949966336073  5.757522921796747  
5.323680691442661  3.2547928596644873  5.644904890428895  4.831040707266537  1.3980932067705487  3.578614527755634  
2.4618831332385773  3.1731343432659593  7.712383824697426E-4  2.037463155533632  2.7393313266350523  4.281634354653258  
2.7411346490876527  3.0573798003733326  3.3556962798295644  2.7286773075258064  2.746409988919032  2.299861920032676  
0.0444106252834545  2.064069927626226  4.06101160711248  5.573866535516359  0.46353870587437523  5.430100221142761  
1.160649031486018  2.0138488165882245  3.589315112082235  0.5798285903863303  7.945611366139762E-4  5.880642413091593  
0.7210238263355983  2.8268674820952535  0.6387258785315634  1.0944711747654168  2.7301499477697417  1.5693217310621435  
5.4402981714292835  1.5559223360034138E-25  1.025329524744485E-7  4.728361160450697  6.593780944716568  1.9876212777728446  
4.491355482388884  1.187626280809724  4.828267777377789  4.205654894367646  3.0499326585858464  3.7392163152859434  
5.1230904666083195  3.9019793676477152  3.14451401243379  1.5800671560155033  5.202404388540472  3.727829526730563  
2.048809743266084  1.1168997561701781  4.486038025913121  3.023896487541646  2.143306497988981  3.6425901646431558  
2.592297421511969  5.197786222178787  3.8846972210667015  1.1746914134044943  0.9030157778143799  4.593505892240056  
1.8228045990749824  1.6205038823280113  3.830135507781894  0.28839594493050374  3.2930702658892184  2.5428393492457753  
0.03707412210477448  1.313951999359604  6.208520109751164  1.7651344715405308  4.843116554878345  5.24995875155101  
0.8304981126899714  6.144216200525584  5.11308500022107  0.6707893891878172  2.212528586151173  0.5180907832924274  
6.02915206995447  2.703682645771203  5.719472250697975  0.3793037983315267  4.188974351272653  2.832482941913789  
4.682094798835431  4.281036881742413  3.8962442044451917  5.9944490593704165  4.9899424232221004E-21  4.192298404244461  
0.0479911390492403  3.3052605745428854  2.1933635553680104  2.817857468278952  3.0157923685180325E-20  4.334679916945612  
2.9003940607759935  2.361517769057848  5.582561762658937  4.535322922557306  2.0227029325411973E-18  3.2293648852854893  
5.038692294907998  2.1632794121288237  3.6689515730162716  4.190111020872565  3.556015183877044  1.1793271334539075  
0.2746752926661923  3.45632213154228  2.7986237251813284  3.934031208083118  2.1122742192798993  3.1857823830649763  
5.494759270644025  4.96622447319125  4.0570244813805124E-23  1.8455186372780992  4.304774242408035  3.050389973548998  
5.020969682397983  1.1475397522179223  2.7346192988073783  1.932098594279687  1.892617631568268  5.806631934339398  
0.20745871656490847  4.139577324308482  4.149385279686335  3.5589473198606214  0.30679810684874326  1.9426155809950887  
0.6129755478019213  1.7962428891455615  3.1983837264091584  2.6565953710733146  2.939882339872196  3.7462116363741256  
0.09847046155104072  2.22663950091943  2.698753971510723  1.3451529846026262  2.4812691561820173  3.3691860602749393  
2.828455816499814  4.949660203681665  5.775104434376024  9.15625924635648E-29  4.055924421917273  5.180455760057983  
2.3866247545002643  2.626369721655649  3.3185168308208604  2.313673115780694  2.8920141817457035  3.0794317512471685  
0.28927459621540935  1.310815229343167  0.07425927599693402  6.529442216260908  3.1617588376130237  7.457883779029543  
3.9379780627085803  3.7787198938951105  1.798863850672687  3.622784478801171  4.645656261204554  2.2590366562820297  
4.861464268762675  4.356023084406789  3.1260973853852173E-12  4.1395461727036125  2.6237799248852385  0.7646079025252353  
1.0634774327808443  4.390518871496676  2.232367670329419  3.9350980833023836  0.6245345533230333  1.0637589283653663  
0.09026263597062631  1.6508515406897195  0.5684740400011323  3.5727353205225354  2.8826284096782477  2.681648210321355  
0.928774116932509  3.1011877349054138  0.6142653047454393  3.3210769075047195  1.4479138042732462  3.1322099281457993  
3.669425523384167  0.0014926638159075318  3.110071928944399  6.203896739790079  2.745205839928341  2.7413059104920134  
3.9323929319676107  0.6584845716716599  6.148569718189952  2.793682495872934  2.14463360771366  1.065912473003381  
5.187940304179832  2.661577382388171  4.576182726625969  1.6880313311891886  0.8675388139647782  2.8197126938116406E-37  
2.762279708758881  4.390723773396341  4.872236120234261  1.9256056648013813  5.130521786768896  6.590100343467344  
4.283389925512841  0.8620896991721948  0.02752638519745729  3.838082033124413  0.6591889046570778  2.743280895135588  
6.227047583230634  1.872705531295085E-17  1.3699542162239875  3.9638070805522665E-24  3.8027146856299354  1.3497857850654391  
1.062328771395968  1.3960361799219643  1.1358833616569773E-16  1.0937155076994987  4.396034357347114  5.236813567012279  
1.8105896313441756  3.6230487272416254  3.4677833997671845  2.4808334741536227  2.6335874022171786  3.3671386872390014  
2.667617809144941  6.18254613468105E-4  8.696173988809185E-7  6.775923719861716  3.6868852385257314  3.864833225922418  
4.698530276165393  0.17368213403370442  3.963512196220589E-21  0.5703580115955594  4.46512205803561  1.9045114610352525  
0.1806603807282718  1.0496454308688405  1.2856533868305864  5.270805531903476  2.8146988317712576  1.1917394759570485  
0.493444158837418  3.5952698614908165  0.6084852042512175  4.157384107501068  1.486031134382536  4.419633832200579  
1.4455093441854319  5.35100536351663  1.5327839018834355  4.91054238265785  2.797544156999573  3.1043142019775365  
4.42785058033353  3.979233103755878  2.585177913552006  3.5714225200521064  1.783521634783173E-52  6.385242064242073  
4.990719331395629  4.7074716655898845  2.753749404937588  4.450397401892873  1.6186864614232347E-18  3.403317062719899E-12  
5.198174034455591  4.275746927557803  1.0643154344276687E-46  3.7622484612168234  1.9200308744545185  0.3866279386749168  
1.2780960136001718  1.6469731518379997  0.8648488395862395  3.6834735117665445  1.1291785767765585  0.7088802028310845  
1.242128715547651  2.2864925373331255  1.0464902520861088  1.0263206616442397  4.459019435874193  6.1667177188616  
0.5461577147979609  1.2311698144550982  4.13022970311028  1.4886304285747984  3.999033301968817  1.7690853477048814  
6.546343409855409  4.469864523228766  4.984532681102083  1.2098576100542169  2.9074692305489895  2.304239863606449  
2.626587995111364  3.264516447381079  3.149597417496975  3.2077203043220703  2.233901961903418  3.340834459876573  
0.0024450947948456135  2.103263902761327  0.6334297475601995  4.684223214375998  1.6633044239191852  4.0389074521400605  
4.747247384422738  4.998435645963938  2.389226106604769  4.5453321978430905  6.36415796854162E-17  4.262369563647168  
5.076400788688449  4.841735086146088  4.623060558916523  1.0811992829526438  1.2698174946707868  3.330219806302015  
1.7389206550197167  0.9711727570218757  4.775791408823276  0.004783081288769459  0.45494967392120456  7.711895755865436  
2.506187674711325  3.1948012775098067  2.897593713438123  3.214360863369619  0.2791103154561355  3.6168000264024247  
2.523726901945982  3.8339953442714467  2.509769380630662  2.6345588107539224  1.809161114322204  3.2713719273676656  
1.492561115357179  0.5123950836395029  0.9332371195862234  0.6105859241201367  4.727308090545701  7.819904862109225  
5.053841114469261  2.3023592249395017  0.26641335723330395  4.730985321466979  1.021163916920827  0.48461540138762504  
3.2455524323018037  2.302494487298301  4.0593096335537  2.1436731359252006  1.5176358308222078  2.238592612034595  
4.836981576643833  0.49021213712081807  2.793907302418744E-4  4.139121692528668  2.5869473163728802  1.286030142861808  
3.295721753842924  4.993528104644679  0.10583276974103797  1.719168435064706  0.23536503946180728  6.178433951302344  
4.721111081530619  0.08757475776515242  4.179488176059958  3.0323515957825022  2.9898598344563556  0.980949421785004  
5.2474465683332046  6.143976020738239  4.138745995584163  2.804227260540542  3.8988868273237283  0.4884984562549794  
0.18196117156204247  1.380276829249214  0.30174934651863605  1.4990432516707997  3.610188559458848  5.186527351604707  
0.42671244034913186  0.823972623757321  0.7337957029229915  7.032799986464622  1.4935107939805723  1.75809203262435  
0.029630575881621768  1.5363722067183072  0.2671413457766918  1.6551689179549642  2.913297881791022  6.560925563598734  
0.7048123871331362  3.5486716499866944  4.764321818902744  0.7381455224057458  2.4676542332369756E-7  3.306816781040048  
0.7281689302517667  1.9244939482416195  0.8273038239607127  1.4551916523639428  1.6709010628705505  1.3477291031064071  
1.5411043757335747  5.070929557832791  1.8518355372924244  0.5387336150437564  0.9409640050887857  0.5506197832103538  
2.735513063576744  3.071612379392449  3.288704310035489  2.3186882136137745  2.920176443616335  2.8762330409654613  
0.9400643577356659  0.5287004630058962  1.348841204538063  6.42268661445053  0.3219818284101603  5.4045446213561705  
6.3023506301514765  1.3863288719872372E-34  2.2667611857463656  8.735602230506844E-23  5.486331883903472  1.906226548835723  
2.671723865545123  2.5539344973394713  3.373902542333555  3.6721107000919053  1.9791827760350973  3.101057280649713  
1.7165388841215885  5.472876637711667  2.610198451074092  0.026736942179763454  1.9519070625225794  3.3979933924617947  
0.4745833781941051  5.7389520685085795  3.8699663410356315  1.208561911115002  3.535228740542667  1.8615697457165092  
4.1948408856736155  4.427721850007594  0.1250034288885639  5.947734045952728  0.6519078713534774  3.9642763713528257  
5.409739213893685  4.660347913969414  2.8704388098726334  1.8736019531437496  0.8301922795930938  1.5545709521695493E-59  
1.292374715626639  2.120338279006061  3.932822839801185  2.927979574169018  2.8628388762481167  1.7121812084861372  
0.5436482536639438  3.151265171060338  3.409193299486246  1.0293804890312845  3.4715354066932442  3.545768973355957  
1.1889248050006012  0.7311092236642428  1.722431240168137  0.5610867860595811  7.040762929828207  1.109267083938367  
0.6101722299453134  6.623867876425742  0.4376319728456956  1.1094947753828968  3.841491766512517  1.004655040553595  
2.6261556487048145  4.217157836037647  5.137827918591011  6.473508550948964E-30  4.272980601019951  6.10418347463623  
3.3416572910147475  3.467348323443678  4.740049595509732  5.162856157763057  1.2129034895704227  0.7229250051340267  
2.387641080685664  3.3193140390187845  3.1362446230706693  3.4546923661635263  2.3762693478804655  3.478153424022252  
0.9737621200561353  1.1963653303933524  0.8494820715128688  1.0832153819865995  6.015771376179135  2.5209236087220455  
0.47807580111364506  0.9464124941230629  2.683101567191546  3.6696432407312467  5.6483498431913075  0.7116628360907903  
0.583634160045909  1.6980846197027242  0.4399883038486804  1.839740888937798  3.0402178797670065  1.7236082149207341  
0.8564265216810508  5.523549941829379  7.12630521819189  0.7635695560348713  7.409791644149467E-27  4.307154376559884  
0.3582432309382888  1.9668679090296677  3.947869027070214  1.1850725717348405  3.4799676456951287  4.533410395029729  
2.5653782465473935  3.2090670124374308  3.2318209385032657  3.078311536432359  2.4680513840494545  2.7966276879948033  
6.462663630534473E-32  4.978508192385903  9.254568549488668E-4  6.860736167257351  1.9646351040485754  5.993579374854639  
3.920619981604803  3.637428813474892  2.10096196975547  5.008535977812398  2.939038001407876  2.1191299499825833  
2.389943481539404  3.040309968728789  2.184540990891794  3.2627025878042364  2.750539889722063  3.6770950958225144  
2.7684329118080755  2.980896846864213  1.740556050080698  1.569311315088573  2.9112852395573996  3.3401661147051374  
0.09825202150597931  1.3183965722667683  3.1766544610166183  3.427074519441974  4.8159047350526265  1.1092585914341442  
0.010385271895530415  3.2313838458792996  6.636963518167444  4.131692114279579  1.7586308955224603  1.6096082238661775  
3.211814970075026  1.8309400971754666  4.673458269972729  2.625514601285889  5.646984758329689  0.277451293633762  
1.2438166986313983  1.2526884595376773  5.592769930353302  0.4852832660399559  4.507587994411814  5.792877432179186  
1.00835636319168  1.249899538420191  4.79697941519914  0.7167910206446245  4.372668247390834E-16  6.618212003914408  
1.7569417199656812  3.3589149678322614  3.2609798686575253  0.12750383685413033  0.19940241223667998  5.482281648190218  
2.364153702231179  4.3063648045419685  1.933937284045216  6.5260678349801794E-21  1.2184780113537728  6.581847154657658  
0.8457531279955552  4.318648930699097  4.9950319711664255  0.5830860287697466  0.0012071268496680445  2.6293829321116604  
1.1775242683762687E-11  1.2648011752713317  4.762812265927324  2.8273121065975144  1.928097433691012  4.211149020546797  
4.713830153428837  5.099973427321384  3.205962491904348  3.2162597045029292E-62  4.846962749394843  4.809246572789382  
1.1998394916765396  3.3829678172191215  3.5506356795210317  2.6554215811198802  3.3074857682693453  1.3781540008057698  
2.3527037029556173  6.419921288610562  3.4204385122582535  1.45743048746089  2.4039167113339652  1.3767219518580571  
5.791106992691026  4.084840492865718  1.0232877964370854E-45  1.4284256413592142  1.8968728062829954  3.38214799343338  
1.0587098089492637  4.6208792500811535  2.421001438906801  6.512871646369371  3.031210761085627  6.452133794918472  
3.4674357739659816  2.515507845371157  0.6670848291458509  0.2834543310839541  4.858685718405753  3.0725003591362836  
4.564970365079899  4.981785413452365  5.259349542347858E-13  1.5921292871229378  5.035964782627761  3.044023858298498  
0.7182559202920945  1.9924834753829108  0.8990612976548271  1.2636563488126518  1.16903215292296  1.6379551952570481  
0.659434617524691  2.07540479191048  0.8284824157239651  1.5755710192355545  1.609868033075515  1.6585583858870938  
0.7090794804242366  2.0593270759337483  0.8156278063740905  1.3780741324308483  1.6312915669962684  1.5489427235067774  
5.348107450542486  5.300800531297202  2.4730894168385124E-4  4.4098681411987215  1.3412498555644445  2.3600744167004915  
3.5459560312821337  2.0082370986098996  7.295695338827634  2.913783242558803  4.945327706763445E-34  7.558901347057897E-22  
0.052351970087195054  1.6413919391567477  0.6520929283398877  3.8669846252359616  2.570914347956208  2.441074425042334  
0.021415479637191846  3.4394490654294314  1.6596801259238738  4.126598516901387  0.8957444094358529  3.7114005099937724  
1.5417239914566223  0.005508143248133005  2.760732896446156  1.7442120509604082  3.8208961693079115  4.050416185966055  
5.0691813947391235  0.5941698571618443  0.4652849084258094  4.585524028271322  6.168862437827518  1.1950598881455294  
5.496506145017476  3.5736914477604413  0.20380223004390036  4.442312126406428  1.822609383242677  0.20932083964689083  
0.7737906276560319  1.1825723492638656  0.938774012560295  1.337827758815013  1.0184642659904342  1.5395074420883677  
0.7752784579146037  1.5010445316492924  0.967449086088916  1.4226425818154345  1.0014066627397276  1.3199534462995863  
0.9593049599464141  2.413581900882614  6.98967325452976  0.6602716818574341  0.025306870459761165  1.2903904946849734  
0.9729265110481206  1.9200126099391592  5.3994307794892755  0.7976949420390905  0.3102725444855121  1.0071866286368263  
2.5555002280538495  2.559056565601531  2.569402344358336  0.38229223689301134  1.7965766707876338  4.006684257893314  
2.3804093736193006  5.350185842889446  5.332409423247757  0.9723109544190819  4.492292755698298  5.981921825948751  
4.429095271270972  0.8619873636842572  0.6942234773975083  1.6716241615978662  3.1179060516888395  4.913473870434232  
0.8510568541652123  1.2199166057474657  1.0246703343999104  1.2196370518219517  0.871837241214594  1.1629531275105485  
1.935697006463199  0.9346596648562603  1.2427540995778945  0.47586537056975997  3.294058025184302  0.8931862105319456  
0.4237770073153668  3.1363144041702626  1.6595170594278894  1.0514605519323579  2.203623106064183  4.527449216072349  
0.004403431751389279  3.0915651961446606  6.6687225574098035  2.7166073029602105  1.4006824277473018  3.7928044307443596  
4.626277056145493  3.2529860647445346  5.154101448010761  4.07998672049907  2.272958577144233  3.3465478380702756  
1.5369787975635634  1.310396266436244  1.1208993727040527E-6  1.9929874167301957  4.547388776604743  2.441053602142698  
0.05470685770547712  1.05665044930329  1.1570431675144304  5.677302274529743  1.298961520726829  1.3573723161809947  
0.1228815347336248  1.0377089617346131  1.1079672755621035  5.658377467710173  1.1615435360903659  1.3131224027697377  
0.3588199021129457  1.0579542161835307  1.0776683491537353  4.051523549586366  1.085544938574211  1.253004306198348  
0.10919378297562883  1.0392030703853163  1.1015823499187019  5.6761952626469965  1.1864723220312103  1.324365640194242  
0.5910490972007758  2.5668211451454743  0.6644078829759602  1.648966423166792  2.3206543938614552  1.9898738639650515  
0.5701187996477514  2.3644324211267187  0.6697093237575394  1.7324896339134699  2.280693993962618  2.1005193525307475  
0.7269138724894911  2.248741569641439  0.9165914835033572  1.367730895896951  1.1954813461717524  1.3740123240658368  
0.9027310370479418  1.3932874229079837  1.0221425945403395  1.2023412790979138  0.8793718969319736  1.0702925233768585  
0.8093616105881088  1.2632881585574194  0.9702055917081797  1.357985673014807  0.9979450167976155  1.1411368792738412  
0.5452836020677885  0.023123132460438067  2.3550541649385384  1.8081150996014776  1.1981173697908007  6.469282853458698  
3.524857421712132  6.088603881690439  2.9266204793954183  4.874782243726789  1.6892028906323724E-42  2.4524734586837793  
3.144349776666174E-6  0.6411569000352269  1.4932578480812435  3.070166588816018  1.2750033192361112  8.602917354322738  
6.375369769186049  3.3387391423321624  2.326090427794776  2.3548997323534615  3.1137009817500895E-101  2.9618135235112173  
4.9389938300692195  2.494484321680987  1.993362106855245  1.2816881713770099  2.546297638733754  4.9295922930012885  
5.0354194865157575  5.268336941703073  0.06903605115265884  4.600813280661395  1.3073754885883266E-25  3.765420403087595  
2.8834584038945517  2.832684568412849  3.122483006965297  0.024154535780299725  2.945398673950941  3.7558661685890833  
4.107515689354828  4.230294736890205  1.6178983416304202  5.229935866016733  3.7777712726049235  9.234975166897181E-14  
5.97935668241102  2.968747269307916  2.7975359639691777  3.2514811416787657  2.2240526666756972  8.512949065977365E-15  
1.5525622569319424  1.2886598620338605  0.9324155462725077  3.4544362833776043  0.524950359065394  0.7178944561460123  
0.5581870188556688  3.7464443187287713  0.7556702679015577  2.3888311039693195  1.7217990164406252  1.0617659373631856  
0.045760416885415156  3.3276607185102174  3.5364455201868013  2.6571936095407085  1.9474457911841665  3.4048198428100225  
0.9879800404308252  0.7649514440875496  6.37943044952878  0.6851781003619333  2.3199629246336935  1.377521175022285  
0.935759122572499  1.7425638382745312  0.6741162701330322  1.208757938508152  2.6896150541022674  1.1688417119544892  
0.453674748533082  5.473094629259787  0.722640894049177  2.8350742597006864  1.5450881521249304  1.0147222423884101  
0.49402713212389304  1.701841135036763  1.026853414998821  2.1037462069794293  2.438038528978643  2.1370549167468336  
0.6197232892358231  1.6576362602557178  0.8488914136867525  2.407185288752031  1.8360482324528482  1.014805434805173  
4.405957638544389  4.017520333499515  1.3016405738131838  0.891961084446194  6.97097067526485E-57  6.289705072962177  
5.135124445081603  2.973747108287379  4.91659195059387  3.533660936365145  3.3630677404195822E-21  1.4377759806517971  
2.5204861864356793  3.2046488861587727  3.2731022096658697  3.188421785002241  2.362797316057784  3.299502403086163  
3.07486316302313E-6  1.990393301876142  1.4689822530631185  5.2420443413837585  1.5573607637909224  3.4682644568959553  
2.526972980149581  2.925024441943351  2.6646706357310324  3.735165748522275  1.7675477828019357  2.7940109739870675  
0.21697067025335354  4.600492262781799  1.4408279522757275  2.3551409068121285  1.0072480003292672  2.8731855697052326  
0.3112808777416434  1.7739608517150833  0.4527724149735014  2.1899072209677457  2.9123528919004253  3.252303175243391  
0.29304520700712067  2.4620975913390407E-29  4.721688211095266  1.55998910257626  5.183588410037221  4.000333650994064  
1.1871291115299884E-6  0.17447713817251667  3.3351058366419557  2.0985421561879  0.24268421875417576  6.387442068331171  
0.22710652509880436  1.8550027504918736  4.567961728624015  1.802964297171796  0.0020514513655206963  7.622675070695414  
5.50412348693621  2.2332762743939377E-17  4.285707962349258  3.8106841591469753  1.2772878267173673E-23  4.110262151889187  
2.3339395595029164  3.605476309763158  3.0742791984100077  3.3419268485606186  1.5411864232403576  3.576847318836416  
2.838181579570972  2.705558486456285  0.2567335840711918  1.643580610922676  1.8914703498154588  3.8359489580591677  
0.6420484509298715  0.5332018466684761  0.9303495586929407  5.984326855083389  0.9369389962833111  3.2066921476695094  
1.0124375412101219  0.44350870537218207  0.7204137233635033  4.472535433026158  0.888837717041407  4.098919267134868  
0.21978061371163668  1.6003147270650193  0.539001681340287  2.634995554591785  2.1727082772346784  4.165019805582191  
1.8305704173654127  0.1018423700580216  0.5138665371759651  3.142205766078452  0.5983121211243361  6.365491455015342  
2.21946416879401  4.859464680719442  1.1991446805906099  2.5998119495800456  0.7999706235789817  3.7959014141194407  
3.066322183648333E-9  3.8689191059739776  0.6422217591397444  3.7829536600702065  1.8872388268472045  3.1131515120745923  
0.5764260182351922  2.8267712875649424  0.7914484813453033  3.9680238625645186  1.0019252185865455  2.91824254485679  
2.242356315206273  3.639538876702551  6.546967453507231E-7  3.8259875410301087  2.091975159068081  3.3924551525041955  
0.6049990720758888  2.3878754259740367  0.8192623987438916  1.685191642085796  1.735254204668045  1.6441542304606656  
7.924345704609467E-32  2.7571376372934306  3.259380600695763E-6  3.534611475317316  5.357466579481122  6.134922463230026  
3.00413484217471  4.077879735569047  6.778078368781929  2.6879988919850297  3.5777578532375944  4.05848307053295E-39  
5.1120252531502794  3.712227015477615  3.089238743038386E-8  2.093486695077459  5.6243059645718905  8.81140089939767E-20  
0.8337767115653791  1.3142672195678107  0.5862339360438588  1.2064555303450146  1.587067448632185  4.188886267562293  
1.321904338854554  1.4081214279764744  0.7672685207963991  6.637922780270953  1.4678266794255617  0.8291955582370677  
2.3020522601310187  1.4097922795954243  0.8737360241324119  5.949739892555131  0.06024801167361383  0.3072569123460157  
0.369198605515276  1.4298293086527758  0.5088211826473106  1.4240216331334028  2.6372835392932337  3.8801239968606493  
0.14760541629437143  1.5481739513468187  0.24319160382674251  1.54331564972053  3.6064362956508296  5.24267485368562  
0.49772390880994577  2.6916888870572904  0.8581406825919211  2.2803261049785446  1.4784530178226392  1.8358191914296897  
1.1781930191855279  2.890520499730129  5.327366496901528  0.4500768024673561  6.248699282338743E-19  2.330913331588475  
0.7703101322509958  3.205020475817958  4.887973936729341  0.6749114711691464  1.4310135821564402E-9  3.202579067146388  
0.5040457895467106  3.5462158169598994  4.796885616320641  0.9315677995663805  0.01630646202383872  3.6414894933605635  
0.5640000174082859  3.1174752891715407  0.645482092200432  1.4211823044297565  2.3745574441710353  2.155062276475363  
2.344260624331467  6.877894942120834  2.323882070099814  0.059484957873447576  1.2932147422660192  2.1978675174997797E-4  
2.717973447943475  2.256132555599381  3.546593645159759  2.9201797741357822  2.4191719583804874  2.864442299708129  
1.8278213634185105  4.2539017112285755  3.7612235691131675  3.1417131832237617  1.9603296619501696  6.448638424119521  
1.8353863434262585  3.179817999536416  0.7686635815233085  0.4408216828925044  3.5104520207550847  1.6690143354525893  
1.6096218980590653  3.283779617705828  3.3403562598397736  1.8386468059686987  2.507775859896241  4.59131370742622  
6.452993715171029  3.937576874906057  4.993452930868577  5.294218661575645E-8  3.820400378804984  4.862336123581037E-6  
4.887484480243416  2.477319919341363E-86  2.4270476484272354  2.683689673907696  4.292299965395569  3.2765695964945  
0.7473568285583349  4.251615394471061  0.664929594075434  0.9520601210371156  3.3838886167960482  0.9816664033804788  
0.6893334694632176  5.37541167320964  0.4870570694813804  0.9613608378197595  4.452609813038953  0.9987763951672209  
9.078671723500282E-4  4.622480782714346  3.2513508739199173  1.7998864605223337  4.375043651345385  4.786393518418485  
0.3785365520392786  2.943457931422174  4.529080094173608  0.984918879398873  1.0815629843957395  4.189397789990152  
2.778034235399445  2.832287005962572  0.9798665405175604  0.8613294416551849  2.68998059786182  4.915733886281947  
9.610502516647099E-5  4.639092471812911  0.6934576111664648  3.733842012316099  2.131019757757489  2.5274883040626475  
0.7201681629385165  5.073707953547636  2.9192282810129675  1.8052566486601398  1.9890472190304926  0.7626327334782115  
1.807692317392336  1.1089201167503415  3.6390307396799937  2.8459067128564857  2.94824883233511  3.046366686752417  
0.12388634887683558  2.6997792473111217  6.0247129199860465  2.178894312107407  3.4519889018753567  4.127922419058714  
2.295663054060172  5.771704408961065  4.586425883755719  4.6761607234078345E-8  2.9188965297562253  1.6858505056877655  
0.7627963154507686  0.9827962378887564  1.220102668369343  1.502776503069236  3.857208224875661  1.2503447871151938  
0.6004062663101266  6.487580321039119  0.5795763963652085  1.3169681117707175  2.4734359141806155  0.9946888411794145  
0.7340753766826439  4.196141223149369  0.6246912272530217  0.9855731286169542  3.5151521167268047  0.9970925442383458  
1.4255193639378845  2.6340229639088117  5.876848663162172  2.06305405534386  0.5681281348421542  2.576101266035343  
0.8147161861535077  2.8072340324303644  4.82912204660097  1.3936526511803748  5.236188941474795  6.7538953280695155  
3.090589756815354  3.68629742257711  1.5686150918176662  2.458387192366164  2.8163746527013495E-24  1.004798131480191  
2.70466542694102  2.893422157225281  3.2993511781559617  3.2034232575524904  2.539318597941917  3.0632927904707525  
0.10881851875985832  1.7035173413813944  0.35600799651123993  2.9363435925269123  3.2923441856732665  4.325112386535073  
0.18564399184665062  0.3259496247744895  5.533934952656794  2.0116581699346368  2.290624511698391  5.184941809603922  
2.721466135406777E-8  3.6109266352036955  5.0220458334790406E-17  2.770451702438361  4.0531646382018724  4.937545827214027  
1.7020477040848123  1.6685184907197912  4.308707581222632  7.626144694478715E-4  5.539322866533989  0.7555314507578025  
0.04480801723715215  1.1490931316168733  2.064371235792762  4.412884201749367  2.393554178806307  2.284383123932278  
0.5084142561451054  3.8116126082422372  4.445183914254097  1.496814219496903  0.0011336938155506922  2.2418205825740816  
0.7803000869727845  1.9452808473657377  0.8743828252916491  1.4457936268005178  1.5531094597628423  1.071622257382876  
2.492250520499524  2.137311100132151  2.5829686552905016  3.263027109403116  2.837992333403666  3.156158778468469  
2.3319195255073595  4.478140105159503  0.5399695972989692  6.133027441372691  4.457682775696763E-8  5.475797529321508  
1.4966461718464983E-18  3.9650931113603503  2.7467767229607123  6.865415528394377  0.33845949395157765  4.677027867432493  
0.7965701215400091  1.9402984347717969  4.280132376864834  4.3100298654148474  5.251811660967316  0.24905303278002108  
0.25267331580840685  0.873325034299678  2.0026742313155785  4.496440716942679  4.254039145957842  0.9832390930381113  
1.6905550038091806  2.853945624887901  1.5197854205796646  1.529575526109975  3.977701524008362  3.7921337465906593  
2.81344428464664  2.6493018870773377  2.41320130101966  0.7931765501244044  2.353944620410436  3.5905623725802127  
0.8032140852100517  1.3229780818629941  0.9751431718983515  1.3637060410231787  0.9678494844096105  1.2780086482709598  
0.7850724986275021  2.0189723634822183  0.8613224831985061  1.2465898688821782  1.5590861432921388  1.1866027271181288  
0.679187529006734  1.7924180249785213  0.7320515765150601  1.52208474240721  2.0610715184707282  1.6839430751202786  
2.2301743428853506E-23  4.026798879818354  2.4470660769683983  5.485448935440232  3.2877608015000646  3.4849582216916266  
1.5178159192478345E-7  4.145882023734631  1.013963453713108  4.849323127271023  1.3033114900468064  1.5571112689362232  
0.007464053804024063  1.1621776197262548  2.1722495189279574  3.868222398748543  1.7176931285347066  3.4046207676946465  
1.8500373477279775  6.053538639263537  1.9079104394962407  5.060716121880874  1.536074644252071  0.002472556999033306  
0.49389745245929334  0.959279914495049  5.352571224467753  2.647131398732629  0.5114657561274933  1.2132747676136018  
0.5013313545585022  1.690015615415071  3.897121158312099  3.0440096063609055  1.1599112419069288  1.0655829324526531  
1.5390848257119598  1.5945802359655  4.282373298088016  2.441505672045724  4.32554206755036  6.168633420702887  
2.1193693280256714  2.7044406766735802  5.178735736595969  6.24896302037189E-64  3.183549523089111  3.072318339665035  
0.6123977173924429  2.414711989726329  0.9235902720564299  1.8911874584486497  1.2205446621234801  1.5047042171790899  
0.6657971166780463  1.5088336424804274  0.7643660773769975  1.352596014959463  1.7096644153631744  2.0865515288813588  
0.7472615916856136  3.9461219118634308  0.6406491814736792  0.9650757023120986  3.655868974506074  0.9771479591462058  
0.9436234240923199  2.944234053198742  0.14599387829722377  0.946527421193635  3.9280810480666073  3.8856759777720304  
1.1112400165668272  2.464438683672613  5.146172662062545  0.522760947180846  3.4480332793826887E-15  2.8427777927129143  
0.6295862003173199  2.656887515549895  0.9006602415397568  1.7364651613273947  1.3077035954727099  1.504678327216033  
5.513428981385092E-15  1.878914712662739  3.379464697274977  2.9869685263651484  0.3199439301373217  6.620455726133528  
0.008715801780141207  0.7746919261877696  3.888131381571388  1.3460017854727924  0.3138194461870501  6.687252090271924  
0.3109294011349615  3.3561042750154866  2.6397912111204165  1.233595009667123  0.528002565916124  3.923519788018992  
1.6594831393643446E-17  2.124936494075974  3.5234556917686417  2.352559637171393  0.37852113970375156  6.7088406592658485  
0.9489853809903427  6.252825060943047  4.221804065543706  0.38441496639664885  2.1360940082288544  0.4559735026504675  
0.5980748777689688  6.6899994756111925  3.383663546881193  0.5785084659580092  1.4037112142082484  2.1051852527583335  
5.172650822412253E-12  1.0396948346269743  2.0223964192331296  1.8547179179936188  6.127930824625941  4.3588651407411305  
3.1243350314105456  5.976300091181125  5.685938888262644  7.658395269899171E-56  3.973673331975648  2.069322452519089E-19  
3.5617302147293493  0.3227050491369419  3.3093917318763015  0.35109684998648844  1.232070914649304  2.1997955141482826  
