3:	100
4:	100	101
4:	100	101	130
4:	100	101	130	131
4:	100	101	130	131	132
5:	100	101	130	131	132	133
3:	100
4:	100	152
4:	100	152	153
4:	100	152	153	154
3:	100	152	153	154	155
4:	100	152	153	154	155	156
4:	400
5:	400	401
3:	400	401	402
5:	400	401	402	409
4:	400	401	402	409	410
4:	400	401	402	409	410	411
3:	100
3:	100	157
4:	100	157	158
4:	100	157	158	163
4:	100	157	158	163	164
4:	100	157	158	163	164	166
4:	400
4:	400	421
4:	400	421	441
4:	400	421	441	453
4:	400	421	441	453	458
3:	400	421	441	453	458	460
4:	0
4:	0	1
4:	0	1	19
4:	0	1	19	30
4:	0	1	19	30	31
4:	0	1	19	30	31	34
3:	100
4:	100	152
4:	100	152	153
4:	100	152	153	154
3:	100	152	153	154	155
4:	100	152	153	154	155	156
3:	100
3:	100	157
4:	100	157	158
4:	100	157	158	162
3:	100	157	158	162	167
2:	100	157	158	162	167	168
4:	400
4:	400	421
4:	400	421	429
3:	400	421	429	430
4:	400	421	429	430	432
3:	400	421	429	430	432	435
4:	226
4:	226	228
3:	226	228	275
4:	226	228	275	276
3:	226	228	275	276	277
2:	226	228	275	276	277	278
4:	400
5:	400	401
3:	400	401	402
3:	400	401	402	403
3:	400	401	402	403	404
3:	400	401	402	403	404	407
4:	400
5:	400	401
3:	400	401	402
3:	400	401	402	412
4:	400	401	402	412	419
3:	400	401	402	412	419	420
4:	400
5:	400	401
3:	400	401	402
5:	400	401	402	409
4:	400	401	402	409	410
4:	400	401	402	409	410	411
3:	100
3:	100	157
4:	100	157	158
4:	100	157	158	159
4:	100	157	158	159	160
3:	100	157	158	159	160	161
3:	200
3:	200	206
4:	200	206	207
4:	200	206	207	216
3:	200	206	207	216	217
4:	200	206	207	216	217	218
4:	400
5:	400	401
3:	400	401	402
5:	400	401	402	409
4:	400	401	402	409	410
4:	400	401	402	409	410	411
4:	400
4:	400	421
4:	400	421	429
3:	400	421	429	430
3:	400	421	429	430	431
3:	400	421	429	430	431	434
4:	226
3:	226	229
3:	226	229	260
4:	226	229	260	261
3:	226	229	260	261	262
5:	226	229	260	261	262	263
4:	400
5:	400	401
3:	400	401	402
5:	400	401	402	409
4:	400	401	402	409	410
4:	400	401	402	409	410	411
4:	400
4:	400	421
3:	400	421	445
4:	400	421	445	446
4:	400	421	445	446	447
3:	400	421	445	446	447	448
