4:	200
3:	200	206
3:	200	206	207
3:	200	206	207	216
3:	200	206	207	216	217
4:	200	206	207	216	217	218
3:	100
4:	100	101
4:	100	101	130
4:	100	101	130	140
3:	100	101	130	140	149
4:	100	101	130	140	149	151
3:	226
3:	226	228
4:	226	228	275
4:	226	228	275	276
4:	226	228	275	276	277
3:	226	228	275	276	277	278
3:	226
3:	226	229
3:	226	229	260
4:	226	229	260	261
3:	226	229	260	261	262
4:	226	229	260	261	262	263
3:	400
4:	400	401
3:	400	401	402
3:	400	401	402	409
2:	400	401	402	409	410
2:	400	401	402	409	410	411
3:	100
3:	100	157
3:	100	157	158
3:	100	157	158	163
3:	100	157	158	163	164
4:	100	157	158	163	164	165
3:	226
3:	226	228
4:	226	228	285
2:	226	228	285	291
2:	226	228	285	291	298
2:	226	228	285	291	298	299
3:	400
4:	400	421
3:	400	421	437
3:	400	421	437	438
3:	400	421	437	438	439
1:	400	421	437	438	439	440
3:	100
2:	100	152
3:	100	152	153
2:	100	152	153	154
2:	100	152	153	154	155
2:	100	152	153	154	155	156
3:	100
4:	100	101
3:	100	101	123
3:	100	101	123	124
3:	100	101	123	124	125
2:	100	101	123	124	125	126
3:	226
3:	226	228
4:	226	228	275
3:	226	228	275	279
2:	226	228	275	279	283
2:	226	228	275	279	283	284
3:	226
3:	226	228
4:	226	228	275
3:	226	228	275	279
3:	226	228	275	279	280
3:	226	228	275	279	280	281
3:	100
4:	100	101
3:	100	101	123
3:	100	101	123	124
2:	100	101	123	124	128
3:	100	101	123	124	128	129
3:	226
3:	226	228
4:	226	228	275
4:	226	228	275	276
4:	226	228	275	276	277
3:	226	228	275	276	277	278
3:	100
4:	100	101
3:	100	101	123
3:	100	101	123	124
3:	100	101	123	124	125
1:	100	101	123	124	125	127
2:	0
2:	0	2
3:	0	2	41
3:	0	2	41	43
3:	0	2	41	43	49
3:	0	2	41	43	49	51
3:	400
4:	400	421
3:	400	421	469
3:	400	421	469	480
3:	400	421	469	480	482
4:	400	421	469	480	482	487
2:	0
2:	0	2
2:	0	2	42
2:	0	2	42	55
2:	0	2	42	55	56
2:	0	2	42	55	56	58
3:	226
3:	226	228
4:	226	228	285
3:	226	228	285	286
3:	226	228	285	286	287
3:	226	228	285	286	287	289
3:	400
4:	400	421
3:	400	421	422
3:	400	421	422	466
3:	400	421	422	466	467
2:	400	421	422	466	467	468
