3: 0
2: 0 2
3: 0 2 41
3: 0 2 41 43
3: 0 2 41 43 49
1: 0 2 41 43 49 50
2: 100
2: 100 157
2: 100 157 158
2: 100 157 158 163
2: 100 157 158 163 164
3: 100 157 158 163 164 166
3: 200
4: 200 206
3: 200 206 207
2: 200 206 207 208
2: 200 206 207 208 211
3: 200 206 207 208 211 214
4: 226
3: 226 227
3: 226 227 231
4: 226 227 231 245
4: 226 227 231 245 256
2: 226 227 231 245 256 258
3: 400
3: 400 421
4: 400 421 469
4: 400 421 469 480
4: 400 421 469 480 481
2: 400 421 469 480 481 491
3: 400
4: 400 421
4: 400 421 441
4: 400 421 441 453
2: 400 421 441 453 459
3: 400 421 441 453 459 465
3: 226
4: 226 227
3: 226 227 231
2: 226 227 231 245
2: 226 227 231 245 256
4: 226 227 231 245 256 259
3: 0
3: 0 1
2: 0 1 19
2: 0 1 19 30
4: 0 1 19 30 31
4: 0 1 19 30 31 35
3: 0
3: 0 1
2: 0 1 19
4: 0 1 19 27
3: 0 1 19 27 28
1: 0 1 19 27 28 29
3: 400
4: 400 401
3: 400 401 402
3: 400 401 402 403
3: 400 401 402 403 404
4: 400 401 402 403 404 408
