4: 100
2: 100 157
3: 100 157 158
4: 100 157 158 162
5: 100 157 158 162 171
2: 100 157 158 162 171 173
4: 0
4: 0 1
3: 0 1 19
5: 0 1 19 30
5: 0 1 19 30 31
4: 0 1 19 30 31 34
3: 400
4: 400 401
5: 400 401 402
5: 400 401 402 403
4: 400 401 402 403 404
3: 400 401 402 403 404 407
4: 0
4: 0 1
3: 0 1 19
4: 0 1 19 20
2: 0 1 19 20 21
1: 0 1 19 20 21 23
4: 400
5: 400 421
5: 400 421 429
4: 400 421 429 430
5: 400 421 429 430 432
5: 400 421 429 430 432 435
5: 226
4: 226 228
5: 226 228 285
5: 226 228 285 291
5: 226 228 285 291 300
4: 226 228 285 291 300 301
4: 0
5: 0 2
4: 0 2 41
5: 0 2 41 43
5: 0 2 41 43 53
5: 0 2 41 43 53 54
4: 0
3: 0 1
4: 0 1 19
3: 0 1 19 20
2: 0 1 19 20 21
4: 0 1 19 20 21 22
3: 100
5: 100 101
4: 100 101 130
3: 100 101 130 140
4: 100 101 130 140 149
1: 100 101 130 140 149 150
3: 100
4: 100 101
4: 100 101 123
4: 100 101 123 124
4: 100 101 123 124 125
2: 100 101 123 124 125 126
