1 1 3 
2 1 3 
4 1 4 
5 1 3 
7 1 3 
8 1 4 
10 1 4 
13 1 4 
16 1 4 
17 1 4 
20 1 3 
26 1 4 
30 1 5 
37 1 5 
38 1 4 
41 1 4 
43 1 4 
50 1 4 
54 1 5 
62 1 3 
67 1 5 
79 1 5 
81 1 5 
82 1 4 
87 1 5 
89 1 3 
101 1 4 
109 1 5 
131 1 4 
150 1 5 
153 1 5 
154 1 5 
156 1 5 
163 1 3 
168 1 3 
195 1 2 
214 1 4 
238 1 2 
252 1 5 
284 1 5 
287 1 2 
290 1 5 
292 1 1 
313 1 2 
1 2 3 
4 2 4 
5 2 3 
6 2 3 
14 2 4 
18 2 4 
34 2 4 
41 2 4 
43 2 3 
45 2 5 
73 2 5 
87 2 5 
90 2 4 
92 2 4 
141 2 3 
164 2 4 
165 2 4 
171 2 3 
175 2 5 
268 2 4 
306 2 3 
319 2 4 
2 3 2 
3 3 3 
4 3 3 
5 3 3 
6 3 3 
7 3 2 
10 3 2 
12 3 4 
13 3 4 
16 3 4 
17 3 4 
19 3 2 
28 3 3 
31 3 3 
37 3 3 
41 3 4 
43 3 4 
48 3 4 
49 3 2 
50 3 3 
62 3 2 
64 3 2 
69 3 2 
79 3 3 
87 3 4 
98 3 4 
101 3 3 
123 3 2 
126 3 2 
136 3 2 
150 3 3 
165 3 2 
171 3 4 
185 3 1 
188 3 4 
193 3 1 
238 3 3 
243 3 3 
260 3 2 
261 3 4 
284 3 4 
309 3 3 
321 3 2 
1 4 3 
4 4 4 
6 4 3 
13 4 4 
16 4 4 
17 4 4 
18 4 4 
19 4 4 
30 4 4 
37 4 4 
40 4 3 
41 4 4 
43 4 4 
67 4 5 
68 4 5 
80 4 4 
85 4 5 
87 4 5 
89 4 3 
92 4 4 
97 4 2 
131 4 3 
133 4 4 
134 4 3 
152 4 5 
161 4 5 
163 4 3 
164 4 5 
170 4 4 
174 4 5 
185 4 1 
251 4 1 
254 4 3 
256 4 1 
286 4 2 
299 4 1 
301 4 2 
306 4 2 
317 4 3 
1 5 4 
2 5 4 
3 5 3 
4 5 4 
5 5 3 
6 5 4 
8 5 4 
12 5 3 
15 5 4 
16 5 4 
17 5 4 
19 5 4 
22 5 4 
28 5 3 
36 5 5 
37 5 4 
39 5 4 
49 5 5 
53 5 5 
77 5 5 
81 5 3 
84 5 4 
90 5 4 
99 5 5 
108 5 4 
126 5 4 
154 5 4 
160 5 5 
171 5 4 
189 5 5 
210 5 2 
243 5 5 
244 5 3 
279 5 4 
290 5 4 
295 5 4 
296 5 2 
298 5 5 
320 5 4 
1 6 3 
2 6 4 
4 6 4 
5 6 3 
6 6 3 
8 6 4 
14 6 4 
16 6 4 
17 6 4 
18 6 4 
22 6 3 
24 6 4 
37 6 5 
41 6 4 
43 6 3 
53 6 4 
54 6 4 
58 6 4 
75 6 3 
79 6 5 
80 6 5 
87 6 5 
90 6 4 
107 6 3 
109 6 4 
116 6 4 
144 6 3 
145 6 3 
151 6 3 
152 6 5 
163 6 4 
171 6 2 
179 6 4 
205 6 1 
212 6 4 
227 6 1 
274 6 3 
275 6 1 
285 6 2 
286 6 5 
301 6 5 
318 6 1 
1 7 4 
2 7 3 
3 7 3 
4 7 4 
7 7 3 
8 7 4 
12 7 2 
13 7 4 
14 7 4 
15 7 4 
20 7 4 
28 7 2 
30 7 5 
32 7 4 
33 7 4 
36 7 5 
50 7 5 
51 7 4 
55 7 4 
64 7 3 
67 7 5 
70 7 5 
72 7 5 
77 7 5 
101 7 5 
103 7 4 
111 7 4 
126 7 3 
130 7 5 
137 7 5 
139 7 4 
140 7 4 
147 7 5 
197 7 1 
217 7 5 
241 7 2 
242 7 3 
250 7 1 
265 7 3 
267 7 2 
278 7 5 
1 8 4 
2 8 4 
7 8 3 
8 8 4 
10 8 4 
14 8 4 
17 8 3 
19 8 4 
20 8 4 
24 8 4 
26 8 4 
31 8 5 
34 8 3 
39 8 4 
43 8 5 
49 8 5 
58 8 4 
61 8 4 
68 8 4 
69 8 4 
75 8 3 
84 8 4 
90 8 5 
98 8 4 
100 8 4 
104 8 3 
116 8 5 
121 8 5 
134 8 4 
136 8 4 
145 8 3 
172 8 5 
188 8 4 
192 8 2 
225 8 2 
257 8 4 
259 8 2 
276 8 2 
322 8 5 
2 9 3 
4 9 3 
5 9 3 
8 9 4 
10 9 5 
14 9 4 
17 9 3 
22 9 4 
24 9 5 
26 9 5 
30 9 4 
31 9 5 
34 9 3 
43 9 4 
54 9 5 
58 9 4 
67 9 5 
68 9 4 
73 9 4 
75 9 3 
76 9 4 
90 9 5 
109 9 5 
119 9 5 
130 9 5 
134 9 5 
141 9 4 
145 9 2 
146 9 4 
214 9 5 
231 9 2 
249 9 4 
250 9 1 
268 9 2 
277 9 3 
320 9 2 
1 10 3 
2 10 3 
4 10 3 
5 10 3 
6 10 3 
7 10 3 
13 10 4 
14 10 4 
17 10 3 
19 10 4 
20 10 4 
23 10 5 
30 10 5 
31 10 5 
34 10 4 
39 10 4 
41 10 4 
49 10 5 
50 10 5 
53 10 4 
55 10 5 
67 10 5 
69 10 4 
84 10 3 
87 10 4 
90 10 5 
101 10 5 
107 10 4 
110 10 5 
130 10 5 
136 10 5 
145 10 5 
160 10 2 
165 10 4 
171 10 2 
190 10 5 
194 10 5 
202 10 4 
216 10 4 
250 10 1 
260 10 3 
275 10 4 
297 10 2 
307 10 2 
318 10 4 
1 11 3 
4 11 2 
5 11 4 
6 11 3 
13 11 3 
16 11 3 
17 11 4 
19 11 4 
31 11 4 
37 11 2 
41 11 4 
43 11 4 
49 11 4 
68 11 5 
79 11 2 
80 11 3 
85 11 4 
87 11 3 
89 11 3 
90 11 2 
133 11 4 
152 11 2 
161 11 4 
163 11 2 
169 11 3 
171 11 3 
172 11 3 
186 11 2 
254 11 4 
285 11 2 
286 11 3 
299 11 2 
301 11 2 
314 11 5 
315 11 2 
321 11 2 
323 11 2 
1 12 4 
2 12 4 
4 12 3 
5 12 3 
7 12 3 
8 12 4 
10 12 4 
12 12 3 
13 12 4 
14 12 4 
15 12 4 
17 12 3 
22 12 4 
24 12 4 
26 12 5 
28 12 3 
32 12 5 
33 12 4 
36 12 5 
43 12 3 
52 12 2 
54 12 5 
58 12 4 
64 12 3 
70 12 5 
72 12 4 
90 12 5 
105 12 3 
109 12 5 
115 12 3 
116 12 4 
119 12 5 
126 12 3 
137 12 5 
139 12 4 
149 12 5 
171 12 4 
199 12 2 
212 12 5 
224 12 2 
227 12 2 
231 12 1 
243 12 3 
263 12 4 
265 12 4 
282 12 3 
321 12 3 
1 13 4 
2 13 3 
4 13 4 
5 13 3 
6 13 3 
7 13 3 
8 13 4 
10 13 4 
12 13 2 
13 13 4 
16 13 5 
17 13 3 
19 13 4 
20 13 3 
22 13 4 
23 13 4 
26 13 5 
28 13 3 
30 13 4 
37 13 5 
39 13 4 
41 13 4 
49 13 4 
50 13 4 
53 13 4 
55 13 4 
62 13 4 
67 13 4 
79 13 5 
84 13 4 
87 13 4 
101 13 4 
108 13 5 
110 13 5 
123 13 4 
125 13 4 
131 13 3 
151 13 3 
159 13 4 
165 13 3 
194 13 5 
215 13 4 
237 13 3 
240 13 3 
296 13 2 
309 13 3 
1 14 4 
2 14 3 
4 14 5 
5 14 4 
6 14 3 
7 14 5 
8 14 4 
10 14 2 
14 14 4 
16 14 4 
17 14 5 
19 14 4 
23 14 4 
24 14 4 
34 14 5 
39 14 5 
46 14 3 
49 14 5 
50 14 5 
55 14 4 
58 14 3 
61 14 4 
75 14 5 
79 14 5 
95 14 2 
98 14 5 
102 14 5 
110 14 4 
117 14 4 
145 14 5 
160 14 5 
182 14 4 
187 14 4 
196 14 5 
215 14 2 
228 14 1 
235 14 2 
275 14 4 
297 14 5 
1 15 4 
2 15 3 
3 15 3 
4 15 4 
5 15 3 
7 15 3 
8 15 4 
10 15 4 
12 15 2 
13 15 4 
16 15 5 
17 15 3 
19 15 4 
22 15 4 
23 15 4 
26 15 5 
28 15 3 
30 15 4 
37 15 5 
41 15 4 
49 15 4 
50 15 4 
53 15 4 
55 15 4 
62 15 4 
64 15 3 
67 15 4 
79 15 5 
84 15 4 
87 15 4 
98 15 4 
108 15 5 
123 15 4 
125 15 4 
131 15 3 
159 15 4 
186 15 5 
194 15 5 
207 15 2 
237 15 3 
240 15 3 
252 15 3 
285 15 2 
296 15 2 
1 16 3 
2 16 3 
4 16 4 
5 16 3 
6 16 3 
8 16 4 
10 16 4 
13 16 4 
16 16 4 
17 16 3 
19 16 4 
22 16 4 
26 16 4 
30 16 4 
31 16 3 
37 16 4 
43 16 4 
47 16 3 
53 16 4 
61 16 5 
67 16 3 
69 16 2 
81 16 5 
83 16 4 
89 16 4 
108 16 3 
131 16 2 
136 16 3 
153 16 3 
154 16 3 
158 16 3 
170 16 3 
184 16 2 
207 16 1 
236 16 1 
251 16 1 
260 16 1 
287 16 2 
289 16 2 
294 16 2 
317 16 1 
1 17 4 
2 17 4 
4 17 4 
5 17 3 
6 17 3 
7 17 3 
8 17 4 
10 17 4 
13 17 4 
14 17 4 
17 17 3 
19 17 4 
20 17 4 
24 17 4 
26 17 4 
31 17 5 
34 17 3 
39 17 4 
43 17 5 
49 17 5 
51 17 3 
58 17 4 
68 17 4 
69 17 4 
75 17 3 
84 17 4 
90 17 5 
98 17 4 
100 17 4 
104 17 3 
116 17 5 
121 17 5 
134 17 4 
136 17 4 
159 17 3 
172 17 5 
188 17 4 
192 17 2 
198 17 1 
225 17 2 
257 17 4 
259 17 2 
276 17 2 
295 17 3 
322 17 5 
1 18 3 
2 18 3 
4 18 4 
5 18 3 
8 18 4 
13 18 4 
16 18 4 
17 18 3 
19 18 4 
22 18 4 
26 18 4 
31 18 3 
37 18 4 
38 18 2 
43 18 4 
47 18 3 
53 18 4 
61 18 5 
69 18 2 
81 18 5 
83 18 4 
89 18 4 
96 18 3 
108 18 3 
131 18 2 
136 18 3 
154 18 3 
158 18 3 
170 18 3 
184 18 2 
207 18 1 
236 18 1 
259 18 3 
260 18 1 
287 18 2 
289 18 2 
294 18 2 
317 18 1 
1 19 4 
4 19 5 
5 19 4 
6 19 3 
7 19 5 
8 19 4 
10 19 2 
14 19 4 
16 19 4 
17 19 5 
19 19 4 
20 19 4 
23 19 4 
26 19 3 
34 19 5 
37 19 5 
39 19 5 
46 19 3 
49 19 5 
50 19 5 
55 19 4 
58 19 3 
79 19 5 
84 19 4 
95 19 2 
98 19 5 
110 19 4 
122 19 5 
150 19 4 
160 19 5 
183 19 1 
187 19 4 
196 19 5 
215 19 2 
228 19 1 
235 19 2 
275 19 4 
283 19 3 
297 19 5 
1 20 3 
2 20 3 
4 20 3 
6 20 3 
7 20 3 
8 20 4 
13 20 4 
14 20 4 
19 20 4 
20 20 4 
23 20 5 
30 20 5 
31 20 5 
39 20 4 
41 20 4 
49 20 5 
50 20 5 
55 20 5 
67 20 5 
69 20 4 
75 20 5 
84 20 3 
87 20 4 
90 20 5 
99 20 5 
101 20 5 
107 20 4 
110 20 5 
130 20 5 
136 20 5 
145 20 5 
165 20 4 
171 20 2 
190 20 5 
194 20 5 
202 20 4 
216 20 4 
250 20 1 
260 20 3 
275 20 4 
297 20 2 
307 20 2 
318 20 4 
1 21 3 
4 21 3 
5 21 3 
13 21 4 
14 21 4 
16 21 3 
17 21 3 
31 21 4 
34 21 4 
37 21 4 
39 21 4 
43 21 4 
45 21 4 
68 21 4 
69 21 4 
75 21 4 
79 21 4 
81 21 4 
90 21 4 
92 21 4 
93 21 4 
134 21 3 
136 21 4 
145 21 4 
155 21 4 
171 21 4 
174 21 4 
177 21 3 
178 21 5 
257 21 3 
261 21 4 
276 21 3 
291 21 4 
295 21 3 
320 21 4 
1 22 3 
3 22 3 
4 22 3 
6 22 3 
7 22 3 
12 22 3 
13 22 4 
15 22 3 
17 22 3 
18 22 4 
20 22 3 
21 22 3 
28 22 3 
31 22 4 
36 22 3 
38 22 4 
43 22 4 
45 22 4 
50 22 3 
64 22 4 
65 22 3 
68 22 3 
77 22 3 
90 22 4 
92 22 3 
102 22 3 
105 22 3 
125 22 3 
127 22 3 
133 22 5 
147 22 2 
156 22 4 
176 22 5 
196 22 3 
199 22 3 
240 22 4 
245 22 2 
321 22 4 
2 23 3 
3 23 3 
4 23 3 
5 23 3 
8 23 4 
12 23 2 
13 23 4 
15 23 4 
16 23 3 
17 23 3 
22 23 4 
24 23 4 
28 23 2 
31 23 5 
35 23 4 
36 23 4 
37 23 4 
41 23 4 
43 23 2 
54 23 5 
55 23 3 
58 23 4 
64 23 1 
68 23 4 
76 23 4 
78 23 4 
87 23 4 
90 23 4 
109 23 5 
110 23 4 
117 23 4 
134 23 4 
148 23 3 
172 23 5 
211 23 4 
215 23 4 
228 23 4 
240 23 1 
257 23 5 
277 23 1 
284 23 5 
301 23 3 
325 23 5 
1 24 4 
2 24 4 
3 24 4 
4 24 3 
5 24 3 
6 24 4 
7 24 3 
10 24 3 
12 24 3 
14 24 4 
15 24 3 
17 24 4 
19 24 4 
20 24 3 
22 24 3 
26 24 3 
28 24 2 
35 24 3 
40 24 3 
43 24 4 
46 24 4 
50 24 3 
61 24 3 
64 24 3 
72 24 4 
76 24 2 
86 24 3 
90 24 4 
95 24 3 
101 24 4 
108 24 4 
122 24 3 
126 24 3 
139 24 3 
140 24 2 
146 24 2 
162 24 3 
172 24 4 
183 24 3 
235 24 3 
243 24 2 
266 24 3 
267 24 2 
277 24 2 
300 24 2 
325 24 5 
1 25 3 
2 25 3 
4 25 4 
5 25 4 
6 25 3 
7 25 2 
8 25 4 
13 25 4 
15 25 4 
16 25 5 
17 25 4 
20 25 4 
21 25 2 
23 25 4 
36 25 5 
37 25 5 
39 25 5 
43 25 4 
45 25 4 
51 25 3 
52 25 3 
55 25 4 
67 25 4 
78 25 4 
80 25 4 
84 25 3 
92 25 4 
103 25 3 
105 25 4 
110 25 4 
130 25 4 
149 25 3 
152 25 4 
171 25 4 
197 25 1 
199 25 2 
215 25 4 
216 25 2 
249 25 2 
281 25 3 
298 25 2 
319 25 4 
1 26 3 
3 26 3 
4 26 3 
6 26 3 
8 26 3 
10 26 4 
12 26 4 
15 26 3 
16 26 3 
17 26 3 
19 26 3 
26 26 3 
28 26 4 
37 26 3 
42 26 3 
43 26 3 
53 26 3 
54 26 3 
61 26 3 
64 26 3 
78 26 3 
79 26 4 
88 26 3 
90 26 4 
100 26 3 
108 26 3 
122 26 3 
126 26 3 
151 26 4 
166 26 3 
171 26 4 
205 26 3 
207 26 3 
213 26 2 
244 26 3 
280 26 3 
285 26 3 
310 26 3 
321 26 4 
1 27 4 
4 27 3 
5 27 3 
6 27 3 
7 27 3 
14 27 4 
17 27 3 
19 27 4 
20 27 3 
33 27 3 
34 27 4 
39 27 4 
41 27 4 
43 27 4 
49 27 5 
51 27 3 
72 27 4 
74 27 4 
87 27 4 
99 27 4 
104 27 3 
139 27 4 
143 27 4 
145 27 4 
159 27 4 
164 27 4 
165 27 4 
189 27 5 
198 27 1 
265 27 4 
272 27 2 
276 27 2 
296 27 3 
304 27 4 
308 27 4 
313 27 3 
1 28 2 
2 28 3 
4 28 3 
5 28 3 
6 28 2 
7 28 3 
8 28 4 
10 28 4 
16 28 3 
17 28 3 
19 28 3 
20 28 3 
22 28 3 
26 28 3 
37 28 3 
43 28 3 
49 28 3 
53 28 4 
62 28 3 
73 28 3 
79 28 3 
81 28 3 
89 28 4 
99 28 3 
100 28 3 
101 28 3 
107 28 3 
123 28 3 
141 28 3 
150 28 3 
154 28 4 
168 28 3 
190 28 1 
191 28 2 
195 28 2 
202 28 2 
238 28 2 
269 28 2 
284 28 2 
289 28 2 
313 28 2 
1 29 3 
2 29 3 
3 29 3 
4 29 4 
5 29 3 
6 29 3 
8 29 4 
10 29 4 
12 29 2 
15 29 4 
16 29 5 
17 29 3 
18 29 4 
22 29 4 
26 29 5 
28 29 2 
36 29 4 
41 29 4 
45 29 5 
53 29 4 
62 29 4 
64 29 3 
72 29 4 
74 29 4 
77 29 5 
80 29 5 
87 29 4 
92 29 5 
107 29 4 
123 29 4 
126 29 3 
139 29 4 
142 29 4 
147 29 5 
152 29 5 
163 29 5 
176 29 5 
205 29 3 
237 29 3 
243 29 2 
270 29 4 
279 29 3 
286 29 5 
302 29 5 
1 30 3 
4 30 3 
5 30 3 
6 30 3 
16 30 3 
18 30 4 
31 30 4 
34 30 4 
37 30 4 
39 30 4 
43 30 4 
45 30 4 
68 30 4 
69 30 4 
75 30 4 
79 30 4 
81 30 4 
84 30 4 
90 30 4 
92 30 4 
134 30 3 
136 30 4 
145 30 4 
151 30 4 
155 30 4 
159 30 3 
171 30 4 
174 30 4 
177 30 3 
178 30 5 
257 30 3 
261 30 4 
285 30 2 
291 30 4 
295 30 3 
320 30 4 
1 31 4 
2 31 4 
3 31 3 
4 31 4 
5 31 3 
6 31 3 
10 31 5 
12 31 2 
14 31 4 
15 31 4 
18 31 4 
19 31 4 
26 31 5 
28 31 2 
34 31 3 
43 31 3 
45 31 4 
49 31 5 
61 31 4 
62 31 4 
64 31 3 
73 31 4 
77 31 5 
78 31 4 
98 31 5 
100 31 4 
121 31 4 
123 31 4 
141 31 4 
147 31 4 
149 31 4 
171 31 3 
176 31 5 
188 31 5 
192 31 1 
233 31 2 
237 31 3 
241 31 1 
269 31 3 
279 31 2 
281 31 4 
326 31 3 
