0.34116844888731057  6.522805846768295  5.223893171525764  4.119257960288964  1.1628033333890413  3.44393882115729  
3.7766875165986735  0.6161418989413415  6.106083425986617  3.5152324796553667  2.818712725008765  2.3038897354122404E-5  
2.915776167407979  0.032979678570846875  4.270596405042619  6.499653727555959  3.777451778335901  3.309493374460816  
1.7246361727917412  5.288794677396841  4.5478795208600244  2.4124946308959996  0.4843582893107598  3.2299781121820494  
1.8661387556591138  1.8143489794958543  3.0789131175673057  3.8643254182497673  5.997184596984369  2.6285223729098375  
6.604113521163498  2.0404292487355393  1.7996579798004724  1.170030415911487  1.4504827557360154  0.8923762470971015  
0.0014613470403493907  5.9050085023033425  3.3489176889004337  4.5361871439319765  1.973101764737638E-6  5.569922722617817  
5.9070488793340825  0.3892859925213937  1.8862153546833647  3.3825886281631985  6.198067874006846  0.04836756038759515  
4.823825928932811  1.078958333475934  3.2321340714173257  6.066615557650475  0.44525271109722847  0.8784864800658314  
2.553931543514018  2.253749217125885  2.83708794998535  3.011296511629174  3.990037122583612  1.1670176183599E-4  
1.6626555551670277  1.5489203428229454  4.9214679260205765  6.518095456619982  5.394243119584032  0.7440980407609749  
0.6934196304142043  4.12351296504272  6.215755233486928  1.2436212074077277  4.304654043293497  5.70810829007482  
1.315822731875998  2.5442822464291837  2.4609961576170014  5.322723097044378  6.393495420912394  3.9035374655197512  
6.163690078824357E-5  7.758914691662055  6.049985166906406  0.6549590644732908  0.9571323149039673  0.0540164934493534  
2.5066319776639663  2.6116583637096342  1.5289825735896097  2.448476823257138  3.6063779850584963  2.514708998191823  
3.5896227064283033  4.20612144746572  2.812651511887893  2.4447825886992187  3.5729699851012926  1.3468572551846116  
3.0974482654560593  0.7472565140959824  5.663273767159806  6.234934005103777  1.4289969483265785  4.991734056504228  
4.485966028002013  2.928806367955129  1.7051800293475654  3.0982561433998828  2.0677426207576177  3.651268787289558  
1.7140194908853814  2.354892919758532  0.8540555900947803  1.8507734814217904  0.006908739665393554  5.099749872917679  
2.0642084236618192  1.6381410428872605  0.881170533291033  3.521245700780712  2.0514245211509667  3.9798560035050983  
1.671783678631719  2.0454279804236  2.0414072873827314  1.1542787516868658  1.6223841033909119  1.6647711231989664  
2.330857503513168  3.3185038707259085  0.6493230869995726  3.4136747468615694  1.9937593677981464  2.3740472198835474  
2.7897174925984705  1.9828073983001326  2.1494710110668307  4.0835778353440055  6.052423335839131  3.298817910405439  
2.415592462916175  3.227806949948903  5.044052218116387  0.12144922211916102  1.4630440865347016  5.228381992529728  
0.05792484740199958  1.0674452120526898  7.542122383910711  0.5035879672538086  0.9471204121333119  6.680510788491273  
0.680468638563787  1.6697114777005766  3.1043970797913247  10.457573933153567  4.097560610838191  1.8423936519944755  
1.8087901281621515  1.5420714936626012  3.307438439039372  1.4511527831342558E-5  1.1059430811795947  4.23217289734848  
3.0504191375227  2.9872056766193222  0.19021373867796723  3.1633643917519967  4.909521663010277  0.39306967371282303  
0.7754829737003336  8.456793690864478  3.2293797555848125E-4  4.094035222507207  0.001582402872275977  0.06370532785265798  
3.4218160539360984  1.1348580196933253  2.068435471977556  1.817282524851843  2.856846663852888  3.3551721674408985  
3.328548755090655  3.5077215037332676  2.3365322494169978  2.7403628865550242  3.4579009352812955  1.839708303950364  
0.9648983058352396  0.45320599398706946  3.1439265618409156  2.823212666369773  2.827420560722641  3.0618470263085547  
3.2592810637644862  2.3494763053468226  1.5401062048695975  2.7359206674890384  0.8895501714729195  3.292794714186066  
0.01866570191082422  5.453330197126423E-4  6.5764838750190755  5.647988687627484  4.352440355525775  0.15551657465793586  
1.524664441108735  2.9077422096341565  0.1028642918141317  3.091183521411563  1.5239676379240994  3.9831362606775116  
3.368954400180364  3.5018002085555895  0.2466184443968094  2.6308707201884207  3.700720814403504  2.6192232520607917  
2.7538010180900336  3.968900635880334  0.7647972024978839  2.1713575774141383  3.309856471688452  2.385243403316745  
2.5863216381754492  2.670572182233077  0.42806914041241734  2.2785554475470433  2.98564207649662  3.046509544900422  
3.3353443567107557  3.1159392823983856  1.035151870034496  3.04427473952555  3.505634052440378  3.4354827968999095  
0.652922713168928  7.649702244943002E-4  2.3260415207869181E-4  2.838320115783563  0.08674971541498655  7.032679596149996  
3.315858191692396  2.0861064181200915  0.5969510986551794  4.157475534818499  3.617085456090953  4.31197791141928  
3.0879671653179463  2.0425542415067017  1.9450236127347758  2.901895259883056  2.253725115141079  2.3395574362769374  
2.8191938047894185  4.040549260818065  0.09021351806143729  2.705590886017175  1.9335332482373855  0.10592859239442594  
2.551194999848592  2.626160886771376  0.436342668755806  2.8819426946035325  2.6043197023600784  2.419278887487336  
0.008748713187255114  0.018145223939762273  0.015659083474118  1.1668774536122262  7.518945641229084  5.032415497382692  
2.1292544763625285  3.919673821705712  1.9365872382862648  1.40400509972487  1.7106323932379432  1.5500237409842845  
1.852132213325627  3.351121920413414  2.5771180019996365  3.28302898174472  0.9292906978359204  2.0965554212766344  
3.8297006823093445  3.8896095164779387  0.8567298984176938  3.4242650379589197  2.783565450543554  3.3359024885739803  
2.0764670337351707  0.26654398238238597  5.705540818072258  2.090386961889499  0.4280133973240637  5.840707682412941  
3.6339335394409846  1.397290300291244  0.712368633204538  2.017174277813672  1.648029179771842  3.8044598315168363  
2.0495058904706456  4.318653262235445  2.98776191216633  0.2589816317117436  3.0071703104157224  0.8802672989953713  
0.9408697811619985  2.360380215576422  4.082703390644669  8.806299226887981  3.6537512078149517  2.04991355831227  
2.0248806143173446  2.697996578745742  0.005729083492387415  4.33720779362543  3.1452235014277448  1.2013855919477148E-5  
0.8724280247251246  1.0922907265708914  1.2129105014615351  0.8381230972590767  2.141000563724575  1.8791503557185918  
2.6770800137801216  4.18244573646282  1.1341266997249948  2.557000504703257  2.9890068349395884  3.355437641089892  
2.1460484253368968  3.7258181711188647  0.37838469336189995  3.3954992868072993  2.7689753776390216  2.6562968830898805  
2.2132749827958229E-4  2.908391357269859  2.6610378406096538  1.4317523633951295  4.8637526342216555  5.413640586317731  
5.682401910672831  0.9672144852170237  3.3592360765441702  4.482975997595635  2.239152486434529  0.8815318419159888  
0.009131147130591294  6.693822656674806  4.4760782712788085  4.034994254068183  2.2579777184346685  1.3958179324418838  
0.010226500868207554  4.469377432809225  5.605297276593158  6.562419161078752  0.9447260620355588  2.7318017885705825  
5.1704251333674796  0.564438967390232  5.108058954065651  2.2885820394673892E-10  0.2002225568968725  1.7333164171831656  
1.183658633099249  2.120634864279891  3.0144684222252796  9.37048275676982E-4  2.0706133260532287  7.71600689487569  
5.196870246450683  1.3275528928982478  3.0579033519557846  1.7020525827520394E-6  3.2714731128236947  1.4901799458857874  
