5.34425813843835  2.3045433516105747E-7  4.342921433596238  1.9967931320174164  5.086832467730453  3.2125485096367665  
1.5164438783008902  1.7163739660051913  1.0619804484452158  5.954720381004706  3.030383567136689  1.773189389154838  
3.853619560941426  2.752110379333777  1.014714313040272  5.6680278705304525  2.837873853625844  3.6457368040608977  
2.9550376229102273  2.4004322590017655E-5  4.618572181211635  1.1111945942380028  3.9980505186694657  3.8463371403514115  
4.17357157290825  1.8260537411234126  1.6728596630576846  4.975487584419043  4.301116930132303  0.9870342404007182  
5.252896881107452  3.8322285790123978  2.696175210351603  1.4923228909137252  0.09814288093975884  0.39150250240532614  
5.287722612058203  2.3940910218529474  1.8336172034959661  4.225656123957773E-13  5.74676008601047  2.8431628806369793  
1.4853462831929747  1.3268041854859852E-7  3.6984499208437667  7.849250950065179  0.17698979335464735  4.064537596947357  
3.0315575208549004  6.555883380042811  1.8587385897982818  1.8029065242267366  0.36501123564095656  4.061444458652683  
4.211456209675995  2.2032225958823006  3.289342228395327  4.12553395745837  2.2538153612966784E-11  0.6996649670241956  
5.51327483205338  2.878957645464176  2.818344502621182  6.535592827879764  2.796523198598991  0.7467291889727928  
2.296621491293201  2.540047722417657  6.010176044294326  2.631616208355853  3.497995616758424  2.91352233879863  
2.668685907255598  1.5480046088956618  3.65733541223837  7.058247632528654  1.187383598785841  5.011960304180653  
3.0643316509770644  6.936882244999038E-9  3.4982124870814064  0.13770373358590957  7.448196352940777  2.1039307732735705E-11  
2.0114343929009117  2.9274026453703272  3.4364434031576305  2.33310656157948  1.1155813399067127  3.5099408501791203  
3.025285537388474  2.3832220402609505  2.2386969936458936  2.1253904890614  2.9651789536598314  2.6578940610581827  
2.3694885713853324  5.388900660992775  1.1396016224111232  3.7966790333405216  3.082790203315006  5.070722784829519  
4.150600967234657  5.924330302621908  1.446435730756216  2.6980220662218573  1.643775164702515  1.4106774924027946E-6  
3.0044037320204584  3.3941011686758937  1.241467301238558  1.0347012632233337  1.3384835225822886  3.615378722368828E-13  
0.23902909526370875  1.4327413024314055  4.2409081252010505  0.5983563994127438  1.0777387751702387  4.457567614214662  
0.5035735744728329  2.445015452468833  3.200897735985719  1.8572779963955204  2.2222057629166834  3.161430433630504  
3.0586545501158993  0.397476203665345  2.788766232838931  2.6242195549824436  2.203936267463103  2.8972249560544814  
9.217570553382955E-9  0.6021341335511354  4.122661280995147  5.974064855272721  3.9710623798840614  0.35529723365501614  
0.03822301110431397  3.514507269317962  4.164786676957038  0.6374284217391964  5.4753552214362715  1.1355779370238754  
1.2987035350649002E-8  6.510683299451153  2.3951286532433036  3.045213457701337E-4  4.856336257356821  0.8495445334029704  
5.165204710124304  0.8092882884794702  0.4645162289075132  5.917954798417229  3.537248169436324  5.644865713879222  
2.3305187609995826  2.9869143253703503  6.48348526975683  1.837868511229205E-8  0.16549411255674654  4.392205772069621E-20  
0.26432525985347416  3.0442933342296175  1.085399810812816  5.824227011891247  2.3692565538106973  4.081621594825286  
5.203277271015012  3.839299195505313E-9  2.6204299892365344E-10  1.0612984913648889E-15  4.701032084229877  4.812753764012775  
2.1604097667267936  3.073600341080668  3.130731366640939  2.438147433623033  0.7671426681088103  3.5951946907413466  
2.9583027667105077  2.3727012053000487  2.225787149890056  1.6209336098183535  2.475551199178347  3.2725705985278553  
3.9477699187280866  1.3974151526086818  3.84202144333255  2.487954405517357  2.1502139551962034  1.1007751822951903  
4.113669584389388  5.140635627514802  1.991599120316246  2.2564598742566226  1.1432525717015838  4.248078557113703E-16  
0.43888246627497296  5.665632762398125  9.661762126151768E-7  4.817203864674673  7.076953207446257  0.5651899813580701  
2.314065679671672  0.0024101557260350266  0.7979711717993418  0.9353257571081085  1.0665531772226886  4.773000390735175  
3.0820173429016724  1.8275503059941136  1.3108052204062775E-13  2.7376549479670214  1.3219747107220773E-15  5.809828561686164  
0.05170335914451541  2.6260385955687466  1.6161289245650463  1.5863012939258505  1.5436756502351308  2.584367608838088  
1.2444415855054467  6.467020416754802  1.8530437645791638  0.01771550554878041  2.0793786178641285  2.018750549245833  
0.9957851250316193  5.023126697453829  1.9748542981674289  0.7141594548985775  2.099724792960956  2.148990194771782  
1.7866079458330284  1.1559175869116803E-9  5.148844785683357  2.190065489008152E-8  0.5429172861921259  6.12537377043779  
0.002610818582941519  4.302255377462318  2.202458574232842  2.972790838149541  1.2440333830571138  5.706114661165841  
0.17494360601362996  2.6671894906192546  2.841697739877547  2.0851033881320062  2.814953244198504  2.910150038267097  
2.7048431854023374  1.4966978519037624  2.37719296042018  2.9419063083894805  2.2766338259162744  3.1775900092079743  
1.4463420246633238  3.384839340731801  0.6388769638504214  2.5534044940408624  1.4355178251635579  0.7396791309336717  
3.7151156690670423E-7  5.325420492671656  2.5355707604285  4.075898528533433  5.291333765100334  0.01690457117215793  
0.14842863348536708  3.3087653364500906E-11  1.716255232504652  1.4352275492972595  4.2165331336858225  0.6455112193657356  
1.3772831612940135  3.9417929371049447  1.5956496178621005E-6  0.0026745735103550867  5.980700530579854  2.243893396159306  
0.4223525838185881  1.4491347640013403  2.705421172497651  1.6980276734639117  2.7536099136028165  2.6790596790860772  
6.732304680886889E-8  6.373253244750845  3.0644605982463506  3.5358553066277647  3.368181758644833  1.466241182011704  
1.9068293450059697  2.805908212860089  5.019868258805555  2.2525961855037995  1.443632870401393E-6  1.190466114221599  
3.4287350561160066  2.1126253094218597  3.5722335375108063  1.4740615718885395  2.0078151044930426  0.11824523877517853  
4.460074807506914  1.4509853467294538  2.209153663459577  5.447787030944888  4.1167377595763375  4.201770178416861  
6.2763664462904165  3.119718888995625  1.4250932250628717E-15  3.359644141314665  0.6656074075883778  0.018274319474351423  
5.803914410118903E-4  1.721787619623744  3.2660303280274183  2.387704034108658  2.7235054095122835  3.075165041626661  
0.03913747724673292  1.645425316311721  2.9403502116242803  3.5350311219156176  1.027412845572015  2.7107896267047233  
2.9936048538913305  2.1603620040991554  2.2649773895075405  1.3014475252854092  2.7337542429441464  3.2113562918838343  
1.6852467411581276E-4  8.468352735603199E-10  4.181481476936393  3.1713570078739948  4.176343984094301  3.4410590231324285  
5.251830866714842  4.676778854691459  3.5356597947362247  3.427257214482139  1.4079162756073907E-20  0.959186682113014  
4.438368224864274  0.7118043218596696  1.6488664799872497  3.2354298248417126  7.793823545766766  0.0029590151086723807  
4.444372386867462  0.973405476767841  1.5670866035040956  3.1808243641099727  5.537324465487942  3.2646746118942285  
0.8896172120795175  2.983993384192954  7.379371942412246  9.031154337378068E-9  0.42449008174429126  0.5455955235676101  
0.10487934405842564  2.23439943931697  7.267706676147049  3.996898529681813E-10  0.06572783103845128  4.284976730012664  
2.698267595921127  0.5709070533893931  6.117529481046316  1.5750802722805548  0.47268748592287907  0.3714233708903839  
