1.3631168139670558  3.5099352548231257  4.554820298194721  3.9336781668726055  5.367576221989388  2.843397143018062  
3.128827889360864  5.651988295292058  1.0461199499403618E-31  2.2498733939294633  1.5400272772855732  3.8332412306917005  
3.331857501573786  3.9073507858885845  1.8140673508103975  1.5840808443338619  5.272733768897585  6.326089932481133  
1.114339711883592  4.055077989765962  1.8184885177710572  5.45212545535752  3.966345456620728  0.7498146339570247  
5.032653690718355  6.503403241498779  0.22625962526589977  2.430082044311305  3.3801527921377827  4.652821529025961  
6.42154337427709  0.010691657454806377  1.0225569502916854E-38  2.846130504163814  3.620471022894303  2.19766359412766  
3.573154816752821E-23  2.5932124806224666  2.730862687103598  6.599982544908715  5.78343392321327  0.012303111989302265  
6.533850346682803  3.8439935108787266  1.7594145452206116  2.853723054468255E-60  2.7012248284026135  6.1576563287659765  
3.7888211359777246  9.76074165109698E-11  1.1216746538141251  3.1032540331744016  7.1181361559018175  3.345279613424349  
3.973958211553412  1.911015984507956  0.5874451502766815  2.5179906842303277  4.036163214887761  4.258478118073948  
1.452058918728428  4.654456590166955  0.9593630757419416  3.764180473510592  6.112481361789603  5.402117572331052  
2.3971189358737983  4.0416441211344925  5.82796528279352  4.8372466370521945  8.239462865287697E-26  3.773551260653501  
2.9488095449564913  3.0120762298061003  2.1026886131203906  3.949475648956606  6.508724054292298  4.8514036228569175  
2.190691533383719  7.574234961514729  0.9655962068342305  4.876774424668763  0.35753992958883696  0.38596511530404315  
3.2308338726323393  2.383043258360378  2.4777777755794674  2.836656313677471  3.0103985029595917  2.646407249268842  
1.9463230892917762  2.7285942335154654  2.9510306641429445  2.8247995863639805  3.181375055215671  2.4890631698815113  
5.247847632044484  4.323082864926673  2.960467006085668  4.160079958822112E-12  6.062964643664101  4.468554260872718  
4.179434401728518  0.35937773455219757  4.491163303875394  2.740388136407934  3.933119391995658  0.7176184104729623  
2.3079120836945433  1.7032360372276083E-63  0.8807438095440592  2.9776242926331387  3.467871401515547  0.4765256826887166  
1.5466151221364148  1.8197773769448216  3.4408699086271755  2.7836446212075616  3.200401454999362  2.8277136674858143  
1.5011423137239444  1.0073343427891814  3.8135528539842998  2.8838056901791833  1.3460368970763685  2.3037802197383033  
2.216712804945439  2.6995286213584606  3.0333548074222967  2.3533358619194336  3.706279754433757  0.8974594500343431  
2.493154778318406  4.1078131690534  3.108650989304533  2.3839689158987807  3.4398039418594835E-29  5.250899305097863  
1.4128885885032008  2.468686592809514  4.642751126484161  5.4553108485752375  0.12330109315264179  2.1132012157108395  
1.4969157687257715E-34  3.2828417254780065  3.688317188956165  4.677216905325272  4.429963461204931  1.09542981222394  
4.174948880798919E-20  3.430248500308002  4.874225395574488  2.731147680590132  6.604032891471172  5.151268064671361  
4.7196518636211255  1.0962503096429823  4.083234733027259E-26  6.029530328582838  0.3778601828955974  2.154014947600215E-21  
2.6184790349853704  7.019020117718401  1.3319882885873997  3.680561609891569E-6  0.6203453467817928  3.49171074770705  
1.2475344534771799E-14  3.23273181826584  6.374134679598463  4.513072439847718  2.6253487439485745  0.9073308940253141  
2.374963844361403  2.3810860928134723  3.018277485752805  2.883856967062653  3.2227470415737223  2.6349808984480543  
2.0918550313637034  2.6673697314170184  2.9212643969577647  2.840209187686076  3.080228224175767  2.8315803698715984  
3.003351292972181  1.8230150384601385  3.570779202437504  0.004281938243884985  4.450154564908992  1.743457662186748  
3.9129345048659254  1.3759527647478624E-22  4.452890626640467  0.7374948216500686  5.703828974684589  7.723340179052667E-44  
5.593805547084944  4.9047210440156235  4.508606021705629  9.122290035209425E-11  5.430991109770252  3.1753550706100735  
1.9041502432134418  2.247540085139563  3.975215296786896  2.1847302749367024  1.178641242055744  0.7764091636986326  
0.010612723251345251  2.7740704738317477  6.9402691840608535  4.578200909591454E-11  1.1554644890503003  1.4575801224273275  
1.3400508044108836  3.5585047834893464  4.851725335618449  0.9238402938584607  0.9471352792565919  1.6454910828472944  
2.2241249380181607  0.0026315467494439815  4.339041046637606  3.6567704985629437  3.747913506341463  1.2351756977479195E-16  
2.2356254090919054  2.8155524453085217E-9  2.593938863406179  3.356038697168939  2.680812309582749  4.358400444557028E-22  
1.344822510050087  0.057741022727444996  8.743136839210491  4.780154641696255  0.9688980845840451  0.011578491904604823  
2.412873284225891  1.2602541873823363E-8  3.5479847441097445  1.477742000491077  5.1755687263209476  0.001236154069969727  
1.8202094494475667  2.392517690644337  3.9879670142580936  1.3284386165167488  1.3126449960620707  1.9431509013635997  
2.0863927075360205  2.6670649134485838  3.1192676261609367  2.3319824576905486  3.7684212883531196  0.7452289669644686  
3.427640521044715  0.2852450087628989  1.6568420172576763  1.5606461341143485  3.0039952025932006  2.8256405768067334  
1.2538045523392383  0.3717976089771748  8.40737566892812  2.764282415431105  1.799544203474078  3.4555498772882145  
0.013830373978851148  7.001100055531187  0.6531556900505163  2.502434439299129  0.1281111801523966  1.5937389126418813  
3.719630590196095  0.963228911452384  2.1829005001195085  4.064676702375961  0.7646024816463464  4.991940330658397E-29  
0.4877543297220548  2.74306954111199  5.295331373681723  2.195990930778789  1.1027730356666223  2.4287244870131737  
2.4050601295905056  6.021717975469131  4.735152169127156  4.5675146022965984  0.3167943710990613  0.22701447439354702  
6.3317922174511105  3.237006507928404  0.6758990200100129  3.2189166038977652  1.1923561385162897E-5  8.311240527092527E-7  
3.290663085226438  3.7322814381532824E-5  0.7505166867325812  3.7702865707053834  2.932215882653068  2.8992230443902707  
4.169896615560304  4.574244127266795  3.0520511762076263  3.4072130142779313  5.605231965043284  3.8848771415413115  
0.09006169372833887  0.13882056158930814  8.270946720018465E-15  2.8836143508175316  1.9363775081636634  8.86623756952117  
2.1006374870591014  3.377408384842308  3.327997060286552  2.248627788890112  0.6008807322383845  6.175823192612399E-12  
3.530870068157107  2.709290104547163  0.5115849222291946  2.4504428998387047  0.09024109528172657  2.170426229769967  
1.2506549978620962  2.9157614391347377  3.712979181452562  2.8009179767834613  2.5544681730315633  1.2771213185060846  
1.0509527403616872  3.4510155708641965E-12  4.181808116168398  3.7931624830445254  0.24256576346022543  6.148378526912919  
5.809005995170611  4.6708625613376125  3.5897716796767123E-19  3.9801351317957865  5.391065727135685  1.3474956743769368  
2.5139119660238453E-42  4.554391053743423  1.257221274607031  4.0216611682901515  4.8387801792507465  4.320461016799952  
1.7776440728829004E-8  5.403541692189844  3.2629685764160503  3.432602445844535  5.207422073470699  2.262269679258108  
7.205226484312248  1.9776005410041682  2.3770719925821562E-11  4.9919158462616116  7.974040883211894E-21  8.696710913316679E-6  
3.403036575343081  5.114107070921195E-60  4.857239918313862  4.3063989421271645  0.9400574305755002  1.5088847363856443E-10  
6.763934468038641  1.131812082039323  0.2967825698752186  4.139295888364968  3.8953199091089935E-28  3.0703522794596596  
