2.6064390459056882E-14  3.162022858729207  3.5163893979695535  4.867703876154636  5.392304194694701  4.223112453340291  
6.3634652617177245  0.6330557504999019  2.382720661665446  3.3047722401655477  0.1936490780734893  1.9773289223784938  
1.1699647171783012  2.6145245164414987  3.6048101181167835  4.213227549512162  6.845981772204628  1.6975860642637242  
1.2651331006614202  1.4361079949830364  2.607030514689648E-16  5.482360089286324  3.1035842747189446  4.266993129518132  
3.0114043216793593  1.3734402817273226  6.186234788867182  2.2484939872352436  3.914893583597992  4.76091923606791  
3.120002925010314  4.583422382218156  0.012907143050004715  0.6096417460180674  2.446539541838021  1.8797315796716525  
0.06527824744833445  2.6547606043702214  0.13893633259476612  9.016315906579505  0.9385335141595702  4.611635584317879  
3.720783002221063  2.731688394874233  3.4317780616310976  0.065636304187785  7.530603240477363  1.9316428475238124E-18  
5.320158362613328  1.2159207703715003  0.32359499258765595  1.5701547088093044  2.9820056799766905  5.867427012148978  
3.7106142158788673  2.051103297050363  2.506278287297453  3.529495080875835E-10  2.917744166805735  4.360858240299312  
3.475165597135229  2.43348201033499  2.538838075465135  0.42326893636186114  7.884710933835973  4.7252157321417165  
1.8842888513739648  5.767636554877711  6.3326644557693985  5.119649622015008  0.6766362512068901  2.758670041584372  
2.725944576091137  3.824736957886462  1.9176400194709629  4.769127497589697  7.31936319377849  1.3673331031123477  
1.5902352621032498E-22  1.1560936081686053  2.1176718062255313  0.3816761628756626  0.9315702100246426  9.86823068001957  
2.9073997144439705  3.4381874990632526  2.1763879940111632  2.5706713849649  2.731837562098687  2.180334045993881  
2.116796306457966  2.449499596138533  2.247153123513781  3.870878628196516  2.432571548997108  3.1050623890794644  
2.420917894143582  1.3703449276095132  6.109192322014998  5.0492389125475245  5.126539957199907  2.723419167615942  
4.95518618912384  3.797665657519358  0.9072290779148346  1.1985792725178233  3.386401690366201  2.1201560357577613  
1.2847694093070436  4.16651209965921  9.914280843172852E-7  4.357261574565253  0.5913054925660965  0.2848016513205458  
3.5629450269491723  3.7916321218946973  0.0526803444622562  3.567173513448852  0.5702041241950248  1.8101817139749952  
4.240118528336123  2.215961695327699  1.1034867720217651  2.32347801865817  0.5522987255116955  3.6314331772621737  
2.6845625840298295  1.3378327127914627  1.2231861738581091  2.6528157356405484  2.872526458817771  4.103519549438179  
1.5079023929827937  6.418487561122879  7.112341789486666  0.9123944069054291  8.812266555666026E-17  1.2189311234069465E-35  
0.9123891068869325  5.42499886229571  3.96421479483634  5.685489071433707  0.026697064094280666  1.4673154464646425  
4.047789043534414  1.482060555380299  1.3453933166574708  7.3295071409186034  1.1603298257284618  1.5065413387780884  
3.2133431408843234  0.8740642031965187  4.171953248205156  4.003246263889593  6.921321890325644  4.9776572528873775  
1.8709984946704843  6.896185094980034  0.25379184528527365  1.2538966831539894E-6  0.0023526933469266227  2.908338893900053  
4.410744246132574  2.7151004230233E-9  0.06189068956932157  2.507899231012148  5.24630646043139  2.383669164522052  
3.4691643676018336  1.3313624122385088  0.18665006937448342  3.630248988922157  0.2467981493621537  8.401216494288285  
2.676551122729474  3.2158224776898066  2.667782455676155  3.2878373517875796  2.4439441483584328  2.5781214820532434  
1.7092982406256376  1.774815931835383  1.687761210907309  4.828773283233297  1.8031539489480386  3.3976454211644853  
1.1515923311091776  1.0874914053620994  2.7101729813055653  0.7908674147953424  4.809706176662663  3.2487761974323868  
1.432216331041126  4.586138759119231  2.8181617798934917E-4  2.775794235147504  5.6322136336297834  0.26898058904228644  
2.5316268911571267E-10  1.0066801768331206E-17  7.5813483102453585  3.552429977427072E-8  5.712219179993612  5.351634623928565  
1.2823140250099223  1.6263799921070383  2.138526239105853  0.16283607529755895  0.6368181828673675  5.581767567131315  
5.944746741405562  1.6886896979588525E-6  1.6362881394118565  1.7389337463586751  0.526053347394487  3.510077944757167  
3.183183790143751  1.7839084936128975  0.720587980301457  0.9796389522292424  2.3093235912125905  2.729075690128702  
4.5211864003078075  1.7693190229740794  3.7712152766984555E-4  0.020615770232261358  0.01968143444225471  5.197798007340879  
3.1851973237095312  1.5596856883307042  0.5043276337812707  0.6489664726646746  0.6015355963407791  2.0903492222481366  
5.451343300781295  7.293363384312415  1.1464247312963223  3.088590979455157  1.7370967010883865E-6  2.246843995328571  
4.197333819099685  5.338692032673319  1.2531787816231155E-6  3.4997333382806994  0.3438583662972751  0.8068047832809837  
4.574727164528031  0.5614488576170421  0.9243673555867313  1.5091311465570296  0.8266764382305308  2.9667527290392592  
2.61869902497877  0.9665876796094186  0.8402086963034188  2.0018515247506663  3.1963376328029933  4.47409902805981  
1.8554930987874474  2.304406432070356  2.8118820451932915  7.122261013002936E-11  1.7183758868927574  2.4705785497786867  
4.203096873015462  4.660402034940458  7.940299014773579  0.20263152008462826  4.959418750778094E-10  2.499102292847779E-6  
0.7710406008096503  1.6637670430480302E-6  1.741358061901565  2.8274738717444037  2.974445636718218  1.566044605604749  
1.1737352765861793  2.0851088954929016  2.0315801489202427  2.9148303243547944  7.865512707796221E-12  6.428769916789923  
4.027476233012193  0.32151236008906736  1.7703052592782542  4.2330953522476  2.5651524404823656  1.2656643862604544  
3.1478739171899335  3.0192077576240095  1.765228292294939  8.686090137562916  2.162176347122869E-14  1.1191466381567551E-4  
1.0118358338334799  2.7500478318357104  1.005438015856671  1.355780409431929  1.3431545187526728E-10  4.00787470423904  
1.5801985196544335  4.022022001666264  2.1109414672193405  0.8993218464268542  0.6915056043786961  3.8394223749090015  
1.862522268366324  9.3087638572351E-5  5.27171689414521  2.464300881607122  5.018164192050002  7.7517398998386176  
3.623476951453544  3.468496679557285  3.5465409602829703  1.9253193394228372  0.8179044497579541  0.8226451117523597  
2.4032734486018916  1.0865756295502695  2.4431195896220657  3.093982079597266  0.08197023226987421  3.1478497991273713  
2.4889747141214857  1.7045452762356221  1.8860029847153341  0.11649776904137864  3.27439690712017  3.5956576702848198  
1.705606146628177  1.0003182892954716  0.04503386007718624  3.2611737761421153  1.334414549973985  4.768936986910496  
0.9258055883621853  5.940684972310201  6.981586727923269  2.3396735702986016  0.30505483544183154  1.0839872011206735  
4.994122454704992  3.5776593951937956  0.08506901626741133  1.1689704374815615  2.5669696467177365  6.407268531139114  
2.82126933896143  1.5173154604882747E-8  4.837266145254663  6.19941457483029  0.4285133772248307  4.61313804148742  
1.356347947880403  2.0212713844896657E-10  3.9121136315957994  6.107998933603505  3.367688658429666  4.911383477129053  
1.3461126241649044  6.174126175696387  6.969480755578908E-15  6.756264700468059E-22  1.565910260425547  2.7475932885400307  
1.2072026502663329  9.60050272096627  1.231745248411419E-5  1.3185690321678674  1.952255002110082  0.47757233380683584  
1.6922747123913309  8.06589257743157  1.478154512035724  0.002107489424314381  1.300404572497023  1.5608674401571654  
