1 1 1 
5 1 2 
7 1 2 
9 1 1 
11 1 1 
13 1 2 
14 1 2 
16 1 3 
17 1 1 
18 1 2 
20 1 1 
21 1 2 
22 1 2 
23 1 1 
25 1 1 
26 1 2 
27 1 1 
30 1 1 
37 1 2 
39 1 1 
43 1 2 
52 1 2 
54 1 1 
59 1 1 
61 1 2 
63 1 1 
67 1 1 
75 1 1 
85 1 1 
90 1 1 
101 1 1 
109 1 2 
118 1 1 
120 1 2 
123 1 2 
124 1 1 
129 1 2 
130 1 3 
144 1 2 
152 1 2 
159 1 3 
161 1 1 
172 1 1 
200 1 1 
212 1 2 
232 1 1 
237 1 2 
239 1 1 
248 1 2 
250 1 2 
284 1 2 
286 1 2 
296 1 1 
323 1 2 
2 2 3 
3 2 3 
4 2 3 
5 2 3 
6 2 3 
10 2 3 
12 2 3 
13 2 4 
15 2 4 
16 2 4 
18 2 4 
22 2 4 
27 2 3 
29 2 3 
30 2 4 
33 2 3 
34 2 4 
37 2 4 
38 2 3 
39 2 4 
40 2 4 
41 2 4 
42 2 4 
44 2 4 
45 2 4 
54 2 4 
61 2 3 
63 2 2 
65 2 3 
66 2 3 
67 2 4 
73 2 3 
77 2 3 
79 2 4 
84 2 4 
86 2 4 
87 2 3 
88 2 4 
120 2 3 
121 2 2 
124 2 3 
127 2 3 
140 2 3 
141 2 3 
143 2 3 
147 2 3 
150 2 4 
158 2 4 
159 2 4 
162 2 4 
165 2 4 
173 2 4 
176 2 4 
212 2 4 
232 2 2 
233 2 2 
239 2 3 
245 2 3 
248 2 3 
250 2 3 
267 2 3 
269 2 4 
272 2 3 
278 2 4 
284 2 4 
294 2 3 
295 2 4 
307 2 3 
310 2 4 
1 3 3 
2 3 3 
4 3 4 
6 3 4 
7 3 3 
9 3 3 
10 3 3 
14 3 4 
15 3 3 
16 3 5 
18 3 4 
19 3 3 
21 3 3 
23 3 4 
26 3 3 
36 3 3 
38 3 4 
39 3 5 
42 3 3 
43 3 3 
45 3 4 
48 3 3 
50 3 3 
52 3 3 
55 3 4 
59 3 3 
61 3 3 
79 3 4 
83 3 4 
97 3 3 
101 3 3 
105 3 3 
117 3 3 
123 3 3 
139 3 4 
147 3 3 
150 3 5 
152 3 5 
156 3 4 
158 3 4 
159 3 4 
171 3 3 
176 3 5 
194 3 4 
199 3 3 
230 3 3 
236 3 3 
237 3 3 
265 3 4 
278 3 3 
286 3 3 
292 3 4 
296 3 4 
312 3 3 
321 3 3 
1 4 4 
3 4 2 
4 4 4 
5 4 3 
6 4 3 
7 4 4 
11 4 4 
12 4 3 
14 4 4 
17 4 3 
18 4 4 
19 4 3 
26 4 4 
27 4 4 
28 4 4 
29 4 3 
37 4 4 
38 4 3 
40 4 3 
45 4 5 
48 4 4 
52 4 3 
54 4 2 
59 4 3 
63 4 4 
64 4 4 
65 4 4 
66 4 3 
79 4 4 
80 4 4 
81 4 3 
83 4 3 
85 4 3 
88 4 3 
92 4 5 
97 4 4 
105 4 3 
109 4 2 
119 4 3 
123 4 3 
124 4 3 
127 4 3 
128 4 3 
151 4 3 
152 4 4 
154 4 1 
158 4 3 
161 4 4 
166 4 4 
176 4 5 
185 4 2 
230 4 4 
237 4 4 
240 4 3 
246 4 3 
268 4 4 
283 4 3 
285 4 3 
286 4 4 
290 4 3 
294 4 3 
299 4 2 
1 5 4 
2 5 4 
4 5 4 
7 5 3 
8 5 5 
9 5 4 
13 5 4 
14 5 3 
15 5 4 
16 5 3 
17 5 5 
18 5 4 
19 5 5 
23 5 4 
25 5 3 
35 5 3 
37 5 4 
38 5 2 
39 5 4 
49 5 3 
50 5 4 
59 5 3 
67 5 4 
71 5 5 
76 5 3 
79 5 4 
84 5 4 
88 5 5 
91 5 4 
96 5 4 
98 5 3 
101 5 5 
118 5 4 
130 5 5 
138 5 4 
139 5 5 
150 5 4 
159 5 4 
166 5 4 
173 5 1 
194 5 5 
212 5 5 
216 5 5 
230 5 5 
250 5 4 
265 5 4 
267 5 3 
277 5 4 
284 5 4 
296 5 4 
310 5 4 
1 6 3 
2 6 4 
4 6 5 
5 6 4 
6 6 3 
7 6 4 
8 6 4 
9 6 4 
14 6 4 
15 6 5 
16 6 5 
17 6 4 
19 6 4 
21 6 5 
24 6 4 
25 6 5 
30 6 4 
36 6 4 
38 6 4 
39 6 4 
52 6 5 
59 6 3 
71 6 5 
72 6 5 
76 6 5 
77 6 5 
78 6 5 
80 6 5 
98 6 4 
101 6 4 
105 6 4 
112 6 3 
118 6 3 
138 6 5 
140 6 3 
148 6 5 
152 6 5 
154 6 3 
158 6 4 
160 6 5 
161 6 5 
187 6 4 
194 6 5 
200 6 5 
217 6 4 
218 6 4 
230 6 2 
235 6 3 
264 6 5 
269 6 5 
277 6 4 
278 6 5 
280 6 5 
286 6 2 
290 6 5 
294 6 4 
297 6 4 
299 6 4 
1 7 4 
3 7 3 
4 7 4 
5 7 3 
6 7 3 
7 7 3 
8 7 5 
9 7 4 
10 7 4 
11 7 3 
13 7 4 
14 7 3 
15 7 3 
16 7 4 
18 7 4 
19 7 3 
24 7 4 
26 7 3 
27 7 3 
30 7 3 
34 7 4 
36 7 5 
39 7 5 
41 7 4 
44 7 4 
49 7 3 
52 7 4 
55 7 4 
56 7 5 
59 7 4 
61 7 4 
63 7 4 
67 7 4 
75 7 3 
76 7 4 
77 7 4 
79 7 4 
80 7 3 
84 7 4 
86 7 4 
91 7 5 
92 7 5 
93 7 4 
100 7 4 
118 7 3 
124 7 4 
131 7 3 
145 7 3 
146 7 5 
147 7 5 
150 7 4 
152 7 3 
156 7 5 
160 7 4 
162 7 3 
164 7 3 
173 7 5 
178 7 5 
191 7 4 
215 7 3 
218 7 4 
230 7 4 
233 7 4 
251 7 4 
276 7 3 
286 7 3 
292 7 5 
297 7 4 
304 7 3 
1 8 5 
3 8 4 
4 8 4 
5 8 4 
6 8 4 
8 8 4 
10 8 4 
11 8 5 
13 8 4 
14 8 3 
16 8 4 
17 8 5 
18 8 4 
23 8 5 
24 8 4 
27 8 4 
28 8 3 
30 8 4 
32 8 4 
36 8 4 
37 8 5 
38 8 4 
41 8 4 
44 8 3 
46 8 4 
55 8 4 
56 8 4 
63 8 4 
65 8 4 
70 8 4 
71 8 3 
73 8 5 
79 8 4 
82 8 4 
87 8 4 
91 8 5 
98 8 4 
110 8 5 
112 8 3 
124 8 4 
131 8 2 
137 8 3 
138 8 2 
140 8 4 
147 8 4 
151 8 3 
152 8 2 
156 8 4 
165 8 3 
183 8 2 
216 8 3 
219 8 5 
245 8 4 
251 8 1 
263 8 4 
265 8 3 
266 8 3 
267 8 2 
268 8 3 
279 8 3 
285 8 4 
292 8 4 
1 9 2 
4 9 3 
5 9 3 
7 9 4 
9 9 4 
10 9 3 
13 9 4 
14 9 4 
15 9 4 
16 9 4 
17 9 4 
18 9 4 
19 9 4 
20 9 4 
25 9 4 
26 9 4 
29 9 3 
31 9 3 
33 9 4 
39 9 4 
42 9 3 
43 9 4 
50 9 4 
54 9 3 
55 9 3 
59 9 4 
60 9 3 
61 9 4 
66 9 3 
68 9 4 
71 9 4 
77 9 4 
79 9 4 
81 9 3 
90 9 3 
91 9 4 
97 9 4 
111 9 4 
119 9 4 
120 9 4 
129 9 4 
138 9 4 
147 9 4 
150 9 4 
152 9 4 
154 9 4 
159 9 4 
173 9 3 
185 9 4 
194 9 4 
230 9 3 
231 9 4 
248 9 2 
257 9 4 
264 9 3 
278 9 2 
284 9 4 
287 9 3 
288 9 4 
291 9 4 
296 9 4 
310 9 4 
324 9 4 
1 10 2 
4 10 3 
7 10 2 
9 10 2 
12 10 3 
14 10 3 
15 10 3 
21 10 2 
24 10 4 
25 10 3 
26 10 3 
28 10 3 
33 10 4 
34 10 4 
35 10 3 
37 10 3 
40 10 3 
43 10 3 
50 10 3 
52 10 2 
55 10 3 
58 10 4 
59 10 2 
62 10 3 
71 10 4 
72 10 3 
73 10 3 
75 10 2 
76 10 4 
83 10 3 
85 10 3 
90 10 3 
101 10 3 
110 10 3 
111 10 2 
123 10 3 
127 10 3 
138 10 4 
139 10 3 
141 10 3 
144 10 2 
146 10 3 
158 10 3 
194 10 3 
200 10 2 
215 10 2 
216 10 1 
217 10 3 
229 10 4 
230 10 2 
265 10 3 
267 10 2 
269 10 3 
274 10 2 
277 10 4 
294 10 2 
299 10 1 
323 10 4 
1 11 3 
2 11 3 
3 11 3 
4 11 4 
5 11 3 
8 11 3 
10 11 4 
11 11 3 
16 11 4 
17 11 4 
18 11 4 
21 11 4 
22 11 4 
25 11 4 
27 11 4 
31 11 5 
33 11 4 
39 11 4 
45 11 5 
49 11 4 
52 11 4 
54 11 4 
55 11 3 
57 11 4 
58 11 4 
59 11 4 
60 11 4 
63 11 4 
68 11 4 
71 11 3 
80 11 5 
83 11 4 
84 11 5 
92 11 5 
98 11 4 
105 11 4 
109 11 4 
112 11 4 
117 11 4 
118 11 4 
123 11 4 
124 11 4 
158 11 4 
159 11 4 
176 11 5 
187 11 4 
199 11 4 
200 11 4 
214 11 4 
218 11 5 
220 11 3 
228 11 5 
230 11 4 
231 11 2 
238 11 4 
239 11 4 
255 11 5 
286 11 4 
294 11 5 
295 11 4 
2 12 3 
3 12 4 
5 12 4 
7 12 4 
9 12 3 
12 12 4 
13 12 3 
15 12 4 
19 12 3 
20 12 3 
21 12 3 
22 12 4 
25 12 3 
26 12 4 
27 12 3 
28 12 3 
31 12 4 
33 12 3 
34 12 3 
35 12 4 
36 12 4 
37 12 4 
40 12 3 
49 12 4 
52 12 3 
54 12 3 
59 12 4 
63 12 4 
65 12 4 
71 12 4 
73 12 2 
74 12 4 
79 12 3 
86 12 4 
89 12 3 
105 12 3 
109 12 4 
115 12 3 
118 12 3 
124 12 4 
127 12 4 
136 12 3 
138 12 4 
141 12 2 
146 12 3 
150 12 4 
152 12 4 
162 12 4 
192 12 2 
198 12 2 
200 12 3 
222 12 5 
230 12 3 
237 12 3 
260 12 2 
264 12 4 
268 12 3 
277 12 5 
279 12 4 
284 12 4 
286 12 2 
300 12 3 
317 12 3 
323 12 4 
2 13 5 
8 13 5 
9 13 5 
13 13 4 
14 13 5 
15 13 5 
18 13 5 
20 13 5 
21 13 5 
23 13 5 
25 13 5 
37 13 5 
39 13 5 
41 13 5 
43 13 4 
45 13 4 
50 13 5 
51 13 4 
52 13 4 
55 13 5 
59 13 5 
67 13 5 
71 13 5 
73 13 5 
74 13 5 
76 13 5 
79 13 5 
81 13 5 
83 13 5 
84 13 4 
85 13 5 
90 13 5 
92 13 5 
101 13 5 
104 13 5 
110 13 5 
118 13 5 
131 13 5 
138 13 4 
143 13 4 
146 13 4 
150 13 5 
151 13 5 
154 13 5 
155 13 5 
158 13 5 
160 13 4 
165 13 5 
172 13 5 
176 13 5 
194 13 5 
199 13 4 
216 13 5 
230 13 5 
252 13 5 
272 13 4 
284 13 5 
289 13 5 
291 13 5 
294 13 5 
308 13 5 
324 13 5 
1 14 3 
2 14 4 
3 14 2 
4 14 5 
5 14 3 
6 14 4 
9 14 4 
13 14 4 
14 14 4 
16 14 4 
17 14 4 
18 14 5 
19 14 4 
20 14 3 
22 14 5 
23 14 4 
24 14 5 
25 14 4 
30 14 5 
34 14 3 
38 14 4 
40 14 4 
45 14 3 
46 14 5 
49 14 3 
51 14 3 
56 14 5 
58 14 4 
59 14 3 
62 14 2 
65 14 1 
67 14 4 
73 14 4 
80 14 5 
86 14 3 
95 14 5 
98 14 5 
101 14 3 
103 14 2 
106 14 4 
112 14 4 
117 14 5 
118 14 2 
123 14 3 
131 14 2 
138 14 4 
140 14 2 
152 14 5 
158 14 5 
162 14 3 
178 14 3 
182 14 3 
187 14 4 
195 14 3 
197 14 2 
201 14 5 
215 14 4 
218 14 3 
238 14 2 
264 14 2 
265 14 1 
267 14 2 
294 14 4 
300 14 4 
1 15 5 
2 15 5 
4 15 5 
5 15 4 
6 15 4 
7 15 4 
8 15 4 
11 15 3 
12 15 5 
14 15 5 
18 15 4 
19 15 5 
22 15 5 
26 15 4 
27 15 4 
28 15 4 
29 15 5 
33 15 5 
38 15 5 
42 15 5 
48 15 4 
50 15 5 
52 15 5 
64 15 5 
65 15 4 
66 15 5 
67 15 5 
71 15 5 
75 15 5 
88 15 5 
92 15 4 
97 15 4 
101 15 5 
109 15 5 
110 15 5 
111 15 5 
123 15 4 
124 15 4 
125 15 4 
126 15 5 
129 15 4 
138 15 5 
158 15 5 
159 15 5 
166 15 4 
176 15 5 
185 15 4 
194 15 5 
213 15 5 
215 15 4 
217 15 5 
238 15 4 
244 15 5 
248 15 5 
250 15 4 
264 15 5 
294 15 5 
296 15 5 
310 15 4 
2 16 4 
5 16 4 
6 16 3 
7 16 4 
8 16 5 
12 16 2 
16 16 4 
17 16 5 
18 16 4 
20 16 4 
22 16 5 
24 16 4 
29 16 4 
31 16 3 
33 16 3 
34 16 3 
40 16 5 
43 16 5 
44 16 4 
51 16 4 
54 16 5 
58 16 4 
61 16 5 
62 16 5 
66 16 4 
68 16 3 
73 16 2 
79 16 5 
80 16 5 
90 16 5 
91 16 4 
92 16 4 
104 16 4 
109 16 5 
117 16 5 
123 16 5 
132 16 3 
140 16 3 
141 16 2 
151 16 5 
152 16 4 
162 16 5 
169 16 5 
172 16 4 
173 16 4 
176 16 4 
198 16 4 
214 16 5 
228 16 5 
232 16 5 
237 16 5 
253 16 3 
269 16 3 
284 16 5 
285 16 5 
286 16 4 
299 16 5 
300 16 5 
315 16 5 
323 16 4 
1 17 3 
2 17 3 
5 17 4 
8 17 3 
9 17 3 
11 17 3 
18 17 3 
19 17 3 
20 17 3 
21 17 3 
22 17 4 
23 17 3 
26 17 4 
27 17 3 
29 17 3 
33 17 3 
34 17 3 
38 17 3 
39 17 4 
40 17 3 
42 17 3 
54 17 3 
55 17 3 
59 17 4 
61 17 3 
63 17 2 
72 17 3 
73 17 3 
75 17 2 
79 17 3 
80 17 3 
81 17 4 
84 17 3 
86 17 3 
101 17 3 
109 17 3 
110 17 4 
129 17 3 
141 17 3 
152 17 3 
153 17 3 
162 17 2 
187 17 3 
194 17 4 
200 17 3 
211 17 2 
216 17 3 
230 17 3 
235 17 2 
239 17 4 
248 17 3 
269 17 4 
284 17 3 
286 17 2 
294 17 2 
295 17 4 
1 18 5 
2 18 5 
6 18 5 
7 18 4 
8 18 5 
13 18 4 
16 18 5 
18 18 5 
19 18 4 
20 18 5 
21 18 4 
22 18 3 
30 18 4 
33 18 4 
35 18 5 
37 18 5 
38 18 3 
40 18 4 
43 18 5 
44 18 5 
49 18 3 
53 18 4 
67 18 5 
77 18 4 
79 18 5 
80 18 4 
82 18 4 
90 18 4 
91 18 5 
101 18 3 
103 18 5 
105 18 4 
115 18 3 
117 18 5 
118 18 4 
131 18 4 
138 18 3 
141 18 4 
146 18 4 
147 18 5 
150 18 5 
151 18 1 
152 18 4 
156 18 5 
161 18 5 
172 18 5 
173 18 5 
187 18 5 
200 18 4 
201 18 4 
222 18 2 
252 18 4 
264 18 4 
268 18 5 
278 18 4 
284 18 4 
285 18 5 
286 18 1 
292 18 5 
299 18 1 
1 19 4 
2 19 3 
4 19 4 
6 19 4 
8 19 4 
9 19 4 
12 19 3 
14 19 4 
15 19 3 
16 19 5 
17 19 4 
19 19 4 
24 19 4 
25 19 4 
26 19 4 
28 19 4 
33 19 3 
35 19 3 
39 19 4 
41 19 4 
49 19 4 
56 19 4 
59 19 4 
60 19 4 
61 19 4 
62 19 4 
65 19 4 
71 19 4 
76 19 4 
79 19 3 
80 19 5 
81 19 3 
84 19 3 
87 19 4 
118 19 3 
127 19 3 
138 19 3 
155 19 4 
159 19 3 
160 19 4 
164 19 4 
166 19 4 
187 19 4 
218 19 5 
231 19 3 
232 19 2 
238 19 4 
245 19 4 
283 19 3 
291 19 3 
304 19 3 
1 20 4 
3 20 5 
4 20 4 
5 20 5 
6 20 5 
7 20 3 
9 20 5 
10 20 5 
11 20 5 
13 20 4 
15 20 5 
16 20 5 
18 20 5 
19 20 4 
20 20 4 
21 20 4 
24 20 5 
25 20 5 
26 20 5 
27 20 5 
30 20 5 
33 20 2 
34 20 4 
35 20 5 
41 20 5 
43 20 4 
44 20 5 
49 20 5 
71 20 5 
72 20 5 
76 20 5 
77 20 5 
79 20 5 
91 20 5 
100 20 5 
115 20 5 
124 20 5 
138 20 5 
141 20 4 
146 20 5 
147 20 5 
165 20 3 
166 20 4 
172 20 5 
173 20 5 
194 20 5 
199 20 4 
200 20 5 
230 20 4 
232 20 5 
250 20 3 
264 20 5 
267 20 3 
277 20 5 
278 20 4 
286 20 4 
307 20 4 
325 20 5 
1 21 3 
2 21 4 
3 21 4 
5 21 3 
6 21 4 
7 21 4 
8 21 5 
9 21 4 
10 21 4 
13 21 3 
15 21 3 
17 21 4 
21 21 4 
24 21 5 
25 21 5 
28 21 4 
34 21 4 
37 21 4 
42 21 4 
45 21 4 
52 21 5 
55 21 5 
60 21 4 
65 21 3 
70 21 4 
71 21 4 
74 21 4 
78 21 4 
80 21 4 
81 21 4 
86 21 4 
90 21 4 
93 21 5 
105 21 5 
111 21 5 
127 21 3 
137 21 3 
138 21 4 
141 21 4 
142 21 4 
149 21 4 
152 21 4 
154 21 4 
162 21 5 
169 21 4 
172 21 4 
178 21 5 
199 21 5 
217 21 5 
218 21 5 
231 21 4 
264 21 5 
269 21 5 
271 21 4 
281 21 4 
284 21 4 
286 21 3 
310 21 5 
314 21 4 
2 22 3 
3 22 3 
5 22 2 
6 22 3 
8 22 4 
9 22 3 
11 22 4 
14 22 3 
15 22 3 
16 22 3 
18 22 4 
20 22 3 
21 22 4 
24 22 4 
36 22 3 
38 22 3 
40 22 4 
45 22 3 
46 22 3 
50 22 4 
52 22 4 
57 22 4 
58 22 4 
67 22 4 
78 22 4 
81 22 4 
85 22 4 
88 22 3 
93 22 3 
95 22 4 
101 22 4 
110 22 4 
111 22 4 
112 22 4 
114 22 4 
116 22 4 
118 22 4 
124 22 4 
131 22 4 
139 22 4 
149 22 3 
152 22 3 
158 22 2 
161 22 3 
166 22 3 
178 22 4 
194 22 4 
216 22 4 
217 22 4 
221 22 4 
225 22 4 
252 22 4 
265 22 4 
281 22 3 
286 22 3 
289 22 3 
294 22 3 
299 22 4 
310 22 4 
311 22 3 
1 23 4 
2 23 3 
3 23 3 
7 23 2 
8 23 4 
9 23 3 
10 23 3 
11 23 2 
12 23 1 
13 23 3 
14 23 4 
16 23 2 
17 23 4 
20 23 3 
22 23 3 
24 23 2 
25 23 3 
26 23 3 
27 23 2 
29 23 2 
30 23 3 
33 23 2 
34 23 3 
37 23 4 
39 23 1 
41 23 4 
50 23 2 
55 23 2 
56 23 2 
58 23 1 
59 23 3 
63 23 3 
66 23 1 
67 23 3 
72 23 2 
79 23 1 
80 23 4 
84 23 2 
87 23 2 
90 23 1 
109 23 2 
111 23 3 
112 23 3 
117 23 2 
118 23 2 
121 23 3 
124 23 4 
131 23 3 
138 23 2 
140 23 1 
152 23 3 
159 23 2 
164 23 1 
172 23 2 
194 23 1 
211 23 1 
217 23 2 
218 23 2 
230 23 2 
233 23 3 
239 23 1 
264 23 1 
267 23 1 
274 23 1 
286 23 2 
295 23 2 
325 23 2 
1 24 4 
2 24 3 
3 24 3 
4 24 3 
5 24 3 
8 24 4 
9 24 3 
13 24 4 
18 24 4 
19 24 4 
22 24 4 
24 24 4 
25 24 4 
26 24 4 
29 24 3 
30 24 4 
33 24 3 
36 24 4 
37 24 4 
39 24 3 
41 24 5 
45 24 5 
47 24 5 
49 24 4 
53 24 4 
56 24 5 
58 24 4 
59 24 3 
61 24 4 
66 24 4 
67 24 5 
71 24 4 
75 24 4 
77 24 3 
80 24 4 
87 24 4 
92 24 4 
98 24 4 
106 24 4 
112 24 4 
115 24 5 
131 24 4 
138 24 3 
145 24 4 
147 24 3 
150 24 3 
164 24 3 
176 24 4 
184 24 4 
187 24 4 
201 24 4 
211 24 4 
215 24 3 
219 24 5 
230 24 3 
233 24 3 
246 24 5 
264 24 4 
275 24 3 
286 24 3 
305 24 4 
1 25 3 
2 25 4 
5 25 2 
6 25 3 
7 25 2 
8 25 3 
10 25 3 
12 25 2 
13 25 3 
15 25 2 
17 25 3 
18 25 3 
20 25 2 
21 25 2 
22 25 3 
24 25 2 
25 25 3 
26 25 3 
27 25 3 
28 25 3 
39 25 2 
41 25 3 
43 25 3 
44 25 3 
48 25 2 
49 25 2 
52 25 2 
58 25 2 
59 25 2 
63 25 3 
65 25 2 
67 25 3 
72 25 3 
80 25 3 
84 25 2 
87 25 3 
90 25 3 
91 25 3 
97 25 2 
98 25 3 
101 25 2 
105 25 2 
109 25 3 
117 25 2 
118 25 2 
121 25 3 
124 25 3 
127 25 3 
131 25 2 
147 25 3 
150 25 3 
164 25 3 
171 25 3 
173 25 2 
185 25 2 
187 25 3 
194 25 2 
199 25 2 
211 25 3 
239 25 2 
251 25 2 
267 25 2 
278 25 3 
284 25 3 
286 25 2 
295 25 2 
304 25 3 
1 26 3 
2 26 3 
3 26 3 
4 26 3 
5 26 3 
7 26 4 
10 26 3 
11 26 3 
12 26 3 
13 26 3 
14 26 3 
16 26 3 
17 26 3 
26 26 3 
27 26 3 
28 26 3 
30 26 3 
33 26 3 
36 26 3 
37 26 3 
40 26 4 
44 26 4 
45 26 3 
50 26 4 
52 26 4 
63 26 2 
64 26 4 
71 26 3 
72 26 3 
73 26 3 
78 26 3 
80 26 4 
86 26 4 
101 26 4 
105 26 3 
122 26 2 
124 26 4 
125 26 4 
138 26 3 
139 26 3 
140 26 2 
144 26 3 
147 26 4 
152 26 4 
162 26 4 
173 26 2 
176 26 2 
194 26 4 
200 26 3 
235 26 2 
240 26 4 
265 26 3 
274 26 2 
278 26 3 
280 26 4 
284 26 4 
286 26 2 
300 26 3 
310 26 4 
1 27 4 
2 27 3 
3 27 3 
4 27 3 
5 27 3 
7 27 3 
9 27 3 
10 27 3 
11 27 3 
12 27 3 
15 27 4 
17 27 3 
19 27 3 
20 27 3 
21 27 3 
22 27 3 
27 27 2 
35 27 3 
37 27 3 
40 27 3 
41 27 3 
50 27 3 
52 27 3 
53 27 2 
54 27 3 
56 27 3 
58 27 3 
60 27 4 
62 27 3 
63 27 3 
64 27 3 
79 27 4 
80 27 3 
81 27 3 
85 27 2 
87 27 3 
95 27 4 
101 27 3 
105 27 4 
112 27 3 
117 27 4 
118 27 2 
119 27 3 
120 27 3 
123 27 3 
126 27 3 
146 27 3 
150 27 4 
152 27 3 
153 27 3 
161 27 2 
164 27 4 
182 27 3 
194 27 3 
200 27 3 
201 27 3 
219 27 3 
230 27 3 
231 27 4 
232 27 4 
238 27 3 
239 27 3 
284 27 4 
286 27 4 
299 27 3 
1 28 5 
2 28 3 
4 28 3 
7 28 4 
8 28 4 
9 28 4 
12 28 3 
13 28 3 
14 28 4 
16 28 5 
19 28 5 
21 28 4 
22 28 4 
24 28 5 
30 28 4 
33 28 4 
34 28 4 
37 28 5 
38 28 4 
41 28 4 
44 28 4 
45 28 4 
46 28 4 
53 28 4 
58 28 4 
59 28 3 
64 28 3 
67 28 2 
71 28 2 
75 28 4 
80 28 5 
84 28 5 
91 28 5 
95 28 2 
105 28 4 
107 28 4 
116 28 5 
118 28 2 
126 28 4 
131 28 3 
138 28 4 
150 28 5 
152 28 4 
159 28 4 
160 28 4 
164 28 4 
176 28 5 
183 28 4 
185 28 2 
199 28 4 
200 28 3 
202 28 2 
225 28 3 
230 28 2 
244 28 4 
252 28 2 
284 28 5 
286 28 4 
294 28 4 
296 28 2 
298 28 5 
304 28 4 
1 29 1 
4 29 2 
5 29 3 
8 29 1 
12 29 1 
14 29 2 
19 29 1 
24 29 1 
37 29 4 
43 29 1 
58 29 1 
66 29 1 
73 29 2 
80 29 4 
85 29 4 
98 29 1 
141 29 1 
161 29 4 
171 29 1 
228 29 1 
229 29 1 
269 29 1 
286 29 4 
299 29 2 
318 29 1 
1 30 5 
2 30 4 
3 30 3 
4 30 5 
5 30 5 
6 30 5 
8 30 5 
10 30 5 
11 30 5 
12 30 5 
13 30 5 
16 30 5 
17 30 5 
18 30 5 
23 30 5 
24 30 5 
26 30 5 
27 30 5 
28 30 5 
30 30 5 
33 30 5 
44 30 5 
55 30 5 
56 30 5 
58 30 5 
59 30 5 
64 30 5 
65 30 5 
66 30 5 
67 30 5 
71 30 5 
73 30 5 
75 30 5 
80 30 5 
83 30 5 
86 30 5 
91 30 5 
110 30 5 
111 30 5 
112 30 5 
117 30 5 
118 30 5 
120 30 5 
124 30 5 
125 30 5 
127 30 5 
129 30 5 
138 30 5 
144 30 5 
152 30 5 
158 30 5 
162 30 5 
173 30 3 
216 30 5 
217 30 4 
218 30 5 
228 30 5 
230 30 5 
232 30 3 
239 30 4 
240 30 5 
245 30 5 
248 30 5 
265 30 5 
274 30 5 
286 30 3 
294 30 5 
300 30 5 
