2.7381857473281555  3.3595790082731583  4.815723539063833  0.6996938076309788  2.7958593800030784  6.354129288453408  
4.685955206581783  2.2502264481712726  2.1755998150519797  4.093588297768151  5.3571098798999826  3.3644140259156705  
4.860330265703736  2.081497960602727  2.8505363078779817  3.2636449835445167  2.73608009282597  3.3323055617472086  
3.7761539629820606  4.243062226947726  2.933279002585815  2.2586767505397733  5.0160770852159775  4.045576914220399  
3.5985919058756615  3.55662668892297  3.274180022569314  2.361283388122953  3.892423966511579  3.631495150125189  
3.852395186353055  3.730027621360701  3.802379212269867  1.3227726809623848  3.1698078383882304  4.906915764666816  
5.119156792753868  2.894488908656633  4.023751733623164  1.0466044428726413  4.653471868281544  2.792587941518867  
5.473468997929293  2.4088558385206484  3.074778623696989  3.9031729648351603  4.768394202123967  4.870290969370612  
5.3481355542056175  2.4230534406456616  1.783521162413587  2.8116201976231228  5.137625420085556  4.279902564408876  
4.780375196731824  4.8407028241266215  3.1189571842654193  0.8341989233694989  1.4911767920518457  4.953113952594646  
0.495540579721855  4.46120904180495  4.038479718721398  2.162234592092925  1.593989717128978  5.466802358725447  
1.2433058804301256  3.4827591254377523  5.308586844153254  8.550956633721209E-18  5.000840195918033  1.1221248059382198  
3.4689707255191182  4.2401839267272  2.2071435168847113  3.2467895234108397  4.327758885900095  4.10826991032902  
4.201604665029722  2.782360464054483  3.820498532950978  2.1675392548413877  5.705068788116752  3.5493135210453484  
4.70499705057021  3.2915073358306097  3.6000317868986647E-4  5.883462026117362  4.984472568809664  1.6582033139746237  
6.353089708949664  4.270794173658996  3.697396879685418  0.8059991878777957  3.2150810430318013  5.207941664102678  
4.002863626759143  4.265834566769075  2.506990763201003  3.6838522387019785  3.2179556972644874  5.205475557095945  
2.13623441482138  4.1430918724674655  2.073658648238613  4.137914146921132  5.585055776809467  4.7624685398306825  
4.039837768764782  3.6076541132328104  4.406082188770194  2.1996158260893393  4.300843309423131  3.292805472360246  
2.3651187903422404  2.0072907898164467  2.361183527870811E-16  5.700254106115989  5.523158766227998  3.3500846453847593  
5.9700544666510496  2.171041077220461  2.8849815539484487  2.0857006152348867  5.7175622536118995  2.398870401878581  
0.99700647200985  5.203600205324207  5.3451816386460855  3.6894654751222142  2.620648323841784  2.0951256984853885  
0.8105036829702226  4.456272595156432  0.2073125698921016  2.7586462748175844  6.317403186844039  5.225924387978343  
5.3007851486225865  5.659529105825849  5.445377790731999  0.0035570866452496216  0.24161911771732375  4.136550765383181  
6.275913825323761  3.6028601502335236  1.409718003589227  4.1374265394443865  4.204138192206841  2.2383997118228063  
2.9896677486450356  3.7652736588331557  4.053192546223406  2.3742734426299372  4.327640923852417  4.084380635924413  
0.5890348895799383  3.8988877169666867  4.6202406188168705  1.4915253315825199  2.4520372284687544  4.965312013059373  
3.683217621463235  3.058620831276953  6.5654161096812285  1.99536429724102E-11  0.834687997749394  3.9628335441252367  
1.8680919850826385  2.2146358767486585  4.729952613723278  3.160146894709881  3.9484837757529223  0.7177570684471184  
2.5079864667607907  6.299133424110272  3.027855901688803  2.5437636149614873  0.34336125823875707  4.530431675854562  
1.1130496411615984  4.906949898769659  3.4872335238239818  3.918298267098365E-6  5.077922543526669  0.002693193466928874  
0.7753195268057483  3.1910415889165495  0.970992011517166  2.461316699077493  1.6009186345512425  4.296126179030272  
1.724181293351393  2.5144781540700523  4.591957557320012  1.3721012804278028  5.761348416570373  3.176107838313156  
4.45338688685614  2.005129813853293  4.69115537800654  2.803616138060861  1.0018756257582273  3.636488221924653  
2.1990928363664204  2.5105660217145562  1.1436693324784228  4.49265221710436  2.854422053575055  4.978954553882128  
3.914542411704439  1.5742119491237476  1.9459059949710014  4.6192544449226975  2.1223498718375167  5.217537753258724  
4.4343663412658945  0.5663104387551705  4.276638828519966  3.6881337341913416  4.908332043235458  5.904121587832166  
3.6690794711771497  4.350198224812166  3.988520764320209  0.11455580181997328  4.583331995130186  3.3197977234021603  
3.869357552559787  3.614422506110286  0.3812807343417699  1.7435511077665125  6.882737304846583  5.800491428997491  
1.535396321903801  4.724423537680142  3.3271664029278054  4.6432461655250625  1.6459926989509148  3.314818999464901  
1.8768502632085233  1.5571181708701483  2.847653983447137  5.427751898123444  4.340358543535226  5.606754338196417  
4.353489688655479  0.6724047896473127  5.244884236240655  3.324655109645943  3.5048286990347712  0.8565314960256901  
3.503926182510071  2.585720573079517  3.1376292257907056E-22  5.866925939269541  3.52893798155155  2.9247144576091646  
2.3997882265767663  3.0820240731583777  4.544958549498863  3.8897889029626533  1.407225272940984  4.828770280927634  
3.405738429897279  3.5563977178764645  4.889469976159454  1.201266241401901  4.811148857384684  4.518638956903625  
0.5612384922504893  6.331914991434826  3.7982070421598713  1.0512411507495478  0.3820001738636409  4.146593668643087  
2.713497816715398E-5  2.0752367121990805  3.172646144974756  5.865467235724031  3.827329671694922E-20  1.7741183504555242  
0.6577796615110522  0.029580877162610094  5.591586885975603  1.4210405545157878  1.4253659343441423  3.878131160961151  
2.5133117745786944  4.140005334458663  4.310394140419725  1.7994284989520346  2.111507800681919  3.842108400913564  
2.3639818991729324  2.1024791900869775  3.276608592823225  4.726041839017636  5.794603124306899  7.482823412279314E-9  
1.428526852126906  2.010992711257248  0.1824896661894118  5.870708701048833  3.380652664355116  0.34153301762743765  
6.9448029987462245  2.093374002931968  4.321593618202374  1.0741971223765803  4.889264447235232  1.8747228299676342  
0.4147109420156501  1.5972269282593745  3.7473035576923066  2.042527216043526  0.2910308464126735  5.631939070258984  
2.0833770701255574  5.567598120155184  2.7952777828800466  2.8467260377688213  2.7438213846729584  2.602251596009595E-6  
5.454776032048277  1.6493352682808031  3.8461278662796583  0.6954893350601861  5.509689245186039  4.531771257963938  
1.3359342709003414  6.570426007742844  0.7257615425463232  2.2128624208602345  0.3149658816008251  6.374264611183119  
3.38768920839107E-4  4.1553493964906405  4.555375144260932  3.415495682299055  1.787366459661782  1.0258234840818066  
0.3753423674244115  5.7360844505323145  6.270128301618491  1.167718822065452  0.5072136943357611  0.7378272179355579  
2.954290308022737  3.3531394117516014  1.920315709381745  0.9996510896312059  6.6718357462459075  4.690378057320172  
5.124765754578743  5.090844090988206  2.6195710076178558  9.534614250695016E-7  2.4338436040686378  2.1827566837728454  
5.072489796213286  4.279620164444216  0.14240454316442747  3.991809385232728  2.4353479753814855  3.7810521278197187  
3.184501628624464  3.3704958056811667  2.3053050118686036  3.6045239492565213  2.908186965768147E-10  3.360014754332431  
0.38656632107723155  3.488915580034346  4.040832946305909  1.721115317204995E-4  3.023069809210177  6.1101134012571645  
0.17935977455847973  4.024807152624571  6.0567808152159905  0.6037387689611885  3.4760291635886666  1.4737346505562723  
2.518988429940164  1.5309751077329081  5.610478741069495  2.1210869361059745E-10  3.164817274271779  5.239424691549874  
0.3230884021175735  4.8006173652323  4.97957625235181  1.3360147288136104  3.9032028009239865  0.5428347368325857  
0.39477079488425176  3.540086122414342  2.002217440928399  5.46983838148574  5.525245957454624  4.662261649424297  
2.594210602636057  3.68483650935682  1.6829372642570117  1.2504020094914927  5.55564499882355  0.05944865797279357  
0.9891056080768448  1.6376973007073914  1.4454060369523736  3.2171323756632635  1.593706321481149  0.9000390184366055  
4.797486301364663  2.107845415492222  2.1937896652901174  0.25554050485737323  0.4249978785626487  4.899623310390049  
4.570887908674196  2.935115559052797  2.872797817413181  5.5281810026030715  5.137169439480967  1.9025931422956708  
4.6692379687443895  3.666023766111019  0.7446056329497055  5.531576593373573  0.42127272253316017  1.424004760699468  
0.6628804377449794  4.0742237098783525  1.030338244508748  1.814457533856923  6.196127807430659  4.840273928269151  
4.924673236346443  0.028766271468955086  3.4622143415199944  4.894714189618745  5.100855464868395  0.6782111855171684  
6.481402487162241E-8  2.2291584830652855  5.789583532593783  7.505075887930364E-5  2.9323331471160565  4.38550214037725  
5.352813356746861  1.9115511678527735  0.5124070122338008  5.083782616061263  4.317138225047973  3.7117011323673186  
6.7969060842433775  0.18284267054928513  2.585559955985054E-24  5.302074510395441  2.213657472493683  2.658295959985976  
5.869122228200839  0.8334715897237512  2.4295324630503083  4.5720606462897715  2.0269040771058886E-15  1.088610799816707E-20  
3.339995203733908  4.245013242039985  7.761072500646376E-4  4.1421538702613985  5.70206116541146  4.446686544849367  
4.322751317580085  5.55346953040125  6.082296763518476  2.3569858405894757  0.01238650902592473  4.044830565907288  
4.552930232177933  1.4813658463150046  4.356331655414034  1.134127063955065  5.972757781169756  1.2760164696508651  
0.4889813724615032  2.34692255562595  2.2806669916780242  4.796887568041581  2.1147858371052233  4.480312647085956  
0.1299830369452909  2.741768024712361  3.1181587504325092  1.6616624047407162  6.813755367273316  2.9224591556207766  
1.836632605393062  2.8934789450357203  4.960809437687746  0.3472721593736708  5.536722587906538  4.669828226167066  
0.4506502733621839  1.5696145784854952E-8  2.9303639228185787  6.086865686139732  5.027692589224162  2.12716537391013  
4.366793353023677  3.331022423687798  5.576462094723275  2.0249576363391855  2.210523628093793  3.620875010034743  
0.8147713991898073  5.1242163255664055  2.3037180111187197  1.5378772722332643  0.30367756383859057  5.3292159716469065  
0.001076584619495238  0.0035059772564650623  4.112480437830486  5.793960217412216  3.4921914640944958  2.543615124357893  
0.9477020273948049  1.4124355814263876  3.813379405803712  4.83324994696251  0.5224239741372118  1.4042080741068197  
5.731439167876054  0.7344569691298976  6.327179108354676E-8  7.008902474348235  3.3450382448669105  0.5623466100532178  
3.98368675407483  3.6691716089687954  3.064875763556347  1.6507155412713486  3.462632033417683  6.666256983508452  
1.0350699779014285  4.101000441593437  2.2107609928513243  1.7996357574539419  6.186008250028457  6.759072761556592  
6.902202298732376  2.1127412970367224E-10  2.6337202526264467  1.6013800928549538  8.025867233827195E-9  2.5380297723477923  
0.9319373275510886  0.8341566174007937  1.7835477457727957  2.1277589427008876  1.3972804331149395  0.8480013890226977  
0.9551648525263777  6.893403878830715  3.207715969253354  3.1929229772621417  0.6482476309070926  0.05528821337368892  
0.43252537974449623  0.1994976249491397  2.3644046050506047  5.162260710433122  0.7175371119478325  0.9999577011066278  
3.487582987465848  0.6557177493367116  3.3231503490962484  2.1801018657452556  5.08041021108743  3.3492425727599366  
1.118773647770517  7.392118749796002  3.62528205565143E-5  3.504843328325349  0.2816919890257065  3.0143537775286227  
0.7955156708241439  0.8604956146078753  2.290471565039196  1.8609681239645404  0.7823863991323071  0.82559241916728  
2.7569002760389543  0.7824686490605834  0.20100218203051406  5.3222239121279715  0.15525471381880798  4.705671533589017  
2.728054699766664  2.1203926262357666  2.467740299587486  6.2589191725736475  5.569981009866382  0.0016713870944606733  
0.7537667336216822  1.3524149587245857  2.149542686351003  2.9371951788403248  1.0817461943359792  0.9797017093833549  
1.5621260697447323  0.6277066403849165  3.747078048882906E-9  3.920596026854327  1.5547342205281185  5.233805921433377  
1.5622867859083611  1.1377879489213467  0.06145183318648433  6.4782161380444325  4.6766489216081455  0.3252993414982365  
6.0952873581198315  3.803459928501727  3.108438122167402  1.258954556129947E-19  2.8491450624956416  3.818744702603206  
0.7147322196370136  4.375192523168818  0.8564784768120222  5.178949430775424  0.008817280439869376  1.366111953528799  
1.4622106579128489  1.6503128699918472  5.129442815962568  2.9906020650345218  4.482517348445895E-4  3.1397593130914703  
0.9881627047802305  0.8120473764716852  1.5841688135690941  3.428503941769086  0.6441879677490776  1.604655671828854  
0.20618211532345201  4.5545562380264135  5.687436053052592  3.817484271535962  2.004377990768577  7.2506124722392635E-12  
1.6164362137464623E-13  2.415094143568357  4.179737630432063  1.2364511235691011  6.918275138397101  4.543935513396517  
5.373367368801082  2.1960046813063827  6.285632196493748  0.060138815753934434  4.290971780677955  0.013952193642616129  
0.0030765672343460912  6.091396352866287  4.317238470392898  3.557624261325632  0.1305767888362096  1.433976754003806  
0.8119487952121133  1.757251830869214  2.8044840767967782  4.354315134221953  0.5427495858123368  1.034271231197305  
0.6526204126613246  0.33596901432712856  3.979599425138947  3.1531271272473615  0.7557102166110884  0.21367589192449335  
0.34100047319416366  1.402370003677316  3.0392717183758124  7.571296942402244  1.2673131758920294E-8  2.223053430332214  
1.0289801797642142  0.4056910462970752  7.615941129971181  1.6760443231478135  0.4403962339549347  2.269275201268172  
1.1420095984183767  7.3529557151470275  2.9142824654543256E-14  2.0812092341531385  1.2933206694987882  5.4668327610219345  
1.438880327004282  2.294953258135985  2.3235758260167354  3.1372608702797398  6.41749984243549  3.3390309071321025  
3.1041799916467325  2.139782182217458  1.3296517497881695  1.700216503786051  5.80574810511048  2.749962094894795  
2.235362728877515  3.8654995589149697  3.177209949503762  2.1313000614023774  5.184696955997878  1.7148359910967532  
0.6260792181840421  0.5118499166535622  2.2179286058506746  4.876162098424962  1.2088072255490683E-22  1.6545636569110986  
1.4205503356394638  1.2767225088689351  1.4387864982131617  3.0896996498552443  3.047000064550463E-4  1.1880619612172691  
0.01787344697733899  4.915569248720295  5.056564170724218  2.8403842471174596  1.5953045885539965  1.217358939338162  
0.9884175013644668  3.9673697472928113  4.706828635500039  3.719310114408836  1.7742891566651526  4.881132307435132  
0.10796862602154879  4.690010511449581  5.876159674912505  1.8531496981336057  0.9651389516897398  1.337070592635107  
1.0042919864863826  2.6227464054055942  6.477679016277413  0.6364112505921139  2.453717449422172  1.290953689277421  
2.2731595512432095  3.977517401410826  6.634779961432537  2.6018496733022357E-5  1.2367225229580798  2.10740562592879  
0.6139854894535992  0.521549997449131  3.5870941652137565  1.0797262247385682  1.8128067214797756  2.722454337016718  
2.3300245613747745  3.9814010481809365  3.54507408158491  0.9194629141302834  5.265116432357207  0.546365595222756  
0.46833661827079165  0.8261243681553269  2.73056854082347  8.01529551489661  2.3769725762527368E-7  0.4734887321031389  
1.114855703901912  3.589488008075794E-20  2.551398252870008  6.2311117977332975  4.398963977099071  2.814210121590956  
0.8213841818062603  1.8353926926464552  1.8686412504168448  3.686895953349341  0.03735564043436297  2.206617827415405  
0.752759794788197  2.153625472769101  2.1173270066406538  4.037973658299749  1.5056202602323105  2.09875431894245  
1.073234026912427  1.1759004266143698  1.3497747940971934  2.6151891116854475  0.43213119960376806  1.193175405213608  
0.6860619894681352  1.0231320842996061  2.5098111206455482  3.312336239690792  0.2109912260915005  0.8271123548070347  
0.8766433802448697  0.695431412134477  2.6958327531641983  1.0208051501303494  2.314797119034095  0.6046949369606907  
3.652107640200841  1.018870104564523  1.5573941591873888  0.01227771992374201  0.7521659386512147  3.78688172660571  
5.02489210076742  3.553091442128536  4.591098948070911  3.5176133505412737  4.26545612136045  0.8505334791723684  
0.42954382146297787  0.5642594587421539  2.8303066370807737  7.511154017793371  1.6740938692299758  2.19777195791185  
1.8978510417328287  3.2338209501544135  4.024508044501095E-5  2.4054741540826248  0.9256690395873562  3.63966258867149  
5.42045070012769  0.2200093655319124  2.579334961268582  2.0544300343683415  1.448603040685871  3.9443515077023266  
4.893058677782338  0.7513094833157415  3.2506287148263526  2.2311379861798026  0.005037018735897796  0.6680317132077781  
1.284762643598655  0.48035899954572825  0.7591544704313858  4.748561124782014  4.0954717914141625  0.8054610328364216  
0.12193281692468365  5.4378852324937945  4.51119229586814  0.09044340657759575  1.2105422652827171  1.174281569559436  
0.8870582566434609  1.9908106533826944  1.3145099714225095  4.747269852487601  3.962702870394505E-6  3.7295689074938703  
3.5779596114528145  1.2004582968475341  6.077731616490686E-6  4.9102155755244645  3.4766672829923904  4.747421816756239  
5.128066696585513  0.8950299303735987  0.5054358239639769  4.584051465708841  4.030734864335806  4.95573850092097  
5.32766446779625  1.8139983716322692  1.83193494643817E-4  4.077269187963461  1.264047922229756  0.45084206522195  
4.558238101357887  0.21334116453474636  3.866853055052641  1.533045277711203  0.2779254029987465  0.14620050550294056  
3.7853629409813516  2.002307571868763  3.8869784139607026  1.7904292659455021  6.347721061886242  5.453932197124603  
0.36394348573659213  3.7075077021200187  1.7400537725672534  4.152239847201291  5.3246962585664654  0.4843857222232519  
5.071340892405823  3.8468253148188123  3.972919805061521  2.671384911940697  4.477986057707958  2.8879934759251285  
0.7612971641236245  4.059134651440404  2.430535444241181  2.8509339543286814  2.988452673733146  2.262270865035599  
5.419610500518643  4.668249219288562E-31  1.872629770278338E-10  1.9303860383733158  6.026707658543656  1.0842283456168846E-25  
3.207891509390883  0.33126866964166307  0.08225259607857517  1.6986084290151118  6.007696747462523  4.2859863671951  
1.5592940940549893  0.05844493078388348  0.5345913092710354  4.24281525437211  2.11243879811409  6.888720158328413  
1.1250671348915742  1.563923541458103  1.0848727361055257  3.613756781746104  1.3806691064365735  1.5381236744821238  
1.79244669722079  4.90775092343375  1.745960785058986  3.307409678682236  6.613516536011046  1.943644330295227  
3.2190264563575623  2.637481728991358  5.125835891486238  2.8046451937812424  4.910655413093305  1.8441568250244176  
7.493082411354757  0.05341924952532743  1.6339769757063218  1.737295338905157  3.849065763085497  3.86569831927676  
4.812750419287351  0.12912642027036103  2.254185101130048  5.559721125209879  1.3106911425396688  5.064768185122682  
5.8253256592713925  4.738908767045423  5.382273789610984  1.1654782716016001  0.2728732623864128  1.096339876464669  
0.73313446808376  1.251392760964296  2.2195073446650007  3.362142337970876  0.7423311652704885  0.9417173954568804  
3.4019056737011817  5.036655458060945  3.321855261006609  3.331441674045693E-17  0.9161074749284916  3.9284714397130367  
0.9736348054016708  1.4634341952788548  0.7741368884934358  5.107329557471437  5.474859096619678  1.9724944347765863  
1.6174493267951973  5.403521006533635E-6  5.605323209316716  2.2462305196174364  0.6903552685225804  5.514115118673623  
0.7080442995175441  2.1627657972738916  2.2186433353577946  4.759631124714742  1.3972395208264683  1.6136224825438237  
0.8951399516458357  1.1808911842407337  2.9796473984876886  4.150965271023506  0.7214526383270767  1.712876431014706  
5.138087137275389  2.6538014403797274  1.640930032356606  4.038925784547026  1.6328914205548038E-34  8.815221388871463E-24  
0.9824209984586696  0.9027441259921825  1.7141635507633077  1.5271326405037016  0.8920645416732269  0.8488806727453457  
0.9949896229534092  2.8734773528182296  1.4682373489326355  3.245980866533677  0.5919520021599369  3.6599817285762115  
6.130101067301462  6.353806545710746E-21  1.0975961953710344E-31  6.070819352341923  3.9176411587770286  2.4553257781071256  
4.724632877710889  3.1472752859171127  1.6335865359084615E-14  2.486106774740995  1.6463095651535342  5.772772720463462  
0.9029664357554394  0.7753445722861659  1.8648781206116591  3.28371258483581  0.44327386413763575  1.2423951536099982  
0.9344836304775055  1.183923478781011  1.6922705881821403  3.919047219459487  1.903646224005933  1.4441847055597397  
0.0037475943678284755  3.1140026838262536  4.7628959371729085  2.292489400289257  6.08280858616834  5.414413714013207  
0.6692569780928325  1.1528530253444935  2.4707138070040155  4.131764880059137  0.48025575459466224  1.6498440217367067  
7.071185390194788  1.1064196270907134  2.337092636874759  3.4056314343412097  0.6412746743724491  3.4091092145708313  
0.7262684452716586  1.415927213805942  2.289696877464204  3.9158568730774075  0.005244176855316812  1.7297536912036693  
0.45151758548941723  1.4602048925535247  3.021013490885137  2.5953587076168994  0.8317118948547768  1.1137592805889769  
0.9409163335869051  1.4956639992752825  1.6493523477203371  2.256347344701959  1.2633361129889404  1.1269398562211297  
1.3087081877690037  4.35264626371543  0.5639566994996864  1.2928561366676063  1.1004194478027787  1.250725645759104  
1.2829469694554856  0.6810998844155233  4.547888714279312  8.858503417816241E-16  0.9645444130323865  2.761531404020947  
0.16228799840073818  1.5619800311358711  2.8919093828722966  4.895282148406434  5.011260651337728E-17  1.1956247388895602  
2.7809378546845065  1.891709001461568E-4  2.019914871594651  3.7461012874045663  5.56064828630464  0.6348211946666592  
1.077552133914493  0.955717750752602  1.3612306714554845  2.361268010732348  1.5911312807888867  0.9775168907125941  
2.5742776276800607  5.382307612789452  0.4387778505880454  2.8109373823692856  2.3462497442114456  5.65005783990867  
0.9704982650247533  1.1092627502028156  1.5533663547278658  4.106311951682314  0.325077544293622  1.3546303770130113  
0.47416050635142637  1.1812267562859  3.0384327482772937  3.562840364928298  1.3172756949293978  1.569237892095113  
0.9337769053011076  0.7143571669497768  1.8697034011635867  2.8246349596214473  0.49809983389556833  1.953323556359421  
1.9779571285446949  0.3876381412515648  1.3518432844003325  2.859118606520106  0.07156122010976002  4.9431019550561865  
0.49692864894687194  0.5371058291212473  3.0663658493502117  3.6630585559844855  0.6739091139993193  1.6183664184571407  
0.7306668894679219  1.917411814035798  2.2295063553118197  5.276390962158601  1.560840340316363  2.154689942216209  
4.871383570588536  2.49968450088958  2.9678345319391517  5.27333414529938  5.669716021886207  0.0861264621339864  
1.0006389334760586  3.3846424778829105  0.8449591210716013  1.324433287226016  0.6902689462805445  0.9361676796007653  
0.8697339819016191  2.0094967536305632  1.7327956452828905  4.486794319179463  0.9224356042649441  1.3063778224835931  
0.9000109331359535  1.8546055103366246  1.4927136911514383  3.04192598015858  0.4253360634746558  1.0095998590398223  
0.6117168288701783  2.468235727092388  2.323676558824325  5.086161520791616  0.0011889037204110345  2.3400343558357686  
6.235125407702998  1.8160926335468677  4.050475082492879  0.16015882481425342  4.968124208485103  1.8704268460877143  
5.35699940108638  4.433946739246179  1.3058070139612301  2.110035794951464  2.915580872385883  3.5452600977467523  
1.139113728007899  5.675363305137484  9.050649607555436E-10  4.628633095151191  0.5681511465064526  3.3517348527258806  
0.76424485409969  0.7803030077325114  2.6351731047778615  3.1269513439813945  0.24029955706266531  1.491722082034399  
1.0953162230465647  0.9030969600595627  1.3660421203048627  1.4193642285145733  0.8118498564843052  0.9476652270167505  
0.7565095990940687  1.741315522238033  2.6318377564666835  3.994385318059088  0.013836463978638157  2.3874398730443005  
1.0646082909088128  0.9746019474026704  1.4749240857411992  2.6543862834863385  0.38744310000703996  1.4381341657408924  
0.6499002267945901  1.0507686589288694  2.4956470031839966  3.0216235694008535  0.6696009276073716  1.164413002453288  
1.0025875248990588  0.8815948419262666  1.6691787930495645  2.1492376985276898  0.658822358532224  1.0204821796348167  
0.6858217072956413  0.7106668090490056  2.6949683805314835  4.501642625562475  0.02682319198447478  1.8656593467423563  
0.8597988533569932  1.0517901949847839  2.0091316699944683  2.6955259320124694  0.3846699929725469  1.3137135592098554  
0.9409844618386569  1.2841671306956097  1.8958388200178469  4.386723356675403  0.5186899617439424  1.905650452478791  
0.16342441805270466  3.29529987319702  3.016624622280718  3.4285754294909503  0.013160151519092333  1.834570554321769  
0.3835989511777872  1.118032698381289  2.811783157362968  8.283723384701846  2.59735880909494E-4  1.108458079302372  
3.965471898378621E-4  0.3145743722757828  4.97049956003673  3.8292480480149367  2.9404924306567377  0.47570101547177013  
0.4279985406177275  5.72684135698903  2.189526830721457  3.943976273857422  1.2189238682282348  0.5047366876742962  
1.3342939758830097  3.1367643342722475  1.4231339481505314  3.4258441867957283  4.043975575653607  2.4350873552280308  
0.11452573395878263  3.0512385780439377  2.896954118241834  2.847807966837662  6.931475557083379  1.6045547016319386  
5.524820528504606  1.4055625374851968  6.745015292543673  0.8423576508211662  2.2305145799025494  6.294105145856716E-19  
5.7892831778452  4.382381402728656  3.550873398411521  4.872068612016798E-28  2.8367543632037724  4.028926725063328  
5.551708380237471E-5  5.634165267413433  1.5325772937940068  2.9152018945263367  0.0030534742563806793  5.464869081021331  
0.5574923734810049  3.294458148964217  2.3554761213607507  0.2332035182680931  1.293449938714619  1.013878186648431  
0.6208265419238054  0.8184044588679302  3.577022517503614  5.258471242989842  2.3786509393346994E-6  0.024885798044296463  
0.9093921407680227  0.42110530472444835  3.4905997600972682  3.350646591896513  5.06041859399205  0.1896795163593335  
0.9172777169854517  1.1906960526597385  1.8134546827219225  2.729302914719283  0.3337656865578197  1.5350105217603702  
0.4505552980727082  1.7687412846138189  3.0329006617718637  3.9634197152686  1.2675027644255985  1.7310933894421634  
0.7475239535651738  0.4040945140631854  5.451864159617746  2.794479934007538  0.34198448404819864  0.40128732109935655  
0.8933740448773931  1.7546131423294218  1.6656298976877715  3.9287508422669424  0.31212417957243943  0.9945214815452  
1.0018534954689713  0.8295936295533819  1.6695403049463942  1.9084928431996568  0.8180354399696423  0.8342906184687505  
0.3803338504986057  8.1788718912005  2.0033774301766645  1.130912101249335  0.9660928723809069  0.8782384481660196  
0.6324469805044256  0.7481344641032704  2.736461454037809  4.217479993118521  1.9514353685730083E-14  1.1391545253335496  
0.5106805856816191  3.412183711871289  1.1866046370836674  2.467922977396862  6.508224039617698  5.26969535314787  
6.234296892609354  2.9807370123711854  0.6786168617731011  2.5691902033062144  3.24343044412416  0.7659221752779185  
2.3936812583583196  5.884780585967568  0.05937626675792236  4.082308566154228  1.1555634501469585E-6  1.5704041307848304  
1.3498617749953024  0.5550904016409357  0.6998619856256857  3.3806572403664394  6.681664942031366E-12  5.413117095653574  
0.619976064515689  1.4786929317035082  2.583705499168868  3.2735844915511234  0.20707465058714944  0.9993289627873035  
2.4552638837850043  1.3974525946752432  2.002579527718636  3.856591298777533  2.0797320181509944  0.980003472927419  
0.7104562988771609  0.4372837448718205  2.166579179012971  3.8073605889787956  0.6439380499390274  2.9510163064550703  
0.42225625216266877  2.885339797452236  4.865852131595342  3.858634916516607  2.782507923535763E-16  3.1233640329542056  
1.4869379523361606  3.5461474411391176  4.724809504982842  5.2424719024320656E-11  2.7772961910631135  2.9123186476880982  
1.0050004281497438  5.467422227660543  2.6999643279403966  2.0444546134419833E-9  3.118542668363834  0.9620534287176811  
0.23186316083831063  4.411527996588292  6.045371520354766  1.8559189261342615  1.1484271306183373  1.6986527698036193  
1.0554478241296816  0.9437063471338241  1.4677857379555221  1.3354440026756842  0.8418265185902453  0.9141207441214173  
0.9984180582498405  0.8998042976819898  1.6248962445954034  2.2472976540257545  0.9593524301344821  0.7403627401054204  
0.774817248462864  1.353753136229048  2.7881731720922547  4.686526952269489  1.5601857252895852  2.0454447701751466  
1.341324849215683  1.220326962015473E-6  6.619197970336209  0.41252095538245764  2.3544501237091446  0.6860604802668271  
0.6709667938058299  4.608029138573532  4.14745143584362  1.0448331808226723  1.1967669187298273  5.176594491393265  
1.0640269233233072E-6  0.8762686258601549  4.1580420754871845  5.217507996280879  1.363282951982941E-7  3.7272386605830388  
0.9847493140470621  0.8465578593217646  1.6426614069845051  1.3859385508695043  1.1087838531454577  0.8707155935065297  
2.9051894234753163E-4  2.9288823739438015  5.98770177589864  1.9360428102509656E-13  4.06240512440736  0.7698914130041504  
0.4015760156103572  1.7642178712799756  3.1703963637849766  3.628337508845945  1.3161713822155088  1.580140904132969  
0.176476617699112  7.249308511847343E-5  4.114229623996215  5.996952411525467  1.0919040539870686  0.17099556400535634  
3.9024106783997667  1.0846109990889033E-12  1.9257993821402337  3.0809881946898505  0.6324399963941596  2.9643132046206633  
1.1495953242777526  3.752849447665822E-21  1.4532871730751986  6.203421654512952  4.776476623836763  2.1690144584555098  
0.5674750876513318  1.82572652404223  2.5887197369247494  3.561441502394509  0.7321822543737991  0.7741647014800175  
0.7138170138397215  1.8098531541037397  2.1799379045837632  2.9697461951243773  0.674496087287786  0.848851436354199  
0.07928149621568943  5.971581717786331  3.410781561529597  0.2843342246551812  2.5307351036396284  0.9408633588936341  
0.9367679205217869  1.7855207799382773  1.6020983322925464  2.2536529606806197  1.293570002884092  0.7544745074534194  
3.3903515667749704  1.3767739339549454  0.1615915363547223  4.445062508132783  4.653456657480166  0.44859779072535994  
0.7821717680255603  1.7773600827004687  2.4286472596662874  4.556519181396425  0.8515629584556519  1.2372444704327559  
0.9347371145716411  0.7808156392796315  2.2314942344439657  4.605955429387486  0.15282668300016913  2.299880946454685  
1.0330757074167671  0.8173119307743356  1.8482353487716403  1.538305594397904  1.2334093825343004  1.1325707963437524  
0.8730784094603057  1.11859177254298  2.23084051975427  3.934689281882587  0.9297049491192217  2.0762964073555237  
0.7241060483154269  1.7213899168339775  3.0620131806568667  5.235078126317494  0.6374654076371937  2.448189830709787  
0.5943439021238938  2.315958043215981  1.646106283928747  1.6714138527766582  1.8828418457125706  4.716207727599006  
6.322641254797198  0.2820509872634089  4.220483211034274  4.814637038221739  2.9450259734861812  1.3411952884780016  
9.052429079854655E-12  1.526770869850216  6.586972817998826  2.062388335816382  2.606288661724945  3.5335377316637113  
0.2199041750449812  2.3389921045851687  3.1142040296375684  3.5638136884758653  1.5307663914385938  2.8777594967121183  
0.8283304432154946  2.140856328364241  1.398437078640974  4.136826197203713  0.6230790810713864  1.4129859192624001  
1.1550616073075857  2.427046553181979E-13  2.674461427433327  1.147223483905267  2.508674818278182  6.39029689459807  
6.8283730819898105  2.8310997584471465  3.4390326269117124  1.441814950549788  1.618740465801819  0.5346565638304638  
0.7243178684099221  1.183352542797609  2.2613041839451435  2.9019583249378624  1.4758164429752527  0.7443337789972981  
4.738822006959857  1.3643524942599643  3.7263869001002177  1.2370620235424994  0.34998771743985707  1.0641048561856772  
0.8087615478321668  1.1448296225646541  1.9715838718963907  5.158313791008494  4.00528242080282  0.32111872520030765  
1.0470133288010668  1.9012796832871621  1.2465266313486763  3.8108307725379427  0.051956740729122174  2.034612734192527  
0.001099958175335784  5.027791582768665  3.5366358973188925  2.164900822690812E-11  1.7692420000682012  1.2875989927205143  
0.6503111603060425  1.8229864512748015  1.758093297038386  3.500671279315402  1.469725584873086E-7  1.0713601713711796  
1.604843047681689  1.212324656070283  2.059359692346766  4.8298123257782155  0.2650515714271127  3.213180286532202  
2.703061692542608  2.424192935136065  3.824801877384106  6.6338177861918295  2.303241233193325  0.43727809424592445  
4.412195851225144  2.0777681581884164  9.172431016485657E-13  6.545954291483212  8.117674303857913E-9  2.489083671543872  
0.43335581094333187  1.9312971922132365  2.784047248853024  2.14268917620824  3.849058220109057  2.507698565275939  
5.2536182848262225  3.2220701209536076  1.0067576099105562  4.305524368154039  1.4856613085887115E-6  0.19260097758573427  
4.817742484098182  0.9614296876431483  3.5786693207999796  3.130601393122739  1.3029483617443731E-5  1.0572403259388312  
0.74756099980952  1.2298659836350134  3.0392173917696415  4.520973740900851  0.3445410114196805  1.5584030174508492  
1.2326725539763053  1.5644485106333956  3.0544344431831085  1.2835474101065598  0.5247811229981814  4.618519386968159  
5.061808430879195  3.034645245080592  4.3680706115146535  3.663788733888933  4.767683908811329  2.6516562475935577  
1.2415659358502125  3.3444477032678277  0.040731638376156926  4.588214863185436  2.8362207604730264E-19  5.897410069052602  
2.298081001973279  3.5693369124478997  5.620739790385815  1.3222252445982263  0.2227451234374431  2.72226617242515  
2.660037427183443  0.2465408476445243  0.9683657100713678  2.115964734563653  3.789403811408727  0.06022220095803132  
2.7189149279580396  1.1252168564279064  0.5141083507939516  4.202508537636553  5.478192873372355  0.4903102405392162  
1.281919228306373  4.172294436173251E-9  0.9498481977531775  4.630336958872579  5.529024130071561  0.04697432664891479  
6.729025403575139  1.252842041436209  1.6941302505905913  0.5852464634040806  1.6008078685360605  2.2349591910189193  
3.553193039341436  1.3761907557227806  0.061804609392920956  2.841458080304714  6.080279898120058  2.1366140181087774  
1.6232085370053453  3.800555794915289E-9  9.95339993974149E-12  1.6812207972554039  1.9477183885784293  7.764357952693308  
0.9234807373088278  1.3560697188933408  1.669819554167066  2.915601724858059  0.5619320765231038  1.0531749716802934  
4.086325326705916  3.9690801194920855  3.969535453375313  0.13243361616826815  6.499851034497122  0.774893511318132  
0.17698846878981045  5.04465923786579  4.028752931554352  1.658616434851331  2.9113479617237616  1.2900508831222774  
1.3784381663736942  2.499538049413849E-7  2.3732710818468727  5.0342541586821605  6.383398914010279  1.3873221382572412  
5.152292851831467  0.3428532857404203  2.188487565789988E-12  3.1429923705567075  1.4330149902518268  3.4698685231959545  
1.4555051203809954  0.49295561592923415  6.524734082920743  1.3740370244949986  0.3314895601901816  3.3896988335742964  
3.3333225806004205  4.9392754003115416  3.427563889500158  2.324380912118266  0.3050743272723087  8.321456977790876E-26  
0.36463133522040464  6.915155597290821  3.0284046293937386  1.9543097418284725  0.7461464773570184  0.4475213613070163  
0.6406927483289429  1.0956127602271548  2.62628688874459  2.898025307913602  0.36730008928726643  1.173928897409332  
0.522492821017604  2.5728031817103565  2.7262699663854706  4.791896984991502  1.5637483218604769  1.964767174493268  
0.6864462731911355  1.1380819445637205  2.687912121628245  2.933108757091224  0.8331405833108474  1.2835939852289802  
2.1157790165881702  0.5933559773200869  4.209683894101493  0.7591685190164066  0.334973001053897  4.519475294250719  
0.5643270910890449  2.6132145737486647  1.8755071664200267  4.708705837755469  0.31623913297910067  2.3097854256783785  
0.37470571682032355  2.1660080111874653  3.175375146224669  2.972888645801439  1.03159672160845  1.6020384512592993  
0.939758741537455  1.2393674624609472  3.066615896042654  5.075270574232248  1.292226750804268  1.7919212350520886  
1.4843908155803032  0.5532313408948363  0.33790905928486153  4.637088291426634  5.517343127123763  0.42668311670240466  
0.7232579398579256  2.435568409281025  3.3163250440662613  4.934437571143047  1.0532158977866033  2.7257365518264103  
6.452203486506856  0.39912857253796574  3.9463893038846436  5.000996311637885  2.640585459358664  1.869006248019287E-15  
0.6637598157576469  2.1276992601097855  2.8243301458660692  4.229570951746566  1.2790732965479041  2.404024632158329  
0.8886630492772776  0.9024081897830062  1.50165484653202  2.6306484183283856  1.3838418878845395  2.7468288910050265  
0.9687562570206367  0.7379858511148597  1.6733421298037614  3.256154948357544  0.5497243303119005  2.0271662798292334  
5.117937602104944  1.499509689418166  2.6283839426253173  2.499394016164652  1.0631572402268936  0.9770849273270065  
0.9547779046603306  3.580301696770759  1.0848552425320077  6.065375243699794  1.3836326563567347E-4  1.075040593281694  
0.7191715947799462  1.5102214737331463  3.14666359395938  5.062432948985749  0.0658662062892377  2.238392907682327  
0.5735254934363312  0.907657152545869  3.0110229290878916  3.1653668231737098  2.203616140160415  1.2669261647264933  
0.7863038194361464  2.444391443069394  1.9735986107850323  1.3190497747730352  1.2081045629170786  1.2674302329934717  
0.7833213289353392  0.8405067541127165  2.2601877575195854  1.950754235207177  1.1253752241876507  0.7651488903724458  
0.8895673242163646  0.9291449203892738  2.9633561553847065  4.110150459707646  1.0421663044026812  1.4259432042659235  
0.48022740417656745  0.896409283556867  2.676050526370991  3.463647011208831  0.8788301612449175  2.3783291664608233  
0.9619478815113537  0.6879032139551613  1.691119333198475  3.454844289679044  1.1937744705274576  1.7306454692936462  
0.006254670613690677  2.2418987572807145  4.846429898901648  5.440066530323735  1.2752221344695442  0.2843248061048048  
2.0970555297993414  0.7474353236921193  0.6634539941999297  3.930754186351927  6.281363424441436  5.649619534388764E-6  
1.5605489120902922  1.7433532581313713  1.7201285831458601  5.765924466000821  0.5440460873043305  1.8657993207648953  
