4.103509106068923  5.183875618148399  2.1461185275528587  1.8816631595561115  3.4484370324091844  4.1374368041374225  
2.7847436418583817  3.8506120074448478  1.6895089903965033  3.375950617008092  4.809155073174431  4.229837806996849  
1.459959469932776  2.4386539404318146  4.200510789194873  5.046070081883306  1.6839809853472465  2.835313005634389  
3.4098014494191395  4.953427780128826  2.2611299394171707  2.2014962356099086  4.500816796255112  4.588864118119775  
2.2408390626438566  2.9058465112137193  2.2895717223007708  4.131678349313592  1.6385203418445409  5.274455267885042  
4.880308751295541  4.878151791773586  2.026324886599122  3.44789006211488  0.6048938385384981  3.2693055980516346  
4.1591186660024375  2.6065307461706797  1.5955757154926478  3.2079276920682833  3.360263174150657  4.899321760484228  
3.5134536368563776  4.294848278192523  2.315760867187455  4.048661590364187  5.232901630534573  3.852048568650878  
4.215478968129582  4.121935409239215  6.5204584326739506E-37  3.2607461403584486  4.847207952464356  4.466444101973832  
4.404600832459406  5.409799293416156  1.4067393158653962  3.569979570418367  0.8259551215076937  3.5231505960001557  
1.0091049963625256  4.990747562826946  4.145018952272227  2.3760906607217684  0.47716085122245927  5.698237484842141  
5.230054177696705  0.3803565953339919  8.407846215106243E-4  4.840326123310403  1.4714600693500093  4.445526067936343  
2.8429079776576534  4.522945675264278  2.5656947212244665  2.7385437197353912  4.160626876438065  4.723721348856894  
4.393562381429195  4.385526438374632  1.3239429300035017  2.3883326168861108  4.404927352147899  4.601311393502846  
5.559789944877029E-14  2.1237346617361808  2.1965793260225346  4.899257037120172  5.091475763294315  5.8324404196915385  
5.329425521846126  4.225127179697294  2.0356619241913854  4.8784994732332585  3.0347147339947047  3.0615932253260016  
3.8752291877777387  4.274062214562931  3.8948010747982185  1.4343783735693032  5.5012480543719615  4.094512156125649  
3.159485522647516  5.525860616102702  2.050237020835595  3.133775715339878  4.8044364372624955  4.434165843240807  
5.552349747122562  4.316909562920743  2.073601009955441E-12  2.4030072127507363  5.223456494162999  3.630877825293176  
8.643769581648973E-4  3.2934027696779866  1.6214133092081338  4.12518056833535  5.573675001617036  4.161489681230856  
4.040076642808378  4.4800516678500975  1.2295129037883303  2.655961224681623  5.1955167785636736  3.263854226377661  
3.795226231716531  5.061777535884307  4.410542922428575  0.8413512703292774  2.647418181005155  5.112225949659436  
4.487472755911585  4.355168623105115  3.6451971186391456  1.1941336790333665E-7  4.690217189775744  4.261123008645337  
5.86204423234188  4.848686738900187  2.1162667981239025  3.5553382784300185  1.7951334885146537  3.3460365614819505  
4.695267940905777  4.484124801606709  0.29796425612899435  5.040581813461816  4.293771627822003  2.368718222473623  
1.9049112489451143  3.8935087939999122  3.1382868114062195  3.6741139988651064  2.480990897852605  5.85171192930121  
3.4862360669509886  4.733296100944095  1.7400180788127175  2.6876691364347445  0.6055021271479741  4.848543124912207  
4.206274527716545  2.661047627783063  2.0473337762715724  3.416320647861431  0.18406876812916545  4.571228092271938  
4.464927890588128  2.6908263699322235  2.5128618388815807  2.2365251412654343  1.7418096498312088  4.463818749829074  
3.5808086299315316  5.638611481907577  1.895547964761779  2.033720139527114  2.582756262655641  4.965559624104929  
6.774179333815033  0.2647941654785159  2.3607355565589616  3.8674844313103662  0.020000485993181955  3.1852541151193687  
3.0180770138779542  1.7389332775245576  5.157597452170995  1.2399097572178297  0.38301817217242695  1.0112233512058393  
5.625391399633463  2.1067971671509635  1.43463539899189  3.1273654934960127  3.5634975961112856  3.1862171942723743  
4.347799937565697  4.029338836018661  4.1737951698952145  4.319937860684067  1.4334839833324722  0.16358180062625652  
0.609669959080788  1.1014410401980603  1.1411554340657328  6.934966041747674  3.5450404462865497  4.151521280747362  
0.39675338022284623  3.5119622591092177  4.298021282169705  6.168095655612857  0.3090953965971195  2.578531114495575  
4.249323822637851  6.101616411170003  3.6282757737810116  1.554603276010692  4.768486987408371  4.229640537945905  
5.093391318947049  4.295314445910251  2.423834957263025  2.3031018500684133  1.840620178353392  3.374501966552636  
5.596979325452344  1.4948644123853516  5.883602390381526E-4  6.248489685667933  4.893904533687526  1.28827837727629  
1.7769550653109798  4.641033820942702  5.4679815790284305  2.6363582523878275  2.1036957804359897  2.7547347272596756  
2.7589963825311385  6.73481856651716  2.400411752111725  2.6090601642035214  4.914250524961652  2.0358913416772593  
5.040933479973736  1.825714624737408E-15  3.0178602307604643  2.6631103773975626  2.24471301229351  3.6552293659200323  
0.7327714430685133  0.3127149308256248  3.377065925784781  6.740822968061251  3.873184123888367  3.0743128031798985  
5.057601974607267  1.7610566249771655  1.4670113479735971  6.480815324877798  1.3614473812944576  3.8797788665462667  
4.047884773873512  4.414765658186465  1.3988741203435986  3.935474698477919  3.4834680839788663  5.403908835299519  
3.4431299121667553  6.686806275216982  2.8658590149031093  6.953936579315973E-23  0.23019216901089057  1.1816528346947934  
9.88949698103303E-5  7.061196223342514  1.172346182346999  1.6535086350388273  0.6658204977883313  1.1738609496353622  
1.992593839788177  2.467606163113045  3.5020938016843997  0.2110905679369823  2.0748897877621846  5.680979620295845  
2.9717584101601577  3.4683280670732266  2.003447100581541  2.9941649981766174  2.5079429909076065  5.995148856507051  
3.073271588005136  5.0025731571129747E-20  3.635673565641452  2.541825778428763  5.046859820187963  5.255238648598478  
3.100920650900045E-15  3.326675446281985  3.9486819706404996  1.0189548119463084E-28  4.338403666751379  2.7509837951875564  
5.138955344563644  3.26045698829729  1.0684468226550476  3.994740762287681  4.2574735141377  3.2844323598327945  
3.5854318751456447  5.864903952775088  0.19788469399245914  2.592024591650093  0.9442289356675697  3.3623864476816886E-5  
3.2481227343936743  0.8095564162147603  4.726296141967586  3.101646021978851  2.373046917680092  2.8981974348153114  
5.19145381593368  2.3626782251002223  1.4688126815384646  3.7473401454745283  4.733033809687436  2.489732060398952  
5.15121094614607  6.461460152862601  7.285146084992763E-28  3.768105165321862  2.6018737112816936E-36  2.7939359024532533  
3.9503343897744903  2.5419861992413195  5.9058733930643506  2.2827740791511858E-4  1.1530234468006175  0.7156049953090908  
4.732229758839127  4.147268978244231  3.498501574203374  1.5649896996633454  1.1876441893693002E-30  3.800388358061295  
3.994039194063305  2.6084099762959227  0.903783786810337  3.813506631404616  4.21457638727479  4.805612578787857  
3.624326900421309  1.0103733153860837  4.326040469037725  4.8767956151403205  0.04437710252144371  3.005574124864776  
0.5757256970280852  2.865551994331544  3.3840115479447133  5.888309071519706  0.616234485725685  4.772567727234237  
2.044138205871038  2.0111268353905625  6.550929403573449  1.9021246709214088  0.2893337657349671  2.2167459906505416  
1.6169170033798888  6.788869546690668  2.1823050274284546  2.322069062870024  1.2269353050106592E-16  4.9475057562419416  
4.319366693256197  1.0803793167540368  3.879085358672096  0.9217117682070526  0.5888078082773276  5.781827551165445  
2.600377369008653  0.5230550490068879  3.850539256175332  3.3457057033037625  0.04960323531899784  6.055855856625404  
4.367484157775493  3.0049004536319677  1.6058699484744108  3.8680363177810677  5.431839090893845E-10  4.778208571271478  
1.2174990445184102  4.660522693567054  2.2779086159406505  3.610552393584972  4.874109328862373  6.690054337696955  
4.897531297693141  0.08195784566533987  1.5044117637038028  5.713806979570299  1.8579322828426046  2.6097235706959236  
1.2463119228177904  0.8584778305298942  2.9200984534073897  2.0772494438133964  0.7167964931775286  1.614453675882442  
5.164084465935078  1.0028076080773909  4.390854737818143  2.1025825619857668  0.2940223303008491  0.3106250978429828  
1.918514659626432  3.1638802360612863  1.9805998519860781  4.643255061602218  5.449268591596619  5.789324263087755  
0.31610024260086717  2.7084157993643805  2.7719862267422384  7.172605308501899  1.9396298775029126  0.3680776706742786  
6.734216548820155  4.656199875327362  2.1191535889103674  0.8952633921633358  4.662625625987409  1.6370506190248455  
2.6494593193296287  5.489870082210794E-24  2.447038014989837  3.3864661209962352  5.277594251975625  4.680415786890455  
4.546231918703818  5.045077005428065  0.3924354871455468  1.1859328544088452  1.205125397470033  4.801893092185792  
0.4272465284743597  1.5944080731907018  3.7002757328168707  7.207140033925236  4.543809329159288  0.0299641810260222  
0.5331377525081868  1.96698632628319  3.741167619355774E-8  6.180270785992982  3.6798324375167755  3.2077120578749403  
2.211723593027906  3.225928839554209  3.756769617358638  4.3887154819309835  4.707915045764875  1.2222491669379302E-13  
1.04692792305178  2.484621478005193  2.4858338128641058  5.112689671640823  4.723858838226819  5.091727632549579  
4.633377806867326  6.020284985559789  4.49690789998952  0.709560086453986  5.111120951634491  3.8254496406307985  
3.1408537305857327  7.48278524298632E-8  4.4251836475557615  1.9981557681303088  5.300360302313297  4.082262946747668  
1.3757138430778495  2.79301614726721  4.338992226637235  4.769602119715384  0.3885728674922039  0.5669146713332377  
5.222833321737271  1.0887144115761382  2.5319130703898987  1.7635526599866593  5.171915965379971  3.8684377857846597  
7.418922226599817  2.033527082339946  0.31699601991036697  3.629877327468518  4.37505014033431  8.378315023040416E-5  
7.906855523052625E-4  1.5524461659754323  5.211174324848606  3.8156478762435714E-33  5.712703571062363  4.144036215537219  
3.911791843913369  2.876925462058815  2.5346331487410305  5.029799621144606  0.5094251874215945  4.505944237148543  
1.8108312602800254  4.397447621775848  4.064208808612787  3.9454067222867866  0.19319405623550673  0.8912705779704985  
3.881423764539083  1.0229670870098101E-13  1.56988307598924  1.8027391773472705  5.865111473200047  4.65392269775792  
1.1987140227460966  0.5761704817457701  2.6431111736706554  1.2385696292932873  0.6211576329446815  4.192930074956034  
0.8727551421824083  4.309861019600452E-9  3.8831332488819843  5.072534175311082  4.963024331719789  3.1407543601108943  
5.496629099006295  4.993792542124488  2.55058678368235  4.26167797847619  4.10585518299893  2.9696077300734713  
3.471188262195278  5.3027031740713255  1.147803237931211  3.585060659575529  4.678400947526279  5.063327524488437  
5.190983401958862  1.5821212514304277  2.308673904002892  4.983602962856672  2.513503212285139  2.239191531057893E-4  
2.1265075786546137  0.8243832626153043  2.3995636313897792  1.2443163479842008  1.0874319593297361  1.1431227249128653  
0.1812766925180374  6.495165632448067  6.127509276723806  8.219527481391595E-5  0.13693393043058139  3.7220602661516615  
2.286273603642129  1.441087414934573  3.5313577678245074  1.54841479364908  4.9136968340411356  0.9345172428384714  
1.3049666206085242  0.1171118937543497  2.157511384324282  3.4451488368196777  3.3105455895232376  6.617204692899911  
3.9598529091908805  6.617570745702526  2.718636817692743  0.6768000842181776  2.9087478438658865  7.426425080161987E-15  
1.2442906016987347  1.58662141656154  3.758339873956543  1.9272043858668837  0.9023736812283328  1.6416182153414198  
0.37253778164372736  2.435642874301778  1.5079357106400652E-7  6.1919989500598644  1.0015195105009136  2.5595656657261685  
3.2727355895614343  2.4144549025169084  2.5473004161632358  1.9451282807414683  5.5752798932439624  5.108969721671505  
1.9995317372901722  1.425300254428754  3.4406688423231446  1.9152011628674062  1.0995838446567918  1.385841844258149  
0.1594460708254129  2.805089982867467  1.3610637184195478  6.688210903227892  0.9834258652191292  0.8637389995529539  
0.949320824524635  0.7726856734038869  4.1397274096227905  1.1019255228708924  5.669413467808913  2.366914155123722  
5.3956077640219915  2.551619196853436  0.0017222539818681174  5.144664687244426  2.0612626983471762  3.6340404762098677  
0.22773607239972277  5.830517653757495  1.593906974198228  1.0704225307931976  1.0098851426986084  1.1250935449535664  
5.327144655156604  2.6307080835852115  3.1191929488274517  1.7327344472866262  1.5971722798683698  0.006744774709819717  
1.056350054614131  1.0352553133015288  2.1641189643582055  0.8770127262272537  0.950384392862092  1.0641117744414308  
4.544929662585558  3.3519566310050126E-5  6.463631992928388  1.1245694352284201  0.6670396913309025  3.307149451869159  
4.329811263728387  1.6309107622279764  4.522010411896621  1.7203779226872356  4.801579850169479  4.500562768365821  
6.049910661448928  2.0387000082456397  1.4875527624220721  1.8143468931244295  5.598219958024447  3.12605442421801  
3.8585038113224432  5.059522354610862  1.9772545069940364  2.2088908642474705E-11  3.1646111281884983  4.64476652369454  
2.3260701424805115  1.1333469581609137  2.535152697257066  2.209025648936408  0.6647522060502815  1.38258347866157  
0.530201656627351  2.0290444109534116  5.965701751519114  1.3152483034092038E-10  2.568800089554993  1.1226760872371506  
6.272777675380446E-29  6.156103474880857  0.5698195960356308  1.5917848933509393  0.17251354064925203  5.668853329157194  
6.64784291405578  2.761522933482298  3.3407255540549636  1.12289170676535E-39  2.6899399468084986  1.8529794728641047E-22  
1.8554890481872128  5.792225520088946  2.2775742564913104  3.0576598388897516  8.742063012647289E-9  6.428368739258729  
3.477719888829226  1.4674647182935208  1.6176077915695664  3.0549624967593356  5.168238445567727  4.5385563246805924  
1.614176095711436  1.768489897046996E-4  0.8958515085062035  4.600007452099876  2.237420353080069  5.531369215708706  
4.171932691718863  6.406427131970652E-7  1.318483232575043  4.531044425576114  1.3447594081146812  4.882280298627078  
0.8999778506601799  3.922278043182528  5.4454440791197944  0.4275953493453543  1.6268611799684334  0.1905973237000909  
2.091145812771382  1.7563857579951787  2.3341725352751137  1.5575557531616242  0.7180275791128159  1.5175882295188245  
3.286603837241801  2.9690227553920945  5.924577336725479  2.9144225128873407E-11  0.20969502549908373  3.6419254530084535  
3.0522791763345873  5.576235420109253  3.0038004400783738  3.032850470432253  2.612998862738573  4.285858141790185  
4.969111624574297  4.915231043239135E-11  2.316577390175534  2.980921750878684  0.21824886466728907  3.998313344670795  
6.188574961292158  1.3151416134367597  2.7090470252346095  0.253869986507016  0.33961984420985386  3.605595563120508  
3.146513489368782  0.6908266202502772  4.069312897597048  2.783993963905963  0.07771772901223585  5.283698296355737  
0.6159935075913713  1.9388935989808007  2.552034776806624  0.37230631685086485  0.7327211642083715  4.451209367240179  
4.261194013698242  6.705420277875121E-5  0.8972398453267725  4.980309997205055  1.3563604856732288  4.371328119817726  
1.679056732024667  0.7999849451283958  5.7482089246992585  1.0221927936452633  5.978765302386934  1.001909510333715E-21  
2.0324088772292783  3.834825252939192  1.5466334647402502  2.713344917564992  5.718295762623923  3.449179260659108E-20  
1.0525633741282217  0.8359286111263003  3.607638829809786  0.9517215270645009  0.7483169374735146  1.5884837592054848  
2.408476438511917  1.3784020280414642  2.895119183029915  2.08218448496612  0.9040173095706941  1.027981259708714  
2.279640005777522  0.8712160168857911  2.211555283307354  1.7004502831901516  0.8495131253239453  1.3891228012886094  
2.3543558234740667  0.6596582458696393  2.9910826862424815  2.1371108149900433  1.267724402909181  1.3358076477451413  
1.2749018296163377  0.4110704769782075  2.9305262574770548  2.1624313003615665  1.0003268237145382  3.5108767078805476  
2.4613226922747673  1.610156119579118  3.5036156606911857  2.6349623760750664  1.4983360988275067  0.3481451806763295  
4.317242823282157  3.2198380875404973  0.00987810938159641  3.889056433329335  4.193015266911401  5.056028477229292  
2.850419067115934  0.4247384282194038  4.718073912260013  1.7827420885257104  5.944469789305326  0.15258939918912584  
2.1652797211519315  2.3723200769920467  3.5693663943781537  3.856517161871536  0.32810789874900714  0.9907740425401004  
3.009894883181452  1.6942112263330493  1.5673767254695852  6.0016931412708265  1.4613357657658927  0.30343961923708423  
4.7823615640708566  0.40862372960883914  2.146176944100596  2.802687579663542  1.2982522691027563  0.7522595923593383  
1.7688184514954397  0.5396616743110428  2.556507012029314  1.9863507385922554  4.528910823765309  0.9145246578912954  
5.837294915545721  0.8938160540480767  1.5038819019972787  1.9089790154231732  0.24693782479402343  3.5979471717261764  
0.6885933032637028  5.550326379097615  1.1137937637456998  1.949505188163679  0.7984628983167102  0.30881715219047307  
1.482519181818936  1.0309994651461494  0.9091309822449857  7.2979882233435625  3.7859817419004576  1.9915509408143466  
3.055107368413063  1.3771613913260599  2.4776557576047162  8.079746773357805  0.25987343868336943  1.8783310132435558  
6.416955235727703E-24  3.962763392727929  2.6907539224428394E-19  4.7215906060059165  3.8077457380771818  2.7780197110496587E-26  
4.470518638008041  0.4622646288054158  3.7760649999517306  2.406504711280393  1.796017930935702  0.41163461400935913  
5.7017644253161315  3.37893594972358  2.570517166312362  4.291823475659605  4.621080292996402  3.1307149271908106  
1.201582664043191  0.38593713576434224  4.699377573273161  7.336654117714412E-22  5.556596020290475  4.3928697402134045  
4.060090031526952  4.400950830287464  0.9178247820446859  2.7477403330252237  5.331544375290581  5.218361985064452  
2.5885658480840092  0.7934955978962014  4.400579411981746  3.6557516631873135  0.7311889710846731  1.6716471342449104  
3.757443249556492  5.1292935453734867E-14  4.270942793903108E-25  3.9177000312673003  5.540582859255046  1.345903446740699  
2.339040954155839  1.3982454550137995  4.21557806912636  3.0049381004851248  5.389825090040503  6.499114295459686E-12  
3.4272212266228133  2.77844146286454  3.1587573738113113  7.039773521782826  1.0227014036912356  2.269191165429501E-5  
1.0247604302057651  1.0754623611728242  2.01490812911811  0.8303435616667904  1.022866679323613  1.0486351866150636  
5.627010542607654  5.040863991216849  1.2141246961477058E-16  2.575984702176412  4.5692101668351155  3.1140731712673633  
6.297137303674148  3.172380799330355E-15  2.477866359106209  3.322061761487733  4.953459946785711  1.5164149958736557  
4.058682218395946  4.764282840078042  0.5015894229443775  3.8427107855478084  3.9569610703687874  1.0339895927263443E-31  
1.3776906523070442E-47  6.1783342625180735  1.0631311059063497  2.0161461453728826  5.49159140216945  4.819264345387884  
5.472254141208993  2.6924136998450456  4.547826465846802  2.997027361718005  0.034792048061961685  3.7518147113843683  
2.4870425024480567  0.7868540004753081  2.341461891155862  2.3168030976928713  1.0445317290877907  1.0630265825166816  
5.39584611689685  2.4095136757075863  3.0980030530233034  3.9240829769706194  6.732041295436443E-46  2.2106657106540437  
2.0473599288313626  1.0595563715266212  3.3229017037837765  4.3379747084087965  5.434021048160086  0.7246411724977252  
1.6092615240873718  2.725406912285187  2.3113248808853846  3.1702663040968773  4.394955698813797  5.486147662324403  
1.0131085632935162  1.0885822334424267  1.9637706154767764  0.8138414528196155  1.0575224874622582  1.0413252788099414  
1.3305076709856343  1.0596431962795176  2.53971991861973  0.9584984956381211  0.9023089899924079  1.0049783412272508  
3.7459732520331457  1.604086501519378E-26  6.1755618836003485  2.261381747540879  0.32855134337139524  2.533903500908849  
2.797140314014997  1.5010099079425665  3.363257154571001  2.896847681902226  1.3007360283308307  0.5173249266643382  
2.358992759618129  2.1964568966788276  4.34875882836896  3.1399483292215846  0.7132395446507453  8.306283470523601E-5  
0.647500182996215  1.1246646103335967  1.0496082900058812  6.654563695793161  5.277530800841817  4.26819933858512  
0.2126733669082605  2.710816458597066  1.735770846020974  6.738234004343038  0.9747035842002559  3.4235208276067763  
2.4837597605823905  1.7882975025378842  3.911455185784282  2.361677841658008  1.3963217117263507  0.8085794107604025  
1.786587402780228  1.4823114574969798  2.8322678753107424  2.2609489341400026  1.1370296815737158  0.7070089118944931  
4.787764802858778  6.164181646230574  2.5481361035435053  8.22131673092781E-25  5.205926451186662  4.431752282010283  
1.3907261510435198  1.3843805187984344  3.1029390353771915  2.6130004171833314  1.0641142584864483  0.7651252536707932  
4.240323344644765  3.6584970707957254  3.6065841853237917  5.47337309261805  2.9904619186665196  4.631738668118642E-18  
1.5460507289135845  0.8549396753049585  2.6692391036770577  1.6167898054720176  1.1972497858782458  1.0370306393985296  
1.7686723565730884  1.19716666624822  2.1657269450746903  1.0896671590515832  1.0854801394033866  0.9431382627956818  
1.3924868868573135  0.8150998342486935  2.7559351539799724  1.1475276301941497  0.931565107721428  1.4461938732437214  
1.1518253590859524  3.732918733883008  4.726983695085733  1.1007716116936472  0.349094808790383  1.839102283047932  
5.212616971803931  2.3835432951546442  0.5421563025472315  0.04933159197930833  2.1284011723261376  0.6669881692173671  
0.18960266600826525  5.636709642198108  1.9868990356278435  1.4836296067319406  0.9126859614222067  0.8076342886224973  
3.5065016410558743  3.0806671836555464E-14  0.5575324190931903  4.784730138664051  2.5910957170307265  3.580473520132667  
1.870217963271936  1.2066065694013126  3.2551791767404623  1.9187490307499238  1.3285412028008163  0.7465401855668415  
3.111316610128687  5.177604209521462  3.205396807072764  4.579582951264347  0.3387646338443966  2.5726650751914007E-18  
2.4561387183036887  1.3200035847716827  2.6006588717199  1.6825217186707677  0.7433948566926978  1.2037316854278577  
1.4532719568184111  1.289594007387783  3.0844359354991235  1.6729695714804267  1.3685677896891744  0.759038704296054  
1.2847685480994278  1.336741310207975  2.3848357436186185  1.0101495535844585  0.9412103542279747  0.9141239154928072  
2.1385066655666582  2.4836926203375986  0.2705897705578882  5.164074401353313  1.0869457562845455  0.6609693116256953  
1.101602057567427  0.8551270480902325  2.5401433122267907  1.2196064057851073  0.7511035583668811  2.073413134671288  
1.4002019311438478  1.1527662604988045  2.227740213944408  0.8801670948293752  0.8766237960213713  1.0126261651066617  
2.588257632525055  0.45419857350530546  2.1994591330165094  5.845425900314856  5.680626109827741  4.760498294834048  
2.1411347444057713  3.8373199762143178  2.30198936704827  0.49712702551191074  0.5649548783269287  1.3178316609100011  
1.231115162679624  1.7211897931620415  3.5613950414304663  1.8661343363093854  1.27168156721584  0.5749153176919158  
2.9803102605140324  2.113770914477397  3.848121140557337  3.0651675348115295  1.3822873418016637  0.9418094958426885  
0.8894560101074828  1.0205380960932808  5.311564266314538  0.7980386179034243  0.7183420010422242  1.5529066527197566  
5.5833110999766955  1.9239083290236585  3.1113536490791274E-17  5.151607756999305  3.674033602493909  0.83426293996817  
3.619390315330751  3.464676172736748  4.110748773453402E-10  5.130748828483009  2.4897488051479004  3.316221921667856  
2.451403957872071E-4  6.514658400475775  2.3313404630990293  1.7275625488473576  0.42656735637299215  2.5148965361946103  
2.4432066478395345  1.6697842896763644  2.2424550035944826  1.5068907863384806  1.031278317116759  0.670066387610894  
1.5397457891228696  1.0889668759012912  2.955612239723136  1.310011150272663  0.8818026654939745  1.5743611457165507  
1.2847006510724488  1.3442079122813795  3.5855765734509943  2.301690637401346  1.1346062879675374  0.8047924055948636  
0.9701978920623942  1.191803011508232  2.302037893081755  1.308545846342446  1.06157120999239  0.9740596652911543  
2.1660199689630426  0.8968182171918619  2.2163908618406927  1.3568306493358402  0.8983944502659811  1.1836623778626703  
1.6517354170988574  1.111156781281916  2.7604388693328588  1.6896473384919448  0.8394227799988064  1.4207340629932927  
2.5103083655337834  0.7416722292500942  2.6749123161150163  2.5314006834868965  1.2392436138381264  0.963609344570209  
1.2768666517576688  1.6494695165326045  3.9539514392344297  2.381625776534165  1.2342692551496999  1.2267130078637263  
1.4460642247153668  0.9278195368015351  2.293720723025586  1.2093239021547515  1.0787663632525122  1.062672375989719  
0.835495577289301  3.7870362058205855  1.624107970463625  4.992092132797852  0.24540026652083613  2.02654119762689  
2.583791358425773  0.33922735976399926  4.396661227929297  2.4186496824518233  6.038297977313615  0.29995510313808277  
5.043985278702795  0.4770853970430603  1.8090281230542782  0.512795762744889  1.2550443830611482  4.681483069619718  
3.0469475678106694  1.6717626359532847  7.105426572264569  0.8666979402303625  0.2994727037378875  1.7616654836626704  
4.548515403127293  4.478343143604483  0.62113379614147  1.2674209603120403  1.5250794844137625  3.1536053467171787  
3.622053969619114  0.9644507874792375  2.10756705631064  2.055533983778777E-36  5.817791401758408  5.5208423496216055  
5.5323799524933355  1.2556016122554436  2.5989499342399385  3.58849466929674  4.9973495856567345  1.9088387532059872  
6.914865068883632  3.63343103988738  1.5835645077793183  4.716889692667253  0.34692684582125244  1.5444958474533943  
1.875124803586578  7.010212697853796  5.120835680754288  1.9249543447861956  3.8666151037185944E-5  0.7818234308109252  
3.508308806688754  1.121641121727927  2.7648031468867473  1.8591176091557904  0.5691645945625187  0.7513734271070738  
1.488579440020397  1.8254060891772803  5.856695014022395  7.878018685694605E-9  2.3978750732997325  1.3124003724934912  
1.4262175313779513  1.0441243467338027E-12  3.1438783091554536  2.5284725591037347  1.0258841470552178  7.2299049868356695  
2.335620850272346  0.8358723128938634  2.579357658693279  2.3894881747219348  0.661279257839613  1.6019897193151014  
1.6822424658959085  0.8940826066322978  2.884010977097192  2.1751197914768627  0.6984967200072288  1.3405795998949968  
3.389231111505277  2.902565838262498  5.145789398152369  0.6627785952215557  2.28105645576887  0.5840507703277854  
1.3549767023431867  1.2830889894174364  3.0708034577789487  2.3027840574567113  1.0707741210002397  0.8096383922814733  
2.1134844379435886  1.4024825782501853  3.1780885221455777  1.4886700564011806  0.9672319049743625  1.5182492858229268  
5.784235443075792  0.5475569599182852  4.832354524961991  1.7048423404907265  1.1599274907237916E-35  4.0268816030528605  
1.5253082653899714  0.7835155095155341  6.123239244855508  3.694137292358666  0.39922372430676395  1.1323840576072767E-9  
2.9417870696762605  2.6652723673751213  0.7131691453916953  2.2750762237698994  5.0539487226150595  5.729367565587994  
1.4120732390411657  2.622943620509926E-11  1.7947862880333345  6.630069321042959  1.7186290261298425  4.7614739071996395  
9.773672946705709E-62  2.6003237790926765  2.6376540231107537  4.0094422679048085  0.12614376408300498  5.620482186228903  
1.3673571526230845  4.671342452028982  1.1583781935531616  3.099591244513148  2.2101406234703664  7.683069186526284E-35  
1.6842589728850077  1.220343007034109  2.396325523704611  1.2671293284151495  0.9357014842165536  0.9304510481564984  
0.5708070373453115  1.8309508049404504  2.452982983300878  3.5271439303153738  1.6428894558934966  0.6168093917291334  
2.3425708224476005  1.7336706072475507  4.152451436100395  2.4477582154216204  1.229630687821309  0.9544879120230761  
1.2711607878333369  2.730179848983002  5.071927529248263  6.453457663267764E-12  1.3334889477089378  4.929579270177634  
4.970171988473493  1.8153178753163968  4.401449406835967  2.6732789207900822  0.44262797751538596  1.3299719309010234  
4.726250209054374  1.1552434721816174E-12  2.3196728580764887  4.102066716869203  1.4024180624207303  3.1586038911015417  
4.664750260882148  4.51037980306136E-14  3.059161165236808  1.886657101084202  0.25033043762325163  4.977399975918798  
1.6350815487318362  1.4627696783908297  2.767707263368613  1.8749444934838655  1.0132777474755654  0.7502765460848984  
2.5286633230723474  1.6065855482975566  3.9068115626411375  2.993717771776403  1.205004203545039  1.5287665947662414  
1.0666596317626256  1.0046729018441485  2.2380566854030968  1.1403797459621625  1.0688313669129181  1.0463830847040225  
6.36274314904297  1.0749894493249645  0.206177293593374  2.0058478108009501E-4  1.638808491013688  3.5709602074118583  
6.057819373064461  1.55924413101092  2.940163380668095  2.912969368748383  1.6974840538471023E-4  3.171096750890229  
5.5505701466558737E-11  7.174250069844049  2.139397872166805  0.7916034510672988  0.3733639120440482  2.698946247050091  
1.2310921052212191  1.0493553420525967  2.6008943767489434  2.459102776134562  1.0036177246746967  0.992881457739653  
6.312266334767192  0.8527775020861652  3.566207640257749  1.074383127299247  0.3664614078772219  3.367458520424258  
2.2477525230123563  1.5097380024524583  2.867114771800253  1.4461539946939688  1.1859788933008921  0.6361689371441174  
2.890362378137846  0.27688329239083903  1.8564416422623828  3.4829656218887948  4.729703877854255  3.230362758675602  
0.23178924893851705  2.2174980817546266  9.749753217850466E-23  5.5791380604829905  1.9526673017640133  0.6511634157912185  
0.7999723718575688  3.8951815082347636  3.1550391871843475  2.503418656395031  5.598541527636984  0.002061933507792545  
0.667027546265425  1.6266335847015254  4.027342372936136  1.5182459891257247  1.1147513630451802  0.8148380565469984  
1.0567446831670082  1.4879727661262914  3.2611954406451953  2.1343429183829663  0.770290255399203  0.9819126189373169  
6.775660245520688  2.307333330588833  4.148513311797011  0.8007539583964381  0.17802050566083952  9.797575616656446E-6  
2.693035373307152  1.3305705838235127  3.9031662615271787  2.721392516195411  1.3996601547547063  1.26041011287797  
2.3761627103794796  0.12344639254018722  0.9170922878260911  5.530584807011955  2.4642570439229754  3.8205119706337918  
1.0188389128525654  1.0983132906003894  2.2268151896419446  0.977544271378401  0.9177275637181026  1.044713426485115  
2.001864334940819  1.3764420763088157  2.907328021695126  1.6758700752779871  1.410570782063002  0.6836743115497402  
1.140721206496923  0.8448933135608652  2.4976259268316943  1.851642593044081  0.7792564846088523  1.7535475444293858  
1.0297915789661913  1.058891187133469  2.048944678885563  0.8363651132235227  1.078873616409597  1.0401095834329332  
1.165754673652561  0.9527544467672724  2.3340575162313977  1.4239917180285058  0.8601745504518608  1.3476769929329493  
2.3875465391254664  2.248586146137142  5.434670256876226  1.1788043707445575  0.43157944622062666  0.7696745847220602  
5.113557371773428  2.4091972939976576  1.4523069724125983  6.400728789503536  0.6511506789184598  3.230214450438618  
5.019923900517552  2.3664351527315887E-9  3.2362667539543932  1.3863017765663177  4.705083594570007  3.9581896416071127  
1.848252843779153  1.3620667758464822  4.078344346089618  0.7469674572828718  0.6419536470805877  1.1216562897232043  
1.6334873207588114  1.5352242601451374  1.1991949415358816  3.513243475700436  3.4774806412024195  2.410660892086161  
2.571758092296968E-8  5.159765265767261  0.6395747713319362  3.877652001398734  0.8693836729514234  5.035137564606783  
2.476154100830938  0.4899339749419754  1.6859119997845466  8.240729122403694  3.506979661180786  1.024663995394795  
2.3721170247845773  0.8105204023963156  3.6557635097041215  2.8073538864262595  1.2634433520005304  1.5417762811027595  
5.141994160174242  0.44394059733558555  1.9449495612102938  2.4572075167900405  1.0883414553619917  0.7377760452458445  
1.6165301468988729  0.6251991655265088  2.450505374945714  2.3755385394149537  4.520168112703966  0.6828125165200571  
2.051856829296489  1.6535020481628095  3.148352065788603  2.503210249526907  0.7339380908439884  0.755991165984471  
3.110523695996315  1.672834209966395  0.3330317489843151  2.0588790401145514  0.6479860841549065  5.605379159015577  
0.2487247037994351  3.9750505783535144  1.5014528162606766  1.4103762923759033  0.8488144360965493  0.9385434518209295  
0.7952676183767018  2.4689263508053196  1.038256749551875  3.60492368768139  1.0099854447603442  0.6513858406480103  
0.6980757919463867  0.6394153556528238  3.309123211941734  6.230267604809319  4.316993461470134  5.229369060436148  
0.38379589774425954  3.0070834922716023  4.545200864523218  5.131686683563703  2.892306766998825  4.834059282469164E-7  
1.2525135570739903  0.44915907727880056  3.5680816076328035  2.491518319614868  0.3748858049786304  5.28726730616906  
1.9474485371521637  1.2628142998421115  3.7225696389217706  7.355672570874802  2.9698990692062464  0.3346381471460948  
5.092086129012728  0.667557867459386  3.226706554090966  1.4992862132518732  2.1437152396531984  0.24703228880996136  
2.449725959909368  0.824472418596017  3.26960601287256  2.105222075185392  1.2756003756980612  1.2995889620165886  
1.8620215670444888  1.9820160179249202  3.086293749046808  1.848903234329001  0.816117123797177  4.197860842715793  
4.641628215093791  4.600062981839037  3.5179745809496725  2.1569070704620925  4.516503803601194  4.5657681852988405  
4.0828758578170014E-10  3.360563545811123  4.06478194780479  5.574196392403514  0.2621587517581955  3.970198439108345  
3.46015204201491  5.1231493709586085  4.179712885916208  4.161216742249169E-10  0.04884527257733055  3.549343618007696  
1.5010342479341081  0.4845998093706704  0.005552443567981287  3.310803186677788  2.5655359729894243  3.1483229125020644  
2.367687751728237  0.1535997854954039  1.5362579325588772E-5  4.829113467669524  2.5231664556589943  4.282084569213243  
0.5836384912804825  1.442233102907368  2.0268695892806115  1.04817658935091E-6  5.892179606817268  0.953013731044476  
3.922672143628169E-20  4.525251626064124  0.13619148650675475  4.064542309132254  4.014901919611314  3.3271646662524095  
2.1536827814731168  0.36808036644734743  6.797180228643422E-4  5.286642902640914  5.468719338660538  1.9464754190795774  
2.7485082735985182  3.3356987773241356  3.4014085525046194  6.786062804043238  0.678304872579617  1.0796027793188219E-15  
0.9756797617265797  1.2009226580339798  2.3300794028184058  1.1594322453083212  0.8873887339930624  0.9986366788537183  
5.467965846728336  4.366185975580346  0.0035641539796611044  1.2673951582387748  4.957945800750211  3.397427919190137  
4.919284865294886  5.998629452576984E-4  4.326725448525062  3.266417685624493  3.1853051073984635  1.3001721622978524  
3.4325645438603916  2.548997732263756E-4  1.861574077687621  3.1604346321431196  5.013992652817368  5.029316443351251  
2.6050987847114393  2.435493434267324  1.9530292896362496  5.386059114075803  1.9288988805021143  0.19087665427662698  
7.138991387470404  2.4877708387025326  1.3998107471659285  0.3198130201380259  1.0263887693448894  0.10059005352364035  
4.314817267681643E-27  2.6213375577183142  5.187181972002109  8.554361320759064E-23  4.34942396123401  2.566107391387205  
2.3533472180443487  4.229712040337038  3.5335637127209907  8.836311247968682E-36  0.03311575462191593  6.136859034688474  
1.322316796312777  0.8612260706924467  2.666598957181053  1.755414948520551  0.7734335922333586  1.4564850304230148  
2.297196005506841  0.9375316932784287  2.4856926615676627  2.3908678024854666  1.2407587799907114  0.9176593545814656  
1.7968324026986597  1.2668564978270038  2.0808176465381423  1.1394455910820356  0.8343919757224776  1.0662144303349441  
4.935857559225147  3.3052327977232228  2.5724270965895277  2.404822507955208  0.2931820972375024  7.298614584391007E-18  
0.9140132419808286  5.4841947706520635  3.4016624932167683  1.9841040836302446  0.8180472471586797  0.2869731824002265  
2.2424018558228958  1.0168084643713258  2.6173693083976777  2.092206933730528  0.8649929699237217  1.154965683033867  
1.1007064822382528  0.978866271267989  1.456815996575828  5.499346847247114  1.1715112115574027  2.6279484002598665  
1.695011270590442  0.9183297192925947  0.8209581907649998  1.2996737527776978  5.793325697424835  0.6126788017174847  
1.0289466196578267  1.0704460503418802  2.033927343753959  0.8363860843348009  1.01186908516467  1.0509728677671484  
3.886341394025137  1.9992878506328723E-17  3.8921490873123674  4.864781771186659  4.898860512428171  1.5995016447401835  
0.7724090631699837  1.6393825269867264  4.441258124200848  0.47852640090438925  1.8375798315070024  1.03164146438113  
1.9743369985432764  1.013490231293397  3.9067178766202173  1.2902200732014082  2.140278172281816  0.40477903938273857  
2.045923835681433  1.4491876726686712  2.6540451480040943  2.222780696665056  0.7974987725334425  0.7710745036794949  
4.058548679405999  0.48693090987668913  2.9794102153974493  3.6217082744779945  0.8773202656283423  0.7299901357020759  
1.1380473532807127  0.4770013744612212  5.973024453593711  1.1378361056958612  0.5573896512930692  3.1417188995541268  
1.2342383842211846  1.201214434759519  3.305107928408964  2.163836400794609  0.8676157802846544  0.9623926274286395  
1.135838990203361  0.5569630884026038  3.6322139758223835  2.039240551686011  1.1984993974987717  3.2274559458725482  
1.0456295248145668  1.0391442175245569  2.1574221329799315  0.8744622782878848  0.9942664277272835  1.051732848660113  
1.0415605979155458  1.0437539567749565  2.10850764742044  0.8550729261820661  1.0471154507559568  1.0460460300433425  
2.5373248586944035  1.1448599805842148  3.2095628276304056  1.932377674218249  1.469324519305019  0.8897102793260583  
2.1528931816094876  1.0817182024031915  4.133655255543552  1.47147673470912  2.02826691137464  0.3965819241599258  
2.975846129281331  1.3195507568751017  3.1749319892574186  2.501077229668521  1.0540284066670933  1.4170271509352093  
1.8109387060081203  0.17086582751519522  5.334981602930262  4.483538322627808  0.2735683337302978  2.0301964456616868  
1.401648040431196  0.0014419870416004415  3.5799596964299704E-9  3.6350643688306103  5.64921298221217  3.801642241658402  
7.299264700007562E-8  4.580155992828794  0.11840212022950534  4.702330033998195  0.9312101804625779  2.10938228878228  
