1.5638052217937253  3.6415042804814317  3.032561383189488  3.474223454503035  4.168439833815847  4.158567724949631  
2.271307653362781  4.383349947949948  3.628591220061025  2.6394865578014866  2.4030274098241127  4.36063004204501  
3.040998733989057  1.7362965276877278  1.37944729421553  3.651114467028943  2.50001284670298  4.844924536705776  
2.092385111484123  4.962808839936871  2.9139601303025033  2.469611042300173  3.9587850271809737  4.104239600929164  
2.2636221005206023  3.7780076763339863  1.5963622345591066  3.3348789213635963  4.352742100504984  3.332346915249758  
0.7059949770850832  3.7788105720509124  4.089100582871535  1.8639410826023832  4.732659603888917  3.833789898585779  
1.652716642177037  3.9893880823716636  3.4852505650791565  3.6337369456676605  3.8559448289088776  2.8020543514429206  
2.306075662435756  4.381604263617392  4.722682089095551  2.4637511941774437  3.459480096921606  4.859979210592429  
0.9060747617052873  4.808618124532598  2.6299011772643386  2.3550328230574062  4.431147832641689  4.443025013050774  
2.3695251672286264  3.8610646890052975  1.1920635336829548  3.1487732128926513  4.034827766864515  4.812938786449349  
3.1538426217146482  3.2791188942054914  2.5710829424034017E-16  4.371101425744746  3.268257374133519  4.6065869826172205  
1.437995590598358  5.156779098310177  0.3300183343199235  2.2342466850275717  5.173311373356849  2.3117335733171767  
2.519930744666021  4.430455964940109  3.498335768178306  1.7255755172237872  3.811224132591222  3.6097471569220883  
2.5638507244589963  3.889910675471857  4.219360206291426  1.9139256312169655  4.4980770229600235  2.7695327441085498  
1.8569388476146913  4.555007393060866  0.8935717210708377  3.39909402013353  5.47790818267487  3.082411900214797  
1.721696840294913  3.315577845196306  3.985501904216237  2.4398490736391896  6.59329158199242  3.769990818046219  
2.930566229669481  4.764327377454952  3.824615328983436  4.035832650009679  2.510867131542527  3.5605061537143445  
2.767997124264202  4.05363330564937  4.178246240469854  2.5153079260448  4.454028233828171  4.269962582496694  
0.7409892150170097  5.205389620560104  3.6943673998023705  1.8093734199608085  4.765464539698362  2.8966370153445427  
1.4634313153217013  4.091258335816791  2.7552436623637298  3.000478727666151  3.244306316299815  4.804828124334321  
1.062266488949088  5.2118577387155485  2.969818189993399  3.0462564475982954  3.8146436809566513  3.734318910902911  
3.1476160666142725  5.036974365314716  5.455385800558836  4.051418283341418  2.716110047114211  0.6908799883815988  
1.5219632258122  4.650395940143772  2.865525859366029  2.9127407444751277  4.052583150650548  5.139412208778408  
0.7402735940091502  4.81167774290379  4.631176136128506  2.1849210524067058  5.112573277286018  3.8600540443694507  
1.1953341809471292  3.8408013604557976  3.2613391414145907  3.006466924475336  4.408378783756092  5.4271155562115565  
1.9704986887748763  3.476411574353319  3.2959952462246496  4.734293495565035  4.518393186097168  3.576572531980684  
2.152163979951229  4.095564287918974  0.46292770239630343  2.874609436088297  4.453531323879114  4.00618928275522  
1.7244200527837745  3.8218343719865304  2.794388570271185  1.4427374450706338  5.730068834188705  3.9770023049104486  
2.1454667320267857  4.942665634399604  3.338493362042739  3.7627766845601776  2.272251966348018  0.5386185887538862  
1.2773317871159235  4.9485154747284055  4.167236871451335  2.0910589183138453  4.3308615305888285  3.572564764993646  
2.0124940530914137  1.6554466207435998  0.12817051560694495  3.4838972910322235  7.763662764890659  1.093006517610389E-14  
1.9318401415988506  1.3540114261217044  2.042319602851426  3.9135745091372867  7.261079693825957E-35  3.580726453810573  
2.128214616388949  5.2009548178547895  4.299861719926149  1.9157852246389993  3.4829481829819606  1.2218497101854742  
3.3468925531304357  2.8513959705339835  3.1912511538435546  1.5636237055826716  4.773802750779828  3.6266780818230626  
4.353548426340434  1.1197513510345705  0.9232519306388262  3.122160802011078  3.548211607456418  5.834691327934188  
4.384117619171647  1.301978093507042E-25  2.475869244306829  2.6974362580346423  4.120940145715295  5.488934553490896  
4.298263976396088  2.127608463671563  3.5034669020089404  3.3159129660525872  4.31720018434619  4.359276795068291  
1.0897356716908725E-47  4.183181056236013  3.531023171920776  3.507177392134113  4.878102916947873  2.455905874230983  
1.4823080602031165  4.260742742627835  2.3757282392005076E-32  1.664620633390101  8.089264724339914  2.979140188177435  
3.057472374554106  3.9606278014757668  4.399966535683861  4.208419401782404  1.2671236642906614  3.040119902076225  
3.7429178076680802  3.0483609957151243  4.614998387561492  1.7987225287259048  4.451219127257254  4.328156648064776  
3.640911293971671  5.802360288728983  2.3099654726705436  2.3633924927096484  1.3442285837936785  3.834762021950843  
0.46217563786442545  1.8609400245792624  5.914953756221177  3.1784360834245313  3.7140980275294306  4.074004400481294  
3.3283373888280434  4.510570388111641  3.9672208605295824  1.6963622340237152  4.822331282948899  3.920374821233085  
3.2476017359055187  0.005184270730238444  3.7812013213776914  4.352098528196647  5.758270925772252  3.4367539046091  
0.6909330680816848  1.6754407875929205  7.455729871670624  3.2851697624712255  1.3745954658226924  1.7861865628182723  
0.8390178424224907  0.4053401062784515  7.521779804295034  0.2122291667189092  2.4217763161933687  2.4424310522172488  
5.197332523969515  4.068007840278269  1.7705047627016837  0.6756646909826853  2.6656454678129538  1.1922650170394722E-24  
2.4330259735860094  2.3368400218599255  2.632224090208903  1.6254699456230133  7.490605455542234  1.6071159996206699  
2.2131151737485033  5.414710603729426  4.775345021540241  4.382173338106524  1.6449963935879193  0.27751990876398863  
3.369143204365781  2.4662564495319788  3.5646750308932496  3.9649092120280804  1.3984012418261564E-8  1.0941656444550363  
1.1275700073605082  5.375801769057643  2.721210453714977  2.8762151340445117  3.0314012112594106  5.109669009818365  
0.9556380651401567  0.06629706720758002  5.081664171040029  3.735598135877297E-106  3.560606552944393  2.8421205308974153  
1.2040832675562152  5.026469442619053  2.9381226428278486  5.287534273441344  1.1269094209544266  2.3492626788945947  
2.0797566805877246  5.116778679940448  1.6332164156545497  1.8715767013929205  3.8405065360233905  5.202308300108439  
3.551086769604186E-76  4.779670428208213  4.480673020967079  0.8588448398971202  5.142826189289173  4.979641344305944  
3.6651923919135885  1.4629769749027193  0.7051069753478121  7.064299293168052  0.6387631394173713  0.8420235658862243  
1.2385995788965716  4.965187575866258  4.492156400617231  3.1173192045586484  4.23489621808074  2.3540434733484544E-10  
1.1488520786285075  3.8202350821546314  2.235060356545027  4.722742240145974  3.7638969123787356  4.000481021312744  
6.977534607902193E-11  2.3945482617241575E-7  3.45790194376493  4.219669505579633  5.0692959044866255  3.5475842817613943  
3.523691918305469E-9  2.069171296658833  3.7811814701066493  4.130827234750585  4.953890150397721  3.711410913303685  
2.0822783767161135  2.1101216130394274E-111  3.3649823925636833  4.60855714296752  4.987459326913843  4.270336905170287E-28  
3.433437514090497  7.932658363035621E-122  0.18715409516046244  4.086355510101221  4.264856546925013  4.413557249628413  
4.482796817588285  5.122001813192365  3.523021609315725  3.5455859818331095  2.8550917302609995  1.2908168019408702E-10  
0.7888608500563354  3.0989758978284137  5.1810535535590184E-142  5.107115843922602  6.182046818396802  2.5949625106640193  
1.327233051449359E-81  4.518891554904997  2.8607287010423894  3.7771224274485644  4.31656881478377  1.7064777915265725  
1.65571079117047  5.155181539197058  3.588922667386851  3.303097638338737  1.959876628999847  5.429920140007776  
0.120837777970631  1.4102757694251824  3.3249909210581317  1.8528142579545313  6.975014044387767  6.080667196292119E-27  
2.2281175388740717  0.8686058743859549  1.606086151471223  1.2473442797284042  0.5492508879592141  1.3608888860131223  
0.9740921077599264  1.8042611971378661  2.4140352290860347  2.83899560927889  8.99974543592187E-43  4.583754162537543  
3.8214671071367188  5.071078887916807  2.3809700964478195  0.7745631622156574  4.415157440999495  4.456841919500377  
2.936731502218863  3.416434298343687  2.127823959691177E-24  2.520049567212677  4.487143943775011  5.082446290154904  
2.586664146650568  6.095845261121927  2.183446207008157  1.356714104485883  0.24341621181294112  6.262118945772708  
3.4978644210243703  1.569050889633845  0.4463744166897753  6.573452164303712  0.6274946804446738  4.114020029914106  
2.1262834553811223E-13  5.087698128108189  3.602747261860426  2.87020885952081E-26  4.8003836176154095  2.5506124816997198  
5.318696852007583  0.8695750768014542  0.3564871866653245  2.79283582847576  6.446551313792383  3.4842006768821996  
0.8382113275736033  5.245834386497384  1.4407795238579475  1.3534114664067885E-70  5.458096649971602  4.240488583314259  
5.645674843296847  2.3282723174760487  2.7646704193783183E-9  1.8785688000100162  1.4732727673401889  6.081063287120472  
0.6304086747735062  4.344336827766476  2.9375683032940025  3.5273534442073635  5.261017000710451  4.12051751343488  
4.449717967118168  4.429014675019321  5.23597461096836  3.181494015144106  4.6604150992030675  2.024579842446923  
1.9653916772104432  4.74965810465441  1.8377800871176724  4.7800013724001005  2.616795667795845  3.304795616849694  
1.381537789447322  1.2469592124603692  2.4802471753490196  2.705640586670954  5.910957763410555E-42  4.728010849840556  
3.606029208732761  5.371820761348022  0.6091277431761807  3.200775096668528  3.5724751012771256  3.9047943297922237E-31  
3.0838729736803434  2.950739577607633  2.1621124961133526E-40  1.5009228951201872  8.329556706997742  1.8895630390503875  
5.964626172979295  2.624769162961869  1.5018091495791799E-9  4.315347152604955  1.1421316211383967  0.9816959905364488  
4.2775548226727045  5.226570054168736  1.088388426123339  2.0455588868092  2.4042331054722683  4.877869589458171  
0.7970641380471619  2.0117056309946713  3.8322282267516257  2.866014378619158  4.213542626121293  3.7818061818124558  
3.693286339248936  5.775989840051635  0.15765473977164637  0.587864436001018  3.4350464890499914  1.3409682861567456  
4.378908506442486  0.8818122801782076  0.819992957817424  2.50257682564175  1.0638291833610327  1.5111883331161506  
0.6575956408608579  2.024012357984299  1.5743921786745072  5.2213275719373815  5.985722171004579  3.9875809683551213  
1.4119350681824938  3.9952034727082193  3.5348940065974497  2.889218620629049  5.4892635970379  4.97807251495276  
1.87278482904967  2.896198603525257  1.8591420161349002  3.3608740670735133  7.407323100014807  3.5663984594134472  
1.9737906052509675  0.9803094639412459  1.9226885020946134  3.4461520690582366  4.430763778926124E-22  6.593481987200588  
2.5408743074773392  0.9097883728393239  1.3116873381324905  1.0910849871147799  0.8089330414176866  0.9584228061525504  
1.2018120679654543  3.8565020792409626  5.533152410002013  4.6424241674782785  4.846910763362219E-46  2.989971017867233  
4.659774674735039  3.5597445825751453  1.112063532548616  0.5971960435567214  1.3715299627962187  0.452223663036024  
2.900592566904624  3.5240646983243042  4.481432808073003  5.0832672997275195E-20  3.787653299642063  1.8413847343837142E-32  
0.3442949250988103  4.44481386852039  4.782573545820401  2.9179982817573533  3.700873514565433  3.5468947720486113  
1.9527005583293109  0.850767835006762  1.6316589952128673  1.3807121726832536  0.546456140330281  1.0759753852728116  
1.3812677949154044  1.6740695952695873E-27  0.38018661632006445  4.213811570538711E-15  5.387371462703676  4.334583408191406  
3.283505612456138  5.651687356047302  1.573808654387944  3.3043286681614337  2.120524060519557  2.496312935615091  
2.0377297197683863  0.7717417065390569  1.2943799173902084  1.1763387844553808  1.1178945883052953  0.7896021851010275  
1.5125119394838893  0.7525321053601655  1.9157113860746962  1.1241214429446489  0.575068566482778  6.406869201570825  
5.242010644707833  1.9469815119635105  0.36909956909607083  5.664084104950459  0.930411437364755  0.6350248530342881  
6.429144808597955E-24  3.8502643672636627  3.103244117699933  3.85470072459131  4.390413069869873  4.329990280583205  
0.8683830843977265  0.7410055406187355  6.499970585313876  1.1654033240268213  1.3628239137403932  0.8093094636510444  
0.7806638178874712  0.3218880036792614  3.9024277448967153  0.4223421291371075  4.4902612071583174  2.7327415270867254E-20  
2.5142529589730898  0.9743540738977033  1.4731738164363215  1.1189584078626318  0.6588782288506045  1.1186646868563412  
2.765592337568751  5.440405605619218  3.5084249986695597  5.665366567351273  3.6840812509301997E-13  1.0112004281023403  
1.8199545146737057  5.285793069988025  3.8180722315007434  4.981086943765727  1.2526332610958644  2.8067461117471386  
0.9913910335787648  5.897342771461236  4.943018135444852  2.8462371708520053  7.373938960790193E-7  4.402235781890162  
3.6503467264444613  4.236692744576526  4.779883371503319  3.59250779940914  3.684192122489174  2.5948342094026433E-4  
2.235431622297113  0.8453282599940996  1.6301002753102716  1.3028611546400628  0.6212555117516726  1.1647942843461876  
6.280232822295174  1.162170836141659  1.9148382560649593  3.2447831056076915  7.81249954766742E-36  0.8727248477324504  
0.45787267938919846  7.527738186886458E-51  3.1048232066494386  2.7398481684816454  7.557944827467572  2.4147502594115737  
5.659205015107343  0.8541482137791169  7.368487053537861  1.7550908413946205  3.563586133104158  1.02131210137967E-28  
3.5521417662966025E-105  4.512315094877116  5.060581708796818  3.7164237277775305  3.3550827560018663  3.9481689324482163  
1.734733979201052  4.636967158211738  0.8102342368510351  4.286483337702475  2.1819643645895  3.8677606930505273  
0.528484818997065  0.5032060601329545  6.43124340395761  1.3451649986620864  4.200098183843851  3.984048774218055E-26  
0.4537138296935607  5.0869926696758325  4.733855232467038  3.802548784181307  2.549346256769501  5.957301735516381E-21  
3.5633283169945935  0.452462546857449  4.208689279662253  1.831421633951881  8.573027347904495E-24  2.316262595753118  
2.535046478924111  1.9248595083879814  2.169409383491539  1.1519157810367269  0.0715056734298031  1.2539220390398889  
3.3579143623018015  3.866089936895994  3.179844447644049  5.3476187770102515  1.9209842210976678  4.253309532284482E-18  
4.067944284791413  4.446239738490082  0.01706976703858118  3.120806397895835  2.6692061510084644  5.519518607257998  
3.767598508902118  5.135960312516968  0.8388205314883265  4.3277880842607095  0.4003215631713987  2.7854474592499154  
0.0700042729186629  4.771351135844412  4.795806375719262  2.728775976318813  3.6223097205040298  2.5179205621797997E-32  
3.0521134562586356  4.249770801977063  2.5782035844872113  4.631941024829415  2.3760435451622453  1.752153581759677  
4.677058432493407  0.517570096210182  1.1331382204385991  0.8469574506316048  2.2479195039113073  0.644634231940317  
1.8409711558636167E-5  3.832174753360697  4.3555481257870525  4.8034898549910965  3.8086080097943817  8.404096860788366E-18  
9.003837034978242  2.721437646932938  3.9514017064178666  1.2702418857460507E-29  0.8823921993618143  9.026795096396708E-39  
5.060596089653306  2.6595000570206735  2.057013725847555  1.6184029841059377  4.686163718724649  2.5090257380817618  
1.5420368598063026  0.7248197695135686  2.6615952796887345  2.8073944414702567  4.186626847220989E-4  1.3741951592875672  
2.064785315741209  0.8697998063786085  1.8721839423531839  1.377102119046665  0.3624132227179255  1.47412454741005  
2.2621507945103163  0.8777427335109115  2.1358175647010986  1.538726185052847  0.10898104751339932  1.5869545915805834  
2.0166563465345577  0.8514702874802891  1.7241484223339403  1.3345879703138117  0.5356863315538117  1.228472750955561  
4.482033154802517  0.8140976902724525  0.9420758054430691  2.5216205977885253  0.9742882820371012  1.1601736014744488  
1.6408185454654407  0.9653733909968033  2.209243242218975  2.163380073268802  6.00390001339914E-17  3.3081287592011237  
2.5203723020457325  4.987521324886493  2.1189331223347527  0.10663674579106316  5.984551568293738  3.0563043321554657  
5.7760560519854485  4.571757980092215  0.0022981582679049884  1.6256006840968968  2.8641147434074172  3.137148804919632E-25  
0.4938683973386582  3.481133724391302  0.5864495986401944  3.7893623140950554  2.406200375089335  3.330398725681163  
1.0837131242470366  5.233434134467391  2.9265260389029812  0.31020913301931424  3.4558144687681716  4.025514808601942  
1.213603518204993  0.7821662510093219  3.156069972815551  1.5780421936834077  1.111489586652746E-36  4.770110898065163  
4.859649620125991  2.147151014250845  0.3200671840065283  3.4011441920256202  1.6781142140605547  0.3021928665920111  
1.3255236449028636  5.743966661057364  3.395792579627114  3.048619134291341  1.239595486426627  0.529438998446329  
1.0110560300013836  4.2764979543693564E-8  4.833388457980555  7.651548775637629E-7  3.2844207514814014  3.06367304353144  
3.3013272908923645  8.750545605783445E-30  0.36674414670033617  2.3049595151091253  5.000090755928115  5.139121782170296  
1.5898777483578204  5.649566863082905  2.4167669008853765  0.5693012995708224  2.941330318032197  6.199535404644346  
4.150866608132712  2.6301140861634975  3.605125635694633E-32  1.1090329000326702E-4  1.8546928782186949  6.476568866808455  
2.2074217296915135  1.3145500897401996  3.1267694936710373  3.027210160462896  1.6807034901052853E-33  4.210440565793513  
3.8993566812522875  2.8081907549910494  2.6844345884998715  2.04530214574619  6.468060677157327  3.551625632288003  
3.7439239407985663  1.2952250615774026  0.7807058800715826  6.644008393297752  2.181732484255096  3.508302225151971E-82  
3.4427562683542665  5.014153121775178  4.431380864037212  1.3445933840582243  4.71637007419742  2.3770695755416495  
1.3159055060131888  1.7569410825296057  0.4102351794726586  6.66638988978946  1.4113162717086793  1.0886640106544645  
0.14648329044827407  5.897990606122203  4.930303288509906  4.731806208756039  3.7442192231565755E-4  2.21277049829409  
3.3910118780975558  1.438510044024225  0.33475234181847413  4.582365036370158  7.135750164694946  4.071563743401907E-16  
5.7818970480377025  2.8005479602036706E-22  1.6143302261243537  2.287213455154543  4.319404283138071  5.458877573547834  
1.6102585707024641  0.6993331733648445  1.4944695974239792  1.2175041084057139  1.3030301665999513  0.7245349538267228  
4.7340367943798744E-7  4.753014545214588  4.67930067849548  2.0789062908739666  5.409317313323114  3.2862302941774866  
2.9537079786660723  4.724092707385624  4.480169896870575  3.442144717202853  3.5584721075535355  1.0374026477857172E-85  
2.490295969262636  3.983425678445552  0.12377111794087556  2.6951603322182563E-14  7.5610310112831955  2.881023306717416  
6.592030248824271  0.46983845170053257  2.7221903084517493E-22  2.0021474904012714E-7  3.3402224246401824  6.155722714429928  
4.016334647196317  4.065348406342487  2.647705895483416  4.8720159420687885  1.1624836338996494E-37  4.644351454888803  
3.3890828968945383  1.4864984683901963  1.6742676509136771  1.3631007660036147  0.5742834965386644  1.878901733026238  
1.0364237168690447  4.750443365984107E-27  1.1012126946982554  5.973414324421787  5.745002484524318  2.1966739368811954  
6.1470113284962355  1.9958739229696922  7.293564338986924E-16  4.092915307039671  2.890771123227299  1.9592559054899041  
2.7830645473685642  3.6609401185333055  2.7650612287151533  1.111427278427587  5.6923093085396514  1.982847956765572  
1.9315372955313779  0.8579238119894572  1.6979949517823283  1.3950283860833954  0.48507814241309777  1.1103071583640394  
1.6520650055441164  0.8085576842809691  1.7908636341201654  1.4503378970243153  0.6098626025915033  1.0622304227108708  
0.3969955351057945  1.0308848408932352  4.564148730787347  4.596835717928713  6.948526589330481E-30  3.016420295041334  
2.5830528527049457  0.9362081890796167  1.485492852921709  1.1058793218853995  0.6581752724013588  1.6113627224175868  
1.2741489641112318  1.624135470234317E-23  5.6192306751612335  1.240776696845934E-6  3.8779851445406033  3.5971674996450216  
1.8181967849362728  2.0850117931446905  2.643102138213952E-8  4.566474344806782  3.4751614173089354  6.0022685732291166  
0.4665755242963717  0.5984150808908603  2.7921778228980174  3.0120240011031614  5.546984411134937  5.1963892119720745  
2.1587638811176344  0.8626957017709889  1.5745690454414165  1.3265637589769568  0.5628650807190126  1.0685174337853347  
2.4367488848197114  0.8738501200203671  1.90640031197511  1.4120547805227284  0.292745904432679  1.526572501708412  
1.6687434605004672  3.8453504848201843  2.7293392437127886  3.2612779451012313  7.6222415386548  6.855152940423304E-64  
2.883007256037223  0.863585033298879  1.4871364305735022  1.1624508027714453  0.6354839536963405  1.7437048863798574  
3.1294717936095715  3.4446240881730303  1.5411493672470316  2.8529155028216033  1.4946531194044221  6.691326889521741  
3.2209598582429386  1.1175128307943087  1.5355728698016557  1.2823644055051107  0.5756656048888251  1.6935201835464142  
1.6719967861659095  0.7161613307503183  1.4928132847043676  1.2308065298929176  1.2288474613817288  0.7574237964816344  
1.7460289142271515  0.7684528700350743  1.6120702874672386  1.3242365592417493  0.9180895725242967  0.9065192418814702  
1.4770327111342718  0.3783552013391238  4.82103825164945  4.019331642279273  1.2676322991257005  0.5947934861241271  
0.5464635959673043  0.6214119906246518  5.343405126559034  1.6728305468432383  3.2355760841119423  0.1885897127533443  
0.8989495400696259  0.5792603496078944  6.082577478044083  0.6975711596410124  1.9888467398318062  1.414176652702781  
2.554344494836447  4.511900078907056  5.736567702638729  1.5842690378301774E-37  0.250174967914734  0.899820227071184  
2.204424489220457  0.855446772719597  1.5617048028039817  1.2251510312114284  0.8216068259598908  0.9359263691198579  
0.25468748352712095  3.301502382001521  3.6330722853870565  3.7012534617879633  3.8308020245943712  5.183596766770043  
2.8962773263679433  1.1693189776087636  1.9340224295266546  1.268449977465222  0.30143633781332607  1.5714613435231706  
1.4337390805616206  0.6963584613392045  1.677188171756898  1.3070476492700136  1.1895647310887858  0.7913315102336766  
2.3275425777337744  0.9026720625897936  1.4655365931372941  1.2146657335212112  0.6605716746048169  1.0049548408909075  
2.012467963917827  0.39332422980256115  0.6693507445158935  1.6659842676785275E-8  3.158484048624046  4.870980378811801  
2.7570677484407993  0.8306247508980213  1.1253054357908612  1.733272581754353  0.8275698283738347  1.0845753970865768  
2.2044725810130634  0.8525283001713925  1.467101561050071  1.2543117123985044  0.6882770667328817  1.0031649640314078  
2.317316718021635  5.449318467600594  0.3056191185432746  2.795762416548433  5.808467630544965  3.1518900166044843  
1.1815971375082635  1.5690079529445944  4.044087093059556  0.9971260256833696  0.29460269399779454  1.2038720908507323  
2.189552037051316  0.8076294559127511  1.2665091002709852  1.1941349635204264  0.9754945791515284  0.8506102927653559  
1.3824706185558389  1.3652727623011833  2.4624491658514343  1.1009334171365952  0.4003456804545104  1.1768001349692052  
2.1016493176578805  0.45815549172725595  4.050471476961667  3.58030529732822  5.277947172536445E-4  1.2803701801769682  
1.8309322393060213E-75  2.469346679461802  4.011849470056648  3.8107708834975345  4.025213754738811  4.022786162432111  
0.7513508891650705  4.653446466496811  0.4391136069899501  2.4945752533437044  4.85982094705096  4.971277262461157  
0.4886828496515461  1.802117714014744  7.079618893642706  2.9628107690252845  1.798032652421318E-13  2.4165925248613385  
1.2006509589785026  0.6140507392391432  1.8414829407355544  1.0135995527952497  2.264289668817589  0.29671104546703586  
1.8946869670869337  0.8213525665190456  1.5965395628151515  1.3357650835815011  0.7046887498679608  1.001818253956054  
2.6509484670494285  0.8594237561713588  1.4062126891652142  1.1082258852306586  0.7114670289931846  1.7115735719424945  
3.310280969872789  1.3621228294773127  2.0947723471085458  1.503012797234762  0.14122355547544335  1.81437784658992  
1.8884818596509718  0.7984787561087012  1.505083239051065  1.3006657875441672  0.8522302922461011  0.9284116560843559  
1.6233788835678444  0.7591587169307722  1.63886055028865  1.3346580581898984  0.9355166536120398  0.9033268804806056  
1.9331044797355874  0.7847817384076434  1.4195194011829786  1.2458985251962507  0.973707290783596  0.8661642546231226  
2.73691059654138  0.8651992993989426  1.5113197483870013  1.222758295604073  0.639871660637771  1.0514018679965023  
2.183304577724881  0.860011347644563  1.6094232119736367  1.3814840322600794  0.5248331844842148  1.0779684993365277  
3.329440848158396E-108  0.6780046329273841  4.6789634400769105  4.5200418902265005  3.045904943237684  1.5988252246376606  
7.430936214409903  3.5297278478628655  1.2323356375127226  0.5842991355702924  2.6288513025038567  0.36691163639178936  
1.3677370475883277  5.9464147204695665  2.594740760306035  0.06807757667112442  0.7883139206185966  0.9275712559308756  
1.0367892663768732  0.6076726465250646  1.0117787165507244  6.735073199916592  1.518901619087083  1.15473641669306  
1.192467283094513  4.470437704770113  3.750117038530393  1.1319883843346966E-11  0.6103491783464497  4.37860134342491  
2.3866338606147535  6.297437691886144  1.499182572772434E-10  4.253762107381382  0.6564643989381064  1.1320246775648113  
1.3248935885862676  5.6657220330385805  4.933211740787703  1.8153553260298163  2.3279541352095056E-19  4.264510950191482  
0.17525264906132357  3.0485076182282214  2.7240193105393358  4.887733939155671  5.677195723811863  4.373349044686729  
0.445745817459298  0.8473750480756016  7.52962453925706  2.9961619494913445  3.797065499970246E-20  4.190195689813552  
1.2511745310110942  0.5289733371353196  1.139049753042565  4.234470649874458  1.9726501686431739  0.475446291570688  
6.402788629567723  1.2240565236960301  1.9456929111015864  3.0163851942849766  1.2391443487744436E-25  0.8500169840191641  
7.077560573323282  1.9526012333691627  0.0015484013088558136  4.3910901498078845  1.5325841245423109  1.3934710016288978  
3.0657890663643563  1.2325599428276621  1.5136841704369899  1.1169291085858417  0.6147519600803429  1.2737802509881682  
1.6786366275334965  0.7405829812891301  1.5430544417875618  1.2741984772651453  1.0846101986021306  0.8272736477834515  
5.852401999023848  0.9863758205172155  4.976787497106099  2.7148172998311297  1.4473667041736755  3.093668354132791E-13  
1.5251575966583644  0.70831262151705  1.5942669835355034  1.2731065565571194  1.1937704088354175  0.7829388266301964  
1.964960689666183  0.7867044948536364  1.4057326333229963  1.2427303193107355  0.9739095809263837  0.8644518100580749  
0.05599763257542932  4.321014203465747  0.8921395074296024  6.925959012437973  1.6125137752850174  1.6916803025860032  
1.3358889696410339  1.3404600829488757E-45  7.717451550142723  1.5746168622855793E-21  4.14554913353396  0.595508061298328  
1.8910947788493582  4.43381268704447  1.1510050282418833  3.60897991766706  3.720920542924914  3.294185825403343  
1.5974832466709914  1.3787495612431824E-5  8.2075021063289  2.7586736176386575  1.6270365520130727  2.003301030236936  
0.2928842709765939  0.2904921419174259  3.6515135232441815E-8  5.938954089138622  2.73224780726691  5.877770123451855  
2.2492314222482044  0.3183601696647515  2.6582987073990987  1.0600428086564974E-10  2.305436853131177  5.24013121416076  
3.197587008716595  1.0374294843944267  1.7839118082169851  1.4370003065662516  0.3725319216809178  1.3601711169288901  
2.680388588910398  2.3248727801847386  1.2218836070889775E-5  1.8231034776275759  1.7966517102105701  2.8020097690671726  
4.168713507730491  0.8960124238512661  1.649925357087334  0.4701359364558361  2.960524606463145  0.6207123117051546  
2.5006847469533233  1.3458790558661295E-36  4.276330569877387  4.442418615184798  4.0117301637699345  2.0582101959691607E-23  
1.0689753146246064  3.0236485028113025  1.4912762721242216  1.77536503419018  7.331065689387122  5.200185559349449E-16  
1.6035414800515184  3.3500204312882103  3.153778618155431E-8  7.047542828879117  0.7632460312363786  2.1239268592371285  
4.752762560533514  5.771127532325548  0.8798533541200348  2.9485244632497407  1.3299152690776062  0.9352032651078863  
2.717500107222683  0.8905300787172923  1.2574338006534245  1.0399195048756016  0.8341981330047148  1.1280534226677643  
2.4753847965506193  0.851466628894829  1.2525491893271823  1.1519759294597076  0.8429260117169969  0.9164594549517943  
2.0825370971315693  0.841284962221519  1.5958760308923792  1.2871833932757917  0.6669736509083405  1.0652124892943264  
0.6460599582230953  4.8637165768394475  3.2940539474084822  2.4013479455782334E-75  4.971551351036754  8.12005657318436E-83  
1.2755372076363812E-41  3.969603563540259  2.9385089513254328  4.516631862268532  4.4187552538047274  2.0880574693463956  
1.3712496443177362  0.0032738513748257706  7.516783973629659  0.47773336598352395  3.4468030008605277  0.9174903872766892  
2.7242682971344987  0.9604387640281461  1.7810611519718773  1.3130405348389844  0.4761496011383761  1.618894786571043  
3.2064525062829063  5.908188979424834  1.665855350411586  3.9035616421924115  6.653385679341353E-7  1.0813160883676178  
2.4724536526003775  1.0279187161442687  1.7859037345164392  1.2776626092759558  0.39769494590848686  1.1709235837893404  
3.3351093898758633  4.0304724008068735  3.1828669313432894  7.971525051904953E-25  3.0631795319573443  2.076949924888132  
2.366775890922209  1.1125633929678395E-112  0.3410557934571091  1.7956932895382898E-89  6.046265443870537  3.073204652801298  
5.165156240510171  1.6389416537380066  2.234939193227506  4.043968298251772  1.4507667332692895  3.799642750148345  
1.918857948704865  0.782211468859147  2.0610302302875687  3.142189671166056  3.2088182664840676E-10  1.341227573398691  
1.898321175330659  0.7733518649634321  1.4291799212959455  1.242865996655801  1.017789947227804  0.8469140064876144  
1.3366324038279611  0.8834922949465595  0.786470177373998  6.909128777888328  3.324507885671271  0.30677462301910585  
2.9247613945685895  1.1557163016703573  1.795651189203415  1.4457122413272794  0.36401826816081634  1.9464014425668055  
0.7215979389755459  1.0980109319497777  6.212917142683172  7.405302348115423E-25  3.5785440161598476  5.601529605962224E-34  
3.2210943036521584  0.9933873882574104  1.950426304181262  1.3250114540769313  0.4544505415890343  1.7238460776691784  
2.5373771942766314  1.086131915558201  1.5561050730424055  1.1135766905585318  0.6011174200913066  1.0250498982632466  
2.983601513526795  0.841496405280783  1.0280016580995082  1.2951116941495808  0.9850729954551093  0.7906420769663831  
1.9976347384427422  0.8196629988319825  1.5067336301356735  1.2935733927046513  0.7731317148593674  0.9625339681672272  
2.800360555387686  1.0252419886673831  1.8128979060654593  1.3160283327237097  0.45279097756351677  1.1491931471676242  
0.9413846965448147  1.4953496872068663  2.326122748727636  3.580063033549856  3.341187530270802E-56  3.7063343184847413  
1.0547402112682987E-5  4.299179067500758  0.5607447906123628  4.767227471454416  5.381257803869974  5.1229337529727  
4.103571976505633  3.5780886239129535  1.901962853358706E-153  5.219792818814371  4.488786754628157  1.0776874328068418E-29  
1.450780660879535  0.7777112311519178  2.455731417876954  2.687808083167627  1.747757249428625E-18  2.5418484853224834  
1.5361687382836102  3.344562657119239  0.9179865071475497  2.129350256242686  4.166019693618779  1.4729311055626324  
5.516845850907227  0.09340381321070435  2.611679649725359  2.0880682005503728E-5  3.2079555927961  5.1581776084467075  
1.4620009216569274  5.346018475126692  1.6768133729450696  2.378919205049138  3.6990814374733225  5.783327023297473  
2.5787691052805948  0.8642287455962039  1.361252527623535  1.1017733628327664  0.7458067003112989  1.3408611864971458  
1.115690565375688  1.2456096634251188  2.9981702720624717  1.919276846964666  1.2059886766885447E-27  4.645474483366129  
5.31808797934423  1.8292648077971654  0.46151608157432755  3.167447449020318  1.6199359115927086  0.5127160811078398  
1.4491996540477807  0.7492364399371315  1.776520899182299  1.3947505010386898  0.8843789246836904  0.9388086622117809  
1.3129191296237397  5.088860235577202  0.6286457267639165  2.2534838240770427  3.8566449533629887  0.028898732330505095  
1.0557724536674378  0.6199030711882672  4.377214611396937  1.096480212363441  1.158601631294265  1.707551504096419  
2.0677679860319533  0.5881186940982341  1.0500410317411086  0.053919479037570904  2.2235646031974325  3.6377427838450753  
6.169795706677461  1.3114802958265834  7.290623211300437E-74  2.0327767435095727  6.0576558399300335  2.7453349894031804  
6.071805487574421  3.097447810645843  0.21818421539266744  0.7964475490212006  2.341808787205437  4.672824654168973  
4.837755528976657  1.9612522306760392  0.14351311125226296  4.508444364902938  1.0741008747878718  1.4827143655216364  
5.64850566349112  4.626118471230931  1.4851265545643408  1.8247401776165533E-9  0.6278606549226019  4.888045165280631  
2.184189457033326  1.4446798917980823  2.8747243988345463  3.0247512313048865  4.652916143486548E-40  4.3162167642913465  
1.9844741124082033  0.8224440348165305  1.4898744697673039  1.3029389297075973  0.7614232672610509  0.9675408059820964  
0.798625384122465  0.3168503352009426  2.6162568812990905  1.0374360779626535  5.052335767968148  3.158441036807828E-8  
2.8824040833968763  3.616695793404877  4.719095639883911  3.7989759919903796  4.69768326371193  2.446717415266938  
4.12632835293537  2.7748492098709487E-6  7.374950846913298  2.7176417495098337  0.4334720556581864  3.184134666271263  
2.804510556560996  1.870033837534643E-73  1.7892281302686952  4.362237894697135  5.232876225851567  1.3785626606638615  
1.0477706030847083  1.608921351400776  4.2607390539753025  6.370650238863874E-7  2.5583222515880286  3.8851750898226714E-8  
0.7940650010694986  1.4810420081713995  6.339145445349439  9.867612950545611E-33  3.084502929218431  1.0836059444871942E-23  
3.3301010685005323  2.4320628371431257  3.7907613578555068E-6  5.101885483981467  3.5760866597795213  0.17536938780789224  
5.149278170772387  2.423004985437793  6.3404559450820476E-34  0.002156936195635108  2.093416234418646  5.9049956396274945  
4.496921112480278  3.6565840403255723  4.869940310520716  3.2927150274155106  2.6797347784805554  5.200270644871517E-35  
5.784438411656127  4.575206548790221E-21  1.6132333991967849  2.287836606758723  4.318670168867419  5.459032441643793  
1.6973495317967426  0.7177185338922416  1.4594704277664698  1.2145442652293936  1.2450295072447244  0.7475897441739083  
3.865298646228909E-8  4.692975970940803  3.116227028573939  3.603200643630009  4.599408802479761  2.7370958331663267  
3.315291536573185  5.090770045248893  3.4268146751449924E-25  4.907165162784501  1.9878125217750964  2.038774435007402  
2.050050677583363  5.641727090239935  2.177013130781564  1.977076804401237E-63  3.384401710385579  5.209298681741044E-40  
3.7103361380701916  1.0710928325535896  2.433998558991252E-9  0.11378458465553465  1.9784773371894935  5.575424577270009  
0.8261869150887413  0.0010128222194659988  4.85111960529598  2.5608643652580458E-6  5.759860523702162  1.9718376552490854E-8  
1.7315063252161869  5.007796564493332  1.5580157495748206E-83  6.869200399087173  0.9625389813961802  1.5916834202135453  
0.549962597333628  5.365702734258956  3.5655284085926637  5.548234351681659  1.0261528079343399E-23  1.2774508866460716  
2.162922552296593  0.7882911158465986  1.2734933840877591  1.1709330599160193  1.065546591613171  0.8094398120532663  
1.7822574071670125  0.7441652237465816  1.460344882680705  1.2365909058279385  1.1260145563244972  0.8009603402984646  
1.939876809671661  0.8280673250673484  1.5565141290226565  1.3442948543528606  0.6879899538139781  1.0063437026448583  
2.7589703874949545  5.595061251417093E-51  5.971465350133182  7.111157163762853E-21  3.130204319998226  2.892151640905741  
0.883655734694419  0.5757759092729833  6.060218863802252  0.6629339440923225  2.1681976160326766  1.2242988992390482  
1.9634265994721327  0.8656999509964294  1.795693213884119  1.4594766421132699  0.37959489939770225  1.1615827854020193  
4.344784864965082  1.1788377264771008  2.3780730082646548E-14  0.6306722885705217  3.4926817207330423  3.9009719897897757  
5.209397186473513  2.209470272311701  0.24762794743241542  5.623518660789229  0.778490755321127  0.7059997543467554  
2.177859436780226  0.8359155921496306  1.3835636708449606  1.2547343128684547  0.7805331157935107  0.947912384083202  
3.567132555570701  4.134167379936076  5.706414483373018  2.142725437600487  1.3226315460746931  4.142595742007648  
3.9395463011075247  1.4374360239264643  2.2349979588870355  2.294291465515358  4.276904918859052E-14  1.1145146713697083  
4.4739037818274365  1.024226742473211  1.4197397243799366  0.3213198738534843  3.0048224765166154  1.1260942907219902  
1.649943788650183  0.7131682276025502  1.4974933756330409  1.2304059616944663  1.238842460751175  0.7536213589813588  
1.137468662305075  0.9045758363468728  3.0727153704764185  1.9420959395783584  2.6119640224315743E-40  4.661635595179018  
1.3497377389011662  0.6023362378173269  4.174656624062108  5.025759242143504  9.909540026973108E-24  1.2744356413766353  
2.0133233366449983  0.8731494702318253  1.8243898696651975  1.4057045081095623  0.36328062038909614  1.332675358423932  
4.28723631282127  1.3399908905472784  0.6983985650943596  2.392033759962019  1.1342648132400328  0.5839027986088189  
1.1934614141269795  0.6036979910084956  1.9466386239046913  1.2136912509035411  1.7561085348760976  0.9263526230094644  
2.3685022697340385  0.8644212853583416  1.4406632230459617  1.145585506030272  0.6888279739666034  1.3363644468902791  
2.9972721890277763  1.272136134504075  2.228396030554465  1.5265108798363036  0.48723913746719477  2.1396446447996227  
3.985140320970706  0.40767159004347125  1.3410824711749565  0.7834137728410739  3.3839076582259624  0.5326864473381432  
1.8937168197847916  0.7770150603085124  1.431986943113435  1.245095930685838  1.0001454209674079  0.8555051256979062  
7.161277858009523  0.5352859378056253  3.206915387922841  3.865182877220962  1.4837892809528005E-12  0.6861203612193608  
3.9931527003823093  3.256410998649759  4.649990657300683  3.666850405265469  3.4732830569428135  1.6592891913898165E-31  
1.5489416812394525  0.029001761828400283  0.33260968384266626  2.15194613457616E-16  4.852082580711217  5.022970475310055  
