2.1249519722763437  4.797732738838496  1.9770492714375827  2.308252696583799  1.7990980169260082  6.450088010738264  
2.6701041281676683  3.8834291738651716  3.2418669247696403  2.476289071380953  1.3079684433464553  5.699500616598617  
2.1717976470099014  2.1050033160419865E-250  5.468323995927501  2.7506684300670114  2.9113473428118724  3.235512567082237  
3.661428298886612  4.554749410146753  3.134732335603768  3.0255498759528883  1.830201898026351  3.8703095908766443  
3.62578849728761  2.415537918613444  4.532612215567509  1.402441930604804  2.755922863060685  3.3329721044749343  
2.4946523594107854  3.9700794548747567  3.2607246540946435  3.2632013264303352  0.8649428412751102  4.878886791620436  
3.282805291071598  3.9915815751240644  3.7844188537774115  3.2987844791430994  2.297758405924303  1.7644506039235324  
2.6965272444500332  4.1173695442446645  3.4130940130711145  3.628671422165025  1.9491214565786978  5.746054136381039  
2.6903728499024253  4.212374218997923  3.7637553910765678  2.3965430564731283  1.522138128161364  5.2622605682919215  
3.7462198635365334  3.252610558442307  3.229269312787575  1.979837558948579  2.5045403316166968  4.759215520689286  
2.741332937181733  0.9861217485264968  4.667201588305829  2.701878235824471  1.1854310250512439  5.619671423781409  
5.425124044772692  2.8724304547098063  2.5366194201609455  3.2201269651269127  0.9556331180706537  2.351394734315  
2.5028606138434353  3.244547927905139  3.7085944897246668  3.1822215373371527  2.8038723301785704  4.143518104990847  
3.2825245799497287  4.3626340700434065  4.397391139136469  2.854346472532402  3.131879052237467  2.338489222280885  
4.291809832336158  3.377221261566194  5.705345089014658  1.8533129909331503  1.8997511922943293  1.8242566879504685  
2.8627131197371423  5.495531758086021  4.393999868020154  3.501043637750261  2.7377518337387814  2.8909636266044823  
3.3747961156398434  3.1216114299940805  4.609948263847351  2.3688361719734496  2.275932639884133  5.15525132070192  
2.805722155900199  4.730271121091002  3.933756510722492  4.0327489601104425  2.2817596270871343  4.102936269298084  
3.9623382824585494  3.685763135378094  2.936119316288255  4.806316665533114  0.9505871047473461  3.6841453706833556  
3.3544867619757412  4.691270406520039  3.8685868457152437  1.3315617749094584  2.1480911227427697  3.513396384871989  
4.928198221984243  4.126917593987861  2.1372235140698055  2.640857460430581  2.576406425469253  2.4593909752856904  
3.490838558385911  3.1680578728094626  5.128613805676315  4.876631433206807  2.9066125603444695  1.9457777732578725  
2.229183703173788  4.529879673805633  5.059312042454087  2.39675168877484  0.041909440638965026  5.259103743139837  
2.618263289410476  4.926113553947591  3.7412279307352185  5.17346943425148  0.9697257148332328  3.815348543099013  
3.16383492447925  5.071966209858006  3.624040265302711  3.546744146588422  2.3424986413870084  3.7893049632880533  
4.239245894242733  1.516397757764312  4.6896196863835735  2.196232499625691  3.42815559974038  3.4758987807623156  
4.143507494174982  2.67307935273497  3.472696789865155  1.3735236637751242  1.656055039264095  4.428781876572594  
3.1328265608376227  3.5778407758428727  2.195716669541757  2.8814432206632707  4.3364087183059645  3.5416209590629815  
3.862095481979662  4.261264404205161  3.771180089897622  2.2911475302565143  1.2570296002118315  2.5633229022786974  
2.7307817681211914  3.9663795510922357  5.262798593736853  4.036941685896403  2.016697252767907  3.031621837437327  
6.753483104372935  2.3527643366227133  3.958827704495982  3.7303515144993253E-4  2.077823464270942  1.3327609739273151E-38  
0.6680939609600524  0.495015292479571  2.231109228633539  2.0030299072591142  0.9426343635949802  5.357682992144359  
3.845729904853377  4.107609560516599  2.8570872038420716  4.855668464253759  1.5214721558861892  0.7181959484218118  
3.4915006773851283  3.901339215470686  2.762073756135717  3.443433686354901  4.1571396520770465  1.9587096017964172  
3.278194704620974  6.224567385157923  4.968323753300999  0.8442583273075868  3.958949383388745  0.6893032548394011  
3.8892592091188654  3.183819225327233  2.6661535837807255  0.15669239604742688  5.2552958268375  4.92037620307358  
2.794651882821226  4.893567383634397  4.191492840688119  2.2333851420500923  4.028061661770625  4.509035770711759  
2.4987308390429948  3.7612911873627417  5.981019185032434  3.839259742843447  1.2761913224539783E-31  1.7700077233281717  
2.6274935961065444  5.445073020358915  5.281783101418794  3.165518388963695  1.5683732281675206E-96  4.456403847348634  
4.0646321195104145  3.7442341261038656  4.553783393271603  4.154172543651184  0.46285342394748336  2.259892833386033  
3.9088149170759796  4.010896543100522  3.047918496564008  3.025255956460367  4.122448806110455  3.843731539348158  
6.0798437797237765  2.040015067219859  2.5586256545501103  2.978140094692334  2.3105474603241913  2.611636311103938E-71  
7.950551628888041E-118  4.826330780880398  4.496338402903547  4.591503348996669  0.3185638106263106  5.138601322509608  
4.085846278953881  4.610742369485779  3.6048195570772656  3.085051094687434  4.064547719667044  2.7778606962868664  
4.2925867932520525  4.737697259582939  3.1913540575195407  1.6676721593854262  7.138226934282043  0.6860414941250996  
1.0576012863685818E-61  3.8315851812258153  1.0811685298291442  6.0751498904216765  1.162739446028183  5.486045595349476  
1.063794826781569  1.6406591864058293  0.007058576863965864  4.352029728829587  6.871105223877779  0.9150155160942063  
2.5495531377283536  5.822001663476353  1.529461826890149E-14  1.4371024870585118  4.368359803380177  2.653684005571645  
3.4889150056547495  3.07326214365934  4.6166570397411615  2.157345474437314  5.040993683785694  0.9271372889263826  
4.683210254257537  2.121943293035763  3.83355711945845  3.9229770486080358  1.5942759175012589  2.8095936869328826  
1.4455697851043368  2.275359729257058  4.321555445217032  2.4074103876628783  0.27305480665082227  4.571487281703045  
4.706676567114376  4.49980872513286  1.048870803573711  3.6600829477338985  2.881989466887603  2.600215701335222  
2.490450174913304E-12  4.76967564258985  1.6256268462100367E-29  3.198645399465757  4.308073495234759  2.830982191804231  
3.715886827678179  3.004776972296621  5.182533908068181  3.0626728921329778  0.4695922700419174  3.0414331473966276E-133  
3.2055967947381165  4.788541290556738  2.1944649719244094  4.465816652883511  0.8706721615965434  4.629882281003159  
0.7970327888108081  4.605174477505573  1.345122767386884E-143  6.095706974560265  1.2819105996716407  6.266952080504827  
7.4302951032071896  0.9304551475145996  2.482086085983763  1.3845652104878738  1.5786066906956777  7.729053174928969E-38  
4.363705444038577  3.0461134455807097  3.742129469981837  5.823658539300798  1.0477786370436084  2.2940228016411174E-4  
2.4425775402456633  2.786906509080231  5.52611461731599  1.35688483567981  1.8789670317200227  4.626040835706148  
1.6595548995974156  5.465637551864335  3.5700593803371095  4.927799282067656  3.686172635166615  1.5006393623838302E-25  
1.2023683883746625  2.7626511960456246  5.399803053797228  2.4660953400917687  3.564358112810026  3.9409603444904064  
3.3271728085369296E-23  0.6717450871711067  6.273941924615379  1.2673036228762715  4.039605142748469  3.764326003065852  
0.5635426699652596  3.2794712609927785  6.146756356725949  7.562598515053273E-118  2.760406730879082  3.868726907451073  
4.914711896336831  2.6994763551746064  3.6423818689219387  3.631265018214564  5.2642100491043955  1.4128303929128356  
5.1294472560873  1.3720297362777134  2.7762002833466335  9.472766652416442E-306  4.475369612958725  4.396870768038739  
2.231426418803571  4.70358786266756  2.9773347283476626  5.582879447499994  0.2822585662879115  3.309995961589334  
3.8054010462192585  2.921037226218163  1.748861677270839E-195  4.261909397096049  2.184119917922083  6.049239293724749  
6.8975275855990965  2.5328132602918176E-80  3.7701098575843224  3.45196013079487  1.7325486839297852  0.4241311570564852  
0.9500499853244795  0.9236515569322449  1.326023558559285  1.1297784184998416  1.9484732924530994  0.7215188622481498  
1.4220100396253907  2.6988292113002805E-8  2.0684938466602736  4.435735269226751  0.9021927713413069  4.989474280775062  
5.739181349242993  1.4587955449717567  3.50079746551443  2.585507910724844  4.204472090360868  2.2479517724686513  
3.1681285524380978  5.524129445522199  5.004187570271087  3.04456177272461  1.3265438383025838  3.1252205090346075  
1.9000333943360173  3.4579018575695373  0.7575343693323925  3.8340261352028473  2.7977667023105464  7.518041935387852  
6.779526096545618  0.3628072758968734  3.152432956291496  1.6663945715586475  1.9969682100231287  1.8641420879579467  
4.205313076119478  4.472565854440203  4.399334655332218E-227  4.00253210038232  1.3122937857391428  3.1896163342279675  
3.255477268072896  5.4361327576798  5.3309109825825525  3.493265528610015  3.372213211972282  1.624774587260963  
3.933378470432489  4.50902770607032  5.247482329398939  0.0748282839435796  3.640668099754463  1.8561399093371984  
7.097255332416452  1.9209200622295057  0.4878124268878614  2.2314479674575565  1.416775759242936  1.4041628813877004E-102  
2.93914128813567  5.417534943155212  5.126492263650376  3.201646147146335  1.43E-322  3.5835579407867364  
3.449331747614283  4.9581294363207205  5.100614198104012  4.297931340886254  4.982086838710081  6.063448775025911E-5  
5.794765658238599  2.778421034946256  3.5931750306578394  2.0738621508135786  1.4639371695726104  2.396688730412411  
7.257108327864858E-51  2.6225486997655114  0.10426184607392358  1.0798751881567759  2.1064414478546856  6.798768590495536  
3.5134327389536675  3.892459545653072  4.732748868432083  3.5777748857064218  0.133896152772984  3.2819707662977264  
3.8219717886105333  6.018092087300282  4.029234705888139  2.0180731178724436  2.021770641640884  1.6083731112837498  
7.293006104566541  0.30882968647357  5.097160877023338  0.5274142629113806  4.336859930658415  9.607513248390366E-17  
3.089568090176462  1.7843860896801718  3.807457812942231  3.37838454397411  6.085739552252535  3.232015919489079  
1.186026926260953  0.13127460957563383  3.1777435963570295  6.275599109877925  1.4135793881985395  4.133117314520042  
6.84889865530922  2.519647574376707  4.5526616796266755  9.158209879350278E-32  2.4761458652657007  3.3157239692116484E-25  
1.8084915171118092  1.0316896692062392  5.0193178561747605  2.409456329835163E-39  1.933196972643636  1.1134912799172964E-5  
2.7844130761190478  3.415999774285756  4.830305903366506  3.400099170029412  3.4682919986293814E-188  4.2036716854468645  
2.005478161240982  5.019899201185875  3.862204857630976  3.3738460593699657  1.8856930742407834  5.586741974868585  
3.224896070771796  5.616329744289295  4.111900222839561  1.872086293332366E-9  5.496573103025541  2.7544426229532686  
4.3851248987522166E-66  3.2136615406367617  1.5551101294493487E-33  6.38283523010539  2.3589210050014415  5.346824339356983  
0.9362916088840992  0.923579457769436  1.3528711813395349  1.0570441739988448  1.9955859062721293  0.7268451212454162  
0.379531282427199  8.714735662814718E-98  5.154104669648156  8.202316488812592  2.532571161375136E-7  3.1844982007003666  
5.0367205405122135  1.034812387729446  0.7076547187807527  0.7060061968580698  2.327427501881065  2.123980655273335  
2.1835260846390137  3.8154870713184983  4.144549244655651  3.8697612581847984  5.098292030609041  3.51589488065429E-11  
2.109441500757945  4.994631498861201  3.8760524805447707  5.127404688405958  0.7698614592090861  3.7907007562035475  
0.9497286438243219  0.9233906727479282  1.326454792682098  1.1295689671933529  1.9461257454038012  0.7216341608902144  
5.388591938598449E-4  1.0016575126676153  5.0235662375462695  7.848273527379855E-85  2.811704530138984  6.025697796677258  
5.35680045260593  1.7084786775960619  3.2981038766540998  3.8214843306115402  0.37622767224348863  2.840699862666549  
0.9583083017841402  0.9232566519361692  1.3095767682909822  1.1759554727725445  1.9143651070916416  0.7183065979054095  
0.5889481643524279  4.801235492052423  1.8748756130726893E-28  1.6674460620624042E-182  3.408521664950197  4.862096678772899  
5.153265379703694  0.5564062069345003  5.236423843609795  5.85115731719593E-59  1.5670814338784576  2.6021470156783733  
3.1126047520948315  3.848485928325294  4.15327947103228  4.84618481049986  0.27911481878079136  2.6694598978577284  
1.3753129516988866E-12  1.9613114101102576  0.6670650351620189  6.373500510138574  2.3650648844080946  2.3336083729258488  
0.6402805197540852  4.947855576602591  1.6899337837804282  1.7264102624891173  1.4409034414044242  0.4947363755420574  
0.9435707254141901  0.9234683009551289  1.338553616560834  1.0963842610392767  1.9686737013051405  0.72402204538327  
4.080171829370192  1.0097898024499339  5.553763538207926  5.790064557783808  1.8771851433793079  0.8746622302151528  
4.337155317185466  1.3703186629417168  5.3167612675181575  3.507755025834963  5.070711217839629E-10  4.170646551520328  
5.640172386914474  1.7738847517764136  2.920447372079232  2.543081255099821  2.8194220015084857  3.539289611595473  
3.1811760761733665  1.1855133830192808  5.363011171418358  5.280736767195832  3.5935708849856787  1.0945555808438598  
0.9759645666795632  0.9235228437804862  1.2763615516618114  1.2629700990931518  1.8619737051517495  0.7117260413041658  
4.39538638157486  0.058324040593041394  0.21121955358888467  5.026013433750944  1.9750626445219037  0.9276464731953159  
1.1014670223624257  0.6697518570001322  2.597484516064194  2.551972724512822  5.207375032882857  6.984131457851051  
3.23794629156163  5.08904604421263  2.1266112529610344E-5  6.549365283390241  1.5412459766378561  7.244816997572781E-21  
1.22076162103988  5.120919923667416  4.6853747527938765  4.1419624942782525  0.5881760253908462  3.9874557292148056  
4.409905642648673  2.0458214230469647  2.832204622773952  1.6182489791363954  1.1306148638799578  4.3904808252522445  
1.6809026355971292E-14  0.8760254768399959  6.533929017821342  0.6034589678005858  2.023289075587665  3.9957002711283147  
1.9812021715908346  1.3742474467704214E-77  3.437249218926337  6.558743100810221  0.6648182268914546  3.8383117800459274  
1.847561067772578E-16  0.945695901512841  2.1335888187499026  3.136596072354658  2.648383298128438  5.1165257470984775  
1.6736413026540125  0.8673674520855954  0.6585218254217072  3.0775386749010454  1.3694486061339368  0.6404844614755804  
3.259566524242543  1.9693046002336756  5.755297637104459  2.705177662641302  2.3717571266162762  1.2647808633015698  
5.162346783618524  1.1153193295323718  2.8125296679786724  1.311625269142876  3.8775931054730153  4.7623949944834525  
3.9989503081024855  5.540637133568335E-22  1.5860748086449301  5.523759000107552  1.0884860429615175  3.4671229533347745  
3.5026669109222746  3.623589810662204  1.9489447862642495  6.390532620324567  1.024264878484096  3.1917620391548245E-27  
2.8535360614708467  0.9964721815744774  6.226287601678326  2.152388293678835  1.0224012020228714  4.147548679417422  
0.9557937464504237  3.5612785236150444  0.4918843588526439  3.8624084882181355E-26  4.294865840125785  1.365164109438066  
3.6170446899954536  1.9335866500365476E-68  3.7937887209731325  5.9116103675147444  1.0341525153666282  2.2566148478845  
7.624396743197755  0.5851467154614844  0.7051867492591738  1.5795966836068367  7.670214569422889  0.3047370660147752  
6.353705139741801  3.3644217988799263  5.6986832780866445E-8  1.5684398030744702  3.6273809172774705  2.359740529290279  
0.7996365281462747  1.1930882045767373  3.8369707693443305  0.8514298179041045  1.495587643728997  0.2584245669335919  
0.9304134297368815  0.9236693696570671  1.364433292021304  1.0252746322161108  2.0173205537749483  0.7291248804774284  
0.9413546062119245  0.9235003416638962  1.3429110823105652  1.0844177742922458  1.9768430335484226  0.7248814958281522  
0.9402001659740713  0.9235382582443995  1.3451986321406513  1.078059737761189  1.9813821738962984  0.7253295950591968  
2.138859275931758  0.9427657210290508  4.442557559227812  1.4142602070261862E-26  2.5499434389301396  1.3046785264648637E-5  
1.1665850284279102  0.2783794728226128  1.9264072454905352  3.2313637270762965  0.9593966759249396  3.5361346319917772  
4.6882101988750104  3.7643454078845053  5.56833872831729  3.330107166367556  2.3034247559016165  1.0955805693112732E-105  
6.878057886986319  0.4556435927123718  6.70727688227981  1.8070010026755214  1.0411289226559393  0.003567210462781535  
3.831443633247688  1.196798967634964  3.5944232555074342  1.5421138280016078  0.28028149876549313  3.773993137789688  
2.380882897851908  2.131653840494752  1.318441476287691  3.8443032836484963  1.5113736674482816  6.472284756658294  
2.0889508954371734  0.9974576528280037  0.08437601888947201  5.4523316484886974  1.5221465258712268  0.5291178505775014  
6.200472968249228  1.5686215431282904  1.7835802414628863  0.18746455460902375  2.5731493524154336  0.25029290824924705  
2.9514214510266936  0.6214780561422616  6.026014783250046E-29  2.274385212972547  4.058023434352598  7.670833288125431  
0.4500844903662501  1.955425404480796  0.1874058005346548  2.6188078249981848  5.783841302307825  1.7309491738818452  
6.432954310010888E-8  2.778544251167848  3.8746131804582897  2.072368538507392  4.06470559094851  6.441649912804174  
0.5435446813828477  5.056669154486399  4.441064012369492  4.132091182015792  1.5715543357496744  4.842046671679169  
6.745781492149008  2.3845810057974655  0.6065538442462433  1.2867235263017838  2.0380801333567486  1.0123118564831655E-57  
2.157189349323659  0.9704391469430577  0.08313268961905178  5.442420042335149  1.527986874706283  0.52889984040523  
3.4538347038158657  5.583419202130049  5.4863176842089905  2.4505006215225174  1.6715773563705536  2.818169494799585  
5.7449566333837  2.7221681101022142E-136  6.924081219503675  1.1994100786373536E-37  2.765639997433096  0.6059069703490061  
4.257939713155252  4.936242546340834  4.431107088701005  3.502633984267459  3.8107192214683083  0.07277475122693121  
2.4678958939647866  0.021250517355421647  6.668780369519043  1.8891882568389342  0.45663818104473597  1.6363783466818813  
4.831860003246471  8.9E-323  4.686549474548409  3.0028833937495816  2.8209225803449256E-103  2.940624269390224  
3.1598103684732606  1.2353495380758452  0.6142219889908381  2.395387134219441E-16  3.7602818587002997  7.624053262869908  
1.4653487973178714E-15  5.833227599453598  5.365519468765879  8.86907604286295E-30  2.4808699164068915  4.199931471892126  
0.9500297946702629  0.9233742366026237  1.325852782602125  1.131265658990939  1.944854371342122  0.7215171114476376  
2.083108782907872  5.4885933736113754  4.95950356548167  3.6972053779563816  1.1400478930182474E-112  3.5639276248319938  
4.871146697071679  3.4550364618483216  3.799541374913967  4.5926307148192205  2.663483834963689  0.013216439326822598  
4.434230921232547  5.007402732080642  5.045507888506369E-22  2.1376502226210503  5.680699007632578  1.810758615623268  
4.719918568012985  5.067715901021719  1.1423766500737484  7.968894429122139E-135  5.1838880221617165  2.40611142902171  
1.6904862611370486  3.450505804801761E-36  5.270573789394605  5.6145707275624135  5.233814607194881  2.4873263561780505  
0.9432955404845768  0.9234717763600196  1.3390942828308972  1.0949012804775533  1.9696814000568346  0.7241287581201973  
7.559422800359567E-74  3.1030169815472206  5.125583600374532  6.022289751269088  9.762994227075921E-145  3.615881746316544  
6.537347207390001  1.0319892719588442  0.7687116768251777  3.6511409082445905  1.592007244243681  2.9446358119334937  
3.753776876974429  3.7773612353395407  4.0898318208752007E-8  0.9383923861320714  5.167673492497663  4.566456715906386  
0.9411471725217997  0.9235033557471847  1.3433189634561291  1.083297596202424  1.9776079018480164  0.7249619425705491  
0.9615970753683082  0.9233457068897143  1.3032126568781748  1.1929266502195888  1.904058705978476  0.7170365768861949  
0.6907636502707043  1.3587876746353076  5.657667425402714  6.340465142069507  0.9875714271691148  0.013768515704281288  
0.9559429544874346  0.9232882732593739  1.3142254332825543  1.1631982387814808  1.9230501258315984  0.7192239124429223  
0.26956025030718006  3.7297795388123656  4.652712561651508  3.503092607784522  0.22110563453821633  5.181543869531444  
2.2784195789062895  3.9438688553410057  3.8408903904159173  2.858778028553088  0.3960777409946468  6.073371461142639  
0.7020033761898342  6.816880567164355  4.222128511172469  0.5563115636017963  6.7621963781952745  0.8035810814738269  
0.9437962343988846  0.923464427270814  1.3381096974451203  1.097605545693178  1.96783421097321  0.7239345781788016  
0.9408042539729774  0.9235093514914892  1.3439940935694674  1.0814398408459687  1.9788858731691994  0.7250949509145828  
3.7310419884051376  6.375837137215657  4.158353614500402  0.19237170607744014  5.218853746666557  1.6402502208280232  
0.9337300583562462  0.9236273182332108  1.3579168604354706  1.043148990929035  2.005173221103284  0.727838731599411  
2.981802157059005  2.345086237166147  3.0704992348740296E-44  3.5028808738087425  3.6403816442261507  7.41589211914901  
0.9417819273262653  0.9235082626328275  1.3420825688785107  1.086642600404562  1.9754561070641297  0.7247160273358573  
0.9489331263397701  0.9234656659923913  1.3280700371742231  1.124903631952863  1.9499049739772547  0.7219442427708487  
0.9375722268943814  0.923556478766485  1.350349437581067  1.0639853543398075  1.9908055043268709  0.7263483954355922  
1.8332070794992828E-50  1.105002640323084  5.086867608989898  3.80130061121515  0.554557545098931  1.3685732116536993  
1.1029111981157429E-42  4.948734101275157  1.2300024897391053  1.947203811147746  1.3516252424212714  2.5237821833593137  
0.9552072705274567  1.5553568484087454  0.2476034095903813  3.2483648058864665  5.491203262160959  0.9699174629680959  
3.919856274938711  0.9257598803212761  5.097227930777549  3.8579665433349937  0.9358780917159067  0.7059030200541575  
0.9456388051725539  0.9234376517923054  1.3344866151361707  1.1075557524668296  1.9610400925797935  0.7232199940729529  
2.6047257516975924  4.819014673672962  3.55022473699451  2.6916124280091522  2.8576998914389424  4.403123543891349  
0.9346151982567558  0.9236133221638343  1.356175442904582  1.0479355597808087  2.0018942906381865  0.7274954374799144  
0.934971870331308  0.9235963495073707  1.3554643196030054  1.049930726725557  2.0004216601794984  0.7273568994623407  
0.9347065086144307  0.923628799994268  1.3560098765412816  1.0483301903466296  2.001782064783849  0.7274603211438334  
2.0641670083469285E-42  2.9680674710733985  0.22369286062124322  2.068160200049086E-16  3.788128067942756  4.556293083752873  
1.235704139110451  1.063789285634664  2.7923658131578337  0.32374589917856245  2.2702934432793755  0.282872823339194  
0.9395581744567894  0.9235268094275977  1.3464437477968279  1.074714588765544  1.9834718761136947  0.7255781927649823  
6.650067127594951  1.4243115820772532  5.729275354379231  2.5786487697454774  1.0717231293372387  0.5956228075009312  
0.47743311972555114  2.093801690159704  1.2062149198545586  4.007377670094307  1.194470765970605  1.3385932217373182  
0.9391805018913046  0.9235324205108896  1.3471864762884835  1.0726743670621512  1.9848661131867054  0.7257246635700768  
0.760930684602918  1.3253185449499947  1.144877189825907  2.598236865439693  1.2155038047349171  1.0340317680977624  
3.2505707150506386E-9  1.8363382330844245  4.8229063878090255  1.7815065522097202  0.567434418042794  1.204853441583522  
4.4556129873213415  3.701058714807109  2.582289067652501  4.549430124349247  3.6123072895560897  0.9973406373291918  
4.76448082926992  3.556827762847884  3.4996625429149693  1.6882085107516671  1.405910737195408  3.1840859068332232  
6.538349218016681E-57  4.627461604337268  0.8618605765970654  6.110748282231591  1.6588061725751941  3.1387459864905365  
0.8821737746528258  2.130310857439122  1.2029453796464744  1.6982605863601201  1.6017031531192738  0.7053321585700353  
0.9857177240552855  0.9345237225648221  1.2488893409757518  1.2589250873807252  1.9059384561739083  0.7250984007181188  
0.9347053160149765  0.9236002972411684  1.3559885087018202  1.0484908542168814  2.0014055168423868  0.7274602770030532  
0.965877604042666  0.9231740677866498  1.294724072248004  1.2166674579538546  1.886824028486207  0.7153685248522602  
0.9391851727085768  0.9235364987552578  1.347180738081894  1.0726752987977628  1.9849042696652284  0.7257229261035301  
0.9667609143938737  0.9240534235617359  1.2932170089977955  1.216794426278886  1.8954965874275473  0.715190966378286  
0.9408101949681287  0.9235082572030864  1.3439815736852865  1.0814778288756932  1.978850503653411  0.7250926289700519  
0.9523639763389687  0.9233440883081763  1.321266021103361  1.1438487595081817  1.9362977807618738  0.7206119768420597  
0.959841644405591  0.9234624377302263  1.3067220425761625  1.1829316852452336  1.9117394190527874  0.7177241676362621  
0.8139554138015109  2.7503962058738593E-15  2.8380177889189437  7.759266171094966  0.6111110051029409  2.8947167098918882  
7.831739230749266  0.7132666263438544  0.7836541254278138  1.46991097523851  5.174772044867708  0.13315907050368866  
5.731826007109666  2.5033290983730163  0.08103462546333601  4.120842770860622  1.491400606861473  2.2267291059634616E-41  
2.061881506326923  1.6402794985292912  6.886986607953145  6.94013579793248E-21  1.3197916028667194  1.570959014254593E-54  
1.9042901255958664  5.853959734944008  1.2713095010220637E-12  3.3748578536181495  1.7472386624595961  1.1330999612449453  
5.985021670260326  2.156538044621467  1.5607948280144236E-41  1.788804570198488  1.5079382061385724  4.074821981934504  
4.822114219460109  2.503218312354077  1.2003345852291704E-97  5.084353076666722  2.6532986987576472  0.3259520581862759  
4.190642009106819  2.525171351368643  5.211498971836564  3.492102509574011  2.285274577001061  3.6675997302563483  
5.045406754505408E-33  1.3900060603617987  1.3542728898114071  6.254096402579655  2.2495587363317937  7.160052345660085  
2.1762130011036964  1.1294843355447888  4.461593253644589  8.874399807381003E-9  1.9491104015575476  1.1472977669672856E-35  
4.377263660977118  0.43263379469714924  0.14532111061371888  5.1859788279217565  1.8641454306957266  0.689249647388193  
5.018971849754347  1.6810359216511217  6.756750680383634  4.4210902721636895E-101  2.985024453477036  2.0688530273246257E-14  
0.9507865973418507  0.923362956094764  1.3243644047635832  1.1353542204527791  1.9420600086255477  0.7212236110468405  
0.9415590333729024  0.923526386709963  1.342533048136065  1.0853519146729176  1.9764766789796786  0.724802783823461  
3.6087671004893056  2.2853989229549283  1.999440222263896E-15  6.517454982365407  1.5283936829970508  1.465079625897469E-36  
0.9403521335778428  0.9235150348204605  1.34488237080328  1.0790035032107568  1.980541136677272  0.7252702760652795  
0.9365338964717618  0.9235846402709357  1.35240199150712  1.0583015852026072  1.9948087622939152  0.7267513154381177  
5.128920075404212  2.5775630417870734  6.082828326363704  2.1782066238379487  2.109716951828357E-134  1.6923544885919133  
5.0880615695959515E-5  0.5810643156783447  3.29902528361127  6.333898840852853  0.6180130010392338  1.820452502739937  
2.8258960986496975  2.3162776467300072  3.7276028788719846  1.5096966280138684  0.7906908904961892  6.368039694878186  
1.832350108875466E-190  1.1404143244304112  4.951607359104307  6.3372629023358344  0.058016471984298386  2.28045550216638  
0.07772126232997903  5.321917026336354  6.316493188103987  1.143908878599976E-36  0.4075862901631406  3.1951617051936054  
0.17943293225877247  4.958426387026232  4.1554082142894787E-10  1.5342144443322392  3.1525700936072876  3.3021272145906204  
0.9347537994821278  0.9236036242016668  1.3558965299997288  1.0487290472880726  2.001280595894896  0.7274415450059852  
4.164276298108606  0.9407386103278877  1.0994342927343799  1.2474991338804138  1.9726650206451783  0.2245270012225814  
1.5525270160509987  3.854647762151907  3.3971963862626344  0.709474098386276  1.7133659403719699  3.384693002854366E-28  
5.982290169242751E-82  3.6291437928567323  5.94788584700587  0.71449292902257  4.402076116942423  0.7946583191749766  
4.724206888475597  4.661337211527106E-25  5.641324034592764  2.667865195827321  3.794946729282173  1.8114213503478542  
4.352036750885575  7.76536717556823E-138  6.812601891896271  1.1397018261635274  0.46884029949915773  1.8757745738635336  
2.483592178977808  1.6433930092228237  0.42416663114533165  5.2591417124743405  3.3025270732104977  5.446816547388927  
0.9404846741571663  0.9235130857378634  1.3446217341266045  1.0797193816894655  1.980052110752101  0.7252188738918619  
0.951078756724094  0.9233588120008995  1.3237899968987694  1.1369313562392234  1.9409840722322806  0.7211103114406937  
0.9538386107621721  0.9233789791248332  1.318411584711525  1.1514842691451397  1.9316112967167862  0.7200415004193275  
4.403159205448709  4.541175386740592  1.4276561195389122E-23  4.111296148060307  1.51580227029221  0.2967061263671281  
2.680390037673384  4.1197485678418015E-31  1.569355771233659  5.628524219587625  1.6729716613753458  4.977082594955618  
0.9602794817661973  1.7375716668775907  2.2264716995967987E-4  4.397445292173322  6.843478622790895  0.9370674524620939  
0.9437632466563226  0.9234842932429107  1.3381905825969416  1.097313932052024  1.9682147215898829  0.7239477422197294  
6.018823340256751  0.900963760660663  2.170268509613353E-62  4.152603950813744  2.101952119179449  2.4704293528443353  
0.9346837861670719  0.9236118690017411  1.3560401992385047  1.048308621107024  2.0016352893427434  0.7274688289338055  
5.571770068385411  0.6093545043532987  0.5474976208386598  2.145679846375056  4.2385581644838775  1.455993257776737  
0.2537527565016761  3.5906102503878716  0.27505903678836124  0.2499290028046791  6.986042597974988  1.7381876395716829  
5.398227182987021  2.2262716664658964  5.457978566093076E-44  2.21213870386405  1.5424254447068921  4.7188505048289775  
0.7971841989562247  1.1903269452811913  3.837120687780956  0.8489539549186312  1.4998826592595285  0.2646694557672148  
0.9377795791189891  0.9235556270094473  1.3499435127132773  1.0650924316959678  1.9900698019818215  0.726268018711731  
4.492389393160621  2.07928916817428  6.803511723093747  6.57686076700825E-36  1.316311270671831  6.100123022200128E-70  
0.955731811973008  0.9233267770903107  1.3146690773640661  1.1618516415105735  1.9243012314235743  0.7193066849116324  
0.4821664736096783  2.9134976350356638E-8  6.0071026842653685  3.2127223435485104  0.21210190277864405  2.489142943098878  
0.9389218660120696  0.9235363437178488  1.3476951750947879  1.0712767197368902  1.9858219851523773  0.7258249704239232  
0.941069579250282  0.9235044218509417  1.3434714857207155  1.0828789384511883  1.9778931913120252  0.7249920336269151  
1.4430763033296303  1.037872259377613  2.6122009956927164  0.39249115209067986  2.301336251949273  0.2434982176009457  
0.9387762084856632  0.9235384494097412  1.347981575830783  1.0704902061691552  1.9863589233836625  0.7258814589923515  
0.9519755684521637  0.9234533467979812  1.3221104933144852  1.1411502166767185  1.939110223224435  0.7207659473529112  
0.6481239352926123  0.5253404908498158  2.205175097983769  2.0048980210918024  0.9486648651075015  5.375000993991897  
6.352076127832461  2.144984101571253  2.9505579288891273  2.479600585341279  1.2326828387143551  3.105188435052872  
6.351575235962274  3.5621581297605794E-300  6.92851276602097  1.2547230683354074  2.387220695250421  0.0034904186298995326  
0.5836597689233738  0.6673094235845569  2.04736554303705  1.9137935148247867  1.0979564442532006  3.735384401690872  
3.9673204450023296  0.8960362457138269  2.977195837822699  2.563064121363755  1.078902252071239  1.0986702749508725  
0.9841271942664245  6.174732676266941  4.918033729045911  1.902750727776565E-92  1.9593314699063462  2.5430463890616837  
7.3372754728173195  0.42791474930466383  3.3352792680011207  3.7320589271967743  0.9221009161849353  0.6120223379950134  
0.938954340754816  0.9236066886572377  1.347688978253458  1.0710383449688106  1.9866473465601338  0.7258139948823212  
2.0426885836455977  1.0180655089298827  0.08071277106023089  5.483648257664553  1.5193703585868568  0.5256515777933711  
6.378841214846149  1.357305053810683  1.3874066372726066  0.47750241094478924  2.44943393871592  0.3572350801403883  
0.9579723383215449  0.9233372164434289  1.3102969530602795  1.1737019999173304  1.9166122962195702  0.7184390993184465  
3.9752610916310887  0.09001016702194972  6.174361896506486  1.125127909025688  3.229665340394175E-145  3.9041632605240557  
0.8828322011301827  1.45024002997593  0.4936157220268246  2.2920412608664105  3.976464367470571  0.9951732532672946  
0.10136839306105695  2.0230563340413  0.4710536141547029  0.4239188506168526  2.8448622230738803  3.5465290949243418  
5.57498995832605  4.0781410990672926E-80  6.465757336656485  3.074710220606304  3.5402754202188764  0.027428661894216635  
5.549929207312184  3.4643181104366247  6.66359560763875E-12  0.9843992562644118  6.672772877594771  2.917245904166026  
2.3591005830715477  0.2745414633584285  7.012406013946933  8.861625797149083E-67  1.4552762256834202  1.1316372138710613  
7.417676154326786  0.8184972742520258  0.34856917960501765  3.715628924645534  3.0323289898515755  1.630554627761576E-67  
2.1472872595577406  0.9750969862446169  0.08198607952893863  5.451625049335825  1.5276521552164384  0.5277821348673348  
0.9422167379946884  0.9234875703895371  1.3412156520002974  1.0890748662996943  1.9736608417222312  0.724547140375829  
0.01383531458931768  2.3263213614458955  0.4467871910670257  0.5890154749806724  5.04699866232917  2.657728370724071  
3.4961755864007817  4.742003153124927  5.2031962803512  3.61740868612368  2.5872140487265582  2.394085977543747  
1.5130446408348933E-83  5.425924949196377  5.162964371472529  2.174964109068145  4.264775962088344E-160  3.953285498738541  
0.3392079061642427  3.206999464843549  5.397869759299368  3.983349223016643  3.6405490367911333  1.6116586702393088E-219  
0.3112834892132731  0.62915712614219  4.393130185244846  2.546667731108154  0.6200570248909243  1.546848230435486  
0.4709723566919101  3.081647995184716E-8  5.940098276993098  3.3401376976997974  0.21769320828011232  2.48796532986546  
4.839537469091603  1.0449013881073708  2.1012583836840473  3.654917031229275E-63  2.3191572609889755  4.514292181888497  
5.318402887443066  4.378672277119774  0.7492722207323449  8.241796364388123E-4  3.0968405720095324  0.3797752761781396  
3.592151685791016  0.21734950385369986  5.805587415322844  0.823022232081129  0.9110496162535108  4.447141361602439  
5.453339879761042E-15  5.833207934175094  5.365530490920576  4.470890241467909E-26  2.481086556248621  4.199903611812593  
0.9380987456044126  0.92354857357608  1.349313919730308  1.0668301424598428  1.9888606730810316  0.7261441969634104  
3.423183978438957  4.7793523110450735  4.63719090359556  2.3229825238387214  2.431591227125237E-239  2.866478783436986  
7.276592602134544  5.489318243624407E-29  3.481896145438004  2.5751862327203727  2.657638794818742  0.7373495334640543  
5.980281973899289  1.6900496365718902  5.857755807182681  1.738575414718793  0.8663364565649878  3.1729216155248823E-31  
2.3664692266299774  5.765589971770618  0.02162168978009181  1.162135327241089E-12  4.742346033772799  1.5450288165724704  
0.5235948401392959  6.349512542332279  1.8404184359151639  1.8136732359201295  1.343329419327743  0.4274324417634589  
6.674190614805028  4.5659727809717406E-92  6.969961243273458  2.9963074179886744E-135  0.7972493946001311  0.40838362409016055  
0.34008195486272497  0.29539603353580696  5.618678878835701  5.685833780618289  4.0971982445473545E-45  5.0594126736372065  
0.9360756946413629  0.9235791365047765  1.3532928645590088  1.0558984607234612  1.9963358503342148  0.7269287950538884  
0.9420986361907419  0.9234900507036575  1.3414485132743283  1.0884326184289574  1.9741065253927326  0.7245929561015192  
0.9413868913511507  0.9234999394258249  1.342847654944373  1.0845917278581785  1.976724882109795  0.7248689762349364  
5.700960480558791E-88  3.6607581034523804  1.6404350813308939  5.663603373215992  0.9526371142398021  3.4695534658492995  
0.9703112259740518  1.5571251482909172  0.23122839537253467  3.3503249365746264  5.39983250704164  0.9606981746717432  
0.9494116546778499  0.9233931159550465  1.327076348803714  1.1278697778395144  1.9472657288752977  0.721757043108579  
3.3644448571946852  1.0257825177077997  4.095440935309899  5.5565125073141584E-14  5.558230578254089  1.1917815111058876E-5  
5.545593153419125  1.174833251134341  1.4616252636604135  2.9778241759641413E-31  2.515347669478196  3.9695908207321784  
0.9477168252900184  0.9234073608827436  1.3304004897610018  1.118777971207693  1.9533765498165339  0.7224140962789165  
4.499006312498008  6.098767176551858E-36  3.3853789328730137  4.475892802306745  3.832827051808613  2.456567557577464  
3.0619615788242895  0.3247312357058166  0.40977541234527626  3.867029029954084  1.441591963497347  1.0436334549954316  
1.9554219685625376  3.6535146273974113  3.31847993702829  0.6352807107979899  1.77880518719193  9.795512025464319E-31  
0.9592672215187  0.9237872335730618  1.307968475034995  1.1781383467224977  1.9180214050217228  0.7179933511598562  
2.0418657678822543  1.0184107942764997  0.08065330022585636  5.484208298842646  1.5193269821617956  0.5255911316094332  
0.39610455205426437  1.3298210792112573  6.658439680841159  1.0597172874415115  0.8861769851912059  0.23267003965175334  
0.9485570786420812  0.9233992033972761  1.3287515833867416  1.1232918314808737  1.9503323572869007  0.7220883199924799  
1.8096487133479147  1.0309875454183155  5.007202917685603  1.5114160491789672E-46  1.9476601783427305  3.946489389366749E-6  
1.056391731679602  0.9366010014732197  1.184449384340371  2.019484210432035  1.2621503700663494  0.6386155046806996  
0.9401573438760282  0.9235179124397205  1.3452654292643889  1.0779513276561368  1.9812600143320698  0.7253458200609585  
0.9394174796737907  0.9235288951137494  1.346720433421261  1.0739545697721515  1.9839912111237805  0.7256327576156457  
1.4619834805722525  3.960688056271346  3.3267144130731983  0.8092204428167074  1.6660899037673143  1.1326730041590683E-26  
0.9326573962801843  0.9236327444238799  1.3600175842352396  1.0374159985495628  2.0089927039291062  0.7282545566141575  
4.453148497512182  1.2068029661456988E-81  4.889856630947754  4.217873322381487  2.630696585466927  0.39195533782582337  
3.4303601911513293  0.18898372829691626  5.737758032926117  0.9592854998978557  0.8205432213220322  4.72067119275532  
1.4171427045846237  0.3115820006442  6.7587438718002435  4.745213126276916E-31  1.3913533946902663  3.56824495344213  
