2.6936110135034266  5.299163278841198  3.5705575334683357  2.1735024146410944  2.6101665014762725  5.295948248538391  
1.9896829528423832  4.3046900733159115  3.9479889120995324  0.630313384697545  4.549468704149657  4.9486215482281395  
0.9627082932676638  3.004767729609285  5.0130916200097975  0.5176589278219644  4.486172966633836  5.222226915787181  
3.9502734242517183  4.942371598292749  4.093810795396366  2.0415294294419235  4.369117772973876  2.021719076948042  
2.8537895772851045  4.25745291752169  4.241637988028145  1.7017656187362058  3.1682934197829207  3.8217749124849623  
1.3452132490891446  5.180826713842045  4.11098036919518  0.8675438186516812  4.408687760953353  4.377535965462839  
3.947173550726882  2.6946532351672485  3.098536748942013  2.2739693533567786  4.432556469099392  3.5670099132902715  
1.743770224370313  4.312333130675789  4.454237703041377  2.407573953708779  5.353130595186621  5.545230129137689  
1.948579133398923  4.738384281478568  4.631369860162884  0.17735789955121775  4.3505727599761705  5.133743574069948  
2.5464940157393756  5.013380242930157  4.759491156842865  1.9497971496519433  3.710765593979123  2.679948387127904  
1.1264020969595316  6.011878324131068  4.38996859785492  2.2687825575158698  2.745982641454266  1.7135643889436993  
5.028300454535772  4.519127894205877  3.196733855230858  1.7359498376087161  3.1610953198495917  1.801315435994017E-70  
1.5272664807995677  4.7993468387397  3.423238271615777  3.008599411043148  4.240112810854937  3.6740034355803863  
4.868221961211841  3.3395406225225464  3.402081341099917  2.5587640552928184  4.119361716200117  3.9459503307420993  
4.061762264036413  0.6094207474506912  5.322543575062235  0.9047534559742024  4.223716608492958  4.267577577620522  
4.65645081974123  3.939764058139743  5.148542295156911  2.795421326226223  3.7599945025824195  3.990794726156976  
2.4632905123090594  5.046983304161986  3.8936341001763157  0.8416434257890567  4.47938521814908  5.722409587167484  
3.122957932605913  4.696316062407459  4.268589926219856  2.669798840047034  4.45473432068262  4.548440233005478  
4.338084129140497  3.8886467022066906  3.705581988466699  0.9052869441461114  4.901030599375908  3.9396449571503687  
1.5327709247651278  3.4355644410953126  3.57834820388814  0.2766528617328235  4.736089963949904  5.312016431420834  
4.584718223152299  1.7026413346533054  4.363627304115407  1.4104075460154001E-19  5.241486214044212  3.1609372973622407  
4.996740530477405  4.446281178890804  1.162872944821324  4.717090868294213  4.064222088293602  3.365781337914514  
4.5912517254951675E-6  5.428815540831485  2.806315573854384E-9  2.3693722126318617  5.356809872541231  5.10410577622729  
5.75490370086486  4.4229446966321415  4.208794989994528  2.2414176582595706  4.431719726085143  2.619610492759122  
4.2789808384312655  3.0535448456590455  4.936670844017589  1.3812940486598815  3.9308993640616734  5.059340403371224  
2.041264619338073  4.657720629432042  4.750146899374494  2.2489206207636023  4.719957842642576  2.6593559180889903  
2.5531970845901593  5.880187926516657  4.5975397214015  1.8347510365472748  2.273809637554076  1.11388650235432E-25  
2.0366996682386374  4.569585517761525  4.64153173012925  2.436557321024731  4.637294611491004  6.370191401107942E-19  
6.42744983646292  1.8730588034560858  6.813461024971513E-8  3.539714541540837  4.21231484861659  1.6387516586608675  
4.503019690477252  5.2076242502116665  4.286487998942979  1.6364677768623  2.0595278943040847  3.5640958753539334  
6.952537203583727  0.8621431921381025  4.232311381031523  3.1597375866234345  4.062483041564708  1.8855835388734055E-23  
4.754803636097283E-21  4.441766663387498  0.9213013714271181  2.759488974498765  0.21872452808941883  3.1701088234919443  
4.0775545757400256  3.916598478616401  1.65980981923507  2.8518135548675967  5.072955626517334  2.888494062788577  
3.1717702964100147  1.8729037287916463  3.7117144427519926  4.538460913754814  3.8477591658040535  3.065970424075309  
0.17374413619276147  0.4376227298583632  5.924844584041383  3.0079402685387864  2.5552437577675713  5.186408272763165  
5.653201631457135E-45  4.326596805105193  5.2275853239974746  3.371567920934253  3.643815930685787  2.8059874807753546  
1.8742572955171768  3.108450049621777  1.5044804707073023E-7  6.53394757162294  4.019830773587497  6.94195189169262  
5.6751005806243855  4.602079235122139  3.311981538790989  1.1814564488107326  2.5338152455608953  2.494324654596261  
4.383750187684056  1.340230817922785  4.457234549543915  3.1003410646056584  6.718762397307069  0.23220904822878116  
4.095137438910579  3.4145482425680798  0.4222245642848722  3.6174783111604505  5.0717546968962015  4.743460932434302  
1.4990675088598207  3.558767644281455  4.597533948160523  3.8346176008362085  4.230684019114495  5.25886354428224  
6.141119646647709  0.9586490877200413  1.5977739862137141  2.3095312863879327  5.257817477213112  3.6726923951980643E-38  
2.8440431827925163  3.960903043867172E-23  4.622514111732769  1.9313131662211955  2.888558037632594  5.7524592224043785  
3.2857599505112014  3.922481677994486  5.2221325186833765  0.7108824206716006  5.247360665883206  4.053152458337905  
7.147966584199125  1.0129691096526066  2.730562300634787  6.3704474610400545  3.8207955871426  8.530186315825049E-15  
5.727514771827786  5.0674123898624694  7.842579183987008E-31  4.492571473950421  0.4676995008392102  1.7116081484193082  
0.9203488161973049  0.8575345854970396  0.9654907042478104  8.711879270571577  1.0688242413486873  0.9192262796497724  
5.117570004110354  2.2538304894290566  0.7502922035900564  5.219832909481269  2.3757087456570605  0.3089398720108319  
4.18529730121473  2.928648421393043  5.196016817626336  1.7820004693460705  3.060827942707165  1.585818660722998  
3.8329301925458164  3.1579625857704854  3.1246837233574998  1.387840858770876  6.359540296624906  1.0426903747760736  
2.701636420339237  2.3797077068768924  7.447004899119542E-21  0.7014587805613103  2.978960252922683  4.532754972563543  
3.057565731226306  3.779735424845207  5.477634443558184  0.06992359515017198  6.610094869059418  5.422085392487579E-53  
1.2263994454164964  1.0556394384462249  0.7666085132815891  5.9441114435359745  4.375182050192707E-16  5.628295303859022  
5.935108737313502  1.18636049126144E-19  3.902134427060559  0.4404813504472536  3.534634637996457  3.3041731479408245  
1.4674922166850033  4.596580981177275  1.809044946139095  4.193502611871306  6.593092938566028  1.0026387775519763  
3.8109488035499153  5.798305179292351  4.545459757313828  4.758556447894742  1.240447232201074E-32  0.31390701328402343  
4.96923877831739  2.8881864025588264  1.0658177359950978E-6  1.7416142807980497  5.2434091212694245  1.3834190620207427E-14  
5.902177157752273  3.9301875462917786  3.1506592646770377  2.681341314465081  3.4023391578543087  1.0745662369029227  
2.4713072113087007  4.668818014394063  3.8641926214073217  1.2601788725442065  4.929225904664155  2.996008895463649  
6.051732075833433  0.26338834625475377  5.193420552580383  2.7385645055460776E-8  3.6221911098296014  2.1794855617222684  
3.6626053436285826  3.1349016453805243E-12  5.858927001478294  2.532915522973816  2.8211112447407674  5.168626627612299  
5.304159079382356  0.005953049961168918  5.469608945691536  1.127103335490895  0.15548258405349835  3.420501773366409  
3.1961349779737995  5.509941092417777  3.6659055477043423  3.7958809754549594  1.2943924531132432E-133  1.7361617718774145  
5.012489034010993  4.775344236048991  0.6249896142135397  3.941797152710667  3.964202972391229  0.458403705973901  
0.15087757650914882  4.837762634455793  5.251922600090326  2.297354428145368  4.442928796237417  0.7004086543159573  
6.039238918045354  4.368848447791916  4.612117500558065  0.4704336083413561  2.702907567944746  1.6238198852012469  
0.4676324838560867  5.594276773768309  4.011897171520577  3.008985209631085  5.478995473993545  3.7917931285114364  
5.359630954107753  0.967020325628231  0.9843110750536244  3.050067975507839E-27  6.2255262911437175  1.011736740291903  
1.2017429830516235  0.7651536702863265  0.8317328150655042  2.962393861357404  1.2527273612583132  1.0230385842444143  
2.1589464290989924E-18  3.80516778775783  2.831392991109025E-19  3.1400871670490194  5.077795006611318  3.8108861384560444  
1.6924249744222752  4.016196503526192  5.586241459239736  2.474236180287532  6.480945557578755  0.9907582876007505  
4.8558408185090655E-11  2.2582994565535928  6.339289515109628  1.7763966771717339  4.836295696707369  2.0313589198343545  
6.143271214195594E-10  5.28922212060568  5.145711404500757E-31  3.793882095025408  5.504166917812865  3.549688178302803  
0.2309486066957025  7.16802864481805E-11  1.8130930702530297  6.20669201484338  5.087851760806816  4.360875683828942  
5.781483400007238  5.712832001042591  1.142657372505639  3.2711444298644543  0.02022912961791372  1.7670909057595203  
4.257738089696188  9.55054856238301E-59  5.851449166827727  2.589319257379353  4.381504836500095  2.617756430891758  
6.763351867101886E-13  0.4136937978238968  6.516195677121746  1.0996858996822094  4.575119963740004  3.1580292508412513  
2.144225351994864  1.778143966326068  5.613477631862471  0.5051476482874132  6.274735504052873  8.935117924643241E-14  
4.233293228209798  2.8567375345002635  4.568956383942526  1.5211801717351932  4.220480361730925  4.7773380300272414  
5.557523223645032  4.524882449464381  3.6098206104073625  3.319923077486862  3.8268639531538584  3.9816545227109175  
6.415151097130734  1.2856453911794834  2.3315384708875286  1.614675831219941  5.751622400850712  1.4634651598719106E-35  
1.1293879049752661E-20  3.559671435080064  0.678584278360549  2.435637820940473  0.2885432684418987  5.327267478175718  
3.927944376382159  4.024256314089377  0.6350879056992089  2.8787507391494596  6.205291953226866  1.1890466667476327  
7.152355992691418  0.826889227140516  2.7136127044971676  4.512086643897018  4.364858041359867  1.6652957285394612  
0.6280865309115855  4.702994616768719E-11  0.28303532766771067  6.316974373234675  5.758863270487399  4.305918575909709  
1.7812854993408128E-17  4.916930827492671  1.9470616018524636  5.402677828124098  5.657424155822644  1.4879853649765773  
2.24426116066983  4.783906372616627  5.202770833566328  2.5474799744685135  1.5388465700270174E-10  2.267288112600167  
4.110413739647394  1.1404498274304637  3.9884030398044734  0.7300983350077371  7.200997131437941  3.9283134868242656E-15  
0.8578309676191799  0.8249124399080283  1.6414140538259228  5.56121350181382  1.0457476058662016  0.9587635317573223  
5.600243836838417  6.83501270278397E-58  5.486212852048041  0.16999088570800058  3.512225104434855  3.755173848547294  
2.5880864979622604  4.818980756928266  4.3770607507819665  3.8792954357209113  4.021011663566997  5.083585983673354  
6.81273262558704  3.903983636772403E-9  5.172197527871314  4.789739998638846  4.651106684729154  1.4878422458420162  
2.9518032551847933E-5  2.32930284037291E-37  3.042282728552252  4.6867893069535995  6.202439886471904  1.9660100274954557  
1.1512479172386922  0.7661820282526414  0.8761462771673295  2.2937589418388318  1.2958605299821853  0.8739826416260833  
5.48966810163528  5.393185697598297  1.4761026408084528  2.3162300505167774  2.854176221784184  8.63662283357197E-44  
4.106112960377558E-4  1.1050455714658454  1.00515255193238  0.7356750363748831  5.976088343805861  1.8412821776232142  
2.6449759898810177  0.625384802474203  2.1577434968100717  4.803879061861589  6.771466445284848  1.1753088103727205E-31  
3.5599154140047684  5.5235194973131545  4.671268313545796  1.540187371865667  2.23472859733491  2.6233185150740312  
1.0899518626182274  0.7741737766288411  0.8962873533803093  2.716739370492111  1.2783162846779552  0.8641235218666111  
0.34848856936990796  1.370780792704793  6.187379274364036  2.325748861116516  0.7678175654249368  1.293911009215131  
2.5689743847510287  4.023028143730514  4.132404453072142  0.06014509966787833  6.698860215765582  1.5005217942826976  
1.1774534391881526  0.7664247403591555  0.8636097413759228  2.2544209146659773  1.29272227145928  0.8851724462285355  
0.8435853819809346  0.9057802181983969  1.1041332560198458  1.2857463890277951  1.1697446380022785  6.857845046807388  
1.6001009592744007  1.5006645548969082E-28  0.49811029109574506  0.5267645842182891  4.581443556329441  5.210143678453434  
4.977896602720067  1.4131284709683076  3.8991828556221684  0.7089791476119349  5.114531428867311  3.430125765276355  
2.376304497444654  4.770584828682798  0.5004070496840944  5.002197380435895  0.37629984495486607  1.7517960641747372  
4.401423290771221  0.3747848198284889  0.1846363192866004  3.237450107466065  0.5196812224302902  3.2496608064879395  
1.1081881981474537  0.7635446938824738  0.8869711450395292  2.667454010972308  1.3029571356919054  0.8597743699105411  
5.39650251537575  2.239705991872087  3.755466432533511  0.8858283848277831  4.07807177592412  4.058730815144153  
2.522079408148219  5.0775181154158755  1.1414903972216954  4.156476181247358  5.5312312928411105  3.4554558795284467  
1.3604627259132611  4.5384839555535255  1.0689283293937459E-23  2.263508523564626  7.055294586354097  2.182114850469007  
4.2771917533894435  4.644991933696039  2.4287472988660803  4.428061608624815  3.9040753897012666  1.0048268575284931E-5  
1.1689396330536028  0.7681227978856139  0.8640853269880855  2.229218867625864  1.2982890449328763  0.8874866769103114  
1.6448978388205313  1.6891475282915034  0.39024993866534863  3.8465106246275935  5.755874943445052  0.27645066403663776  
2.0698009830048953E-11  2.4288922396689077  5.634297440836896  4.184956521527667  1.1776713015614994E-23  2.0409882396629073  
6.910643078023689  1.6686184816767627E-7  2.4007796364559243E-5  7.661298635775173  3.338491321333355  1.5967402011633722  
4.6212959043949295  5.438863761436463  2.4336221230570687  9.342187737985972E-50  7.419464201753602E-18  5.214449495554671  
1.464463097476232  4.310072274137328  3.349364257978859  1.9441821762779914E-13  6.224653823934711  2.5344877824728913  
4.337342157881038  5.323231121322139E-26  2.4787915912278238  2.5817716044590546  5.133776917135805  2.6759600276429745  
4.055064268025946  4.12725905235924  1.0435250027173901  0.6389792143941327  5.703589361826425  2.419522793834059  
3.346463086750887E-19  2.905556262212609  1.2821078906908965  5.9324580185943425  9.10533046531694E-8  3.593033625930493  
0.5188321850955265  2.134590685666494  0.5898550708917162  2.2767468216926403  2.750336226639596  1.19324483432084  
8.19050783357015  1.2430989539902396E-14  0.0369290495573484  3.892892913282346  1.1082291704264577  1.7274884232955898  
1.6571021606237826  5.2688077029918094  4.578364409476949  1.6495556778578788  4.578928135023124  3.751207756987971  
0.6733433138417207  5.051204320307599  9.24635969303058E-28  0.6723020861303839  5.518716390013492  1.1032691444352989  
7.947323226862117  1.5416839256778934  0.16488241915775897  0.9712141012927438  2.6354251454424236  0.7591747107073499  
7.360574714107881E-15  5.2614174900833754  3.734125823541742  3.4122375776073324  3.4302477956311495  1.775592915943485  
1.0856099754816533  0.7768433589049462  0.8931367346467284  5.313821132688638  1.2088795981789202  0.811525815150586  
0.030987262534662295  4.466864767451112  0.10486552267004777  2.580218106572489  7.1572901282297865  1.4939108356438768  
1.350000927907023  0.0387227539995741  0.7488075314674376  4.723502499755988  7.928611241511536  0.5534627467886499  
0.49239274036201475  0.32637608588684136  0.25589115188760175  6.294870912977397  5.702791456032252  4.668769180426348  
2.933115586099329  0.568457029971609  0.4715958227171253  1.2905048409827553  0.8502644525881711  2.5723960340161574  
1.223111427088946  0.7392330897691194  0.8301333864160075  2.493016306348532  1.3268378905243532  0.962528310878567  
1.1598233233750814  0.76579033658735  0.8724885449387396  2.2874907258420745  1.2947037802593302  0.8766248424217207  
1.1693131552784974  0.7681614645737483  0.863903156629001  2.228307166407901  1.2981801013803176  0.8877127242922929  
0.7949009361096981  0.8489227036294519  1.9366417568390208  5.280235061940546  0.983793292825294  1.005928767923445  
6.013523529972793E-11  2.816032372136886  0.2463125027875639  3.431225115131733  3.6919261940902355  2.4187550327105525  
5.5411661793720075  3.3043120284585337  4.766511274824808  1.6496174659405887  4.738827623883999  1.6077891982281467  
7.64420525722609E-5  0.29570494532483865  0.9942223648237418  5.056718565343192  7.70034546445195  1.7408828996958603  
0.7360197545041457  3.06455233799346  3.6712289620056615  0.8239398555222027  2.277654640383691  3.9556315600466716  
0.4704844069475723  0.09997222022422217  5.096006964467995  0.7055944976746266  5.27491146576816  3.06545903627098  
0.8882559103206705  0.49270694640769236  0.8520537070620864  2.2004073366726775  5.6972031861458605  1.0576630667886737  
0.7566029172526029  8.923081961378607E-16  0.8284239298900271  3.0495521312755214  5.077487599861666  2.304836614599874  
2.036922611818092  5.183584493562978  7.131305580640749E-20  3.5026196124921434  3.2750374233978863  0.13134214136342928  
0.8780850596981186  0.957424407392216  0.971543472720796  6.4941607476455365  1.0446345445043006  0.9744752229426686  
0.7994207422927344  1.8474210157864727E-7  6.55060955045074  2.162314432016114  3.99262159611726  3.30192634960563  
8.181810075776644E-88  4.484537238151266  5.477194134099254  1.0733647022354065  4.998105941220686  4.082230252643306  
1.265196362119404  0.6135808593935255  6.621785388103605  1.067632537389183  2.867170123036533  1.1582143255670383  
0.9261483324151508  0.4601472064033209  0.8476575886477564  2.6199022540795145  5.689204231139148  0.9361491124525679  
4.074282080608859  1.107818253812875  3.676274496057473  3.392378026616948  4.497176577041789  5.465205801250472  
7.502418746405568  2.5894722571767534  4.386348110343109E-169  2.054961091039869  4.009568142231887  1.937131767481478  
5.233399783143145  3.7859480969015724  4.075191314421857  1.8539893242264198  4.781984798477145  2.9867132574718984  
5.715071680849182  1.0366594694252143  3.2863761257479305  2.4106592491892496  2.081553365415933  6.288761476451791E-8  
0.9719513181081815  7.301833954553426E-7  2.3546573690343  5.825838339532178E-30  5.946041273624743  3.2458643974901507  
3.0356151157390254  0.37543508835809697  5.461956521580972  5.925066372435474E-45  5.772732193546863  1.9574819026876573  
9.493383397383506E-23  1.857091654137399  2.0064637643211127  7.807527974823983  1.9775014774276813  6.384318884827358  
1.169752336112762  0.7680673105314395  0.8635552587145089  2.227112495818596  1.298733319205644  0.8879836811018805  
4.382119955204494  4.711492866902073  3.744932120303447  1.1547099252429007  3.3194998818861183  5.303155271441228  
6.190324714612936  0.31130878480231416  1.9555471504554944  4.197054504971967  6.179571584022512  1.0998028339720538  
3.258999874370509  7.217811812275386E-43  6.1969524647345935  1.495136978464174  3.0399012947332142  3.766834500187928  
1.5648874550045766E-36  1.3605604954846378E-29  5.5169426124998315  5.894312510321847  4.291817780004054  4.7613180552002925  
0.8547037339514788  4.287427171960319  0.5447484070813928  4.092282734960967  5.296195264499058  6.5388186916662105  
1.1005001440110382  0.7718040589255176  0.8954491065633821  2.614063249180185  1.2792982026860096  0.8615525655723386  
5.523267743319038  0.7208774598452435  6.004731626136817  0.9626668086878851  7.49471935901935E-22  2.297343651536098  
5.99421599442115E-10  1.343867887188715  2.8469145526232444  3.5533202249393803  5.163742925163128  5.291237402711248  
3.8946680577155837  0.8452926842954793  5.046340838606684  2.903727140949248  5.451216907691044  1.8697285676775794E-48  
1.097766761016216  0.7568913574293334  0.8728813582916914  2.733660325268274  1.3311026916136417  0.9343871115448752  
1.114279593665616  0.770741348305412  0.8891610888884707  2.6213590051078417  1.2765289859900848  0.8661060428149547  
4.042528165541292  1.340699376981498E-37  0.11251152418665003  1.748013564462315  4.100748890679584  4.906560779840154  
1.0632164208448298  0.8003131996241316  0.8766573744970241  3.13348268877322  1.2125085527081207  1.1106926884294452  
8.528166575612643E-5  2.9742661423880308  2.3361050651417874  2.712255539333673  1.484538193976773  5.045615226550009  
1.3389939002110711  2.5855154111451245E-35  5.766096522299115  7.847543951117777E-24  4.483066838785022  5.288652351948396  
1.8890547915935902  2.798544126876484  5.078624342094624  3.9925901536782105  0.9003240922413586  5.025850257142733  
1.017084303293434  0.7379720585672815  0.9532958794810804  2.998374791143276  1.4242807103778414  1.1599585459228314  
1.1605556301892845  0.7673772458438687  0.8703701827130954  2.263353273273129  1.2951968499611095  0.8805507693494513  
8.537461493920661  1.3524840700931227E-33  1.104505519722506E-9  7.175248528419473  4.631103279694296  0.6971423717610102  
1.1684457953715535  0.7681822028425855  0.8644279809260701  2.230488665666574  1.2979037765400583  0.8871891211202005  
0.0023509491635608833  2.866306411191587  1.7796195307973142  7.772917570714784  5.68018914002151  2.7989901906103527  
1.0892954515977098  0.7729197252908819  0.875215297244794  2.810163093414203  1.287298148352291  0.9666333760655298  
1.1687356548939174  0.7682116030336055  0.8642740457194259  2.229683761715206  1.2978524111472334  0.8873803579732842  
1.1693765365511748  0.7668341881372523  0.8627681727874027  2.226969591690164  1.304404301168185  0.8881249765661305  
5.842354701770489  1.8100361311618336  1.343801694757041  0.4883778635011576  0.4286537019202266  1.7597460093636865  
3.561738102056851  0.7158863689150963  0.10429067354000232  2.424528800528381  0.2724536170923798  4.3283940261620355  
0.9423670692716639  0.838964983628276  0.9546299639877105  6.717948313244194  1.108110656790801  0.9010452731343941  
2.1822734069027763  1.5117286001340555  1.966512539908298  1.1427604693189595  6.479434107230307  1.659610679471869  
1.1242061549834825  0.7635060233440307  0.8915605302153543  2.399363896814017  1.2989382532623999  0.8548436262640107  
4.356320763840433  3.650895262423523  4.863209538689377  2.026295237208348  0.7852075756795129  4.846006248371687  
1.191382187393484  0.756093138801327  0.8659452791671582  2.3958239335783458  1.2922917729019603  0.8676457955566875  
1.107916492953875  0.7426637480326805  0.821036853476362  3.074879439450582  1.3694424774025722  1.2071369359831041  
1.1657232299957916  0.7678419779474814  0.8664655269438579  2.2427849678681344  1.2970786396055718  0.8846793254817619  
2.68460011560747E-30  1.462285154659693  3.9028747747713397  4.466091148586047  0.8499343701694233  1.4724607589886956  
0.9889665296395536  0.810069544285574  0.9916397388192195  3.3508584932063186  1.2157336878198841  0.8849599372898215  
1.1260164493829878  0.7636626422286895  0.8896982318398312  2.4947457308064074  1.292424124248261  0.854311326941584  
3.7965298165905685  2.626768303150591  5.524860460951321  0.22939532218316142  7.343592174892913  1.7729929556393768E-28  
2.5122944983604434  3.3926595680830802  0.43926269012632896  2.063425557863212  0.7064669471364032  1.4281304108274966  
1.0922271873516507  0.7709478942079666  0.9003491628816479  2.595499131087267  1.286184232757169  0.8550114608464534  
1.7939421854904556  1.874086659146405  0.6251117287239855  2.3480530292995576  0.9678649789883854  1.197945095382943  
2.883463200146471  0.6879008613004883  0.4506772136750448  2.4589871239722676  0.354188679835781  4.171276792962715  
5.743992720802504  2.4569526270705526E-25  4.567161487641799  1.835241024156753  4.752716331075549  1.388005931806587  
3.2227941701181013  3.1993437159274176  5.459911750475787  2.0966824408835466E-148  3.7145423905077664  2.7429465540960716  
2.948003544891624  5.395913030929401  0.18568070661732813  4.251863010009095  3.67061158598808E-50  5.201764016110133  
2.296221015726059  0.6166166439376343  0.661616018039548  1.959056971209955  1.1022027266881267  1.347632989748325  
1.1698234650012331  0.7681108197440364  0.8635361582130057  2.2268168464658786  1.2985840016335919  0.8880505372796995  
1.1639894565536524  0.7677572056167351  0.8678980412108335  2.250217800807578  1.2959349259964776  0.8832273626538288  
1.1644498490372404  0.7648756924483386  0.8707690823041487  2.2911212252797957  1.2952468977672318  0.8767807615378216  
1.1698673196864613  0.768207183368308  0.8635724095895552  2.2265455973760973  1.2981992698027887  0.8881137191563695  
1.158079689850904  0.7646253690905022  0.8741309164825266  2.3039973301808954  1.2957151940512752  0.8735782534627548  
1.0962517755720758  0.7682534949320545  0.9005099063120058  2.5356269671599736  1.2917589907685993  0.8511708839287069  
1.170979429062358  0.7680764632450936  0.8631260165670497  2.226239270744066  1.2982622193996733  0.8883653231925003  
1.189471883681341  0.7616296514868217  0.8566490671892947  2.2455749796380085  1.3109746914738776  0.8890203692058338  
1.5191104836804923  0.6960401736769355  4.939077637940176  4.638817816681162  0.6871157928740875  0.4383988223524584  
0.5292915470863067  0.11816731852418635  1.820040521570297  3.8662911979397507  7.789128559372629  1.2260499969323069  
5.666060833892861  2.653896572870795  0.49422215180214096  0.0921508448824284  4.041115416495957  0.2482475409192763  
7.237662203230328  0.3742596475668858  1.108001840864854  0.3081653652927667  0.4398222684247845  2.6530705018290095  
2.6637840150185665  5.5794989730156015  1.4743716448887214  2.705182047353623  2.040075374956339  0.6986347011201309  
0.523505037037367  4.368480673250032  0.0695444274525418  0.010641803066732299  7.655094776026995  1.3856100504192845  
3.0553078913664025  2.904699406189594  3.6978134734025376  1.7756870646514546  7.028412374732763  3.977652819874876E-28  
4.180314857854175  4.049553760399896  4.85937208076942  2.0001225396094484  6.0580098044193305  1.5487179940267619E-40  
1.3600469173489254  4.949044186472745  1.7910340646209704  5.83919505502434  1.4682496034236688E-43  4.541440717160821  
4.593463088720452  1.3859075612479579  0.6123766182950429  1.0990288477964638  0.9837539650003015  0.9399748246187163  
1.6155605357472433  2.0162320406388146  0.33955205183102577  2.472237232945459  6.173304719255997  0.26883309607106715  
0.6927369547801537  0.9639063523546495  4.071091520759105  7.865180141511965  1.0836017704934657  1.1757766445338895  
1.1552457518917865  0.7668623235782994  0.8738015547893887  2.280207767197049  1.2948184849983726  0.8769649900186588  
1.0837200823373527  0.7795204832002286  0.8806429036991957  2.9472245424606203  1.2715344320373843  0.9290707451448705  
3.9982502029410547  0.6977087877132992  0.2482536808104924  6.05670095103343  4.569265427315935  0.6220721758714934  
1.1695999991091617  0.7680769351666563  0.8636593997160488  2.2275513209902162  1.2986399645661435  0.887883232882433  
1.069775796006109  0.7955493411705581  0.8834741077466076  3.030967970938935  1.2298234487480268  0.9827265024566785  
7.17813918119626  5.132060583600285  4.513886007957135E-37  2.4098242417834756E-68  1.4761126882022817E-62  2.6258580918573142  
2.0495707974559916  0.6907765866632269  6.02377611097253  3.5514686176510364  0.7262265095310376  2.1623076157341942E-13  
2.4974900127499704  4.876564774275677  2.876238690827071  2.072718148275491  6.047464532198509  1.0187109278200577  
2.6988231392574438  6.027297962853213E-57  4.68537553094383  1.161618129405552E-19  3.852219336326685  5.732578888692028  
3.010602807954308  3.0429789003270313  4.041699269061062  4.0924188206168533E-14  3.754934539656094E-65  5.96979811163802  
6.088432306375875E-90  2.231739696938408  2.754415291676171  4.02478785120382  0.29125138777325554  4.227694788689663  
1.1356253350034118  0.7621984915980934  0.8746782519965091  2.6238047425327555  1.2940774007317983  0.8735438233383228  
1.0415579557589048  0.8946370764283957  3.3216609735292066  1.0668325856683938  3.712745323477258  0.8480555808733533  
2.3083189428447426  0.22888835946750383  0.4470462204010498  4.152695759152017  2.822054207634861  2.062672606911388  
5.06668894882121  0.41317809374288017  0.00953140079721676  6.455727530541967  0.004965561321884231  4.061095605823049  
5.423281313527834  1.495302816584236  4.733086891724662  0.31581000679771976  2.695207302774173  2.2422673837718828E-32  
4.107455785363559  3.2117370629859447  5.080068743693187  0.03484198463834923  4.440979261576568  4.6198578588773854E-67  
0.12532044922991367  5.342792309746438  1.0716110528847224E-17  3.381640471315761  4.946144421166183  1.3437922219292864  
1.0681237818117846  0.7507413397697263  0.8502136980790859  2.9739723087546492  1.373353386960934  1.0822816320899387  
1.1699607345185914  0.7681254743115032  0.8634728117257683  2.22650784044014  1.298533769427329  0.8881294196787869  
1.0450210094727521  0.6888838437958986  0.8170987702177772  3.070339429923576  1.6503139948958807  1.3431377475058421  
7.928736793844398  1.623850699158229  0.14458078225920243  0.9677857865937919  2.5527412676891035  0.757597854656437  
1.2879459464135703  5.700394170195666  4.927984577627562  2.612183145293948  1.4827062949953722  0.7455730266438877  
0.28424736417479  1.5327461660395123  1.321690569455857  7.191262873509009  0.7434606232609378  1.568246614374625  
1.1456705645054994  0.7655810768926575  0.8791792946748488  2.3086216794239345  1.2970476774512147  0.8705048879111474  
4.363860018479913  4.733918911180643  0.005970655840373602  3.5291406461246995  3.995577852351321  1.0509782886263312E-24  
1.1435551256705736  0.7618237079050746  0.8818163205558325  2.5150001121487167  1.2907615956593712  0.8587954261866246  
2.99483869362685  1.2329249697657885  3.2454539675076783  1.0144276246541162  6.1907078211249  8.843710767278631E-29  
0.6118923951785005  0.4696428403919549  4.35480706582548  3.9111163981292503  1.8745580420595258  1.0050339797185828  
1.6583733658368589E-38  3.0017976199556164  0.007433814602977917  1.4768616026793513  6.270420345584189  4.3749958698517935  
2.814375050702147  0.5968568671747607  0.46112347860918135  1.452006485893635  0.8260398006651428  2.659986184301392  
1.1661297933325874  0.7679449679709623  0.8661882546786763  2.2408274925008516  1.296991849495782  0.885083004927052  
7.808867934849871  2.4797094391649273  0.9701591478908227  0.2955764667388431  0.7593615613049516  0.5794987703782969  
1.1682729655670467  0.7681869409842619  0.8645420077097041  2.230995570166576  1.2978234100463633  0.8870730699756293  
0.015903626791507405  0.6394411159166777  0.8448075703736484  0.6442865025800036  5.947603732405456  3.0151467065060453  
1.1438501561409438  0.7647872804458706  0.8806197800564959  2.32100570752092  1.2977065364582572  0.8681592292329603  
1.0933042419255752  0.770663682207775  0.896902452181832  2.6421225641876216  1.2865886744554973  0.8589199655411495  
0.9951290873874296  0.8030930866995694  1.0230320401087505  3.323481165256253  1.2172064531572706  0.8675667458876142  
1.126470865979847  0.7635772069180633  0.8903271176074452  2.3867413894814464  1.2990816957692612  0.85646978663268  
1.2121058028640077  0.7356150354681507  0.8520009910671983  2.398845690650566  1.352686593860904  0.8766422544361488  
4.048162643117233E-18  4.4192074112254565  0.9552867592123054  2.986791679874572  0.16723870963111895  3.13177395629697  
6.305231907994243  5.674494104632933E-25  5.761226689002715  2.686097895356618  4.616044687114325  2.191438641623333  
5.058703883342567E-24  3.589187517230231  1.224342804106449  4.0811210972228755  6.459530361517699  1.0695804244224487  
5.2861329648231414E-9  3.2493703767006528  0.972312927943291  2.6245525082182715  0.62712604510894  2.2324345025039682  
1.554472582207825  2.3880866929648246  3.2853320412947937  1.2998927854706468  4.110907517548837  0.8657898941062844  
1.2762902986422853  0.9233320201172774  1.577842442489251  6.287959124565878  0.11948696340212135  6.480103321339862  
4.3402580719609265  0.3647999279280686  5.307757342891937  0.3495617209434066  6.406700075540325  1.4477480765375614  
1.1818960072197635  0.7585584575905471  0.8659832844084784  2.522133045646182  1.2841647840840897  0.8684258383745015  
0.9003467990294822  0.4459706346173262  0.8602351268919385  2.5609110626162632  5.637757603545573  0.9803020741228151  
0.7849142280163455  4.50436565522716E-16  0.8340852945026471  3.0165452533614476  5.104301204635726  2.2451709722890585  
1.096674163267346  0.7691888643161477  0.8983074223798122  2.577340810538063  1.2888398767630271  0.8550171395513104  
2.570661292333083  5.232341491279099  1.6113324097788375  1.496290540663688  1.1536731044072803  4.4894542250499656E-43  
0.9617418886697282  0.8232412704071466  0.9439388501776086  4.723060420635308  1.1493005901461388  0.8849591791955781  
0.5992362383871295  1.0260568066083104  2.4679210000513114  3.8503260383647375  0.9042321342046471  1.0993249955039224  
9.323711942865108E-28  1.920844197628818  5.713262399759383  5.198980151002135  4.93382674344725  1.6100010229339878  
2.3752723433373926  1.941525466319925  5.194484052694568  3.837455404593027  3.034290038453234  2.9314736722655432  
1.1792273063097649E-12  2.501714047544571  2.255186650073978  7.180215760186622  0.4391831775082105  1.9595820469467753  
0.535536483850973  1.9649112547712537  5.646488443400662  1.4927264616838978E-33  7.626204412278359  1.0896410943893569  
0.9306179624369414  0.457777836912743  0.8477711975433121  2.633930853244092  5.68519630509691  0.9320794823786311  
1.0712159264873926  0.7795227306460799  0.909102262677879  2.738872129370863  1.2758216814597974  0.8546867475983682  
2.5512735986532697  1.0847869237340615  4.191603239216836  2.8998471059148283  0.835964158897483  7.106914375265256E-26  
5.027878334894553  4.008664076157639  2.489114604133309  3.1711617995833676  4.3984572121108965  4.44008902327444  
0.8071733741853503  2.1167907353617155  0.3326483894696356  5.266314745022571  5.2368827438812845E-34  7.3169985733829845  
6.9379718494557645  2.1297933636216597  1.8545799762360773  4.325965674842146  1.5831253942851846  0.9918871380073826  
0.5618708871204325  0.46034205057715294  0.8151220156285379  0.9964427962317154  4.290846640685342  2.4300494779204334  
0.08551256034369613  0.5061010821401325  0.9695418329900414  0.5931818441977627  5.79437261617786  3.2497831845109624  
0.38276068545422515  0.5593374558170139  0.7076055360030881  0.7806184380410329  6.449613782594799  2.7033557964329678  
1.618898129729891  0.7810389037984887  6.714448551561018  1.760980978392323  2.2159579986565925  0.5476909375157828  
1.6599145706142933  0.09407164850948008  4.106965151714148  3.327946765642098E-12  5.973218559298648  2.621230420574242  
3.745074719810832E-45  1.8610467039038425  2.0189253219241907  7.794932380382727  1.9949765398339085  6.376757307835148  
1.1669017769596497  0.7669639182674286  0.8646709710646964  2.237365735462306  1.302251007625723  0.8856458815991329  
5.514214220967612  4.1561570991984205  2.9575499732119415  1.8935740882654403E-61  3.839405945059752  3.2304064183034686  
6.033249973263951  0.4116571668178322  1.9882029128920427  5.847140490144361  4.894186129690595  5.726545492308986E-37  
3.5928375707137605  2.46943027427872  0.027826611439735305  0.26590433279770725  6.913067970578255  1.1384136651984147  
0.018704877122784937  0.8656346928858798  5.8728595400826435  2.476477321257234  1.6329348499107685  1.5230262897713893  
5.587117935238278  0.22496659309290798  0.07146947236097727  3.7576035873655345  0.25701747923881807  4.09806561279313  
8.248633232682316  0.2626028233230811  1.0668095328814737  1.8780264185863535E-8  5.3626099357756845  1.3319065947265372  
1.7794441944370916  5.399138793324973  0.7120983468774987  1.7261777862620364  1.6426551140906915  6.287902197497723  
1.087789453138597  0.7146860919340451  0.8300039008585952  2.7535434502747322  1.4857668953618763  1.197300392606126  
1.1696070073533231  0.7680579754751036  0.8636391887095969  2.2275335563313847  1.2987288096892342  0.8878854812814624  
1.1734574415792063  0.7627109303874917  0.8651515285388  2.284948740913835  1.3032216282172462  0.8787114978594036  
3.930412421063059  0.7061252398441897  4.076740567032041  3.043772556046501  2.914638152003526E-17  3.158551691937183  
0.9415824416068641  0.8393676652389938  0.9552368025756465  6.716704515308127  1.1074599442920714  0.9016662000101854  
1.147735885260519  0.7636773713851365  0.87966824988956  2.33033992783159  1.297634020790235  0.8674208336431668  
0.9258863276655613  0.45656800888054794  5.045144672747784  3.052629347243333  2.133015907649637  0.9317926996988687  
0.6824998895197467  1.546781660501862E-12  0.7371661546397245  0.7218721251973627  5.757915847375332  3.6111584773505325  
1.1698237182408446  0.7681404015847882  0.8635610921951822  2.2268159569742627  1.2984478543821876  0.8880538899128304  
1.7334938131356072  1.7348563668264338  0.522090644875022  3.8955352582375613  7.460662137539808  0.6405696029179017  
1.3806003176040935  1.4738426669496985  0.5291934818637101  2.6529472868078576  4.2375575355387864  0.4921942340421379  
2.4157735551581667  0.17378870370000565  0.44155331524837804  3.6055074755727468  2.976033951959698  2.2330119722994364  
1.1699269639405907  0.768722066902591  0.8639327281217425  2.226001771290987  1.295939706641666  0.8882807826842758  
0.958989298230806  0.3492640993067426  0.8657850666473285  3.0857066127560304  5.531104577485819  0.9166621197388704  
4.078711895891053  0.4850412798095372  0.11707538243072485  1.2486678153404256  0.3631293260619077  4.848977603046412  
1.135453191462687  0.7527402230653013  0.8824234803643601  2.490876933469505  1.3232872013371728  0.8495731323409167  
0.7977592285929432  0.8507235637104543  1.858252923406181  5.351253158463779  0.9906562579963897  1.0089945965574978  
1.1696479126220252  0.778703410694536  0.8683613094150683  2.1619982644933913  1.3103749211427882  0.8926465240088799  
1.1091955630375103  0.7648090490151549  0.8975041569689234  2.4722847609485803  1.2961329539245137  0.8493745949434248  
1.1697922796516778  0.7680836572200407  0.8635388496958826  2.226956025734717  1.2986837478404591  0.8880188003372421  
2.2238612899581955  0.29053778796327523  0.40242377157178033  4.2530542064983825  2.619478909633302  2.30974698987222  
1.2651651737410519  0.7343077718071694  0.8396941633000331  2.396943911537779  1.3359950933715694  0.883435715971514  
3.829800758146538  0.4922482171984866  2.222653723103575  7.29604118056626  1.9599296088290084E-4  3.4652871553536055  
0.5871424877153043  1.0237710925033468E-5  0.7615274123494319  0.8025056439831519  6.103030440261914  3.41457727847548  
1.3741093042226055E-14  2.3986143535893416  5.67736915057691  2.682176133537103  0.16075645211574843  2.2156739257604783  
