1.8481522370750334  4.9373452097763595  2.359297914425734  4.300068853409022  4.864833501940549  2.2354721936257613  
3.551242257065077  4.342207775147454  3.0695652211366515  4.595115403948776  1.9776984701468185  2.770644043544324  
5.13594810824325  3.017817945717968  1.3172782855409608  4.825799791787293  2.9506512767668616  1.5305483369563695  
3.1475051321230323  4.4728122427172865  2.4730273637999733  4.121721762548519  2.571007102658396  4.545376555977829  
4.235780621598976  3.372016876504261  3.7195599123538585  0.9607932882937401  3.265481114528806  3.132271032651095  
2.5314207330070544  4.937815042658844  2.6680825849276313  3.3637502456007504  2.157531936613271  3.7047674434980076  
3.3868591788142806  2.8100678361057985  3.8574126698886815  2.9041347363559713  2.9333710068374903  3.8520323236565974  
2.7773780742757364  4.6376714605458345  4.324693773868002  5.507322079527724  2.933260059323801  2.9212650397944624  
3.350791909779835  4.479091038740981  2.5171916397633494  4.588148688023155  2.7743946646526214  2.7519057526221187  
3.9057298443411406  4.756208942219113  1.7114930787107268  2.639334717915839  4.069003147105289  3.6202112595582405  
2.9807820257347744  5.444461312005769  2.109233469969229  4.1159888755493996E-77  4.080746070916456  3.8837804602443287  
5.699736798855404  3.359775367526606  1.5450344905853823  1.311818343427869  1.5248989177336958  4.857247867590105  
3.0006913261649264  4.121706627798977  3.501424770513995  3.9006063381665608  3.279095735360621  2.829205170351139  
3.4502903158209013  2.942024759544052  3.9981646814669056  4.103090287130789  3.7382912374210564  3.2567150157308675  
5.504614320996403  2.8832877752928425  2.8620080348650516  4.4497352850988925  1.534478359345306  2.0895208639428136  
4.063240625543641  4.876716896509349  4.374860111003303  2.911366003026362  3.5410410659143556  3.2633978262294563  
2.6167999056213147  3.713568121985875  3.939418304729869  5.162448241818707  4.4417314118799665  2.9745674886558935  
3.0540786092198653  4.916860460480467  3.6974301355366768  4.412457432041764  2.5957722106461825  3.8700114950464473  
3.651728434696093  2.975501039643249  2.486380495542981  5.000274250191075  3.7927083227886715  3.9063642950816115  
2.6711054298725427  3.8644603312188077  3.6296251512283337  5.336666584782936  2.3431243882456423  1.9451883837950774  
3.721079342357055  3.384267123390103  1.1779894599681977  4.660297935637786  5.194189736933027  2.9967301780059934  
4.127689214546026  3.1168882964185136  4.353563755133709  1.3787481439049012  3.4718706998304874  5.021939250663682  
5.55161596020315E-16  5.670498718707429  2.0612659038029983  5.094162454133596  3.987744759850799  3.6087653281112635  
3.8564596464612593  4.447366219840834  3.897097308055672  3.5047733725366506  2.2262638488250013  4.805140133478643  
4.5461971137015675  4.723140404389558  1.3649332978226956  4.3133406765310625  2.5774116104834954  3.946649929274642  
4.335613332228522  3.8348228024528948  4.188498534615887  0.8768726524093979  4.020375205086838  3.6037051441760632  
4.037162796483582  4.781050597696753  1.2183991463165909  1.4954730581496316E-26  4.079596926038198  4.374879244415584  
3.360758894464653  4.77385334497669  3.523752048802275  1.9058264875867579  1.8816960355257932  4.416961907381865  
3.990524654498741  0.6858996696854973  3.496050086982276  0.3242495029921591  3.7138696043100334  5.559897045200139  
3.014757459943839  4.581668022060569  3.0644313418153755  1.7663838650178827  3.5506000434299425  4.683765089610402  
5.1822174657119096  0.17249202160443527  2.1403610446897776  0.478414178836771  1.8641856961359609  6.7291120779402105  
0.17376882987575662  3.898568098428782  1.9202783377729893  0.4601509604222702  5.169323607226138  0.362080629210275  
3.402852701044112  1.6465807969660589  2.779497841194705  5.392468820204291  2.897673062854292  3.698831176479467  
3.6789383438380545  3.507823403301902  2.899570762204461  5.1640040336433355  3.372706734422081  2.239864013564614  
4.758329069391054  4.376077759884842  2.9276470199921714  3.577576779369881  0.46327752543640777  1.4797510645937933E-42  
4.319832953529264  4.81140348385354  2.2367585848374674  4.403094786701965  3.149714853875487  1.3710620870882715  
3.4000871007618914  4.023147191132603  2.8887771706094783  4.734086158404219  6.0939674621143824  1.7242679393694706  
3.1132805115714572  3.1783852867896996  3.8734454910689466  1.6497210711277326  3.404367056519894  4.408347595877534  
2.8466786064522744  5.154851251411671  4.093042558270889  4.860881553923792  2.8668315533529977E-121  4.755580106970853  
2.526577101578937  2.3699964132453006  4.437816583198732  5.164101715249804  1.3050382428328018  4.625366320298062  
5.525586511799749  3.6269726738709296  1.7621880815290547  4.814282262685703  5.274720889186012  3.2953923623328347E-29  
3.2383673553244847  1.0746077347681048E-10  2.924699246326425  4.054503900370569  3.8643956169800977  3.967397146526239  
2.189980151378968  4.796557957865205  5.477442122147235  3.413938942682913  3.0595998788604306E-4  2.0880313394506097E-17  
4.939486047459158  4.014374204370791  3.743629161787125  3.875927859804457  1.7897820536845581  3.7470238873215194  
6.979243153298874E-14  5.122834643553766  2.9204119724186417  4.152300958434746  6.121144081458098  2.796398817486108  
7.65633919581852E-15  4.959176742422349  3.1490320168811703  0.009376283590389323  3.6379486448156637  4.918897641242493  
1.8482676000246039  3.186483122113888  0.3226444842127736  0.22712444039082733  8.78288409929383  0.0361263385870618  
2.318691981983887  0.374856105772818  3.9708058834359763  2.9443177956620508  7.044420487397589  0.8632715405644665  
5.786147735211568  2.7382762941765937  0.24786745180625297  2.522997046206204  4.1315494223027756  3.681645693376986  
4.210475886884741  3.640792590194766E-5  3.0318903952290497  5.074232186100506  1.28600239356272  4.709726514706103  
7.395838391048986E-48  1.945558590734105  4.066754053452347  4.2649016474859405  0.46739016978209  2.970439079111143  
4.006210983190822  3.9222288503738008  1.5006289158085655  3.713551438285392  2.685971625925581  4.764297455744979  
0.5415841858466074  5.371926719449184  1.1457202654870882  0.9525604819374462  5.550215689335309  1.439343835079413E-24  
1.8884910459622108  3.942841848476694E-5  4.81160177679528  3.5819198913724195  0.2666352792207257  5.485375842308787  
2.308378876636595  4.506472346623222  3.002325180865998  5.118360125331944  1.5472125360630529  3.553992872680698  
2.4888441778389874  6.9694432430021775  2.9331609377553994E-9  0.3851429321680671  2.9745020386704413  4.911109098111848  
1.6173297495169172  0.21144276418509225  7.299539756503913E-8  2.2388819208450794  4.5978746236312995  4.290273946896524  
6.472021079136715  1.7321280641157448  3.4959858898448997  0.10189716244341818  1.813986650693836  5.616969125886414  
3.3765334917926837  3.31062832926904  2.5279388727273817  4.575104079727315  2.6635264876138076  3.583856745424349  
0.6679860321153903  5.115334021956175  4.613428778533891  2.6880636971555356  2.058144603927403  4.217141806931558  
3.4148828199525685  5.1898512262292265  5.258825122179987  0.5244568381993258  2.9837662398065405  0.873175961016824  
2.932231917622167  3.244910736223749  5.303835766613733  0.8621359736481607  5.053454224043047  9.527804445310584E-23  
4.232974447391234  5.151492876793376  0.6345851703300105  2.4351397269784215E-43  5.559926897556368  2.8117067820583337  
4.133709681999002  2.5779223407500877  3.8476560878081454  2.4995039472003553  1.89359482882934  5.039811752312928  
3.2702708105584777  1.0770553765861564  1.5452205752389525  3.315856990738924  8.889964554048191  1.2558748761824072  
4.880506706419849  3.9497134404027774  3.001663858941986  1.8199074160378002E-17  1.2418387857128386  6.116422444775571  
4.88581451276901  4.639838735976935  2.915820566084274E-108  4.778959073346448  2.9803761650504645  3.9173112421832537  
4.933335462510664  1.3026481063031548E-31  2.615139189209564  3.3133519879108246  0.7538570757860759  5.166404737656249  
1.7316539761941052  1.0352069463735876  1.273135214835308  1.0487127850927482  2.665935939251361  0.9254606582894579  
1.1500053608635203E-15  4.531277733654706  1.2311660472425587  1.8250183402452123  4.01467003270806  4.391991675040155  
6.377457389878517  3.4175216902765495  0.13785749838859634  5.509733693503851  2.3940139129617166  2.306366001105382  
5.59223626168317  3.575012357854932  2.0844391997312632  0.005906839991885769  3.0871624816994427  2.843377470062491  
2.298924646248451  5.622540931169532  1.0962813498656538  4.769117242559574  4.006588850282676  3.335198650987659  
5.693909472993581  5.158260910422628E-86  1.5972766736129176  5.437866546164809  0.8975665385471998  2.48905061817282  
2.98104354845849  2.4170161154075345  2.8560422766784973E-87  3.6538573783928117  6.280044133484668  3.4254541910617555  
6.311082473575942  3.8529975700924144  0.7777167107987147  4.243562604578564  2.3154077289346766  0.33026194506935336  
6.7444271119771075  3.108479780632431  0.819725831586666  4.0210476582826695  1.0376345541026477  0.1859411522265152  
5.204099182674231  1.057069361842805  3.3659689007958045E-91  1.0069302264853797  3.9090013347038792  5.096024568215368  
2.448201637064633  4.913653987930609  5.6350872140456705  4.626145932695102  3.226625870057866E-67  0.16882844855617601  
3.2506527928497397  3.7121672791458136  3.9153724628589965  1.477423888140946  6.014106045848263  4.692757581209534  
1.8452188267224023  2.202909929921551  3.6422518348490986  5.028752992861643  2.4762256350422667  3.9013569359676694  
0.08027796687005576  5.745702715239062  1.8859658130349513  0.8606305288888425  2.549850784593064  0.357599519375662  
2.838811209973947  1.9922376169380371  3.9435599569137496  5.204089986948022  1.594761116211389  4.416148450641376  
4.4300751180894415E-14  3.533841315788809  4.916012351713084  4.164370175644769  3.0420936512134955  4.9885801996209285  
4.101649176311441  1.183237528063651  0.48352074116021265  5.411607150041008  7.8229615051210555  0.6484444072742352  
5.718788648160155  3.3865299330442244  1.6988001596031765  4.7610809186332075  2.6795612516963003  2.927701349450681  
2.8209899906955234  5.802803117002898  2.4976433318403712  1.9594610344023344  2.6424983673740017  0.3694253367184547  
5.481076984237038  8.582434562288333E-18  3.23272049670589  5.470535412273212  4.396246857238153  0.6910024376782388  
4.155638255259944  0.5287921682276949  1.6735343762524337  0.6380634689524216  1.31749788000466  0.8342385318226719  
1.0393482093556832  4.130618654896466  4.984402907386462  4.763377697131504  1.7991391724622473E-128  2.834038858359364  
3.2641187436991856  5.13321411427568  3.764161175750577  4.273271065878231  4.825143688112348  2.216651005570988  
1.9209413321684806E-61  5.680436397870453  3.445386841160571  4.884355852187565  4.709311876170962  3.750730521601717  
0.015430518870516195  4.834485719904502  1.8742694921312018  3.542368689259644  1.182905477524784  4.947375945155758  
0.9754934534296518  0.9385432259130693  1.8012299043008695  0.8002750264168073  1.8841728311376256  0.7347374060558678  
1.2124318696169364E-32  2.860280057778488  4.022965563793871  2.571763658718946  0.2473791080014688  6.8211273337478335  
2.0902635631125146  0.11397049637087459  0.7808850526424251  4.916101398722805  3.0314800323436386  1.395311065644977  
3.6943012106160698  2.7137808161694013E-8  4.929450334509635  2.3122837412547166  5.9677658790876835  0.7055685229947374  
2.3874600061919793  6.237944587200452  0.9065531476458888  3.02130516201363  1.8232001616375686  4.59524061855881  
1.068898602223572  0.9302011177904255  1.6596458659462214  0.7815705182572694  2.043111886496461  0.7398781384896138  
3.4107297200750852  5.609284769394408  0.7069782289399997  0.661576399104951  1.8852186076094823  2.1206268599159222E-16  
4.481293084170302  1.2220005126376385  2.009037498697033  5.5550803852661375  1.7036604901860668  4.312274798799793  
1.2159767822417042  0.9081932859723928  1.7425739069398103  0.8065809736613166  1.7207802789858448  0.7168664131869387  
1.0854043539193663  5.487935446343499  1.8306526389856803  3.455445515659416  1.171676500053291  1.8467520489551553E-151  
0.968941950923667  0.8812819367187337  4.564868883719048  5.542357888143117  0.9326225073120578  0.24637214801948032  
2.8985264196329137  3.973652238125821  3.2672808351974054  2.4876003369783035  2.1979613546671444  5.089635102959039  
1.974984092654929  4.811565822848841  1.959054454965635E-6  0.15646033154970104  3.5515020303961813  4.141930896932406  
0.5096942898596193  0.9600063484880821  2.3937427700231613  0.6555688001816462  5.996434107642406  0.4536143442724412  
0.8567885080041997  0.9487024281213833  1.9907442478008213  0.8415208781785812  1.6447851042237496  0.7237154957879323  
4.588480468619812  0.5490148571481377  4.3797006404108965  0.39908581266252113  2.8385629781834347  5.315375340946429  
2.7408804397296573  5.001868450224978  3.8630625211660785  4.714871572458768  4.048912200857719  3.593474224006218  
2.1222164444723663  9.531404570653528E-47  3.7062774313424405  5.42090429874683  3.324400808613397  4.415050969447052  
1.5117427583226333  2.4701423221432726  2.9672408525976066  0.23141194381055027  5.355329317720398  4.840105463404825  
1.0101253950349696  0.935781434474541  1.7521179126626811  0.7934101282920619  1.925902610831435  0.7360448998042365  
1.542813684295386  0.2309088789002831  8.745723631903159E-11  2.114604535523728  5.322776732845236  4.0576825721167085  
4.337999971847648  4.2631516203076245  0.3321570118954202  2.9443327014900104E-74  5.8568458491181605  0.1397668453706758  
1.1204979289338854  0.5098898597249463  0.6441430819470443  1.3150073006079277  9.421514079887457  2.0948476347867664  
0.48938787820427676  5.895302048961551  4.073828514696635  1.6669593454598233  2.0316082685660457  4.7756991144307  
3.5942111366551934  2.194471786878774  0.2887320436453804  5.456434352859658  2.3244899113530435  3.62059352725634  
2.666522161450005  1.0273863712535618  5.9893439077619215  1.795489135134039  0.8006171430419192  0.5913927104062454  
4.941980809489489  0.31117474500452086  4.529387324778041  0.38926828425020576  1.035965123903495  5.892608193031705  
0.6447095732058521  5.118300093800853  1.7710191987887256  0.8061835783792508  5.145428428663769  6.793071956273135E-13  
3.0812942468263045  0.5361944256049472  1.538776804024695  0.9561202301914004  1.3668636466730006  1.8646609297360237  
3.260190763743133  0.1478555841852986  4.990526042555715  1.2388771153813025  2.905422886892386  4.428777197069874  
5.086360203605699  4.18772500536574  0.029352067719952055  2.965919188096936  5.523064827534968  2.9002535991987606  
3.5819668399563267  0.6771799720582967  2.149175975140403  0.4332664878397944  1.0812910307757888  6.743958849026298  
4.683669068735246  8.900088643776145E-12  4.393398111091229  1.2193098887231444  3.0772638708838134  4.79210718127473  
5.3780197173414175  3.1873697126534757  2.7007058420366543  1.2125730559235932E-7  2.784365642111924  4.301014452491866  
2.1982837738180817E-7  1.9160639698389303  3.0754163452189607  0.6971485420957962  4.109569582113456  0.4303095767667756  
4.754261920948779  0.37532220520737647  4.4434205850739765  0.2352327545312769  1.4204875623938762  5.193125992973676  
2.9163696248248216  1.5810073646870508E-52  4.4944382000034375  5.366671192559693  6.530947203120087  0.13226140541477321  
6.1231041401865705  1.8536738363825898  0.07640150670692371  5.179527365422076  3.676309763045817  2.507618652586645  
0.6629675847126951  0.896599098215681  3.271173251320775  0.7781359949065065  1.2586165541554366  0.9063700316990895  
1.1117625891108383  0.9293162951125653  1.5942573219390592  0.7715570374595526  2.137621676006503  0.7481725643996948  
1.2319408301133248  0.831188324535152  1.462690525620496  0.9290591036504325  2.340800452602813  0.8656068546192149  
0.9657582322281222  0.9387174817304844  1.8106639798726798  0.7992511898353476  1.8968763584449038  0.7353800387390546  
4.133364113957439  0.5423651996082227  1.7179154550201923  0.5465089948400805  1.3545630725867466  0.8272350927206641  
0.23715139639689395  2.929920844716613  1.209586733943217  1.912209734099464  3.457594366248443  2.9225615338713307  
5.693467298896082  2.141577029694004  3.13676252923023  3.5115986732820392  2.030345958335096  3.984095791690509  
2.567227061518438  1.9524072109495596E-50  3.9501607699980594  5.742653981002312  4.373306750131725  2.5156385137179207  
2.9625330353422212  5.18606678010903  3.2481702626125757  2.2596573706472594  0.9237702362760262  2.896342960458583E-51  
3.336246064110548  3.644322596989002  1.5513942290972424  4.07201719676389  0.5750171364221005  3.2404705441877835  
0.8010929327884974  0.7944362127012472  1.4161059493445034  1.9760122635998418  1.7986142842258972  4.975115079531676  
1.0966414861581457  0.34411019811817195  3.4574978148099307  4.5804398769948955  1.422639644488403  0.5139802049396884  
3.29725946458693  0.4418058569985846  2.12439820236561  0.4381013095910776  4.583647332761354  5.188210535549667  
1.466033278636695  4.190686628303679  0.4865905936898134  0.47141508509909463  5.402676276322379  0.09118260518062264  
3.6275650263016503  4.931578867472516  2.7660375143745286  3.438397631040017  1.1800318721310104  3.689189580229748E-23  
3.4684358068528716  5.822811212744244  3.8160802960965703  2.3651644339302327  0.005420488026658734  3.9971133842607123  
6.601133947042641  1.6484970698589154  0.46560269671553606  0.17400180156988487  1.3743933037485312  2.6834982476159  
1.116750096368835  0.7251996177589115  1.400602055769317  2.1909881126500514  1.6923302583936315  4.772294672488958  
2.266502746304581  4.200336716974337  5.872084657594338  4.753826503113894  3.523201799649074  1.4748481313205735E-61  
5.673869417064836E-134  8.746134648873927E-183  5.507302280442654  5.31039761846374  4.271448988602019  0.7768442511886718  
4.571201220607925  2.948913400248081  4.117356236401275  3.2902440275124714  2.530951635990697  4.240190917254258  
2.314612134992777  1.4249663241014885  4.903359612199987  0.8250027452327089  0.6767705780557385  3.737690323059319  
4.432337178614618  3.7285218471738534E-75  1.8388462215020296  5.695228728069965  0.5085906007949073  2.414944922748522  
1.2752304193546298E-23  4.085408134418257  0.5253678759989104  5.4866091911265045  4.731592768118509  1.8467858533454424E-46  
6.563738586720178E-53  6.0098347341576845  4.397775735603106  4.161171245048051  0.26759205568853706  7.510936344764535E-26  
1.2452899192157632  0.9013774643858619  1.5712645372558178  0.7586071706803337  2.148298451621261  0.7614078481819234  
3.5240330911071718  4.82442887690064  3.5317308785847343  4.5671030216907536  5.350762345366076E-100  4.553692473177462  
3.1520514646604894  0.6713074555807964  5.122576033510986  3.9820480705935912  2.8091370956301485  4.3700577061698045  
5.5900382214468705  3.8555363673492393  0.5472104580832288  3.503097803208047  5.181521899608074  4.201345499657357E-11  
4.223242031290671  5.035705366188738  0.084173092176124  2.6316235752657287  7.410208887692666  4.668183026832146E-29  
2.7949160607626444  1.2206893123706375  4.6553659284890285  5.3921301068868495  4.167882589353866  3.5113452335681967  
1.0232948029499174  0.9337796065430176  1.7267439065703574  0.7875596494645839  1.9794121179193087  0.7374962402658084  
0.6505885663725482  5.303472534650633  5.413851559191  1.7789167297151996E-56  2.0461294431359915  1.7873094404547776  
2.1157542388784027  2.363784163524621  4.644750299539348  5.295914877349975  1.9292871450606688  3.3551217394492278E-6  
3.9896941927770464  2.8333060633232514  2.0575538643689817  4.03482626551321  6.46605086129149  3.353950726856273E-22  
0.8232475385348949  0.9487301589029844  2.040495179234898  0.8525709517353173  1.5925074904671424  0.7259596326034129  
1.3845924583484364  0.9046258343983226  1.4966144834267858  0.7525380471413944  2.047409593565894  0.7564238435065986  
2.9797674623479694E-6  0.6487120865440384  4.831085886469274  1.6403281291220502  0.7160952157881276  5.4166461540987925  
0.9843263092812856  0.9385247259130532  1.7945283890635226  0.8023812662506405  1.8634224691041363  0.7337669501492724  
1.1444791125040766E-8  6.259142965440938  3.557633391122521  1.7475849365982172  0.969189372687921  0.5458664147211483  
3.0542265240995317  4.919928745167348  3.7252678342925494  4.7950077159121545  0.6648515395341231  2.476892215746225  
1.8337606979434737  6.466455479775173  4.265983682175084  1.5999398768340938  3.520612323542562E-87  1.850708852464001  
1.2038788923106962  0.917074015179395  1.6342391644263736  0.7746172063415777  1.9580428348061598  0.7397322554751251  
0.9984004560913434  0.9378654566192525  1.781720810772338  0.802144020811151  1.8561483109118668  0.7336581573868001  
8.97451536449663E-99  3.6140137430524666  3.6690196843275253  5.483890212027833  7.038474020337329  3.043286346169502  
1.456495980701369  0.8938767295500794  1.4641444563373047  0.743705190001787  2.0805576094552216  0.762855088110779  
3.031127731775237E-4  5.120856741607197  9.700147531124503E-33  5.733897998877397  4.7398287972070285  3.053634486579018  
0.9725991746511451  0.9406071755393639  1.846433838055049  0.818891564628446  1.7407293111562843  0.7280550285151516  
1.232569089046441  0.9188470341376341  1.5778138175375316  0.7691556108579002  2.0072013555441846  0.7469000087634949  
1.0693890451952694  0.9278776909161716  1.6437042129559898  0.7763329155128329  2.124715853404104  0.7426460820277165  
4.519801457378865E-12  3.0571236809417126  4.364726649114298  0.7003188453526665  0.8871118980295559  2.309977642013335  
1.8894733307989666  0.504310295185458  2.6465045847186466  0.5657672222228894  5.0968689602505535  0.560411230140716  
1.6686167777759875  2.7119824427302555  0.4697333435398079  0.37355640277201035  6.680797883126232  0.24012887750179188  
6.577316516201038  1.3170663617813065  1.9402287876127657  2.578873458803541  0.7261356902106965  1.751925507706076  
0.8634009590734012  0.948380807502528  1.9827873614596678  0.8412706511326266  1.6438262530995278  0.7234757060658199  
2.6761151037341326  5.929310311677964  0.5704942351573614  2.3817146772454953  2.598273959027672  3.8684169002374893  
1.1803005896404248  0.918260487195267  1.6593938769915417  0.7807679358737099  1.9174050536166773  0.7360790037878606  
0.979339023875731  0.9371462978816386  1.7875696896685689  0.7942881584977328  1.933193203955719  0.7364823916674341  
1.4201227008642767  0.902187772876327  1.4500535631665135  0.7474164546007988  2.0828166720677053  0.7642752216178276  
0.6052003896818884  5.523515190168151  1.5686913077154647  1.4126303776944984  2.1583731436497975  8.688972502798986E-7  
2.2292821240410436  0.7381974043341833  1.821314534287969  0.7274246553422676  1.4347000057131092  0.7590208716134527  
1.1028069725839096  0.9230769560930827  1.6462631139437267  0.7749614628354733  2.0708682101151217  0.7519839724411574  
5.229046280338378  3.298897410304092  2.189214008557072  5.340277982003435  0.010098972699727328  4.766357270761182  
0.7246693458744401  2.276067986568579  1.8729013181733551  0.5895352060208019  1.494812432193022  3.4789432281266244  
1.0205523984042726  0.934430356644409  1.7335804573564826  0.7895017978299254  1.9590779698463487  0.737006288107867  
1.3839455667608902  1.5475659929354733  1.4809952937920157  0.6270928214898538  1.97683610938543  2.1911967608121543  
0.8581119532825873  0.8028041081712278  4.510489654337086  0.6599995075705458  1.1780469568972838  0.9519209964392927  
4.332011490609019  2.331335685939862  2.219524885777629  3.8774403410252187  3.614950919730571  4.189748786667417  
4.165033674423832  5.125970527468345  0.8863287566653885  1.679147485493148E-36  2.4138155197759654  4.943568453237169  
0.2358342112209517  6.194361643617871  1.6836167268585533  0.24239742084513077  2.979910148827472  4.65259343077741  
0.7899428134619897  0.9353324685329668  2.0383730364870685  0.7904003445095182  2.0203849418011126  0.7235388918791014  
1.5187659536667686  0.888501774930122  1.4536137321848417  0.7305879647900934  2.2882101587144246  0.7635029070303715  
1.4556164022412077  0.8896344151302934  1.5732823464201773  0.7583252743926405  1.8705399377288037  0.743352503154468  
1.0527018877184344  0.9281682353613774  1.6766004501249874  0.7789539263732074  2.0666421736690124  0.7531170949410396  
1.7112375691358832  0.8610660518451857  1.296841421917144  0.755813006116477  2.40953458830599  1.3539586901097906  
1.0442837389887207  0.9332346924633236  1.7038691511300803  0.787607997873868  1.9669093914252536  0.7372732924433083  
0.8856032245860682  0.9467903153561473  1.9475861836238169  0.8339151649599688  1.683975314503729  0.7253310367892598  
0.8831024603395989  0.9469029104740697  1.9504237139547091  0.833884805035384  1.685191605619965  0.7254663325272847  
1.6723153082182298  0.8458471845643705  1.2512385133828097  0.7384551757708337  2.3706097863760376  1.1946900639937168  
2.8602534391068417  6.403800639941049  0.9047917173711656  0.425904007749284  1.6730760240697093  0.9738040391667561  
2.7268753387708182  4.882956469378991E-25  3.9545390789092405  5.809071140929348  4.057238747941443  0.5212316210264801  
5.5174980977729255  7.149595510016086E-83  0.04245707520661157  2.0538636141111866  2.4050862099642636  4.6852493973230205  
5.4997275540054316E-42  0.982213289811114  4.7344906132343  0.596495703247528  1.1515612353613305  5.645255604430171  
3.401734479560013  3.5585576738257023  0.7554726070863848  1.4049652218731599  1.4787614049537203  4.935136042480181  
0.057896436345274464  2.4293344805892576  1.100545443474484  5.938277785186414  3.5241731140573114  4.470481230658965  
5.104637728994132  1.5464599685403515E-45  6.689300094153477E-11  5.52667227531687  1.6937506138861247  3.914008112368651  
2.8190324767288337  4.374861430967456  1.6046361873309237E-21  4.57898352972328  3.4028590117741766  4.267254874057877  
9.830612815554865E-12  5.968553095246683  2.1242088593253743  6.770299440452954E-10  6.437098900383741  1.1176591527805129  
0.8347988540240718  0.9646347342570056  1.7541257886134458  0.7732348361278943  1.8600010117400683  3.708614328012473  
1.5767689961094657  0.20877306500417325  4.317530347180739E-32  2.2171867718929854  4.9431680104105915  4.233503710230587  
7.502165068470074  6.6150599912360255E-6  2.4144109384555366  1.5836294495000616  1.197141768243838  0.715125355365585  
1.3578902364151295  0.8514851810997531  1.4914683235748372  0.8261400040248971  2.1851451848310486  0.939748177968913  
1.0218118441361173  0.9360237732110281  1.7587279555142843  0.7985953554147319  1.8676939063933153  0.7344939548022774  
1.5524339425760916  0.22504551866858227  1.8505569226672026E-28  2.0905643278919457  5.479412575433316  4.013786961791904  
1.6400439431212215  0.8623274820177577  1.5419670147693918  0.738637176557756  1.8697961664425364  0.7590775838959631  
1.7192725992771243  0.7259876034535739  1.3558126448103187  1.0431988116903819  2.2327410256603297  0.9169893528111462  
6.4016560896037925E-6  1.001110492453577  4.351157080730691  0.6520453339714999  1.0012700356818238  7.563679948411908  
7.590521352578527  0.21040555916379236  2.168274836645222  1.4274968633777847  0.8203070251298505  0.8140767484414921  
1.870196067384817  4.233959394124409  2.356637996419655  5.546036812256636  1.6694532583607367  3.7059052704246307  
1.3653817758445428  3.6284999975391123  5.453650881363585  5.233454940303812  4.804466120259651E-34  2.103444773113177  
3.1548177912938975  4.322128320849798  5.094941155880202  2.05803585539463E-77  5.185472811831432E-72  2.1761201616279813  
5.798868557538733E-19  4.636335367027628  0.7734677593202552  3.396414098552907  4.057089978847968  4.607943959458741E-56  
1.6735292764615135  0.8067245100146623  1.3704708002225579  0.8474569292301235  2.154097758493313  0.8524858208234029  
3.717792504654026  1.0446599499886942  1.5040273419423071  0.4420144386980803  1.3133756063073336  2.19392162683694  
0.7079211152807153  1.3055290564235948  3.831451606796133  3.3737794342774228  0.7820567362997429  0.5111227306244158  
1.2033138395221492  1.7793349352869625  5.719038241380764  1.1151363238328764  3.8313249218852277  0.010339853278411564  
3.723586617726863E-13  1.7618529600872532  3.4305954977496445  4.226441116499431  7.5041165532106975  1.9915162082092372  
2.1177633763892336  3.1370790580097343  3.52893450966723  1.7975562339185562  0.26597916194819776  5.425296957787172  
4.087348772728961  0.3966042233978092  4.089027729414764  0.31659072702043034  3.585159543487541  5.531168452799472  
0.9857394673797845  0.9386276719625541  1.8017640994765651  0.8039297151260527  1.8457008959467385  0.7335939616801116  
0.9961925377998175  0.93748686592553  1.7767064942496593  0.7991619274428297  1.883062509362182  0.7345527818924842  
1.0254002989682307  0.9326260557912718  1.717120594113677  0.7850881988556252  2.0158735845376285  0.7380674367646316  
5.160504871209538  5.775300403072339E-71  0.12464234585173688  1.4465007024350307  6.59764389825274  3.0598069748100714  
1.4703813699645434  4.1417114354877915  1.6907999721790932  2.150933442827758  4.76527681148737  4.334805787264077  
2.25697073139137  2.6746928978370708  0.13390623618751663  0.2367523437142373  8.4165658962088  0.35582597586010134  
1.0994227465107351  0.9280595438507623  1.6836981759903007  0.7867301812969223  1.9278369781656912  0.7358454945180961  
2.154565929452142  0.12169494707024328  2.5355559996238273  1.7703940431279217  4.492726664003245  5.938735726650456  
1.2152855435850909  0.908252136944217  1.7205575491885283  0.7946251470506446  1.7991143024703873  0.7232464131023182  
4.919786939165574  0.14680384632095594  2.3302106710683965  4.201503173805592  3.7904307409583478  0.6615558151081117  
4.647748075328103  3.018011191344029  0.953185589786879  3.9745284779748804  0.012916212594993976  5.1932338629509995E-80  
0.3431034596305685  3.376116918745342  0.497314980165145  5.695722752580344  2.5879397561746944  4.164569734343266  
0.5644137614752733  0.9343667940738534  3.2288304170098265  0.766882132304309  1.245156772075585  1.1156509874658225  
1.1890942784875407  0.9184294077049718  1.6537480713534813  0.7811457006890136  1.9059451978824484  0.7361168997252472  
0.7691687322651594  0.9922817154088711  1.695595787002958  0.7706174685940507  1.746195291797353  6.967129992447267  
1.312335470842326  0.9069550769236129  1.5962879662230607  0.7666088755243161  1.930017858290845  0.7426131982664311  
4.746265745510756  2.6556565901799156E-26  3.68048570973617  2.228235151189331  0.4980801324989347  0.7508826678394046  
1.0730774359404023  0.9308995556895748  1.6687071125552584  0.7835357132773236  2.0008976347147374  0.7389705918746253  
1.4437694211317675  0.8752107333480832  1.4518574499632015  0.7494209858361484  2.096261458876145  0.9410571871217043  
2.269496031792513  0.7462027513248684  1.7432408327025195  0.7179560919054528  1.4630981402118581  0.7602827070255942  
0.9970542174908078  0.9356999355806312  1.8612031202250223  0.8210323096215392  1.7145810615065091  0.7245348214067638  
0.9323925845473955  0.9431956117218968  1.8747359382096191  0.8188707439699089  1.7666567595343508  0.7291977450509066  
9.922826968690655E-24  4.41547219817093  2.0356638682688075  0.5497718145357572  4.289438296210152  0.27304837281111166  
6.548423889699974  2.688161018943889  1.9328614584606624E-71  4.138085317335933  1.2693551353191255  3.5718110243655588  
3.31054359325607  3.9560939843418147E-81  3.8854586109255513  4.378763920989364  6.790564423872234  1.86496526416902  
0.597996670773132  2.9004247101820346  1.5629214254749566  0.6001569439810521  3.7186298462691743  0.43955275996158233  
2.0097007261262982  2.6868764998938333  3.3482998145221843  3.723448333712651  0.18305651845053206  0.8560695143850603  
2.9765995107077607  5.293037401492425  4.5871494713358425  2.526810413708904  1.7060801943052337E-8  0.28390760240699187  
5.5079293395225655  2.2598721599015694  2.4099530482799727  3.2619345186500754  0.3520659175639496  5.568934691704904  
1.0745602160041943  0.9309139360303865  1.6569124569800573  0.7825812292026341  2.0220242236318353  0.7394781069944596  
1.0232715614094452  0.7606543902516134  1.1689101761919378  1.7789334512509831  1.9236039195132084  5.081533629836987  
1.4064876186941109  0.29051688428262173  3.309838110152965  4.570451594674285  1.3025603645712485  0.5924920470227826  
0.9311108317391258  0.9430544887195577  1.8738183534627808  0.8171097137869477  1.779578252840161  0.7299300312812159  
3.634596786734879  2.100818748855566  3.082713498135928E-5  0.3296609910739175  1.9391874744682729  5.490542254705345  
1.4957929914990105  2.1883089883158844  0.6153342666250057  0.5187394978505289  4.620988595607604  0.46403481168592836  
0.5905010745319524  4.05370144440506  1.4833361089950594  1.0675768006547122  2.3306853015910343  0.3272507825942985  
6.953458536832377  1.4230277954531698  3.0619876937584456  4.641191065592736  0.1726306700835474  2.3807359270205298E-17  
3.5715149706918132  3.8692105467043123  0.7002703465854752  3.7565859247014126  6.6932398623799765  3.0983541917652517  
4.1371174360812635  1.406789621646221  3.0471282987525417  0.35388810148787936  5.189737026525278  0.2383555051809127  
6.389111472468984  0.2464851017506421  0.8603940913910958  0.7692551266763644  1.685338737587159  5.4811511613962205  
1.1340514877371726  0.746008645510307  1.3420399815279964  1.9317326167513809  1.7037951434602658  4.922524016852127  
1.125726364923518  0.9241327663583607  1.5511210332361498  0.7650899013656837  2.2334211531238153  0.759071746865607  
0.2891654820098799  3.5587268340168987  1.9160432869381179  0.8285598928781386  4.048900338230512  0.21376789260100898  
3.1218946709449207  3.2398583229471773  4.947623049203002  4.483582137033528  4.175451552094036  2.785754785808209  
1.371016747827682E-27  6.080683259468537  4.988980742414361  2.148162227806379  1.3071856587368968E-44  1.2063571016074228  
0.30774816005671213  3.493634122433206  4.219695881231328  3.441197714335298E-13  4.560896856043073  3.434097491885167  
3.6632506699247145  0.22003384095080605  2.66486511753463  1.6853773716839016  0.8950156869006806  0.7566686658869016  
4.690809333275086  4.678632552121359E-16  3.734408317950317  2.2444638513507393  0.4839455238211489  0.7551281061878251  
1.1951811484839143  0.4218473651517117  0.7149131831970452  5.935230435847353  3.2835980987603  1.3516601489550526  
5.827167118439033  3.1561453747414405  0.5664472197240775  8.649294780660392E-13  4.771833041996911  0.4508426567224201  
3.258926770997172  2.2672227458465506  3.464931695980784  5.209942605996502  1.9159497551461373  3.6375642303453734E-27  
5.217595168006573E-58  6.013304620275651  4.405863832690245  4.15032677162534  0.26577364399076536  6.145902804444101E-32  
1.3527087257030088  0.8873171588934622  1.5556363451667206  0.7486733603764588  2.143026056186446  0.967388875720904  
2.245676001239573  4.8712588198746625  5.993732251672151E-18  4.779088489779043  5.138866829717476  3.5061531014426035  
3.438082726534022  1.4685011744276248  4.937613776512865  3.3763722117062613  1.60831896693555  4.995568169066606  
3.1734073174805664  7.644607353106516E-36  3.807808320814421  5.1022628819148865  3.1600509260665635E-4  5.076093993403025  
3.9142086201433055  5.466150105416924  0.5443943468670045  0.5016697369191676  2.095292661762071  0.48740038559912335  
0.3085842979338987  1.0232774394594981  2.6642087342580694  0.5873903075125027  7.952243991336783  0.30823683869943536  
2.232641711485788  0.7623478893557684  3.9545654909555235  0.07427429320334131  2.4339006247065145  7.225809054281673  
2.179398656896961  0.621368505414574  4.617760884619791  0.3455906106862463  2.20154330532698  5.989819859635008  
0.9533663141800018  0.9406238439044247  1.835350453441143  0.806953652569516  1.8429476434134764  0.7330652405910455  
0.932991859127143  0.9433662852939395  1.8764833718546656  0.8206174665158474  1.754165687202659  0.7284900732098539  
0.9889108572581417  0.9376855385956936  1.7839163557917566  0.7986372041957318  1.8910346951709762  0.7349115058215605  
0.9308693678293158  4.257094987217639  3.1534422993983364  0.21387686900343172  4.338429939443056  0.250619028670212  
1.6720226561970588  2.6884134793003143  0.4696101242113023  0.3754898305266121  6.703294087515577  0.2417829013902746  
1.1255993040541985  0.9214774744549796  1.7280045606856906  0.7952436517122164  1.842955591161999  0.7285489242908922  
4.750839074500964  2.0631938096333235  2.903339506560653  2.8346487730180265  0.49299476806982956  0.4165128090962439  
0.7511118168314106  1.0047559584062358  1.8556170801350051  5.809964388191442  1.6996326129287906  0.47723752822411325  
0.9211431742736897  0.9437413155810039  1.8876451517481894  0.8190771819698215  1.7701446761599833  0.729564309269348  
1.9642199106426914  1.0464318185639251E-19  5.096398936963063  4.830850490562653  0.2502243955006662  5.297795020399798  
1.3906039620492814  0.40150798985398234  0.3152092522273991  1.8312459217153352  4.113875044757954  2.818060902206934  
0.5781119936285879  1.7499389342846452  4.017533498956048  3.0010893109790957  0.6577753295281703  0.4146761115841148  
0.8349950849658815  0.949812227765979  2.0216279619035316  0.8461209120922557  1.6239053506713306  0.7234809052874659  
1.4206822596042186  0.6204505957641856  1.2160841568644187  2.103290387298317  1.8013089627709062  4.8747497901659385  
0.4269236357979914  0.9252732075582628  5.561474940929652  0.5047107610856022  1.1134014852656071  1.6251487724380234  
1.3359575207521914  0.9075281421690118  1.561052700493183  0.7633279060606498  1.9514761947190458  0.7468729179225806  
4.2822057519218575  0.578835433371921  1.4391358437919253  0.5363784885255303  1.3699886516115967  0.8527437517198282  
1.2668246057141623  0.9045039360614259  1.7547419295344322  0.8109644905162708  1.6408297818058797  0.7201892737573147  
1.3340392637089713  0.9066198768202794  1.5838539971383658  0.7671500218978817  1.900644580472573  0.7431232677638551  
1.0941957109675333  0.9292854448422301  1.6530637247765174  0.7809811649614301  2.0120266556595996  0.739963221381924  
0.6644852524755092  1.5679156683246613  3.978470543278671  3.1580892117008017  0.6770227448041202  0.3651542782801859  
0.9748339111745964  0.9390209812372757  1.8057547967565954  0.8028867991341888  1.863977920610051  0.7338558089535724  
5.32878163413239  1.8965294045609224E-4  4.736483244684249  2.240900469405933  0.28204254753393415  0.8044941853998002  
3.2959659440830884  0.024865689725945203  3.537444475447585  5.5315447742612385  0.4331004577685836  0.46013125164763186  
5.554642156228693  3.4972364916505128  0.6990923578295369  0.5314125212058979  2.955043412945207  5.743518745679804E-7  
