4.1401616442988445  2.887341711401696  1.774029155775851  3.2925282956313198  2.133433160162841  5.556179230796723  
3.445579760867765  5.3738392965627275  2.2774234269274563  1.584215378845605  3.2731230761934293  4.1764507417771  
1.6244359963988053  2.057929954968188  2.0820792840843003  3.908100057585318  4.660785986244893  2.346530224262044  
4.6432450566915096  3.315670756406595  3.299964498808867  3.1293113893381745  3.154453384077695  3.496302940627336  
3.4725263984326054  3.512944887947955  1.5956478832568584  3.7088449829068226  3.743174479875552  2.7258816059111637  
4.295823087380535  3.2713148728585866  1.4634746051720917  2.2101541409318233  3.2287344260224593  5.111256399795058  
3.491854489066229  4.626572270039525  3.457636938941106  2.3136283659962826  2.802848073105119  3.2862278135259895  
3.062950394208819  5.401567293248158  2.0607333056397246  3.177170339858402  4.3963831816349215  4.809873144142361  
2.1603893365007063  4.7539875708641155  2.372097730739098  2.674815611729312  3.3212558655178364  4.711107400312725  
4.39313647567295  2.2875437389849016  2.3368378970354517  2.2526599586459395  3.5492560190154716  5.264936281510779  
2.4272409574684293  4.503520992291711  2.090786688324371  4.792624486329363  3.795722108347125  2.452309628035225  
5.347586592661389  3.2665912914449104  1.0207825553139205E-11  1.0975275656707333  4.250480837302016  2.9040207687582362  
4.048413098533679  4.07853682655235  2.544504644197986  3.440290427213177  2.529338254013085  4.065661987417594  
4.734772488418712  4.423320041837149  3.738166266100991  1.097090822256043  2.1363553120035714  4.55392131518067  
0.83096946826575  5.639796893430879  0.8964636936159167  4.508309767315417  4.792235044432443  1.4944808271591554  
4.211760157455309  4.0359158897761835  2.3910486467994985  2.8435200094973174  3.7034714816795447  5.304614297497887  
3.320292007395196  4.835889383777428  2.301775541249635  3.8676758874400456  3.404871969125382  4.581848893185313  
3.785634705983079  4.522413458904756  3.4137120706429105  2.824651085735373  3.283669467859779  5.088923370397004  
5.553984370533201  4.065513046491768  1.5136602741757832  1.2961791015161408  2.795482305731729  4.5396901943956856  
5.780499740279108E-22  5.090580925323996  2.1157142074340514  2.6470879578696977  3.096664072396859  4.558920775147488  
3.779205628624606  4.25248850746143  4.740079820135735  1.9852180782123248  2.657443987643429  3.767877869515275  
4.4805855586927334  1.8920521397485441  3.5358871332681847  4.757156846240017  4.012722450744967  3.8169349182172394  
3.428109070324217  4.786342711438452  3.901390852797125E-10  4.229742447835153  0.8757290909034218  5.3076623797551585  
5.126711721010989  6.549943763432742E-5  1.9251394814385705  3.9163553298220464  4.2052327533030205  4.479295031180239  
4.1205668592392515  4.352814766681628  3.276164338987941  0.5160466604957321  4.252218928045465  4.581348528733889  
3.7494076990347476  4.425469910427965  2.9604748135115684  2.815875076431111  4.089383333222134  3.476390990439643  
4.854854569078854  0.9836723498137409  2.008708464720226  2.3737820456923195  3.4894318278705856  4.409266884605472  
4.676702417022573  2.3503911923015113  3.310382123106849  1.5471623351553059  2.9862486826871852  4.806369050924743  
5.183408284946867  3.3518066737371806  1.8238235584305407  3.386251747806843  1.2534075027385998  2.5507341635061778  
4.823742997408337  2.694051824642087  2.4985642055491573  2.8387994232424933  3.095347069971486  4.649763336734539  
5.5127129322299835  3.2475041483485367  0.47113550142456906  2.5292232744820478  4.076256454456307  1.535623673022027  
0.5641471300444006  0.8876212730474604  1.0433162249890309  5.107568116400312  1.2545068624804632  1.7437631195033227  
5.237073692273646  4.696148352341273  1.5901573317917055  1.2448992666111927  2.1885483496482983  3.471749850015652  
3.0606621462368486  1.0920781918726445  2.56163185691893  3.213362887537511  3.9735953810780082  3.9823736805117282  
0.7051551153772427  4.597973532670715  0.19644582119980852  2.587860333046646  4.695264969109009  4.837664814490334  
1.2292097275470222  2.8005534493798856  1.430566768408433  2.5738166049861446  4.741420445981466  5.484238781850376  
1.8058187052787578  4.33209923953017  4.549808811196649  4.044875011926809  2.9247609007590927  5.500779015326642  
5.5977918489556995  2.537877773981537E-4  2.359784666428725  2.754852402357562  3.1641407045990175  4.372200847835495  
3.3820654929139224  5.059581333230103  1.8620277416085024E-34  4.245764672261584  4.36479700725531  3.8930116831080017  
0.5805918557986343  3.2142491291524875  4.18460605875272  4.575445752309958  3.784927018665226  4.063119635023861  
2.123602586613988  4.2523261014087375  4.460547801118453  2.536831872007835  3.818032980033857  5.1290525027321126  
4.925042644657646  3.896233703458373  0.5866635996798093  2.478515319165926  4.730075717832914  0.04911147458927365  
1.012675163373345  4.285567212913829  1.2800452177435915E-11  4.048889206068265  2.765973211749764  5.292395264247842  
4.04479825930765  5.322732842126804  2.107255158939104  1.7920641794895877  4.527002652043631  4.368549845880064  
5.504084088450597  4.030247858760708  2.5327668095693743  1.458121930213466  3.178107738488955  4.428987758175644  
1.9927199015026416  9.884745217020423E-17  4.7701400064711414  3.4253596648881093  3.577192930820203E-23  5.073626559327676  
2.810690748746819  1.584446398384283E-8  3.8901014628614314  6.791487452552306E-38  0.1718277936233565  6.872645612990086  
4.526932680693604  2.7596009611756678  5.6293096189019405  0.025957356714384452  4.883790113849318E-36  3.183484213385112  
5.585678548142719  1.8039344575494145  1.7831506899713145  0.41975417257332237  5.542076294058595  2.811921040680889  
4.35500886586085  5.2876499278077365  2.8781822577468654  2.351463220573609  4.457591876335341  8.488210995418738E-47  
0.20389526968310098  3.278558705578365  3.740766740291777  3.7039707702932936  8.716143477423861E-38  2.7410811897438387  
4.607838159675845  3.2443247847369547  4.088655451301356  1.7478408496651292  3.8095003740183184  2.918830072923524  
0.8046839216741327  1.317973356433009  2.9950198435559687  0.8469072570567815  0.14762767882484482  6.082001374450407  
3.607649055251889  4.208504413270296  6.053856863310424E-98  4.993063152652415  2.360839422424557  0.09166580425843869  
2.771749151997071  4.560528206493309  2.1522901022597987  3.936380630750351  4.812864591762776  2.381110898060244  
5.374103394359371  6.292652757023978E-53  0.48637748452323337  2.0713231258056437  3.5376227820287145  6.727398904344131  
3.8155234535158695  0.9532002483912401  5.478075645870122  4.47726854177077  6.7606679894628E-14  0.9379660431196922  
4.4776673314870505  9.900889914912063E-53  1.067091399847266  4.730639813952605  4.613053944617488  3.7258338195101497  
3.1611315897022836  4.667842288107652  1.3492865298377743  3.5922003410989376  3.3039923989771114  3.4389736334414334  
3.5949393031906416  3.756895979312819  1.4898308341134812  5.672298553716057  4.038402080105787  0.2529304987694799  
0.10529408889685611  4.268898592115525  4.4891170227527795  4.106594562304772  2.6424138190391724  4.781056610964406  
1.08487924800684  0.9477541434746022  2.361996738171959  6.679419756109634  3.5553470630220976  0.3155669084440053  
3.9668762145920238  3.0140494263156947  1.8578029310181758  1.4612524217899248  2.0185132504138634  6.655703503496949  
5.648164298346125  1.8039645064829006  6.294804438250233  3.604455213186957  1.2900991510161175  1.3145598399356104  
3.418152989164918  5.45119470335689  1.9980042752308063  4.8868258323007545  2.9329666139898607  3.0460136951857046E-26  
5.499339029851409  2.969760116663143  4.827201203570936E-47  2.909669780494542  1.1753013535806277E-18  5.184143343387705  
4.537642608768909  5.46935437381818  2.5291992627792106  0.06850121503249802  5.452764751579815  3.8413687668587233  
4.999905906386341  5.639687474681247  0.8814316621927188  1.3980675972940804  0.051204203061929514  1.0365280643051347  
0.8109394627041657  0.9948169697217064  2.249570113171739  1.2484596265963837  1.0856267716317893  0.991780210837571  
0.17121614434710317  0.6867450021762211  1.93587896493612  5.137406852003717  4.366690621617864  0.5855670463690447  
4.151794718341395  5.428645305983979  1.3143834585319691  2.0487403641909325  5.1884792671428235  2.530577268773252  
1.1424544692291616  0.52817802407563  1.536151675449045  0.7382033694343915  6.304654990299935  3.9605971318751565  
4.575550937649193  3.6603815920292204  3.029119087961303  1.9991509399118872  1.9373637258070988  5.239746416557068  
0.6457462178328507  5.9702835804120395  1.2469340305718664  2.570748767399749E-16  5.310373880797184  1.113620390426344  
6.392265501901852  0.37300341732847475  1.1627593135611138  0.5380840229827988  1.3872287138640214  4.635335967156792  
7.844477331801013E-20  4.492946056480867  3.050707792299519  4.6471417761768  5.592644795615279  2.136817224236493  
0.4127124573230733  4.798088709547109  1.2936614689683346  5.447138077867632E-5  6.437319970906546  3.1824050065347294  
0.39209739368678587  1.3865708498638822  6.391995959379303  0.64949728944209  2.7885130316877875  1.1623098855678473  
2.9440883497714454  5.22992765907669  9.10363592839852E-145  3.7059743472579756  2.4595197818544574  4.92545987911587  
4.405063535306695  3.377662344853158  6.378608442751534  4.124802758245472  1.4610170624091645  4.095674023643169  
0.7737913328488347  4.82010640556291  2.722531698861489  5.198647103539201  4.126746707767376  1.031056894309409E-5  
0.7406235288447258  0.8748432848673251  1.0428764996775233  2.909527675830089  0.6401189677711263  6.1196121239948384  
3.8752985722703497  5.4033633546267295  1.532430598346888  4.8016634138793926  3.0130357878854817  7.160662033485487E-27  
4.533268469410557  3.5950795564124545  1.9674802559482801E-28  4.464720415053308  4.754360865530914E-10  5.990511253707392  
1.496743959656477E-18  4.484169229862952  5.388927818654305  1.1249089443556366  3.9521493988411476  2.6639677581187233  
4.947522189895643  2.5304829062030603  0.5839881081441668  1.7330604453319012  5.269366967713918  3.1346217143432873  
4.3542204280030745  9.642285073978931E-17  1.3677765978860188  3.051406843630785  2.454322642670006  5.405763624455908  
4.58385819163877  5.951092592553484  0.8811787806615724  3.070871417495714  3.179314558712745  8.459627757616798E-24  
0.7763067093959256  2.289660209488633  1.4690775649621202  1.070456486288516  4.459486429156317  1.1474374205877873  
5.5365213894675444E-24  4.797621919754807  1.2800560061920953E-65  4.3170168300107585  5.067647979374917  3.0449404484363187  
3.9911159844063255  3.859944070357167  1.4778832488585307E-60  3.1746063530374347  3.0860948837577684  6.383425814023834  
4.293910742393792  4.250066402136078  2.70010441497559  3.1075754223689787  1.715982578844845  6.178446532396851  
0.1849961859829022  0.2220377394267425  1.4171234538142723  2.513186676836006  6.362195333058888  2.432543903723503  
0.7693266576792845  0.9837818832756338  2.2788912323885584  1.7019286526277926  1.1523131053242202  1.1055878650244326  
2.5459401090365716  0.3306451825047591  5.623650999720993  6.950063790051699  2.34558158049412E-36  1.8333674795485035  
3.0478637992744364  4.985956039143952  0.8860730786382727  2.904337394581541  1.1612365137970115  0.025655028267261334  
3.951808618529419  5.100999488805141  4.309049253596529  2.128447595990268E-25  1.3877798012916198E-5  2.7365353195757725  
4.772558550383707  0.9039316809457855  1.0699477818852672  2.4115185886797024  3.7435296446733113  5.683189000626436  
0.8140341453936509  0.990150220916379  2.227720682960818  1.2501653146249432  1.074811180306195  1.0164005285941333  
0.2218476049302546  0.374246908628495  0.5191291072263812  2.3898508633056847  5.953701041589195  2.959806865669063  
4.756754025801554  5.379749994256381  2.563456215115327  2.175697652610169  3.890055671242622  1.2303643118458067  
0.7824199747069713  1.027987533202379  2.110372319054537  1.420496627246982  1.1481385577171495  0.9288772850843726  
0.004150825247237244  5.775977969260246  0.6889881311170637  1.5416557915124393E-30  1.1257740858445855  4.4327981405096475  
3.933299067700259E-4  5.288528219491969  2.0974743814156898  3.1721120956904643  2.6595745270906295E-32  0.9877227841874465  
3.0269604072074228  1.0842064405081229  2.470145027665648  4.773643547372126  3.901244503797174  4.633465463376265  
2.6165179731182846  0.1481751189409907  3.173091946391949  0.15503244010697884  0.239912216106455  5.589828591947513  
1.8662952470514433  0.43465880213259733  2.2623448579925944  0.7413318846902156  0.12192992331837842  5.3051930488558225  
0.7848838576794368  0.9305104611546233  2.373024489408367  1.8090559755012134  1.5131180469278431  1.0945725897464536  
4.1851181106458695  3.8700668779957694  0.958239795208724  4.3183129940431035  3.9354945907453662  2.0393624768857905  
4.338469598376329  4.448506904940907  2.8996895336596356  5.2274261200369425  2.839482787676661  2.0624835492338076  
5.086620353452654  5.098893411208383  4.922176347244282  4.962319813678176E-4  3.724214771045859  1.7679843738778238E-42  
5.12045563494469  2.1517006895066286  5.266861762292254  2.8223596034831155  2.0776309455301425E-21  2.9156253244098114  
0.8099912756186703  0.9970137200130758  2.242844515303298  1.2494361410717092  1.0891074312552371  0.9837552211099923  
0.4468103694456103  1.7716539698687204  6.5468912320878525  1.9450400667727807  0.9112122496089162  0.41122441396324005  
2.194866079301336  1.6840335094229173E-111  3.3823787744658036  0.26010907761980234  5.09755180871224  5.117608032101411  
1.3451391503543555  0.7050984017206462  7.5410191159975835  0.9818653293126548  3.516811829659236E-17  6.019532673399914  
3.674468157871214  2.2668168527515364  4.671622242321508E-20  4.484550883055611  1.40039585581914E-39  6.645990156704071  
4.507414847924322  5.712795358637377  1.7817358361357976  0.9958709073233886  3.12456319655673  1.9490023116287871  
1.666768931857119  5.5641581695076665  1.3168992607475893  2.9788792419909833  0.32659588990187655  2.4772900896011256  
4.638144457648707  5.664482717869127  1.9428900546290306  3.4876595151845557  0.31563227689196605  2.766456976873481E-44  
0.9668913118064162  0.9397127116589634  2.8690125820210786  0.5032316383896828  2.727728064331567  6.081039082582833  
0.9622458467054203  1.1035988701838637  2.8810902319300262  1.6543968994828355  1.7559584097158898  0.6960546681377049  
4.017327381834362  1.667685135407125  2.3228781313172893  5.878355974399506  2.1460756558732  0.8533080186368406  
4.460641458272381  0.839414525925593  3.7545049723039687  2.220187972496626  4.592740382121422  4.694228765614999  
4.524491778082547  1.3447044768316563  2.5148589934069454  3.21378738502815  5.000186053018118  3.032158363788621E-13  
6.088569034257485  0.966771395846511  0.8497509835104032  2.7684831369017178  1.0357658205488743E-35  4.008188097511605  
5.2615671651972  3.6973776241267644  0.0995443105147532  0.2070014221695404  3.8599824978123696  4.469086886719704  
3.1288141077168854  2.266967025007247  4.308480059894427  0.15461288710493304  4.907663338072496E-4  2.0945301845456794  
3.69997780803182  5.618930299772085  1.693793259533469  4.040562165135684  2.2499973596261094  9.645024138935346E-9  
4.309629819397858  4.781992499002238  4.5574820515738566  5.157880164900283  0.7118042538974405  3.3274260436746274E-63  
4.6103863628653876E-15  4.701024490013488  4.507374882356867  1.0294439204683442E-8  3.748753127652988  3.525143154069591  
0.6905633589367297  1.1342572377395805  2.0007301571680496  3.5813803879859187  0.5149061571783582  1.0423059907689076  
0.790654219438471  0.976884384220867  2.3139903879998296  1.812597686638428  1.2394570397103193  1.0686159617555488  
0.7953970999680683  1.014029512875897  2.1527064604796475  1.6594912260026284  0.9572508665750977  1.0936177354695926  
0.8125152136988809  0.9974593919436954  2.189694234056174  1.2588065190247097  1.0783630195871339  0.9961778253836819  
0.7903982067434248  2.1599273932258667  1.3513534567886891  0.8244201261821815  4.515829588155429  0.911336331426621  
0.4248399970252535  0.8328791564274705  2.1030476824749305  3.702473181792687  2.8697874079238104  0.7223078602412635  
5.201995074367063  4.099933816579679  1.0875026502620426  0.4583199497529204  4.938782218641254  3.5431071466682194  
3.9344551186153645  5.298519363942329  2.445759217190638  4.937041623956549  2.915472945812426  5.285201346265963E-33  
0.5482091345886299  0.34639791580204093  0.28491621114114407  4.115208281404804  4.412380587813365  2.299725887490164  
2.4943116418713673  1.5268100965803322E-41  1.2870899356140575  1.8096182775229888  3.6298095777269346  5.765447942944272  
0.7338220007567102  0.6764593385187212  2.6419238416183863  1.122984486089612  4.273960160219263  0.7038190655418696  
1.0692271450713307  4.401953656772019  0.4607286412047421  3.908716304721491  1.5559795363959943  0.8278281971888358  
6.0039028295939065  1.6726677818189566  3.4612078162402247  2.2488615300836825  1.4468326605508424  0.2642525013619978  
2.0747395682606466  0.47541283869756523  2.9262143849037465  8.531067716725342E-5  0.6470912596726286  5.766847940008531  
1.2759604394159134E-46  3.2368308926577463  1.2039363354651094  3.6462939808658446  4.104194215062872  4.881897715036567  
5.747816903423636E-39  4.765311351176906  2.611417634643556  2.484563610949468  5.347198775275433  4.481235898927665  
0.4713722231729869  0.9321962669868414  5.508910324891901  1.0302372852575366  4.0792017116666255  0.5203025267042375  
0.6373468216288273  0.7066063218805037  3.352273122036422  1.2121367306853088  3.943131629292507  0.5935923376207801  
3.7173538072929277  5.030107290522186  5.962572706614036E-19  3.955342793448035  2.1644722468070614  5.553340019924801  
0.30928857630534723  4.48787089619466  4.479135170634394  4.90538453509509  4.059071471771339E-71  2.537498181523494E-95  
5.219243988004401  5.011719722503544  3.6671571402120926  1.5610393524940527  2.9860071939723514  3.9124419627801297  
0.7531112844952738  1.0815102237687757  0.8558605822606521  6.167037050802084  2.1597824554026848  0.6655866127441034  
1.6257053234351183E-21  5.778977623970483  0.0024455075227061405  1.6034815379444147  5.069108874919863  1.1647411928448947  
1.5942998453456632  3.944091610920676  7.652054934607059  3.9679415648593697  7.980920124674392E-8  0.1462824903539375  
1.015650180161239  3.277207670234206  2.2848298106335676  2.563432116578072  2.1018546680977543  6.904354130698404  
0.8206497140113901  0.9764758193207927  2.2809934260531484  1.3395555488826782  0.9842066420387217  1.1218011961558785  
4.7933340343582715  4.812581857819691  0.5584898230841329  1.0661330867978678  3.4995530876367207  5.9457000519074175  
4.637872618550168  4.905040629664906  2.0416371381229976  3.136913193179883  0.9699962393578366  3.7049258670715095  
0.038543490006419184  2.4356584648647055  6.230397477286936  2.715803075962004  2.662253811060476  5.0481286109250645  
0.09485938593341431  3.069346888933136  6.504475789893741  3.7343630962690907E-149  1.2266790037860804  6.74554738268623  
3.1711710722752624  4.820202501432661  4.509987681198839  4.161208789998604  3.8173915917719907  1.2117597012525636  
0.8085842762489291  1.002331412932593  2.196967278473979  1.2551134779739885  1.09520891661628  0.9727198377265188  
5.083686348235715  0.4359146322526235  0.28277620691061106  5.560332664906361  0.3887482287893628  4.286942726363378  
1.7811146766945756  5.910833869407715  3.0942379061100404E-16  4.047265105689808  2.70646793269868  0.4242965984832689  
3.94613058750835  3.9512483182587337  2.418398269292031  3.5831467872382103  2.2236627539602623  3.7055854692673984  
0.8164846174671511  0.9917322824495645  2.249929091038124  1.3586514153946478  0.9907497054097523  1.0708076677180773  
0.8121603787209654  0.993110068425651  2.240165814877234  1.2480448173470848  1.0822279757680897  1.0006077048386945  
3.996103601637415E-9  1.4058699242149046  2.5765856198975223  6.5083139019965115  3.9196499132021607  0.1499007058091048  
0.7845938125897701  0.993837276514014  2.4758077407181105  1.2201848606466703  1.1942950354990085  0.9407170487781009  
2.138401386314108  1.9024988789817152  0.7126551422935199  1.9627482430479406  1.6183944072534173  6.503684534937367  
1.9291736075357002E-27  5.5261665828463995  0.25217533555249105  2.2411963877648913  5.141964709845355  4.165037560500819  
1.2777010971162762E-5  2.662548852667655  2.329212413098083E-44  3.3501863964299283  4.235493800624718  5.921846775667401  
0.8173616679626637  0.9833032760869185  2.275594763718396  1.3048406951283926  1.020851215253025  1.0711226335825983  
0.8072146064073246  0.9976483801381839  2.2765095660517614  1.3685664562760331  1.0233607002472975  1.044874346988929  
5.330387532881085  4.911618755960277  2.279160292365525  2.6636624305837118  2.0766997957103743E-70  5.786967566036971  
0.8109851491750677  1.0035488536634696  2.1676753396419475  1.2662000389912211  1.081326833705975  0.9779939832818448  
1.7635628375312522E-20  6.273483715768323E-18  2.9524398128109475  4.457414772007018  5.45538623537776  3.6862074237387983  
0.8203029805352436  0.9822555116967073  2.229592363776735  1.504191646867754  0.8988399325653865  1.1876917467378394  
0.8083092723196116  0.995840136650596  2.2713317835969264  1.2435117924539032  1.0964833531077836  0.9803118078623524  
0.8102325379006361  0.9984053617778332  2.2314486959688953  1.2527929222641612  1.0871669175148646  0.9819214225045707  
0.8473646991974838  0.7018694596858321  1.7172243410720096  5.0349022747200625  1.4951432853975627E-14  3.0694528608830227  
2.2976725673904865  0.3762046273967851  2.8698260662185073  0.1945937575792598  0.2967353826809706  5.141875271591282  
2.2395383308420467  0.49992408382436315  3.338346914319679  1.2757468637106856E-8  0.35159744307190915  5.454230510265747  
3.5308230333613433  5.111602751729588  0.5384489474431268  3.7301457367946234E-44  3.263811539265876  1.9149975127798613  
0.8810716021679421  0.8583733476305881  3.188569935443917  1.7390584678214824  1.3436652424807434  1.1579607178011928  
4.287475471557768  3.2974640563452233  1.1636533338490933  1.7989179432073075  3.807044047008392  5.482256601901336  
0.802344956161066  0.9528020230698954  3.0183924333143137  1.4965627337798189  0.9187622164073205  1.105599401569992  
0.8176817714787717  0.9864617570341714  2.243374270968887  1.3201133114403736  1.012305737644767  1.0716308246162396  
0.7960003705577517  1.0203995034593025  2.828748074059097  1.3710264957071618  0.9529786286523675  1.1221572021576667  
0.6336745428893855  0.11491405180281127  0.8193373406676341  2.1326503535661154  3.3614060064441964  4.685335367743529  
0.7456167168543869  0.910562704267647  1.5583777229851674  1.2985886405591807  2.8826823825008843  0.8332482062064871  
0.8062434003325573  0.9816936768035246  2.410708243134101  1.2672289309279368  1.078225908179454  1.0390813498470897  
4.173035728292622  5.806565262490205  1.1607002007252523  3.2871505587846883  5.931082065417597  2.094080357717516E-41  
1.766247476567651  0.3591577739587213  2.5749935639221313  1.0171412122336654  0.4044940425836199  3.65924630305365  
0.7101491157576739  1.015303197203812  2.056384617641429  1.8474100255058115  1.5583111185961875  0.8599675114605387  
1.1521931524132971  0.7663149501542522  2.4929345349312504  1.2128156168567035  0.7451008496911382  1.8862320660685459  
0.24275150133066814  2.421938173493319  0.7167723756882047  4.427143978158134  1.5889323121119368  1.0113859868717796  
4.6045510280325335  3.0702245042951506  4.901633119177383  0.9929039170321551  3.522847114877088  3.4398913219651015  
3.94973595411309  3.674956816337861  2.2874254329069137  1.6055642318175551  3.971898387135805  3.7635284767740584  
1.4447985462205724  2.2463888212799819E-10  2.293932308413034  3.4076503878810884  1.713768082646959E-30  7.035943798698086  
1.0377664274894451  0.7496441006237062  2.5540375380448057  1.4702922550026507  0.6648364777492101  2.2125337072224784  
0.7824180855453267  0.8861319059646294  3.142329770955679  1.391628749079758  1.1678980061851247  1.2168379089002577  
0.797000965765466  0.9788618471777674  2.6125186640324145  1.1844688648630255  1.156508344330493  0.9911601517073161  
0.8105542499826588  1.0063676062419136  2.1503959703678492  1.271276676999686  1.0811860673995115  0.9716068331691501  
0.8020016213015178  1.0182601695624245  2.1294439736599773  1.3702640654826501  1.060686237902632  0.9763092707694103  
0.8056799760302805  1.0100192552318186  2.1661259627977807  1.2610658567011626  1.1048243043835038  0.94931166722439  
0.7859609325510487  0.9767108090715851  2.644725077386632  1.9626192935661129  0.835797500566332  1.1920196778178045  
0.9037783332760111  0.916046634089352  2.770733634712956  1.712376060240312  0.8900716732964123  1.2969584037032267  
0.747390735494738  0.9281137894985952  2.4864262321912536  1.7334131828461934  1.3613385683513823  1.182737187015577  
3.6307678906997425  0.11411329309886581  0.25666919921817394  1.046551326643462  2.1191269108412705  5.91245090978458  
3.8007875791817107  5.483048278158937  0.695063241896683  4.836510412155643  2.419823478915034  1.0445136107294249E-29  
6.059804103372701  1.0505296381351805  1.5641675118959506  0.5596700277016144  0.7499372279909837  1.039037671059231  
3.3457978583454056  1.0296295522510417  1.1732344839546476  6.45511475968773  9.577943933130692E-32  0.9875829308696032  
4.8572202790483985  6.502086968459449E-13  0.8920295864311921  2.446649690499979  0.7536756601649734  4.416589591590246  
4.751775740045472  5.065151832374382  4.150767668210001  4.3715938991253624  3.2759695247427364E-49  2.0873625953574775E-93  
5.324435529740259  1.0949898670155922  3.5841762239361032  0.8986270328575915  4.43897366354894  5.372891128603839E-41  
4.659301119651665  7.442444339055084E-49  2.1145715395199574  5.983247181307789  4.889634317923872  1.6562721537232916  
0.7764497320796254  8.415634496102835E-37  3.884265182811543  3.6634825273046396  0.8697893991170622  7.228097508984701  
3.694945598332014  0.7849027641027737  1.5214160541918815  1.7820177000300228  0.07608313019968994  1.2289635326375477  
0.5233397918893139  1.426222374109151  6.390834842697878  2.8471842381798003  0.6495329827092163  0.6049311426865916  
1.8383850943538103  2.769120808803717  0.5280494971869492  2.1503773253193757E-4  7.530087194005246  0.7503276891953293  
0.6994259926630609  0.9896400406187706  2.22860848849847  1.9244667770386676  1.6188765828628375  0.8953054585868697  
0.8021810672366898  0.9947932077472401  2.514196137355137  1.2048455512494358  1.0891924184205874  1.0430150793661943  
0.7474021100993208  0.8535018284751401  7.129357478674025  1.5719362805872488  0.4889323622673819  2.9691714029021576  
0.7981155796231221  1.0230354901245347  2.108229676956105  1.3447060733551195  1.0950605438960985  0.9456274394283043  
0.8189464190177158  0.9116277300977464  2.895810138392452  1.7883139865057014  1.25992587327419  1.1124717176227914  
5.038267498753298  0.7153535718937639  0.8778636236131572  6.506139888852972  5.16125468290454E-25  1.233861425433642  
0.8295178126091236  0.5198891916226854  0.3744106165940328  4.13515326622333  6.720722792412621  0.6830313038163628  
3.754442985796214  4.813729844669315  0.8276272913029132  4.073030490570445  2.082548347295571  2.896522853134014  
0.3802215413314075  5.56650450313258  0.487993772974898  4.894047107532721  5.046841055035779  1.081601961702205  
1.8915347747755276E-78  2.989095665025157  1.7463079507121208E-114  4.586531941878719  2.487396735351696  5.282225987436712  
0.42130515682010766  0.15572697337474697  3.1134303609908858  2.0070949429774423  3.6414899012980335  4.172344498992308  
0.7456198646511577  0.9021669055155784  3.007556919845418  1.9035539252348643  1.2265391871167892  1.1832320572170174  
0.657123069861376  0.8120682312565798  1.7022764194058402  1.9774303584262622  3.4666025911817013  0.7904435077116374  
1.5486305609707207  2.478298771762776  4.189029334545618  3.4669373521392868  5.203813824790245E-8  2.0607903358966757  
2.205704954929169  4.840580937756941  3.808158670714182  4.661822664214955  1.794725369518966  0.9963782348787615  
4.256090981389657  1.9650765811905673  2.0095331072354594  5.040691656638111  1.5932881032856427  6.0308747531002555E-27  
3.7044425723963323  0.15750321839740955  0.14373582539434215  4.915018780457616  3.425277765155336  2.3379077353750706  
5.7632524108488346  1.8105927579358214  4.139158006501274  1.7740605649196697  3.3973803522924855  3.0555510608802844E-4  
1.0211074025662061  0.8395379917113404  3.3780804199191516  2.038395162364018  0.6591926404735785  1.4998915846306897  
0.7326853060421762  0.9061094529083074  3.2370196016181256  1.8998105096931328  1.3039540274203838  1.034567385057805  
0.792673614524542  0.9954304075984628  2.3548837067615946  1.4936430832235086  1.041020980554243  1.0652207327202685  
6.305965831633206  0.6321059905745465  1.5831934991247203  1.844688340090712E-6  2.4725572806688202E-46  4.124925894218555  
5.309034605270644  0.3870536531559189  1.758569933217503  5.10903087788227  1.1924437572263518  1.1958717309450564  
2.7214192798224284  1.017252171365762E-12  4.009183230842288  5.135690369281472E-16  0.23538151333161567  6.8351395427893324  
0.8100650294146112  1.0219739067447682  2.0206503495511323  1.5452876535681783  0.9457745381116041  1.0510570613077346  
5.562906750750374  2.1537437530141  1.9567533180609717  3.488597845768032  2.1643183542398754  1.7243770306828034E-7  
0.8154983701972134  0.983470782481914  2.2535899999582716  1.2400850365874054  1.0734947922215043  1.0350943700153779  
3.979975870657449  3.361642363671039  1.721409664912826  3.968550655726262  2.3612854552045386  6.969103434390647E-34  
0.6020348992374501  1.3620421196458412  1.028618796384049  3.8856873950656195E-143  4.5295630998399  3.673509006040977  
1.5830682345223974E-58  4.961857868016665  5.558760118405282  0.05844957000257354  2.19747621442965  2.736651684058566  
0.6330652727189059  1.0472291237732074  2.882343471658002  3.6608046292613268  0.9053545604763683  0.9165357593262667  
0.8109998144201737  1.0057437525167792  2.1468101432457307  1.272376862585837  1.079059118639665  0.9754167412192168  
6.393506712016665  0.43426278374219823  1.3181774227697667  3.056897624492668  2.6284880562693424E-47  1.3920963138169533  
0.7330275340105946  0.9986014003434384  2.6158090873272646  2.2100107587181963  1.1190281785012455  0.9781395099927018  
0.4976129349096352  5.824674009197557  1.8660791565500672  0.3243897886496054  2.300165851833791  1.0533505789297066  
0.8022143017114333  1.0018875853016687  2.3106108002749317  1.3073784374087292  1.0769510247348153  0.9908769304501315  
0.707621180995264  0.9960339279172947  2.37448912308316  2.042446866370725  1.4578789733467699  0.9018227856123978  
0.7442799023726325  0.936415169728483  1.5504629213963528  1.300058005077271  2.8535752284383857  0.8304582802076876  
0.7673324245978856  0.8830808711449257  3.0942287903834433  2.0283708264559905  1.158616552930857  1.252426348671052  
0.7661606374525852  1.014511332815549  3.3202618049427577  1.5235294247472606  0.9557000096590731  1.3929824189151463  
0.5248258622345044  1.05331384444043  0.967924569857929  5.452938053837704  1.1122685773058978  1.1375878723292399  
4.814324556001146  3.0551119635820756  0.19958013752964565  1.2613591051375032E-115  6.386721366497518  3.1464606458162905  
3.2289843504404434  5.633212945837903  1.528793409665716  3.7683884792283076  4.246508284116853  7.302430294040037E-170  
0.6616840032930974  1.0448647969368337  1.165962316367322  3.8236130420586765  0.8955570799939389  1.2416043757797914  
3.2032368910247104  3.5252734812566566  0.4533076280536455  1.5571956974957764  2.820649440489063  1.8825808762992526  
2.050639990789936  4.823888194730008  3.1283516638337168  1.1299085672901859  2.190876341931699  5.405756710892089  
2.4754257088132943  2.5683746796773175  0.8127876517877215  3.2340060648475677  6.780739386726548  0.10589567108691957  
0.8097463845383847  1.0070711196646736  2.1531667581926657  1.2690028288035595  1.0855453726250284  0.9673263296538185  
0.7521676319560828  0.6745108989545002  2.557952957863009  1.0999047945419078  4.314928016237994  0.7185240874574887  
0.6504965466954337  4.092279368261034  1.5373020355877862  3.8791642605888037  2.311103198944888  1.1034194202920844  
0.8141620111067472  1.0012479534051932  2.1748242197075376  1.6460354411185463  0.8604609492581466  1.165276172655121  
5.967772162361415  1.3653774735262199  1.185413316518584  2.8828291401780075  1.015075426667595  0.657018964255869  
1.8419687878757356  0.5386974361747296  3.13239104729444  0.4121413823397419  0.6609993741347749  3.5616035302390294  
0.6516824621407437  0.4474494263597572  0.9899352372845771  2.436145901407993  2.4388392931791794  3.2378049470560444  
3.086037943657794  4.054677786935239  2.435996920196198E-19  3.5450338573069957  6.523933045143295  0.0010206802038287659  
2.287102426617717  1.694854246447777  4.093070289368247  3.2269166595910104  3.434637678141244  4.95505460909478  
2.748477450736766E-7  1.8542206726625179  0.26378418133587433  3.1439439534968177  6.114021744049773  1.0919769970570443  
1.2812377704823077  1.621747704338152  5.798386201600916  0.7212727053004362  4.115623006941977  8.998618100852847E-7  
0.6385194341265396  0.708079428497349  3.3619132222062165  1.2071981916166779  3.9359551710580067  0.5930611509716299  
0.8969229556563384  0.9178020293743769  3.1731453191784538  2.150224932680902  1.1296896353194885  1.0090014715938047  
3.2629710194672006  1.2670833283639102  5.236626141203744  1.4577675088331703  0.0025725261302558043  1.4255453356142447  
3.8531318702180632  4.20270528865625  4.119233222240434  4.093947448951989  2.828148541769178  4.762670038653993  
5.5125060075903155E-6  4.996768330826741  1.052690419568117  3.602490877475963  1.6324650465070758E-11  5.42244080152699  
2.738365771468425  1.8604893375831151E-65  4.2570994179122845  5.939678291050005  0.4962533096940859  3.3610748411739713  
0.48937222990400814  4.301685526691238  1.9479041640861832  0.7916964969303262  1.5857838979362553  0.9639061899537377  
0.4424129840184426  5.876458846625264  1.9183841398230488  0.4520041741829857  1.5879510965006038  1.0430542495980109  
6.405027815091202E-7  5.09423022032908  4.1050555791946115  1.581199444546392  0.9144936768598094  0.5356313666862303  
1.2308832266279952  1.5326689131762035  7.351595708339889  0.3959865295378302  2.3339735453748576  1.633333839079679  
2.2885990391317748  5.481332839741647  3.6243666732689555  1.6212293630117156  2.4811269328537056  0.10871792884943386  
1.4028468728563162  3.174491884669096  1.0382856909768179  2.5849607554148384  1.8398530963922148  7.0390446500039525  
0.8601296340250713  0.9859786426552889  2.2780697537405272  1.443687777980509  0.92536762141227  1.1130081587460003  
5.6031391535315755  4.6839181932411185  3.203685977750737  0.29922697076396615  1.740639094015537  3.9079368518598656  
3.379447052093734  0.4383450068372719  2.435128099152306  6.5357602357765385  3.862428972848368  1.2707805521007425  
5.185519238603926  5.738130501260886  1.212016165206139  0.7777996513122196  1.458514126697798E-10  1.4734250075481115  
0.39401558710713813  0.4275331071703242  1.2324099619904068  1.4442352072305733  5.17905181571176  3.651490680695327  
2.018788799481118  0.18552102391123593  2.345015611299488  0.8585492974530318  2.3209705866505687E-4  6.854319129081811  
1.3553943474330524E-64  2.739551552462035  4.127439257453169  5.577019342879745  2.129631783511318  4.1745875134230326E-50  
4.220551669518824  1.1895493108825637  2.635576729136743  5.974412974437736  2.415295474164569  2.6649741971652134  
0.7501397201269666  0.9802826231995021  2.557449857203623  2.034760225763342  1.103728961773428  1.0748158148362739  
0.8026330542753726  1.0250067201104291  2.045174876648136  1.5280341836372076  0.9879330457805189  1.023773277213612  
0.7917661895858195  0.9828984985200907  2.680213150592534  1.184137910140257  1.1694053911163733  0.9572150618906217  
3.1017761443980247  3.683786872895273E-24  3.112350162066982  0.3094733110866776  1.7499603770368437  5.2151048641174675  
2.4663386032413213  0.21030411876337413  3.191730982467577  0.13759203894157118  0.344027158564334  5.440826821709009  
0.7902485711054007  1.0333660388470027  2.011916905235449  1.5202134254834354  1.0934155767701843  0.9528914412602488  
0.13342054809551873  1.574931206481776  0.3111633610154117  3.9199424658204163  4.408543269351646  1.438223763436646  
0.1851255401057505  5.410464191412223  2.8812038566248863  0.9535167518592563  1.0616281598541841  0.8344940706462471  
0.8107345187669687  1.0069068915345825  2.143373556386405  1.274536842068186  1.078950385024976  0.9722474002298568  
3.103814544299049  5.372559128766684  2.2021054550860844  2.251613783567593  5.885172598272968  2.2827707476668044E-18  
0.6101901094274703  1.4317598615129083  4.605182973043325  1.605708638558365  0.9593299420114075  0.6146623894497842  
1.1257621319691218  4.095782956500928  3.2711060954872693  2.8182303538174187  1.0539969244770485E-23  1.2111385582424725  
0.7092288515397939  0.982175160911749  2.0997909812598063  1.97991960697429  1.5484389989475367  0.9944675294621221  
0.6775969854786212  0.7011968058774665  3.2149320473049827  1.160220808570657  3.9864695555741068  0.6091179466473668  
0.5181772671351113  1.44344051428418  1.6294654677497422  6.3081800744890755  1.3669004329059988E-5  1.0242789068595544  
0.8057850063068631  0.9799022204389197  2.4158370219070253  1.2922046644595817  1.0645133051180782  1.059603810496811  
0.6535119150447681  1.8548312793188948  1.0671314552956543  1.2904488224464108  4.488065404485466  0.9353080640308056  
1.2906720556059432  0.987850495289692  1.5661027540078292  1.9144762325459603  1.0278453482311716  1.0789260313746405  
0.8136536189377119  0.978537225919642  2.361724698374944  1.25490162925368  1.0609600217492816  1.0495189673263794  
0.7513846120002405  1.0209498296919917  2.060516306366482  1.6335412999491759  1.314830215114231  0.919455081800135  
1.0486504199136337  3.8599029174689092  3.125268943819135  3.104304106585721  9.684069168940244E-25  1.3403247298838588  
0.8188534990123566  0.9681463871312895  2.431035935123705  1.3884398110123037  0.9460739542864444  1.1669335857554441  
0.9005243208655241  0.5288358292290918  1.2905973359543073  5.6057219708552894  6.305246266600633  0.24356647004282858  
0.4738500574795557  5.854803625360331  1.8706103478122729  0.34376214293884383  2.6340863104359054  1.0485137492933352  
0.34784826148525294  0.4212332155693952  1.5647993907548259  1.429961923245955  6.351021767220992  2.6498906573913614  
