4.5306952200123956  3.0216239526478916  4.79285295502904  1.7819468209274822  2.9334695476899686  4.410742854648928  
3.7232870077193283  1.849785513694997  3.1520333336582875  4.6389375959530765  3.644958580295022  4.34816725656416  
1.633175156316498  2.0006551472703937  4.939613277767467  1.8083414423472532  5.367763052622835  2.5247259528887795  
4.262352824012644  3.1668795813310218  2.261332637564923  3.3078344418605465  3.7281422865145575  5.11431011311596  
4.073658873526512  3.0740550622529854  3.486931664304442  1.3359104842884282  4.459223183354852  3.2714896623714766  
3.5173067199856094  3.1344717149717938  2.2268326435325436  2.811317402156666  4.068830190781439  4.997609693519517  
4.9226481860210844  3.722835744632208  2.883787943365561  1.9869613381268771  3.96273000613152  2.636706503836819  
3.9761075684109497  3.0105025590057366  3.7408857475465123  5.052245761158099  4.581661230252314  3.8585644115576807  
1.4859967140396124  4.547541648205675  2.2975242754189056  4.700536493871614  3.9934750363433147  3.442513091663645  
2.9840679556959606  3.833677662987008  3.776845714037289  1.4229072142434203  4.744286797316461  4.337122379319463  
3.1386523101139265  1.5456033717027957  4.8681607337930695  3.328974567095061  3.26320667756512  4.772883111409203  
7.162177110565888  3.1619975966793503  2.4417265383748368E-12  0.06379292552372794  4.24327241648618  0.9359297942965106  
4.338346692020191  2.7553827629421503  2.8224874532731703  4.303392520778302  2.9095660152345317  4.47001942232078  
3.915955929001115  4.695077770052715  0.9952042381452776  3.905429644025927  3.3161695307254733  5.084246235047676  
2.891194047625862  2.973965983405123  2.756979242501719  4.998579699559666  4.498322224640348  1.5637344416841448  
3.24833873944517  5.157847124141282  3.386947168220138  3.255567376922674  4.637209857562827  4.213351836194533  
3.618594499424357  3.5516661570515695  4.108167795566947  4.780771778058611  3.536887368181585  4.3793260615710095  
3.300330751026023  3.2678480292398717  3.21242192264431  5.07260550960022  3.2741236005203778  5.267816774438426  
5.103894579328323  3.4103818305891176  1.8870612862785094  3.8577204311219604  3.324891399687905  4.221190304659661  
1.6423678687639223E-7  4.350757321159443  3.9568558809457253  5.039016176312864  3.361429286903195  3.183640751487671  
0.019655342698930076  4.873271690593765  3.8749944280256403  5.044987636211874  4.312852663317177  1.3496509864094963  
4.932491845094473  3.4801915601762654  3.1814620312673676  0.5284152767634783  4.346305163219736  5.057539925578767  
4.0571721290026455  2.7720794032723077  4.013133703790408  5.063472275488915  2.7065287645802857E-33  4.66985980086977  
4.768148371366053  3.4587842586966735  2.402984983705701  2.6320578490749083  5.130974379238996  4.617020594736605  
0.7339269247604038  3.784129223492484  1.4168489184654172  5.197287876670872  4.8689683452117025  4.4630719301873505  
4.03507145554226  4.061522028857625  1.321547328917454  2.7812255713015324  4.836188576658339  4.4228215451823525  
3.286236256015645  2.4361355265832603  2.577461813545996  1.7927961411308655  3.833966277314718  5.932265068385931  
5.065191112779584  5.015101366236936  0.9786221497276342  0.507906332039781  3.786564430128772  2.8703876395469825  
5.846038120944782  1.1723516590058  3.109249528718294  2.653326730332377  0.6444044016316931  3.4053722104231765  
3.547113447567187  2.610458501451448  3.405256834832534  1.1362858109390686  4.311584181171923  5.545682500873889  
0.5282628297980307  7.437378460949822  1.7204211846453596  6.3343028905042524E-18  4.629057417813039  1.3857912221793198  
2.667113259692557  1.1287671558260566  5.586721177616474  0.7590989364463827  0.7596173627756492  0.6271383424320792  
5.490946104622156  3.9391328534319237  1.2704193389079719  3.031444757808423  2.2630566491994744  3.7010088154577687  
3.2384330857058234  3.825011671223185  2.305367240882829  4.247382175072116  4.114885308998797  2.9246314601923236  
0.6738954837300049  1.0586295167669522  5.150913442562211  4.493530266330559  5.757701358399562  1.4106477078563673  
1.2768203267258542  4.050893982919574  5.418933056256442  2.3944445879564618  4.489819972864512  3.635952399610637  
2.278744214344399  4.70228895483218  5.21760904099002  4.650132286833398  4.263745836422163  4.049558166411842  
4.535057351186339  3.3919735686645724  2.3450739250004378  1.352649047088451  3.684680027793504  4.4793250683007315  
1.8780413713906088  6.2012531282798  1.9715257265176913  5.121853187302306  3.186384318480715  1.6079388749968837  
5.513825607716555  1.6089135916849878E-9  4.860496996675207  2.8943381644233166  3.3046981052688995  3.8255222522134256  
1.594771601810992  3.6743752684053494  3.928313323606191  4.871018951154226  3.362115409898049  5.630718779427378  
7.603319023405127  3.0526793478658365  1.3020260002633107E-16  1.278538407678066  3.627737746017162  0.4767110001294312  
5.0033322641701305  0.4074432200346231  4.29005155282442  4.82511065480014  1.9454225047471991  4.684513851290507  
3.9481890609001487  1.622352390642182  4.168387595512583  3.8452557180381026  5.476866389344968  2.3771885778679986  
4.591646306414071  5.808534403055173  6.012489748207639E-32  3.2627424920509065  3.621827165158935  4.462091206825524  
1.5210318087041441  2.40584335958103  5.1625739493031215  2.6975576299464623  0.7428470410587026  5.757887877246076  
0.5799008331622761  2.770868615841214E-4  1.948381828351558  2.6499311087650073  0.916255386588056  6.665387546445751  
4.53773832136516  4.569783415173194  0.006590711798628757  5.351249043645374E-10  1.3522692359162874E-36  3.6565331779959958  
1.3297646914398462  3.670688723923401  2.0173239155232353E-19  3.6490802462361236  5.20063385914378  3.954509033706797  
6.30670486913527  1.5604234755553834  1.4048239970558658  4.9400685453968824  2.450340736242492  1.7802384717095798  
1.4919091074702276E-15  0.09452107434251154  5.088401547702799  4.657522028711661  0.9432610772749253  3.380515403535522  
4.861028839992773  3.2195162089008416  1.9325811550365035  3.9778770136307466  4.63005395754279  3.0460707105126525  
4.5212039513650574E-4  3.281083092677684  4.660336970242331  1.3109014064907152  1.1586164778093586  4.804693856263957  
0.06367626461422177  5.10211385643124  5.376082434816885  2.9680840762571425  3.7105839028315297  1.5540168025548002  
4.394276140947399  2.99271886275765  2.875296373464927  4.538855343298745  4.663343889830263  2.3139506772782314  
1.0879719627521243  5.682732530097197  4.728906015159881  1.583232373223456  0.3840482324480329  6.055087594743511  
2.5238471031418332  5.371039281004475  1.062735112723804  4.954264284982075  1.3445665501667041  1.5216918467084743  
5.208324105777131  3.231574970837523  1.848937721910325  3.68683562901982  2.9017383201737355  4.298213521408734  
3.207610507155022  5.091911851601739  1.190459777419431E-18  4.005575907996891  3.9480674489373535  2.977773798007763  
2.026405509854065  6.660455698778379  2.6281191239658157  2.972917530568114E-39  4.23784974232615  1.1682564779065093E-26  
1.4417631403211955  5.7703389577719255  4.614787599290704  2.4756146620222643  1.5245900544824997  3.603018342555241  
0.23954508044622613  2.8730312408930714  5.884119868303303  0.4234710219713788  6.179514256730672  1.6395412576081432  
0.42325638494237366  3.729464609327919  4.972195900843488  2.5946876706602824E-30  4.443429695671581  5.389705063401055  
7.880968474839236  1.8537782225224233  2.2612500361107792  0.3442617469935459  0.23559356303275394  1.473903920118527  
6.363041103679371  6.125816388606247  1.4454952423294267  5.007824773143228E-64  3.1744400127753902  0.40850999970230034  
5.462818586009572  0.4067068849476396  2.851057440622321  2.9003943168405546  1.382336603904318E-44  4.562146430474801  
3.8548495134558145  1.7850056929568912E-5  3.812239036223933  6.007244024290754  0.9064931688052964  5.724648707693075  
2.064037952370852  7.067795844379373  2.0033577068130786  2.1451459928723886  0.13610283881723123  0.30627611917323444  
1.200563763720999  1.039776721948299  2.1100304552109006  0.8932272657866411  1.2872674309405245  0.8927508643774894  
3.753394953898856  0.5486743273742757  4.740366176700009  0.837884672237814  4.584231448554476  0.3870361793048546  
4.763413786019556  1.7514318188685305  7.685842571682394E-37  5.652082775619178  4.675075021987999  4.813086406628585  
1.6390552411133987  1.5840875900731823E-7  5.109178234396655  3.4829595653335788  5.783140341345418  1.2849808569759258  
5.3918440460643735  0.643039194229908  1.780232692685081  5.4415384601316585  1.3841156009354127  4.6451321132713606  
1.029354391518489  2.0038735342522465  0.40635757532869793  5.269316349601919  5.09343177304273  0.43193273291166534  
4.2675782179989294  3.3171074026521743  3.0147576860793963  0.6555343339582083  0.8581111800777721  5.373674073134509  
8.586603440140233E-13  3.2337311929698407  0.7989083758161426  5.4130474183607475  6.433685111666648  1.4173373284863429  
0.009155501543530014  2.6647445360104047  2.2628598290713198  5.841151455101722  4.856317258752805  2.3040081560759504  
1.4248512183160962  1.801718721338052E-27  3.3131212959631817  5.169926478619667  5.150770782477238  1.0731743301722838  
3.4494447819793668  3.1738314979292115  4.625959113784571  5.03906263290832  3.104288462191336  3.385505779346922  
2.5587413056438604  4.481479323415814  4.638632175222736  2.15504154554722E-22  5.287937470374966  5.455284524014798  
4.362658866073966  3.304705781693238  0.9577936847321061  4.661210273205086  4.084299617913183  0.9465873435910651  
0.8350457961771727  0.16745557859640645  6.796633495171188  2.2784603831307546  1.064259118374368  2.022842544190014  
4.878573964219578  4.647705367706328  1.0944724707091538E-32  4.57133186883812  1.7231930166407765  2.746239588339273  
3.916213739015576  8.312547393440767  2.2048344585877055  2.894546817586253  2.5452618799974406E-12  6.395571020635316E-8  
1.1300842820344883  0.9142723795923486  5.4559138651845  5.944452742137685  1.069230167125653  3.742761929352895  
4.72184693773916  2.3239768398663605  4.964171294138565  1.5600042964368106  4.70059098496433  2.49793517907251  
1.0347575836111993  5.408981597481193  4.817923627011615  0.5082109058685815  0.8379330735179539  4.494380742011707  
8.082442323582676  2.3155907754539835  0.435048963174243  3.224019615893119  6.97071151413928E-20  0.351693246590981  
0.9421742319577007  1.5771462816971513  1.1609434103357978  0.7304333572728584  4.101226633171563  0.732536812283685  
1.0945290081774466  0.9064222109730781  6.395660691134857  5.5614895409501335  4.308814660301497  1.927123382378672E-20  
4.31200081824196  2.851150972213908  5.370262153448237  4.579482746472539  4.851626707688015  1.5133405229657717  
3.614977614687472  7.13598431976822  2.7029129574317237  4.161836435914169  1.6252183891585725E-18  3.99772872815113  
0.8397413274134804  2.3991658551678903  3.3855006110370933  3.068005521392897  6.132421774163317  1.2433772315252665E-11  
1.1738288553018372  1.1367500791841296  2.5493033205964255  0.9997908973408266  1.2759467760029968  0.8073065416210126  
2.4170659993101093  3.9282883172856114E-21  5.624210940135262  4.786188649389699  0.4563877421206223  5.568643151357142  
4.573321002681181  1.3552142988465183  0.5384787788018196  4.099822520458676  0.5069864973934194  0.5974115256338746  
5.607871299996568  5.073355096961492  0.0028201599979820564  1.6383486445822357  9.644785080004377E-5  1.886896150214279  
3.9108276458486424  2.196963214719421  2.1952380025263145  1.930172282377967  2.525483592265124  6.085769137424313  
1.5442225961357372  1.031755403266334  2.103254286032486  0.8804843243113909  1.1671452900919328  0.8937569739743421  
0.002677667448162742  0.502584004983407  4.698669600392565  3.3829408994680805  5.438124107250577  1.2462630586379773  
6.096980149533818  0.6237334636704011  1.0350093841130932  5.526736563314074  2.69343251951977  2.84437507171062  
1.329417449136808  1.1889626597616152  2.571844431779591  1.3824950582430662  1.2350128946611707  0.7476604028858143  
7.983676540357503E-46  4.6357501350736144E-45  7.33998818818046  2.8050261966616343  1.3059250420392057  2.2852252381615688  
0.18644699279795993  0.8153644298139491  5.364045328291128  5.68401947391506  0.9749102618179764  1.2371195510170583  
1.7676407782305485  4.550622386770724  4.036966126814092  1.9169610319327057  4.983640553177689  2.3089722990236448  
0.9658518209770027  0.10663467022735278  2.155455771311361  1.730686444549938  0.9793373737730158  5.465637969406237  
1.7105135304522534  4.231538717077248  4.109774766083278  2.5317674117881065E-10  1.3757607835420762  0.27351032352364285  
1.5295707495198583  1.0331911767019064  2.0806398387332856  0.8922066613570245  1.2038639663435902  0.8891843055307548  
5.12124715822242  3.0713029930109137  3.9082959600683784  0.05141130627815726  4.461766425630264  2.916929901182217  
7.0672374277795456  1.7383126880061035  3.3250311723634813  5.030973552894796  1.3488020610109175  1.293075059555358  
7.172653775856632  3.0549249722539047  0.6611236771659037  2.7892905382083373  4.709777796809674  0.4290360311869194  
4.145857854306189  3.996997126977145  1.3017985115067834  4.784363069361395  1.1383590922303863  4.650068532143502  
1.339486424830469  1.039398874025589  1.8688302307436724  0.8879943650580082  1.1571485197832763  0.9228001500140182  
2.3785234389545997  0.9073881435470463  0.9371831135605699  5.952573781174747  1.1096049197431832  0.6659454219697706  
0.002055391617396193  1.9923303031088868  3.170527252125998E-4  2.414103410876357  4.308150817853271  6.190785186183328  
3.557704495520166  3.3978191890219476  6.303229299747165  3.277831407260367  1.6182968954051697  4.556924772174154E-24  
2.429812684777025  3.1315042074107455  5.211184356531486  0.9775696422979674  0.5002506560621444  6.106724854688024  
4.113375939487071  3.360356761359467  1.2188446805386992E-11  5.210838065955602  2.8354107798296204  3.1729649681646097  
4.784517726994466  5.335347512602058  0.7612668920090153  2.3022538772808425  0.25013777443950325  0.3134726809660916  
6.876233370206922  4.282357325036657  0.5283316391796545  1.7399097973087863  0.4607597224302845  0.49388102001285056  
0.02163329189368271  1.070859449000621  5.825442159635513  1.0312840354518547  2.606050133896231  3.8041461912262915  
2.4430719057683334  0.8407822718038256  2.135963561902882  0.8629366348599097  1.4785987050138512  0.8446496682992463  
4.065080364116226  3.7825528916504  3.964690554179764  0.46091541645197626  3.2319747706251745  3.324981784368567  
3.0829527562172627  2.316059599873435  3.6120544971182516  3.3919931021507974  5.01202370511147  5.214290480318339  
7.0368315485795145  1.1107737573569483  3.3158443257193677  0.5816701552607212  1.104454381705959  0.4889343214921365  
7.524865975940156  3.190435294733255  1.9022232976628433  0.037762720562188316  0.7279272788168483  0.7457513742852144  
5.316134845334552  1.9930054169872007  2.4225314861466543  0.4097508903179755  4.009716799274785  3.3085714527120524  
4.219049371437044  3.0638911144599756  0.9949324146869101  0.701570925459997  0.5117153739779536  2.023243310459043  
6.744160756143092  4.452657579483357  0.32788569260540196  2.0308526114392085  0.6088266511683683  0.2871522435307357  
8.326442618196259  1.9518387395431138  1.7456817435322578  3.1142152343136704  2.1427535666319678E-8  4.218771170541003E-12  
0.3177803378120804  2.2748190241177153  2.841260015531883  5.691918277529516  2.3860309245149853  3.061579292442814  
0.8811543270437747  0.9022945995333814  3.795870314824847  0.9339231427249369  1.1275222018890514  1.074130927998196  
1.1263246309348154  1.0596799268494559  1.9267789407799778  0.8935056701562532  1.2844018042459868  0.9109320853303725  
1.5606501273569482  1.06422812617959  2.228345172653107  1.1299669684401077  1.2283862949070012  0.8293631087649969  
1.3174976394812314  1.0426931420642571  1.8624624592954913  0.9920592123102681  1.1708197599857195  0.9058736992837383  
0.9401067144143858  1.6011441835487825  1.1131008386420904  0.7250407710017784  4.092577136291958  0.7340236570802178  
2.466760949857279  0.6845283357515156  3.647935850444846  0.8700989456033297  3.436448543693408  0.5812279707362995  
4.993307666093307  2.9172977626514367  2.6059849246768614E-21  4.053069791633556  4.888696307130273  3.863779489075322  
6.311486232728633  2.94708298525635  4.7313864556431826E-17  5.299342540997779  1.469891041600797  0.9961819609533743  
2.8015167670056402  0.0027083045956857147  4.117814730515183  3.029103365197731  1.2432147280574186  2.0044656670098058  
1.985491740547421  1.1872474590644027E-21  1.8837645888136163  5.868944474571025  4.007691714504529  1.663778894149867  
1.4487459619379313  1.7172364231286552  1.0711527209156333  0.7045214528911908  4.912722630704698  0.6569146511963548  
1.7046807037548573  1.933572996764802  2.3983635984714105  4.337958778415856  0.8389369622680819  0.41538027193176624  
6.982053633203628  1.7129955877386358  1.4121897399887342  0.4503781553090364  1.3801168841133016  1.3135330082416954  
1.8029604029988156E-9  1.1111380988414608  3.4371594130808525  3.3379114462361765  0.9111451486277659  4.605430527958679  
7.627251462034822E-21  1.6165911781887297  5.542533196579309  4.645006417117988  5.037382720547475  0.7590463824381097  
1.8753208471012244  2.3386263152227618  5.7989719379599025  5.096605367008323  4.354554236945068  2.26189049237915  
3.908539857835876E-59  6.541876660578E-50  2.8812724898619413  2.6639170527554645  5.803333162238942  2.209195639355151  
2.5595452477300737  0.41826695285224297  0.9280118265267318  3.0896674598089438  4.656506079930772  0.4819071497453955  
2.825374343436978  5.503814046118771  3.6067722955568176  4.533249710867035  4.284860104649887  2.7857605204305207  
2.0942092485607864  7.761628421586536  3.8802507885480844  3.2802461936700564  2.1967314653991214E-76  2.2629812040923725E-27  
3.564360927677405  4.931658152453409  1.0707007224317264  3.2401678928209052  4.578565022624801  5.669377370997357  
3.1489455501744184  3.7328726766110756  2.4334004635599475  2.182804811748132  2.148096145668817  0.0036593930085842804  
1.8163710279060703  3.0898677023726377  2.9001645114496254E-27  5.267500760943674  3.941462589900738  8.0757007860052095E-53  
0.32669151324577167  6.340714151594535  6.976089150551924E-10  4.220273338696427  2.2360549228628535  1.2537324577496933  
5.786822273665596E-52  4.53505279181014  6.120230077437205  4.798811817784168  0.39519182923847146  3.5730269890559194  
1.2336016121003681  1.0350180768076134  2.1280525648135185  0.8939429220801227  1.386704803140848  0.8785923231742011  
3.6807164572082693  2.82048578071784  2.5076027191553632E-17  4.839897645778817  1.901012813405438  6.297063453153143  
7.280308505636016  6.082667192709464  0.2598684204789527  1.41188115675868  0.8469917321571898  1.127568262027609  
2.3718111481961582E-21  4.149204255084432  3.343955281667358  3.695871029203244  5.555581284556241  1.567661254643937  
0.012788084837952907  1.1007241644291355  6.199913927936264  3.7553363622313705  1.4041945158159044  6.380965385398335  
4.915399745450008  2.6024472016316356E-8  5.42709647465429  0.926747951833429  5.555720592264898  2.707015225289104  
1.1802016330156104  1.0753493963829366  2.2949352170656248  1.1640165568346392  1.2070585141087073  0.8323310643913553  
1.2700034797949649  6.223752245585783  3.9444854156075  1.4547291885536547E-27  0.6093534872098281  2.820075718849677  
2.16884475150953  1.3011779918152735  4.401909960813419  5.74182470778003  1.8145391617402735  0.061620746043044065  
4.93081190840931  4.876380504687296  0.09863300907167281  2.844673310450214  4.089722595806192  2.6908893800812086  
1.1358510571886569  1.0687893878777093  1.8727712002911245  0.8910155477544044  1.2365152554130472  0.9195433744344609  
1.1454366634004698  1.052021507382349  1.9483279774910087  0.894600049383711  1.2697417518339307  0.9101773212561833  
1.1055299115034127  0.858320559309389  6.806723354954883  0.9042872986073602  5.024426299354221  0.19433462430443926  
1.729392044525423  1.1983056033910942  2.3809430188407097  1.6047633310529144  1.4108486620916407  0.713738331813442  
3.268339171259711  4.55166858728052  1.6726057073460536  0.004601540117164226  0.3206305789405933  2.779848414830867  
6.7112526502251715E-15  2.9091775421640716E-6  5.472517930874602  5.990409350147519  4.747246856955438  1.3851753326432839  
2.9427345192775134E-58  3.43124486162198  5.38219329136623  3.296878722955099  5.070739973124478  2.0415186969966808  
1.2732558561197975  1.0648393206989946  2.5044703326250044  1.0997234386222938  1.204346316006548  0.8175484710005061  
1.1965938854484344  1.0443578899681603  1.9389755527510266  0.9027936820000936  1.2544656752834242  0.9083205725133231  
4.725373438307455  6.993557006715943  1.8002163361258174  3.874642720760341  6.602191539467284E-43  4.113619133492185  
1.2399386998732693  1.0367561026081111  2.131067422440026  0.8916661830384348  1.2859083690674724  0.8897691543963743  
0.009044705106518402  2.823706303236601  3.45805143991692  5.369998913391404  5.545697102935667  2.507166883308818  
1.1170589404947633  1.0305550225615516  2.009910183959435  1.028876091199362  1.3409186077223207  0.8808959183601149  
1.348574012770999  1.4153422001948819  2.1035436251699378  0.9700562860285988  1.2428441090114029  0.8266076416922538  
1.1521500023140332  1.188394437674725  2.322382044218734  1.6519180701624387  1.2180808573132766  0.7737260688892608  
1.3794969318886192  1.920093498898298  4.945098373355556  0.6160338824071063  0.9494194911053637  3.1530922494946716  
1.3573024396934497  5.318440622945718  2.623651803299049  1.7536972672428732E-44  1.6017026675370507  0.31813355776425073  
0.434572230377098  0.7940576755694995  1.758066485369363  2.3029467205475376  0.9367982317234358  5.100400336346088  
5.782331055307274  2.2341053577854577  0.17562652263009135  4.067070571141836  0.03464652342877696  0.546600512300083  
1.1370912533962783  1.0549870304092888  1.9712780447951999  0.8938419425776242  1.3142000985135387  0.9036335372606599  
1.2982565720289546E-10  4.081920289136853  5.063779395759951  2.647121426438204  3.2091727023761765  4.5955406478076535  
1.4919610805207062  1.1308825177401136  2.10441263892903  1.3233513118400668  1.0810120549599531  0.8264611300262078  
1.226469904748318  1.0471254086944162  1.8844961494479877  0.89208278104005  1.225786292830856  0.9174564677360191  
1.361971302354665  1.0554112521379408  2.6376661736038622  0.8910403461751483  1.330256781695582  0.8141554367668405  
0.7738377204928167  3.603318915519217  4.975725373965912  1.9885504264495995  1.5535935297808905  0.39466207186620855  
1.5870443688355953  1.1621801861841594  2.261026077613613  0.8316453794993527  2.5282805287135868  0.7424684164930019  
1.128313026912736  1.0723621428170889  1.871753077445501  0.8903152027989354  1.2391158921679502  0.9193588324511811  
6.0952838018174775  2.2880043958764373  0.2676773025269903  5.276492193041755  5.115016478143535  1.950250751752142  
1.0238843946142702  0.9030621305126315  1.842558341283607  0.9236996418172416  0.9829401503119052  3.6523402727825705  
1.3351414832270174  1.1347933788030131  1.837609904204905  0.9869526949925173  1.168250427723674  0.8957581145261688  
1.1057300790347553  0.9878528485668816  2.007623449801171  0.8821823395859479  1.025551560908464  2.237393563099556  
0.5465122073057149  0.6959012497231832  5.241490939168447  0.9908864625299935  2.5625252734405812  1.3976771600734195  
0.9914661081370056  6.33166784279777  0.8607211712323545  2.9913680744997073  5.592977833980195  9.64128006366726E-11  
0.6081621153273532  3.3245613739838595  3.457864772861866  3.0833723994663864  4.69018062812417  3.749092081139848  
0.5228128228056219  1.9700008314845021  5.208110239826846  0.6043036337067126  0.9267125157008776  5.746287209841276  
1.3782383076675313  1.8073076039047122  1.9597702078363228  0.663493728031715  1.2446294715388297  0.8145948088563877  
1.2661675856321466  1.2127726798115  1.9504026545166162  1.3870424013802645  1.125117014593108  0.8430912351063583  
1.1785275104967772  1.048657254508415  1.9447894283099127  0.893726445105561  1.2661755620009794  0.9096859403884889  
1.1618014984724754  1.055472285282927  1.8942113453158147  0.8933094990756425  1.2358091343463293  0.9176333684141788  
1.1520071862957064  1.0485514348151699  2.0015716959405707  0.8946592372347429  1.3105155091350045  0.901029048113397  
1.119127006078654  1.0740902925909508  1.8762404005732916  0.890241024309895  1.2471575999409612  0.9183498419603716  
1.4485199810550267  1.1112930958279652  2.6341079892961794  1.020559463017261  1.287079145456719  0.7843390404257865  
1.9019021273636618  1.371493919806402  3.1562973494963775  1.617813607515168  1.6226530821775114  0.5778027007362251  
1.4975189711874177  1.2555405282756777  2.9254251370451807  1.8955081634561926  1.3288757951548813  0.660561654049106  
2.0781041952844577  0.6440421118405539  3.4351305640552647  2.672495392374233  0.6372233183856892  4.640038274370304  
6.530810246395406  1.7111291745807744  1.851063767254243  4.7863937122784685  0.2773289894280744  2.7691047230356687E-9  
6.490526168591075  0.28394587618687  1.061053565761714  1.193799423841623  0.9127808101174171  2.06785076503485  
0.021847729175314315  5.2390425416778905  5.494506128434651  0.08199545222795634  0.8505335405823847  2.693817602214701  
3.131882129090699  1.366132210192486  2.4591311679851087  1.8477016875057672  1.698156839127585  4.493590749401913  
6.877423031364458  3.394847319519641  0.6977007395300542  4.798009783275596  4.170317883617011E-74  3.3473498711628834E-4  
6.129591789744897  2.1028231725223634E-36  0.36955538526367865  3.6106405006469133  5.420746052495883  1.397084462695601  
3.33612171334235  6.218263018306258  1.5746214052875283  2.3423715575107115E-15  5.825710396211736  2.8629197156066497  
2.2825355849303497  0.009362712236490033  5.956989463823589  2.2383489898050803  0.6167919924170778  6.239993841117579  
1.1122464300594557  4.384968757207365  0.7533639594228683  0.8618169106019066  1.3005361288223753  1.0664230570060242  
2.7740554726153417  0.9765452876459343  1.630409383539585  5.579587061565685  0.9950846029385997  0.5945220809441272  
0.8218803987761171  1.791372937075515  0.8945176330407232  0.6476110865480872  6.992730767949182  0.6588526685457236  
1.5820990221947262  1.738631290418977  2.980591760160502  0.9872194297502888  1.1612820580342913  0.6722529226213214  
1.1571029006241178  1.0492433735498845  1.973567643807719  0.8945609695872263  1.2980386601792073  0.9046549895899203  
3.005196943307911  1.4235610730969477  3.9169223453857995  4.594238331410494  1.5343789792079126  0.0729021188807398  
1.2201778679770552  1.0933494085831594  1.8834485697944456  0.8758598967015668  1.2847033448152225  0.9076483528389306  
1.1489480280754771  1.0636816828842663  2.6139927334184856  0.8942406381882051  1.3231169718768914  0.8277812711537169  
2.841204785539237  4.382650857462433  3.2083713060872507  8.648111272173161E-55  0.26650487616016233  6.547941277224097  
2.6150197360692053  1.438806968925924E-7  0.29482579253086855  3.6939729991978116  5.933478453893698  0.9399924874416948  
4.8788142896392905  3.7490731013674  1.0106116233032938E-4  4.486355648680538  2.4325958618729313  3.3589357157783386  
5.458141965209169  3.799024353792009  2.335235254185596  2.052123106143414  3.8266582730539143  2.1203172504736664E-72  
0.8147789849053262  4.9089167939021306E-21  7.264189767641116  1.1009591649454313  4.748166624489659  2.182596949543354  
1.3417818798676861E-46  2.8062280379285656  4.434392639155867  1.928562788129832  3.184327260456251  3.261954793126983  
1.1960189522643523  1.1262756579635314  1.997805352355257  1.0510886856101542  1.2728949242248393  0.8668235417161089  
1.427361395773079  0.6668253892560297  2.4699116569037987  2.1300376240206944  3.531577173127469  0.6909471364611927  
1.8960267609737846  4.574270884611248  1.6127133340047607E-7  1.9460490244553974  0.4400737582526118  1.0718948664910124  
3.898797482942368  4.215664249304757  4.373470621719095  8.55964374473239E-10  2.6431913285442974  3.448499611433197  
5.167979389484517  6.064687018920751  2.856906344050464E-11  1.436722259080578E-31  2.0863796215674832  1.7877222516881668  
4.457791864868326  6.889416738385687  2.7407843568980623E-7  2.050018633418023  1.578081936002324  0.1706212169442563  
8.009660796855538  1.0447387213483474  1.8851881926173546  0.5446502940527104  0.8926797296067583  0.8993619000092077  
1.2802608306472365  1.0980581063156865  1.9725054385870397  1.8247411562073395  1.277051528237202  0.8004361547513729  
1.2600624078554383  1.0414160529658392  2.3979438527977375  0.9021997882261075  1.2606359249235537  0.8577451442783641  
1.2286848727027029  1.0408701537665483  1.9979141234210114  0.8925339579507867  1.2614001223300189  0.9042579954821529  
7.5482731461684205  2.911470802339246  2.3408874507985042  0.08282083993274578  0.9696119440926749  0.6844623401927296  
4.471810650018815  5.6998052267714945  2.8914354268137514  1.8051485660719898E-26  1.968853005353563  2.4518087203225  
1.6904937049964799  0.5814461363940281  1.3661397256188037  2.5559961435467993  0.6360491792809287  6.750171673368629  
1.091003106678428  1.0625057659975754  2.546569409004611  1.1703077329066  1.302320899019616  0.800563011142053  
7.610548156631691  0.7928957747597769  1.6279989106007524  0.637752805068926  1.9083596436699684  1.056695663314941  
1.0841839700643805  1.1122647994290324  2.964265812922414  1.6833198375719236  1.3052872618713691  0.7121527429008494  
5.843285902792207  0.4644317025090418  1.261804408817014  3.084284744249372  2.9902675681379822  0.7456129544104649  
0.0597792709276236  4.04735116592707  2.048260637625336  3.4510812237884787  3.195648139036239  0.8227912419609436  
0.1663121072748341  0.41918711166850947  4.299658101500916  6.127449615643362  1.3276071702930903  1.4325624882882684  
0.8917913124491802  0.9123730105507729  3.797564844149064  0.9278015821868622  1.1262272889663107  1.053193826258337  
1.7730682026988318  1.2468050296604787  3.0814292762242426  1.2121060013075333  1.292810043870487  0.6700007087513654  
1.2695407236171867  7.2801299892676665  2.027803424511329E-12  0.6498391021079777  1.1178566478123266  1.8348604354043805  
1.615132590105369  1.2108167587429606  2.579576875275677  1.3851031925058295  1.468433910722849  0.7057916326988836  
3.0533357773622147  4.076945620346688  6.410233708787882E-4  4.110591126696844  0.3923728075886925  0.4568414942876821  
1.5002454549829751  1.7445135515449925  2.7428826902714873  0.8954114691440939  1.243217144066628  0.7097130378348877  
1.1182411473240195  1.0736697560841164  1.8780222360499854  0.8904152193188184  1.2487610631897033  0.9180872350801811  
1.6291172334070352  1.2481279837908894  2.7267015817223106  1.4082975371097732  2.535349682142778  0.601600807652395  
1.1523982744881878  1.0619069255479694  2.5980779613958402  0.8983752360096435  1.3435218810072034  0.8261206862429412  
1.535362099521042  1.1462472471360248  1.8316285548958429  1.2294201214807667  1.077506410126754  0.8611744643132027  
2.8643667166033646  1.1777324022793385  5.510665858058539  1.1606046155630165  0.7029247441704825  0.6386317448105263  
4.723433380953323  1.6423743643707818E-90  3.7383220107528055E-4  5.348022233947029  5.460311869913094  3.3047749844364622  
6.929482575187232  3.81231396010965  2.064586616816122E-4  3.828053148441418  1.8831436635494778  0.5155642444026659  
2.2815773946738553  1.0456109026279254  3.756215393358684  0.7918202104998773  0.855408201337214  0.7874087309382264  
2.8030906994540192  0.10908232057194113  1.7878998373419515  4.077285976851251  2.22330432710189  1.9160255232776107  
1.8630386433880362  0.8430769843935892  2.4264471983648708  2.0328228140928233  3.4593395190608605  7.0351178732695905  
4.3845486164731495  0.6952009065905841  2.6265043611792587  4.0198851859874  6.145910495302885  0.4005984202375622  
1.223779986497248  1.0389765021532515  2.3084432902312337  1.026231342214453  1.209120069094515  0.8577300781364391  
2.3297108246740432  1.5832995495655595  1.069646885415242  0.7182181599280217  4.776493926673684  0.6460041206505875  
1.942008046571022  2.0221999474003427  2.153652706351192  4.30211558471964  0.7776279071688901  0.42941687460018063  
1.1519586242353126  1.062688082699033  1.876437909216251  0.8919802214867639  1.2282468950816006  0.919830798781301  
6.031968044034096  3.0130806677609216  0.28713807848455053  0.8937650782353262  0.5936139596575086  2.1822719708434417  
0.8163543274372138  0.5366405855653384  2.4186994930192505  1.6841898745484125  1.0020033739077685  3.7015694677982416  
0.7721423782357733  2.2088240072371907  3.572266224987554  2.1854977998895775  1.3649371133328911  0.5930784237373886  
4.560042692298196  0.20266786294040715  0.01456972822923813  4.203494310905245  6.606700115597711  0.31428491526382407  
1.9624760418596598  1.8127718253995129  5.6249707474491695  3.4188092723114525  3.9520859413402385  2.3248848837395393  
2.6063129148299558  1.4330965547455077  3.5506265169971236  0.6365523929813646  5.321070783642087  0.43634462949077935  
2.4169743712182856  2.2700105401631575E-26  6.0726136674462925  2.3051749723235244  5.833960833236184  1.0062221719082125  
2.7477249643113852  0.4084018875699445  1.1705196986698019  2.907681821894647  4.664878319130308  0.4753083388970278  
1.1127900293839736  1.0663855963245972  1.8952189518616402  0.8929384246898072  1.2698696779476413  0.9153313233873424  
2.7628880306633596  4.689772122121722  1.7099424616608436  0.07451108594194596  1.528375869843068  2.0031036207152915  
2.940091885380706  3.508418717423013  5.942599613278715  4.786213450106142  4.599839915709107  3.7004555666859264E-10  
0.7114800535264726  6.48014188322062E-10  6.226047531222982  1.8729870611803063  0.9875203059571371  5.367142598421664  
1.9803192991985599  5.999879237597372  3.606873509243367  1.3317616856959507  2.5370620059115487  1.6664650579745317  
2.1867100517070006  3.450176224553111  0.3861090524882911  2.8062158186054402  0.5087415860732154  0.6390558594286149  
2.7678678477541525  4.8096365040094256  1.958085801239596E-10  3.5088380883835524  0.14019832316800893  0.45457318219888443  
1.2522071759821745  1.213571453940897  0.6440239241278022  5.590386224364477  0.9793655921666765  0.7693019049971394  
0.4298564173664983  0.007187714177843826  3.330057630468374  2.1844601685234015  3.9528900688331223  6.24860207265762  
1.0983408511629356  5.873681163491462  1.9754658569341332E-20  4.40814295620473  0.7242231873621395  0.5045100087298161  
8.551277059786656E-25  4.430975620228838  6.197354156614131  5.11054637455001  0.43584525902200905  3.279208758567061  
1.1301774006651133  1.0721972332977623  1.8703527798484976  0.8902710707669365  1.2373091748279688  0.9196171622204099  
3.3966428073253283  4.640771142194  0.922475719411928  4.442972821554487  1.2991451787334354  5.324395436780235  
4.164322250194113  6.9394249387551605  0.8468423933663691  3.077237283579863  2.5501238721244075  1.7089346320069298E-11  
5.386546267366859  2.5919669108972365  1.2294016256318411E-59  4.405964440110339  2.6056268017295507E-44  3.3273486800215255  
6.007107948902298E-31  1.0110254717706793  4.97031408743393  3.2421651064696677  3.865163167248013  1.3738337560660054  
1.6049981546367558  5.495349955013235  5.242724537633353  8.10645360846513E-52  1.4206320010567361  1.554757785721312E-6  
4.09774333062268  1.2014746542529868  5.294555282237654  2.1632360804772426  2.4798738903962683  7.69201799449819E-21  
3.915260276752212  1.4930135200046692  4.751925896779058  0.46217023427040593  3.0007569953689446  4.542706892472952  
1.411793510763135  1.0597608119395732  2.141414473376647  1.178633440830959  1.1545436538229379  0.8492579030125968  
1.8963359515200149  1.2544129014849728  2.905887563996279  1.6174341338674791  1.1493509070565997  0.6587136757632487  
1.0918258758812922  1.0449649520552622  2.4177249785806714  1.0817105267652176  1.3701992500573577  0.8218824825843258  
1.3980744188895373  4.559203666500565  4.707006399155568  1.2496393004528864E-10  1.8208530742700537  0.9374143280688289  
0.9512353527160881  0.00710922467658646  2.1677986277989882  2.636564069412651  0.9258635052792593  5.1317706483756895  
1.2846326611837038  1.1432704461017398  2.6007572220777924  0.8639536658750732  1.294254854965834  0.8153399762530867  
1.129870740583263  0.716755325155832  4.082553872727324  2.805096187665276  4.376131167754853  0.3351031387936687  
0.7676958959485422  2.1124988381234244  1.0074201587245488  5.370366329872796  0.8972495627904019  0.6661352447676365  
1.1126744570289637  1.223676300952714  2.5199714008662046  1.485344430814854  1.1530706048188217  0.7720563230566834  
6.169448028086514  1.7801056281496652  0.426481063285782  3.9665159740262843  5.2740144789439825  1.6643631486831407E-51  
2.121108967418497  0.8985873531103699  2.0708173960890615  3.7546325999916816  1.2594399942570895  0.6692863658017597  
1.656233856791207  4.794154194008972  0.6623505008216242  1.861432075463238  0.41667201028720124  1.226527242842158  
1.2307553939800384  1.0808504881023824  2.097077566898001  1.4393933009446593  1.2094611185910662  0.8259855870341024  
1.1450602215155732  1.358931873916845  1.0138393595230424  0.8022664123366893  4.968952490696065  0.6935197682890274  
0.38540561837970516  0.4840944853990635  6.905957410546067  1.0957624436114153  1.1466348547713725  1.790114362514019  
1.1146339557007783  1.0717538784340832  1.885936184509149  0.8912175773376467  1.25933442662919  0.9166292118115558  
1.4768086174451263  2.2219424830082457  2.3572763546216673  0.5523761410985509  3.9346344768060804  0.5540268872263733  
1.2096211875251883  1.0415231297030783  1.8691917143814147  0.9087723543672401  1.212885584860956  0.9193524703913463  
1.2843069613409555  1.0367871091110743  1.999055146143533  0.8905205955641695  1.2709131238300375  0.9013336967718133  
1.096488814357672  1.0310627030998671  2.056319776397862  1.1476300475395749  1.3602608652056498  0.857534376817146  
1.5722740038818932  4.836643000048574  0.5713086446805168  1.7769090613814291  0.4689370403591038  1.2574139929743313  
1.2291349167704657  1.1768474879620967  2.220328562780729  1.8464459298218487  1.3282688038573722  0.7581304959085252  
3.0400582492331707  8.753687356569821E-25  4.766844035665339  1.8427766612717718  6.27832737531065  0.8547652325724145  
2.5261121759274956  3.43817937540082  0.8374332796257814  5.164115641168662  0.39969488730611197  0.4417774207032451  
0.004178314901584388  2.2415719267113718E-7  2.371442333614709  1.906448876164706  6.013685985359451  2.1225149871097817  
