5.236451415424449  1.2488238647339467  4.920386290611617  2.8564464173346407  4.658197054699199  2.735173506067507  
3.2819504216434616  3.462980426655706  3.4993301458701147  1.4192775435177691  4.658636183765045  3.9203692883086023  
4.356954688811903  3.0664023822488606  3.7959395290363127  2.612521038159976  3.804430572211572  2.8819618268471745E-170  
3.3339480103526236  3.9001468233463266  3.378443906089936  2.02861738614413  3.9691042062664423  4.769001907504759  
4.027830126293228  3.11979918353894  3.789634359489006  1.7971284926853275  3.783509950840104  2.787421259697069  
4.376866063178312  3.1963446243347793  2.025147458119889  0.6544241153727643  4.390405848941918  5.429249136230857  
2.4617999678914937  3.775559919473725  4.6887106476014555  2.4876633602769087  2.9181177775714042  3.171204890801161  
4.161303322631245  3.4138239266846715  4.290910420286443  1.9036172018707915  5.7294544104310585  3.7505674514801135  
3.5922733014151174  4.246812937529798  2.7239428168744184  1.8251124915835948  4.057144235893066  3.9382127789021104  
5.53620846743945  2.7819966677484222  3.4264484269048023  2.3783558252872954  4.1917363652647435  2.3220036890483478  
6.550871492395422  0.4934943480598765  3.43380343914256  1.8391242950915154  4.207046962791659  2.6133313957094773  
0.8345974553150852  2.250934261277939  5.322736665288404  0.48279812864757365  3.412087715018772  4.753024786355387  
4.307405635943351  2.1910870743546935  2.6865439267679037  2.7721952149194777  4.238824451592129  4.855760428634481  
3.950108898737618  3.842850931205795  3.5614733323765813  3.0346030568159805  2.8223045397347284  4.293463195198501  
2.2975047547320906  3.891626701608917  5.427314115877335  2.8497523635242536E-44  3.9857077602796025  3.9192338587042843  
3.7595768044799787  5.34253464799223  2.9733410826617463  2.4704041727769614  4.742361854326336  3.496258018749633  
5.26565570501062  3.12031922116772  2.7011221729257637  1.9353252761777078  5.378183212107097  4.6299457866974265  
3.8025809832625015  3.6969726102368288  3.097917351890679  2.896908904904586  4.798763950056636  4.527447044250241  
2.798704850665567  3.8654465434910397  4.791676061634487  1.3856237611136375  3.401177914999178  4.531831731440315  
5.575066292835839  0.24262052082349797  1.562168401317616  1.3006443211648557  4.885395429191491  6.5562044497979715  
1.5222348485795383  4.941989131296334  4.162030679646932  2.0311307340210973  2.901630384687593  3.952788941017814  
3.9371675382650153  4.1525164693460255  4.5014823302396625  2.9163844415607416  2.401549666384899  4.321559867754275  
6.858260770166984  0.4680632625696668  1.8295935076918185E-31  1.8168039422470634  2.6867311290682703  6.968898175084171  
3.325847373076596  4.560846802525102  4.090352770638281  1.7412104901884025  4.733293886750121  4.586267440503675  
4.529972431375761  5.255099407502085  1.9324444227561393  1.7253957570794818  4.686559942840312  3.1857574224032548  
5.08031065864686  4.434156919387427  3.850418880509808  2.9961401550279985  2.955219691060531  3.073665681112949  
5.249075117861324  1.714688534608223  2.5587002149318834  1.0584854130436676  4.204354488572311  4.64857030229338  
3.507141718480096  3.8893766934995693  3.1531046447605218  2.965439689980134  3.1562901013653524  4.623765335681861  
2.980864653502163  2.153731329454949  5.109999317095832  1.8571074481099346  1.0752895391476773  3.954189507408159  
4.990167645862081  4.6474795546143035  2.6240779262434333  2.4356936352287337  3.25869176244956  4.477698838470916  
1.4301422970580822  2.417708449531094  4.125095350382048  6.322626191528524  2.134664420178418  3.9883811079897287  
6.013657018915316  0.560041075024124  5.8873113621881096E-15  2.555666686249728  2.2900741143812935  0.8871917931437484  
1.2313905727893477  2.1664359887264055  4.090324906213276  2.863718551172053  3.10007249818479  6.203562359766456  
1.5581447052609003  4.015963594566674  3.0443734967582152  2.968813197906821  5.116846589283898  1.8151030472841787  
4.640122698626583  1.8200739120123453  4.026288097378376  0.5372860604669546  5.807295761223825  1.2103513448310725  
4.51920717741935  2.9074975903119764  3.1412392663486277  3.2165698639252334  5.801117125638123  1.3710815819250207E-12  
4.150366660980795  3.3807635568864525  2.269742652261071  5.093943706706754  5.042648169137431  4.2394392766386115  
5.156212729619898  4.082500799614507  3.663297472157156  2.8282488701423993  2.2274148003010734  2.9155618215197268  
2.673734325101868  4.799465616435331  4.3975538180017955E-77  0.007286230587052466  5.742738044373149  5.529176804899619  
3.222355064846391  5.30531072423934  4.054475662676866  3.774533135342498  3.784723371491056  0.9383947308324553  
5.16673181806179  3.7508771687141413  0.5933483525184711  4.091783405069641  4.342520538505105  4.601525525732568  
5.543850033590295E-12  4.25191767823795  6.267207871073645  2.0759332005651876  2.926085464057157  2.7209651092884717  
4.896778501615133  2.6357556839637573  4.074782097680018  0.8673307350183742  4.422137773736407  3.657344597866344  
2.583889465024412  2.220376886817272  6.349145880636731  1.3141108311322804  5.696693141642489  1.4785189966868306  
6.436728947546347  2.5151719095187097  1.9853597773830283  3.723339505208886  5.246411475547315  3.1211047067594118  
4.922988967118067  3.667208013723575  4.081052843106193E-100  5.908621422801058  0.6263864317782253  2.7514292560746556  
8.408332561617469  0.6849137506191573  0.28721831222406285  1.9712687238195428  1.4537989113753305  1.1578610312420956  
2.3124651588697582  4.4352178480505875E-38  3.722411849563533  5.645758986610452  0.39905674374242905  3.7212278242208203  
5.336629188250349  3.924711108100275  4.568353239675829  0.5963842021116833  2.7090781280837675  2.3898121709514006  
1.7631846232979285E-11  4.95167904008254  5.830952489658243  1.820914511530375  2.2395144317267186  4.033562646326197  
5.732006372145227  1.807533348173933  0.8962541375362056  0.8681160305355727  5.824081954092006E-11  4.482001464395172  
1.973695384786637  5.2499466406080355  4.949957719715856  2.345308518057917  3.017143703184239  2.7564898127804924  
4.809330957607711  2.514082989041054E-4  0.2698273411185047  6.104470795632991  5.1395035574294  0.5773470673300717  
4.979489234447904  5.636831222911415  2.382594672088183  1.0887221083492507  3.920894513723658  0.5313535637039615  
4.320248323289429  3.9589562197827504  3.388653365864687  0.495687323692567  4.956370142484724  3.653565258696786  
5.293627794007815  3.7459776303267955  0.8693273197840291  0.9179963077653589  5.25253559448058  5.505647444932973  
1.5566687712647373  0.6522976779002791  1.0620091472894924  7.1865414548652495  0.38302537898065736  2.6268551510870646  
2.7116876920375295  4.543125130773681  4.926052660552462  0.48758193039215786  4.7246241117464365  4.378802796001849  
4.544035186444221  3.2543147482519603  3.3052455499083524  1.1907360450257307  3.46305064777277  4.088691948559472  
7.385839955711277  3.430389569439014  1.2303306903906004  1.1338541158170825  9.54866828592713E-7  1.8890978576058572  
5.628680069954457  4.3932607446183445  2.161334386052082  2.1568370820810108  3.562563147610183  2.407333057636382  
5.2172024901706076  4.254968764153142  3.676600513671426  2.7859741128090673E-11  4.138364669034852  2.058929227347498E-25  
6.210736661735866  1.4622914332039003E-4  2.5412577667296903  3.4086566797366302  4.125014764362283  1.5951353317308894  
3.429703408389489  1.407758073856928E-59  6.206589946661048  2.564359675158601  3.2344736014791065  2.627682300531349  
6.518720058974866  0.9520241704106334  4.167941645663062  4.125754133844985E-21  4.151048413327555  2.378756844969947  
4.418137592601675  0.9105304819805717  4.259092599657156  0.03969955679658235  2.2017511802740146  4.613660824174753  
5.542068959296096  0.8259362631165462  2.2214216208935986  2.0461603769144316  4.9111218644318395  6.250348895622609  
3.8388242426539674  4.17101098236278  0.12287859622872521  0.8635782343061615  9.933680599150264E-9  4.77079150689398  
0.7830090166639627  1.0787286194682446  1.1020217655728413  2.1649304389381134  0.9192324892815701  1.02565255491971  
6.955722777557887  3.4760709333042996  0.011249036822183119  1.5554989367513667  1.2151499321314794  1.1976922789414532  
3.1609131740508025  3.7120374000439074  4.123514189424221  1.0356276670816297E-223  5.375452857986233  4.83701111392086  
3.0999099581833747  5.840939704471639  1.9861964138777715  1.7647471435218973  4.886826648089119  1.1996886304200876E-31  
3.7108838068326504  8.135492110801535E-22  0.6378903590742457  2.8828383507672823  5.506141924852893  7.229735082367327  
1.4557985194283707E-5  4.513707466708863  5.824920821842337  1.7069890322942116  2.477113614687375  4.168354802843572  
4.596489051554649  1.2649960509004627  6.956058018125475  1.6824317305019811  3.039337644325994  0.2684437237059496  
1.7288062690940913  6.439280685432748  1.0286747981530973  0.4326294641442099  5.176449498995643  3.631204879284004  
4.148157919113519  6.476648660381913  0.3851254375500718  3.7117527304967226E-17  3.9996472321635603  1.8590831203954605  
1.979991325120139E-90  5.062367895888007  5.104218524287651  4.285233980790414  0.6517580624570423  0.036873832585279105  
5.506453049077144  2.499035755364747  2.7427803861033673  6.099593438321073E-18  4.935037960299797  4.966944721119765  
3.7516897970911045  4.342308658027821  4.363814099646482  5.006089326483927  3.068289833931431  3.569935143340681  
1.0998161930394423  4.613637356947476  2.9539110838730624  4.450275553762073  2.41313217586546E-39  4.430669092996759  
4.526594865861149  5.659555778004412E-13  1.903915304987023E-15  2.295402617004551  5.1325605852195775  1.0526397511164018  
2.663556786887126  2.358371689027909  2.8475756114325117  1.408177746485  3.391924886801425  5.992009859276963  
0.012659317559143561  5.235895222724587  2.087742446900975  3.7872635115264943  4.330950917137096  3.8605312410998467  
3.0490402379668238E-65  3.763719561561036  2.4350891386819176E-18  5.326786495657931  2.8624193778050153  5.238485790727362  
2.0318771855905418  3.8427036966530395  5.530289159536186  0.17893166349766387  4.910775719306636  2.877945916973571  
6.07117211585839  4.437294382994185  0.08622686875890714  1.2941071923760188  3.7505381701319713  1.6906610786104692  
1.907457365819665E-11  1.0991291370233738  3.9750105115534757  0.3426964767612071  4.657043830454214  6.137784359614657  
0.7444382930320277  0.9592780619978909  4.694322161506899  1.611713534971285  1.7943542757196296  0.0594391845154355  
5.9582871751229  3.3172106512739963  2.615488098543051  3.788530575860064E-52  3.9792573935858644  3.7140226236882596  
4.363423188632492  3.2093537203478335  2.206594362880445  4.672368056466476  5.460356073592927  4.766380251122043  
4.049084106662844  2.0643696493758457  2.177010315937378  4.776320324362244  5.490733601051006  5.268714927725124  
2.060855561665956  5.710138193232818  2.652977232907652  3.6565516984022555  4.024206966017953  3.702692542482843E-41  
0.771892521048888  1.0926533507908718  1.0821889158753326  2.1777171651103546  0.9188258408540457  1.0295050944902255  
6.15245138653732  0.7876512321318423  1.4102774595604906  3.9044036243444684  2.356894841454173E-117  7.063176029677173  
0.13323070225396863  0.6382103027328422  1.9868307684366189  1.0709062605948119  2.1164318380135305  5.848224381776586  
5.519180684673186  1.540658032306396  1.4881509203269077  2.6710095817106305  5.127128378841026E-14  6.154894845587689  
5.462199834231123  5.424658707658655  1.0035730633899244E-19  0.18435837305923136  3.7758087743991546  4.407177026085496  
1.0497406982120983  0.9166870913959991  0.9607477612685944  2.356068855199205  1.006483858465562  1.0872352822695588  
4.553485140099124  3.0253733842179624  1.217548940479278  0.6607218078417062  4.96452323186928  4.8303575549663395E-50  
0.44114739490772187  3.1473484504959424  6.15927805420228  0.30223417102487665  2.953993405281634  4.697361285039464  
0.7913636044460902  1.0670903181102638  1.0832652487741794  2.186267736594332  0.9182129786119431  1.0390486137854387  
0.7195479057099919  1.5156751170724652  0.28067630437085417  1.8941807085020608  6.406422838096164  1.7574956357251375  
5.92195840265353  1.948075403083655  0.45848971355971685  0.9125804479412698  3.56178952540594E-17  6.043437441432245  
4.574027914875946  4.830783124137444  2.924361179518777  1.952768293612185  3.368746307670936  2.3381263408779414  
5.743307703403855  2.033341280798398  4.525962989804819E-29  4.737015880226112  3.823451802441969E-11  3.2398008065318877  
1.2954094923354217E-14  2.2302139240166032  1.5762755187256532  5.021595631234571  2.410045844542268  6.917527170110594E-12  
0.7738190918385449  1.0907253027123536  1.0848815709084079  2.1722998960534277  0.9194093626271506  1.0287131903648965  
3.390925500324353  5.132501154641764  6.517676111085774  2.527872566835515  2.1467996951372296E-15  0.8734374305704896  
5.750247058841996  1.7552976000745983  2.6578821150373053  3.4726845756560834  3.5197761632517697  5.815474949808841  
3.9794948551267266  4.669096924388801  5.110362711026131  3.5342493850083243  9.697821784805388E-45  3.1758721266443364  
3.9742574126964674  2.347346231847872  4.108413918112007  3.398455354310219  1.245402136584737  4.265723254745052  
1.5602062664731229  0.8985683660989442  0.706544389837017  2.511147431298447  1.4127325638673205  1.0020170794224386  
4.670403590121189E-18  0.2520517983089474  3.8403958629247983  4.6774593236192095  0.8287541057156631  1.969895021931304  
8.054378485746305  0.7470700155136569  1.7810171776824861  0.9865771091526535  3.7531443616967946  1.20615439035463E-29  
5.315630918203831E-44  1.9541941562339384  2.4074722715056507  7.132309266515749  1.9671110400394356  2.4156612540196955E-6  
5.274215522387624  5.404431371250181  2.575364006407226  0.13775602796642664  3.940194581749794  4.211437680690688  
3.0764855020343784  1.3383208817577654  3.5449290400704503  0.9186517961876561  3.824529514050852  5.404073019162534  
5.120878263614615  2.33971838232182  0.7942870585835843  0.7892067111629829  3.8855021901993944E-5  5.96311453801133  
2.195193373239162  2.716320788694993  4.298339468734422  1.673407085995268  0.34413956848903143  5.7371959749030434  
4.189988042107099  1.009100042384554  0.6675731769452186  4.194682573388308  3.728069103613742  1.093001995897807E-5  
0.6875360424263565  1.3534702885187218  3.2059281232802372  1.5579113358434562  1.3368887438721433  0.1267194972680779  
4.16173842622823  2.6940032820137363  4.525778043525802  3.748351623984363  2.9459319525590115  1.5407748090605142  
5.12646362934779  2.091408231580231  4.822864417827353  3.4393012475862186  4.327992238033609  1.1027249726481068  
3.242816198971291  0.13627668526877543  6.336691293570893  1.2690745696801697  4.571927703523058  0.7575592769959946  
1.4541255192331903  1.394044589450094  7.977955570243589  2.9267046569729405  0.47235386734741874  0.005375290299155175  
5.550493815935748  1.1798300027703097  4.592328264769153  0.6973969120109664  4.972926334956728  1.4896728134712491  
1.7289312780611665  0.3909892670758391  0.8292203365886738  4.940675094835727  1.3155026434120676  2.059188446177183  
3.856725387914428  1.6726412945677303  2.137659427831788  2.0103029047745684  0.1702302934024917  6.501775005369097  
2.628915256773205E-55  4.4296922845518907E-51  3.760539869803533  5.1079615925131066  2.0842501947614793  6.917369422847571  
2.0875562592613446  6.294041834407857E-96  4.597382081369092  1.9646944314765553  4.034629942048852  5.618805526426088  
3.4251032618236725  0.37629903638284695  2.2804067399179004  1.875849662441052  0.8033178830519762  0.4480217786131362  
1.2210558505630242  0.880503666638135  0.9185292132571783  2.485094406139093  1.2025194230645506  1.0568125726452267  
1.103806519661471  0.8968061002070766  0.9947893571467687  2.392419632573578  0.9554929342756884  1.0909018606993788  
1.7821905018180102  1.0333504973723904  0.777320603088355  2.4105762742212606  1.1825905483709285  1.058223088925264  
0.34893527992622203  1.030329725475587  4.6700166547089035  1.4860016261988591  2.088513662359452  0.11897773222589392  
4.956267882251855  2.560459328071896  0.34355187398273584  1.7691811244897204  0.8464317659019277  1.2614466247387357  
1.9222169544697043  4.400288126370369  5.600082081527116  1.4485706181741855  3.465068011014691  3.249220701937241  
6.747476395462552E-58  1.2245655268583836E-28  4.370465502916673  1.5563933990789383  4.390704581836189  5.793339428035479  
4.4235487047194555  2.9353201719306505  0.43628570855188853  1.0929072156665801E-24  5.733633166884909  1.343504225178325  
1.0077815481279333  5.401094136869704  1.4006520885390428  0.315813517001018  4.411789504141437  1.7618305742059452  
2.095685935020222  4.822806065305042  2.116946781269101  0.953220762647817  0.10222500928493208  0.6431053659875962  
0.068263450565627  2.1920055615642418  0.9047107620186117  1.6202725220608116  3.0849709051292167  4.831766687966069  
1.9072101012776976  3.5372959885180643E-39  6.435243629410462  2.0636452512443206  1.150442838047038  2.971363502444933  
6.2795101701854925  0.1550328729802964  0.4276351101072361  2.2278518474481745  3.190745498022147  0.25499840285078873  
4.6304313379677895  4.025159955188448  1.945626956067499  0.4710453207659698  5.036529819555238  2.4769893795796993  
3.9001745658762887  4.210500915258514  3.484403424519888  0.2599760044362205  5.6192890179252935  2.2101656534112104  
0.6652835215141532  6.50487151734862  1.821141421586447  0.9943022863167379  1.9433805145679652  0.006481860309033516  
0.7253609965273256  4.610738670799195  3.872821009396381  3.3181418140885843  0.15619648922285667  1.4015180283556136E-9  
2.3789754289323035  4.2093584114785925  4.028482644093941  4.103582964079067  4.637790373511513  4.368119036427254  
5.947026266011778  2.184635127435069  2.8515652857095892  0.2538254493282365  8.24848482604061E-288  5.253537997393468  
1.6778855288219874  4.488732305264039  4.513304260712819  2.6120255869789024  3.618328874050983  4.7760840887988225  
4.890428689450094  4.149382986740598  0.6125033868664599  1.5002756036768086  1.7975986844373748E-35  2.724313096890353  
1.8799313541874874  5.2519192080030725  0.5716636442470912  0.056891784761124546  4.7998677015716357E-45  4.596551264921261  
3.2676733381735357  4.799510859403124  0.39516873514226025  0.18186923144197117  0.06231895103395051  5.067438064987024  
3.0599381076853334  1.8892316996424877E-23  2.337835525187738E-61  2.6737938954457086  6.700934145566187  2.8903182160585867  
1.0002692049401258  0.9195888367670287  1.0053645616920017  2.3106395890171547  0.9614098035064947  1.0948231055947808  
3.1517953317705856  4.609727221679362  2.7846058784627825  0.03357650778762591  3.4365528886612156  5.82230770667889  
2.936751174545011E-34  3.9683766508459333  4.5699916746357525  3.267008995077588  1.4116433924204987  5.472562077992814  
1.8030276338457725  7.031372131945302  7.726625452312348E-24  1.992354741499931  4.00830568036912  1.9851064385745105  
1.2445184279828676  5.4240379882815555  3.479947003280529E-35  5.364421915587664  5.852067128935846  1.703550840736489  
3.246165410872066  4.749602787534351  6.454063948831293  0.8302115716808034  3.0025596275734903  0.753325757369923  
0.7767827792184048  1.0870062811978969  1.0876673556376781  2.167966300523156  0.9198688939845261  1.0286680775261539  
4.138310366901169  5.30415368470427  5.485738894751979  0.40037055298021007  2.7119907778635857  1.5034926279771156E-17  
0.7993390197193426  1.4793082472488495  1.1549924517249103E-9  2.123246044700877  5.62858154798668  6.641246454272213  
5.886867164507862  1.7668916014407767  1.7544382259679305  1.6975035333905528  3.0614619472712823  5.791406903751367  
0.983678000483529  0.9534253446435152  0.9854381696059213  2.2664332782412857  1.008976665274447  1.072376100569304  
1.3915695780634778  0.8498757476259954  0.925402573146211  2.4063655884737876  1.5914738486484348  1.2567097866275165  
5.982550753215145  3.3550969832467286  2.636304252102636  1.1830224706871704  0.035178843277297575  0.4848323909164125  
0.8805461790669261  1.0619810388768591  0.8790563908985681  2.3117754148367204  1.1395875830737785  1.0453197880800973  
3.527728449435835  2.790032228837744E-18  1.029005197519  1.8292445720821442  6.723056068559888  1.037724328958217  
5.685735302724901  3.934869561666904  5.204508666789046E-18  0.3714409782618988  5.001710784065377  4.582366757692729  
4.541361279930875  5.593222749080551  0.6089790009551885  0.2348808104734634  5.420662155574311  0.5260454275554599  
1.4356647799474809  0.781010742498364  1.1295327827475996  2.2525815790399624  0.9483807105541896  1.0348358110757072  
1.976889674879635  1.1324090935071285  1.0189831234000135  2.774991187455551  1.1923711122691663  0.9256419079467669  
3.4199877484433587  1.4593024226749958  3.053772067758375  6.231338994413251  2.403365238065836  6.187895240251274  
0.8863337375948431  1.010814585799702  1.2261170032206992  2.1187479684959034  0.9133763527822503  0.9893439128607211  
2.2640957460593816  4.570375805723116  4.968634204076345  3.224702035742296  5.61957065479922  1.5552238239443944E-36  
2.4681176823308943  1.1598663444408375  0.8879951162815632  2.835861258181903  1.0271683792899373  1.1350543620964728  
1.6466030532565417  1.078207886365914  0.7164440830602443  2.512350777704097  1.511209710274639  0.9306866700522367  
1.3279120776709779  0.7344933869430971  0.8990831678614787  2.3554147839612547  1.2590107946742175  1.1607584276856138  
5.14784937632861  2.5329737617499104  0.8929691137961194  3.2728886169871996  0.008667216304653776  1.607901585883806  
0.4844129665709815  2.0212693365521868  1.3909639740475441  5.025990980171504  3.1635126618111795  4.7304614938843505E-6  
6.4539879707769305  0.5850269816321542  0.4952195399663853  2.1367432714481485  1.6037371346023919  0.9484296469039256  
4.1629232819193245  4.119113273632238  3.0474254974847037  0.016058213773001023  0.012676598051045401  3.7169359450771284  
0.7721416546136782  1.1008102075142878  1.1220511122592982  2.1286561278387457  0.9235846258013214  1.005899019226759  
5.1018028662108375  4.662920777435459  3.726451245476685E-30  1.7790007744215262  5.268447164648946  2.5273078913785993  
0.9134595070520937  0.957830838783248  1.06168027260944  2.283338043054625  0.9059213333849641  1.0871213267637327  
0.7946374539949617  1.0669475961743944  1.0922523347693998  2.1620990171034062  0.9209636673104148  1.0335562149610031  
1.228963945767585  0.8368347874507115  1.0404678697993885  2.2987050908168976  0.9633721971001937  1.0764419837959793  
1.0486802914906086  1.1901960006577577  0.9951149624348891  1.6987029234235527  5.3871088809987295  0.5496518611477634  
1.2373159469440878  0.7789449409640586  2.7106083063419395  1.68817492339344  1.3007081778393714  0.606464923748126  
0.8275685906358243  1.0386561155734484  1.094110492970715  2.171263059670325  0.9197883692339663  1.0413200595835825  
0.8764897788905193  4.631482759055047  5.35179331975778  7.769911316405361E-31  4.984177426084271  4.683040555605293  
0.4676291424390613  2.599962308771472  0.5189222765526338  3.453418759587216  0.48136487294987557  1.7690174284125535  
1.7678331562983  0.8381284969420901  0.8660767304024358  2.349836368282095  1.0945166253919303  1.2847093685630282  
0.632529903210129  1.422777325439616  0.7908319346305988  2.6171566179322565  0.8014814302730656  1.288546746726347  
5.224302341584737  0.42718881745890697  2.1259356976167494  1.8152952060348373  0.7065523344835757  0.5255637036409693  
1.6040858999208878  7.161455117924844  1.9219364579640207E-13  2.398051750704849  2.9937287933715213  1.9769155675788692  
4.842247732648127  5.707372521695259  2.3098277997000647  0.41032764843599423  3.676707910425452  1.1142827054201874  
4.562503739893439  3.4695322329208445  6.633966766960893E-37  5.28613223746172  3.8019116394125505  3.7210486775021447  
0.6683691974816037  1.2016221418367563  1.2966802045489079  2.34314258774251  0.8841047600057297  0.8962722455309371  
0.7734581665017294  1.0955815392160329  1.0897388405559114  2.1583337424371747  0.9209724109998676  1.0232816360541426  
0.7824888233836402  1.0826869305156124  1.1058965800591127  2.1457695505263827  0.9219747371781938  1.0209603447892244  
1.4677910191454329  0.8232799662665506  1.0996020396128898  2.2907324547358634  1.0276427270170514  0.9920222846753262  
0.7646764385256973  1.0935006502247542  1.0444486810811047  2.2668358581718877  0.9219039001437882  1.0464935675963714  
1.4664145498007253  0.8516550264378377  1.1638779403758224  2.2982087617345597  1.3532899372556964  0.9159949985168098  
0.7682686386598565  1.1011312182156823  1.0800365970117918  2.1767224588839724  0.9191092005091374  1.0262869368887406  
0.8001891419032969  1.0511045933149648  1.0606743079224639  2.2469607156507276  0.9118106390669855  1.0585388895731713  
0.8608260833356797  1.0277302696047328  0.9873842435863494  2.2461523745508134  0.995290285467171  1.067188388137734  
6.786419894019623  2.4685784320050295  1.5033002543805356  0.4006876847736292  2.6163328094885476  1.297312898179286E-4  
2.026105865826074E-44  0.34297647162452993  3.251603902041834  2.6182611431098257  5.0291323474946195  6.163915931095515  
0.4780602938819918  5.364197748674236E-20  6.847218181905245  1.340447214561081  1.1511082701628377  1.9616827994930566  
7.376167445006054  1.313449787332148  0.7951783769670854  3.045027394018106  0.12394876718614078  1.5474158892015526  
3.0370177052122793  3.48650421601907  2.222850882795946  0.5357709194449248  2.864244546020033  5.146845968512337  
3.200678912274957  4.443154000277124E-47  2.935080365428686  2.3330146274270884  0.5574916866801211  7.604483145183365  
1.8421143859852844  4.115909155053785  7.409332409352622  2.4794545000559767  1.4274835079273842  2.425988209280704E-7  
7.404683235852984  4.462502518680135  1.4947075591202712  0.30636761281263636  3.6319570793321145  3.3209027982440826  
8.56388805278754  0.562326128185369  3.0075322952230213E-13  2.2351516925724075  2.0873060483152233  0.9784024889959104  
2.318277337016115  1.5087699376095907  0.30158184309057123  3.728224959698109  0.5298418507910425  1.671905616901874  
1.7839073172511876E-7  0.4544413712347861  3.5834659939639844  5.057489378998434  0.7538445575550154  1.7578536824896813  
0.0033228426517384756  0.27334418079405587  8.617011754691026  2.489294825939088  2.1496845546593955  2.964085302022159E-18  
0.8233794350931544  0.9853629575243078  0.9924902619435607  2.2238604959850297  1.0444505887436333  1.167051291937095  
0.93509511791472  1.007501740424529  0.8859267419593484  2.3481582790387834  1.0976200535080665  1.0690484863292016  
0.16248569519217101  0.036068925452438394  3.578078245215242  4.37331212408538  0.8871013401998442  2.542154822005859  
1.7393383994889076  0.8748506174195823  0.9350916781442054  2.3983144918449533  1.3970598755142265  0.8828728721682321  
1.7344791590240747  0.8061949552282399  0.871675034594697  2.6020453581763983  1.1528499652562318  1.0240202075902496  
8.11359412657839  1.91550624058941  0.3466561325883239  0.6112826721804873  7.04424213810976E-11  6.127904719595329  
1.9713971240735837E-52  1.2746270782847875  4.391076394290108  1.4909318419210804  6.96439425088381  5.77550155049963E-4  
3.9858646657502645  1.0439355833093844  2.612859544943673  0.7644876502009608  4.299032017214376  5.919316774688076  
2.584290984023414  3.943023394435484  6.569347280475439  2.1796988630336342E-21  0.09984274945434762  2.1702078655866064  
7.8464677544836  3.6988315738992772E-6  1.3966390328627993  2.3842828308351907  4.6039026580413225  2.582533044733528E-126  
3.677744873114747  0.04468348778282309  0.1541971217091435  3.5410088753711757  4.928444106699859  0.9604558097443198  
0.8835472068821532  1.0054409615411077  0.9193825589465591  2.3211559485621547  1.0408706101156244  1.0987793452547774  
0.6725121262599384  3.5407701692351257  2.3837103668192627  1.035420796486813  1.3268098986468029  1.1875131147923348  
0.8987371848587627  0.7946938104134491  4.992799807256669E-8  2.7512444992857725  2.4589538686779915  3.2934311612951426  
6.295922621269801  2.364860158158253E-14  2.330515217338559  5.472116961670205  1.6271011163630968  2.042566138095079  
7.431147204338854  0.9954918072514881  2.2585083230687633  0.4968283348112839  1.0427251634036873E-37  3.9708247884519206  
4.310008057833659  5.327698789294508  1.1396371698798404  1.9086651811556554E-14  1.2218911075173713  4.7124237150286445  
1.9758092588504306  4.595705307529001E-42  7.327144757842833  1.7834241976640666  3.403932262589191  1.5792392315620827  
0.8249626980036573  1.0440585424869833  1.151424186491857  2.1367070328716924  0.920546959351946  1.0142181202545955  
0.7847851587726377  1.0711371914867722  1.0785599487697868  2.197249286195944  0.9169441296905938  1.040855823049226  
0.7699098977189412  1.095578262417615  1.079436521767522  2.1805303457807312  0.9186999086190968  1.0296476359120053  
8.20618819475045E-41  0.3099843859427411  8.312458320838976  3.161704186899295  1.2972628670381126  0.003110089284239318  
6.057751080729661  2.250495716625103  1.6468655277480153  5.416162064004978E-4  2.4878795451893816  5.456571498083921  
8.423263906561692  0.6725089770010347  0.1202259202467712  2.2911505941023886  1.5768676817651597  1.200182774013662  
0.8474071917937365  1.024101766196933  1.1077607326813228  2.168302218805269  0.9186184672541392  1.0392055820443913  
1.987449372453443  1.1539685977060235E-22  5.198490837773946  2.9667847800235863  2.254761643195974  4.591124892440368  
1.8490372147792329  0.7266962573844832  0.9147453142700029  2.582686173940867  1.111954601671259  1.02599907389783  
1.8315630447084813E-4  1.674379779223147E-7  4.855510827734262  2.3575452843090217  4.786633023726423  3.092953910531214  
3.873440735055644E-107  2.2483484822365933  1.8232524688414395  1.2406898477058406  5.212937153870238  4.5759750700230716E-71  
0.1041837213159392  6.600380280899912E-6  2.724372233134352  1.8171995372593481  3.96981272859015  7.23143321603907  
3.5116543471204724  0.4389352459253496  2.1021497213717533  1.9689455578215322  0.7855880909538661  0.4975561684324219  
0.8838820050033455  0.9829908593935494  1.070176580856737  2.2454596728018377  0.911769219145097  1.0736699509080252  
3.9782463307126816  2.0812958233252945  8.33803150574886E-34  6.682934658069164  2.843706564975805E-34  2.387377799447385  
1.9539297711773196  0.6614955261496945  0.8993355399667825  2.612690192770643  1.3593465411293693  1.0960273824349394  
1.7617432085049927  4.586091075611884  0.7623187431236046  0.5361623365358448  0.17211956505486792  4.650756119228687  
1.0181506913346217  0.9733995724905865  1.098888298132271  2.2608294177936634  1.2551951360688363  0.9869613040633962  
0.9511706312902878  0.9609759527103501  0.9891626635347618  2.287137076289544  0.9860149324407851  1.0820306064754328  
0.8994848153072094  0.9915465544625903  2.987552849528147  1.5196204478443365  0.9914368013823313  0.4745923628636458  
0.8343373518623429  1.0060787100347661  1.2679211494484977  2.0571849643532203  0.9309110880632252  1.0128952510029914  
1.6116585163283987  0.8598209839430275  1.0477378474353902  2.5426306733293544  1.3692178137210333  0.8990146932461667  
6.10952370201991  0.6180731687987259  8.461302686142959E-8  2.503134196088224  2.137177464611252  0.9618996373654659  
4.36542431419787  4.318877615809783  6.29488038849076  4.011073095362548E-165  3.7642199450866953  0.27209260917936984  
2.0350136683162154  1.607142925062965E-207  4.929917760733827  1.3599344934915276  5.593752619337638  3.3694362638270214  
4.188584591841466  0.6243136641346324  0.35564052570171084  2.414496763855214  1.8370334395743275  0.9213910225042181  
1.1569558174267371  1.7838097885538229  2.13148381180482  0.6210881031109565  4.148941484453062  2.7893301451921317  
0.5569720960466878  7.917754258706412E-28  1.7487203331199737  5.142679828022735  6.498071020395066  2.443819219859334  
1.3834395100392929  6.314873282875281  3.2109434531371384  1.306987688042558E-7  3.099593208129759  4.04210264896933  
0.7694774790648001  1.0990958861038105  1.0816333223156858  2.174089263212699  0.9193554416609087  1.026410944058044  
2.193011015044393  4.8307266309706565  2.0455920506384753  1.013842252158075  0.09148976602367873  0.7127049047437443  
0.15544698201828405  2.212535758060401  0.5992594158261301  2.0934776327968856  3.1239446722891664  4.832236300484024  
0.9571903160898931  0.9451826011014329  1.0230846383093335  2.268349423513281  0.9539681399118087  1.0855904453888896  
2.7563647635518445  1.4832158602462223E-13  4.040698632988714  0.3296312653749547  1.6631226042667304  5.061510012459372  
4.526530189168689  0.5723967215126051  0.940564228349524  2.0452296719141505  1.2933686206068253  0.8757177163871119  
1.1251992012608723  0.980406556843248  0.7868232991424069  2.0391678214214566  3.8601705931802313  0.8691829955543067  
0.7805957205751674  1.7685809488750617  7.1780389439999475  0.8061386094720268  6.584357239578445  0.8827635987671664  
7.210055601410102E-24  5.28585905115684  2.4706597436633424  4.027121611236539  4.95276003787112  5.686954899983759E-44  
3.446581258004024  4.009954539018655E-28  4.898258132777139  2.3681143121969708  3.615809446517749  3.906359811380386E-19  
1.925328177969787E-52  4.65691859472383  6.187556981776604  0.5179231608972242  3.1202247087668242  2.285242609683054E-73  
0.7956499207374657  4.56348850916626  4.0156330340251305  3.1911756153453976  0.14486710769414646  2.142612640071773E-9  
1.327934998203577  0.7955933956118345  0.9371053856550403  2.485795831690124  1.026982488667663  1.1047859019566877  
5.051252522104297  1.7605862093344395  4.55794846714043E-4  2.576946954082451  0.7794230478864427  3.385072982318898  
3.7425324747118713  3.6410648602346853  4.946955457733108  3.708264325469865  3.5232974307638756  3.9377906768186173  
5.580149838176399  0.7927727976728413  4.010174696813811  1.0325722451360377  5.950515449647826  3.6705767670118406E-21  
4.875244175114017  2.553296735002114  1.5085655611215736  5.0144041484107795  1.4636063313085157  1.4245627474403042  
0.9807871186688962  3.190371382460721  0.9246040604848018  0.9271103416318462  0.5694487440955034  3.743040931858049  
1.8744448550923463  4.265726009935229  0.7400263139854699  0.47204078956197315  0.21743452188457252  4.936725283783166  
0.42694330402488606  1.176680911153958  0.7084683690001548  2.539451591264412  0.8942337486232155  7.0484902567657  
2.2224103824551073E-6  6.299742821448588  1.5786831305833287  5.441030726099599  1.339165959616142  1.3849975392349827  
1.1666178529130304  3.792549020236267  0.788448343240846  0.4742481952487218  0.48827198678539757  5.850183098094298  
2.980374715442645  2.266341076260315E-13  5.397096631861495E-49  2.986841029336346  6.710602400859944  2.677756107060479  
0.7819251291879016  1.092694884601052  1.263154147295713  2.055146842928102  0.924701592252046  0.9469296897615074  
4.081483745924018  4.375439398330772  4.510896188303367  2.40759328745561  0.10020395610371928  3.7585172810601764  
0.8080528826867411  6.359617967037388  1.1847775392762339  2.0901491244186445  2.997031736555968  4.323091928512298  
4.1778094492263375E-10  1.8996618666805092  3.15569888734451  0.9308410914032179  1.1244052290524211  7.053846306197241  
2.91321918979681E-15  4.179675611335254  1.3892883408287018  0.9796714051736106  5.123720747792284  3.637568020009649E-39  
3.864894981094252E-31  2.523761403591844  1.4839445383767198  6.655149382350297  3.159930815952524  1.8357699231341668E-31  
2.8074573677069243  3.33541311619076  6.831938636679528  2.5861753660783897  3.5931613297865195E-221  3.464162253824158E-42  
4.493742994279503  3.475643190792925  4.576299105907987  2.4081720382454797  1.7792891566398887E-15  3.5947817342706014  
0.789394704034379  1.097076310554341  1.0482740612765473  2.2146631728871418  0.9726082435205184  1.0211075833529195  
0.7845776255517104  1.0655455049998002  1.0639055143217648  2.2340832810150766  0.9130762882364882  1.0521759449433148  
0.8342785981598765  1.0485302510897372  1.1503912565921979  2.1436749790071365  0.9329004431716906  1.0062803841887367  
3.916818075815556  4.061730494521747  1.0242275421909062  4.1983929206171275  2.70072307075629  0.003117546966634288  
6.43795079594882  0.5968790706759812  0.35639809998630434  2.2087186407708495  1.722305063341191  0.9679032353066098  
0.848629847455149  0.9927402225363773  1.0644121575674972  2.1757596337252876  0.9507883519652253  1.0918313943537552  
1.0302794191741769  2.707646553339399  1.6489160976953166  1.1070457901493833  5.834090382930285  0.329277120814661  
0.7675736632542123  1.5008565310813307  0.5511690774659596  1.0823875233456108  1.1436468645291038  6.847849049104221  
1.910579167476778  0.9127031096679087  0.593480046422191  2.6417989759833658  1.4637672980699048  1.2598889364320909  
0.19913173852542243  5.6601513515117805  4.680683065891008  2.492743228510185  3.3758744173805777  3.467144422665426  
0.029283070943387713  0.7725885432944688  2.683797558306677  3.5925439781581803  0.8665716493104446  1.5337935638706244  
0.8654892413817671  0.8027772437616534  4.515043027245192E-9  2.902453963925019  2.365152011572665  3.259620429033718  
0.771597815239302  1.1016432895913026  1.1105090308451422  2.137784541105873  0.9229091533771269  1.0106999885787153  
1.7318013876454035  4.858775195598693  2.428204450602809  1.0277610683318072  0.14743232086552505  0.4587809035554809  
6.893634806735071  0.2538718761723872  2.4448064995084815  1.8117709147314929  0.7967554818885105  0.35799185099190634  
0.7855795303546418  1.0792899671128742  1.1521066014766563  2.1262874214816883  0.9221236993469742  1.0021480625133081  
1.2779980228403482  0.5873865606155086  4.47936858762302  1.7031598270119843  1.8319985066363078  0.315694466834455  
0.9037323056557277  1.0337008258966418  1.8448351746115819  1.6228612006012575  0.9470698090855523  0.7901529843508673  
2.015568607032343  1.1528610682333258  0.8083599087097461  2.5900605005943405  1.198667696309801  1.0340423610576117  
0.7959103681618414  1.0589872243141976  1.0740069321337693  2.2159980508371917  0.9147095034088124  1.0480031312023073  
0.8670210109054884  0.8277380348098357  0.03653646826426823  2.6358566987835372  2.236445829948646  3.5602278981368096  
1.9387116886546725  0.9708810670208826  0.838196230685511  2.51109357390589  1.6576302606562685  0.9369730474802789  
3.1413578931670614  0.6565892985554188  4.295767734519711  4.321238054239416  6.03814655986631  1.3773912196727483E-30  
1.4244687669784108  3.6091413192808597  0.7362198425087635  0.4476866819678638  0.46710449429584  5.9215360972016535  
4.132793235943693  1.6582571678882874  0.7674916891139238  1.247866858037732  6.5658859285195215  5.687643892100391E-28  
