3.7241290887229037  3.4068061501527747  1.5512980809216619  4.576601606688171  5.647725728215765  2.657104792625191  
5.590858092596794  3.3325473592610164  0.8177898915948236  3.7688613462072387  3.8518464547473883  3.8260934882616717  
1.6882474536967278  1.999044756496485  2.216642434309896  2.2965965808874365  4.462202560988645  4.92334105336276  
3.934525525801499  2.7156434927476902  2.0224660483177455  5.653840033963071  3.8759832405229053  4.071351687781643  
3.8714200662426372  3.149070553057596  2.2833788721833495  3.7268492059334024  4.093218828859376  3.581272089249924  
3.5100925400011436  3.0588516506003933  1.3400781099807217  4.646674742347589  5.210407943331084  3.426184196458727  
4.475444538856364  3.784381257981887  3.1107413300393487  2.9443079132988084  1.8220515642869624  3.918231747416118  
4.249406796915018  3.964810861690381  2.721296512582113  4.190952393519758  4.928087858780185  4.486810343528703  
4.4800447389344065  3.2451573175983963  1.3894680798124623  5.420094366481754  3.8426163936053253  3.6926582606366605  
2.4951797311649364  2.679820783768807  1.8472437709594447  4.777242157065657  5.219932185746866  4.188517274219118  
2.7892347911079964  0.9433778600824596  1.6710175066581778  4.459016635277563  5.644096859617486  3.7746995402181844  
4.417644088781813  2.0044336405820897  0.5616590169092973  4.92716875376685  1.9107492277040066  4.90324567334963  
3.2955643471254286  2.7783019438744074  3.484883453429054  5.496919024930305  4.422005114976231  2.496868379216845  
4.639867795323594  4.030439152382615  1.9182613052190876  4.352033722554628  3.7543840134456525  3.8271332219587944  
6.364035266796762  2.348040317384177  3.2592860840959306  1.045078340129788  2.621601275341679  4.073197381873206  
4.150379106947483  4.395852058624738  2.9115015974491953  3.9779831719732797  4.999239838485083  4.2732018606288085  
4.255249927924241  4.179745784226739  1.4468930131777078  5.029775451063985  5.1165795246749175  3.8307871673148433  
3.8555224456382695  4.190038902825342  3.1309329619816095  5.00819841361397  4.898297103117404  2.9986479728379427  
4.402653611769326  4.443789236288327  0.8611222458288214  5.422373909018635  3.3888320265312166  3.7837248163401274  
5.648610252929249  3.461851148279572  1.4105992208280178  3.463899199945426  3.1159776313444136  3.4299383221025157  
4.927649661560988  3.685875848928991  1.5492944172574237  4.779801932859944  1.7991015388627407  4.325252444451209  
3.986550820061517  4.370283584486001  1.615908219592717  5.160773393458142  3.152196077554224  5.242952502489585  
5.000171292777351  2.4655297082341914  1.07712312941412  5.597822636508566  5.782307566549115  1.334414811251868E-18  
3.432625363305236E-6  4.120834629514518  0.9352119745367737  4.845517561297508  5.238271323562001  5.227700213591744  
4.731781547765969  3.835353538557592  3.862685565447008E-61  4.857913184242449  4.024744543931799  5.0218507071294205  
4.1870086733019765  2.852893223500903  1.9893365517610417  4.479852251169634  4.3731952662962055  4.358758561981851  
3.8683730266560143  1.554035132281773  0.5692932969302489  4.923145059236292  4.791179990282429  3.8372684992572763  
3.7159972814956586  1.615846474749701  1.4076945274961794  4.737341830659996  3.947704554991019  4.292092483457556  
5.5166633681237185  3.6604926024268805  5.653578291065999E-12  2.132788382786779  2.4792669277992734  3.700123305409487  
4.11872526653881  4.1155040432266174  9.13712605845325E-6  5.38693512348034  4.580171594446822  3.9039925957297985  
0.1745900548696937  2.662538974046979  5.2549703539326  6.165293160811195  2.076231760332132E-15  3.9456825854337993  
0.23654717285219956  0.9877915280360952  1.6055631569414301  2.006913433107752  5.528605942069033  0.8307884209018662  
4.097763015539694  3.4136685565687386  2.532170735207317  5.475675804830388  2.4924628985138058  2.5885105167122875  
2.9856291461310427  3.128641815504377  3.6148518164421306  2.6793259178369095  4.088381323513255  3.8635264261759694  
4.373067373125087  1.5654243647330193  3.9310335111989825  2.1584467734260434E-67  5.1079322246096375  2.955200864148655  
2.389043129324686  0.1660409001556486  4.578666201751135  0.2794458428723873  5.66302060931475  4.302749477735514  
3.2879190677439087  3.8427597707882457  4.592786687386427  5.003790987317668  5.3697178571938045  3.1311704205842164  
3.3926270992542773  3.7674038213972136  6.409475509417231E-45  5.269534688913398  3.968528886578232  4.026542949649982  
4.7738772170554  1.0631541400233497  4.869673115865043  4.630137639466801  2.926774950705697  3.2229359424577195  
4.7297683284763945  4.507003444765288  1.4788829281145173  4.791190070645888  1.687609856422588  4.76455521579173  
4.400851708695092  3.2919016391394864  2.4411633182291794  4.063611719772065  5.266634250240872  4.0333697701865034  
7.166450039504156  1.9546909526165779  1.2272026547783084  0.05205049260840338  0.5485678548258902  4.485243326809623  
5.286746453984227  5.544789310062111  0.8588297068324063  0.20501827772081493  4.259274577699811  1.7466332819966397  
4.863262784894142  3.4379348169659325  2.655594386375676  4.517070293263607  3.7770707723189867  5.020970636417414  
4.1158398851249265  3.035035049024043  1.873755085344344  4.954956651241784  5.747893800581476  3.7157506889995013  
1.2452715211505618E-92  4.134711463975173  2.403080922953731  6.197691505154003  4.570479950218731  0.38156070136697506  
0.659684855274464  1.2211039209357968  1.5578567689970149  1.1762697172299295  7.537103203140872  0.8132274253104983  
5.989344091658698  1.219030016055494  1.485891230280374  0.9742928884618047  3.061821907350405  0.44838733549589954  
2.3685389178260112  1.4418357043938677  0.5302406578934001  4.9644456263439904  4.202337126575712  5.916627421394368  
5.240450990434739  2.314630848557677  2.880250962450737  3.7820872326311363  4.4133086523040184E-40  5.2952236425822035  
3.8452803237188196  4.591726894024058  2.1497480484849913  2.115569135916671  0.4910360889836321  2.549824362582875E-28  
3.816034538781685  1.6670286740619176  3.1333577589914476  5.319389754417626  1.2997167944004124  4.954787559165677  
1.7326742801622486  3.757782277608501  1.0510261996180026  2.6882673815653072E-30  5.5715540780984645  1.4537690329772373  
3.4584927783645925  4.650853279507914  1.198966046859793  4.195189685013609  0.020855816118705288  4.631927540098198  
4.769459505841802  1.30117248750321  2.1099471354502413  4.166224383055603  4.289103963439905  4.962039282185826  
1.3058801472959385E-65  4.078063454215049  3.4784857158251667  5.439163006576746  5.9333064193618  0.5012359308429872  
3.696218007891881E-38  0.5644672640679895  3.6797115699884735  5.662428636795614  0.5699272469553716  2.5764906941135854  
7.59760264145724E-25  3.6393392210910895  0.9213761871425898  4.678205316824364  4.0330962115873055  5.398657166355362  
3.2637761493859374  2.035395748089814  3.8326554323103856  5.418169552942086  2.927329242513205  3.1520429811562707  
0.7567130093914504  4.73510431049788  6.047919934189215  3.8371593093621406  0.11995286975017146  3.4887712973563274  
2.0827870051609336  5.162086099204324  2.6642900365290645  5.6352864579812945  4.414766128610528  2.0199041112784006  
0.5138061334291699  4.481662305482323  4.632756720247404  2.777768357794138E-56  1.1750730960227311  5.09794885113384  
1.6081439235037576  2.6847825723978636  1.2888900528965754  4.734478778622329  6.068587015405771  3.3279675646145312  
4.799316663392593  2.332487206137531  1.9468054368193664  5.349239523487213  2.53381171068552  4.419705986727314  
3.761411700208463  6.625458802692507E-251  3.022321636654916  4.172605489396537  4.561770382316329  3.8579102664976395  
3.4559616724664415  4.624317357296991  1.0004132325853635E-89  5.833483032440498  3.9469911204061217  5.653113085505576E-50  
4.683969818007797  1.4870128820190633  2.57832012338054  5.449947309399663  5.537614174318303  2.9950239192663672  
4.094285925650779  3.353097714420249  0.6638134308975024  5.610205273170872  2.8500726987905967E-12  0.5688560192610213  
0.8482956473769517  0.970057244589732  2.415689435497831  1.010819391423729  1.1185329719458736  0.9056225118094043  
0.16778266504773803  0.6616703140669956  1.3483122949149677  2.042358113424492  5.4693381843795885  4.804811987626357  
5.751599275799182  0.808766558669737  2.7421390595141664  4.182266993272774  3.9072060892569946  4.7407138991928965  
5.1627686715486165  1.0203939834013505  1.44387541528115  0.02509125696693725  3.3655799694527095  5.3653329067423154  
4.769400306025798  2.086517994674432  1.7948734068805752  5.578518770084889  5.689007056363264  1.4553342652694785  
5.590795369657388  1.3994649984558234  5.15072131346401  0.49788226572224775  0.38801093061268643  4.306517325218009  
3.9826020351925995  4.04091661178006  4.155164485781776E-28  5.834120207881686  5.11825597510199  1.6861038614116682E-7  
5.237336138246046  1.8305360598554241  4.411302686917889  9.727364508632758E-47  3.542769830544758  5.288084498831629  
5.024768765307355  2.965429707380089E-16  2.629173806975634  4.390789762361583  3.367247384944764  5.080557313175447  
1.3062425099845503  8.975946203463792E-32  3.0499716483906654  2.440597731193743  0.5734974497842388  5.61038055916896  
5.475131551297438  5.39866309797105  3.479010018764064  0.7074868229740376  4.99755877733547  1.0324465201681479  
3.681998121504811  4.76978152188454  3.458699527836324  5.6152683059278  3.4410331484405763  4.471578510208665  
5.477595032486189  0.9857581615035238  5.7117495390521364  1.0179728841935038  0.25696352713349924  4.21566578775593  
1.7911101762344595  1.040254145666812  1.8582846117354235  0.8335956024072964  5.838591574877737  0.727381633142931  
3.6418815800159012  1.8940503485798335  4.898707234916572  5.447300470108105  2.485374883641717  2.838452745970029  
1.5152189685185653  5.6672884891033855  6.106664233130283  5.7096996167283685  0.9773084967872739  5.678142162586195E-10  
5.4221127236767295  0.054271949632202464  5.483634834187549  2.081502629745091  0.15046675560673  4.260353239488606  
1.1967488365944463  1.7383956560011646  5.6882692905998855  5.919700958871738  0.5343172832946135  4.262561371256396  
1.0577250021690234  1.9960178157629684  6.191354799091621  0.21414060991070683  5.730671456632488  1.2218025781624362  
5.956476044564045  1.1601634046656062  4.835809588079515  3.1154204312433302  7.069805534716058E-71  1.1373497266332024  
0.7211149932470757  1.015338140175107  3.798859566187029  0.7523172530704828  1.0654968468823316  2.995448263808217  
6.484784944774522  4.804375551438574  1.3873203117969244E-13  1.0524701647431007E-72  1.9567825382758641  3.9344823635003743  
3.326687034099591  4.49535242301093  3.510219442383189  5.109444389274541  6.33485493906165  1.3339940860516377  
3.3325808681027222  4.460334356201253  4.728653767656995  5.986661413649115  5.279320933999325  8.907533148813824E-13  
0.8057822696359869  0.7900991514613835  3.4048593446820097  3.3803414836854786E-20  3.9639820933336876  5.994031691971584  
0.86569452724208  0.9648344176003112  2.5980048732241166  1.0122346733070604  1.0883626387981522  0.8936064000695082  
0.3361143621506249  2.7658929576238367  5.581112725694431  7.265027140724709  1.7150391622449341  0.006071082577954747  
4.555996412987467  1.0097731153920526  4.165656002364217  2.33950945116428  0.3210767551407544  0.3375760424647106  
6.153078170020786  2.553698580648701  1.3004465294491574  1.444587441274439  2.4724743609033637  0.09245407013943231  
3.2591008902871916  5.07812511731406  1.1116404790480302E-12  4.846143491135832  4.668895594672794  3.6840052526451115  
0.8687867284880244  1.0188419609277513  2.2482581036130287  0.9201328715013  1.1865595697575602  0.9049433400529603  
1.603100573108687  0.6321994425261592  2.034127745630451  0.69122937790827  6.958963903809294  2.2376748578357515  
4.655970629298793  1.4744312727660143  2.673071333185172  5.994268935331223  1.0475484620435633  4.10744200248185  
0.8676930479902091  1.008475504220379  2.2715493759580037  0.9296579418263842  1.1789865349596313  0.9029313287109871  
3.4906279903116912  2.3594677748094766  3.2144294592351383  1.0599697291129442E-46  5.741405330570039  0.25325810799763165  
5.897491332951303  4.54172749233904  2.203101167159747  1.140187627663852  0.4986685413411557  1.9229396586729204E-17  
4.280836075763792  4.369673795132906  1.3506155989411515  4.281804972960123  2.2842683871430793  4.240928119296747  
8.396200447346234E-26  3.6903433389031606  0.7383194411044913  3.8969148236491193  5.391214241408844  0.5382796229640697  
0.8535265233469386  4.682332153074863  1.469502118657947  0.775156441834784  1.339217988354283  1.0952250551179525  
0.8671153595881808  1.0106268074149707  2.260267683812668  0.9267273073756146  1.1847453238966341  0.9036352206947289  
4.356644222604152  4.7583510495310515  2.574220932786101  3.9378961100061893  6.47107705545015E-10  5.197801515985259  
4.7798484525422715  0.4908563660724395  4.036968845008837  5.26172028434791  5.412764712950672  2.438714976900718  
4.383411338934224  1.0048433774905412  1.3057831792449361  6.013193573876562  2.9460112312484965E-18  5.50026399595426  
6.269702926774096E-32  3.1978850815597704  3.141170112827656  5.153427572897125  4.151560258660906  3.4855793220186686  
0.9767640436348145  0.9778343310114866  2.4751453372577235  0.9836207505340318  1.1029296943765055  0.8648858521180102  
1.1683282202802098E-5  0.4882806595373325  5.344994644364344  3.0526303920363143  0.5291725682640577  2.8942764132548717  
3.1172535138942384E-7  0.8378602063282995  1.1858450255346595  2.2246546064872104  6.977845441985688  3.1935389946636543  
2.8794648143002746E-63  5.328751769344815  5.69148361932888  2.3682265713831434  0.6344521540085087  2.98947345288221  
2.3637567658202174  5.522873013630068  0.29716555257500266  5.112742053877832  6.390378531260742  1.9635702013620528E-56  
4.711970653853344  0.6556951075610841  2.5587978541475356  5.50165447276037  2.383466824955324  2.935907158342088  
5.72426595403639  3.9201024297986335  2.148076524596635  2.251995352289796  0.343484315371101  3.062663942914902E-26  
2.6563162008312804  3.223115716953773  3.6002039163939075  7.069443769587691  0.30293587813961526  3.038713508260923E-18  
0.5578474180501422  0.5534224962962341  2.895676991199873  1.1759817493457925  7.295671823414196  2.8747791211090674  
0.6690726919898365  0.6241754341937557  2.438946258223746  1.966873569056812  0.8334260497137143  2.393414502647662  
3.858704748587005  4.50666066658332  1.9760758181978617  3.5847068925916545  1.0552129054894306  4.627789283233484  
2.752436242927307  1.6364777292602363E-14  2.209016084090287  5.069697950247576  4.637975117796243  5.714997407111219  
2.540156757276892  0.10428073408625144  1.9225476332726152  6.089300885468037  2.463829353113491E-14  4.861194169763841  
5.971504641777704  4.957400428424731  0.7466702658691253  2.5589044380859387  0.48378374481552844  0.42049777952674067  
1.62908590371928  2.523984401816801  2.1077043615838233  4.457649260066981  5.357375097476882  3.282902098538571  
4.510180018345944  1.359263915051234  1.5989439021687382  0.8822653923284335  2.115506216259501  0.5080161661169437  
2.68538709382943  1.7854004682518412  5.00799628924777  7.066740721421065  0.2817011946161036  0.027858061484199666  
3.9687276735509402  1.119001483239989  9.513347220098973  2.033723458681448  8.631480426259684E-27  3.7655168340050374E-6  
5.063684503995637  2.1075999697845877  2.788679202623366  2.634305075373508  2.7193018832768616  5.4870751381608285  
0.9196588265669116  3.1651467616746443  1.396426512645682  0.8007601920126383  1.2126295852132252  1.1722064825698721  
0.8675519534949024  1.0100418409447658  2.2649611404907035  0.9276023113252364  1.1821318972394796  0.9032411355509833  
0.8583723352332046  0.9695948226623926  2.4717484292836565  1.0044050992864513  1.1100708226059102  0.8996764811833844  
0.8676490105725022  1.008116722399159  2.2726203015924673  0.9300994437571045  1.1785714584842932  0.9029043285861733  
0.6689760733046151  0.9096875142704443  4.3769652357760815  0.9116307548717557  0.9862678295261341  2.676524591487381  
0.3744243734492221  0.9250945543398117  1.5021647837573744  1.538012569124876  4.036601081555239  3.4519234170501183  
4.621278711198029  3.7618178868283003  3.2811993443046534E-32  4.840161119761833  2.519706507802866  5.127319873130016  
5.207035150082232  0.5774905743813283  7.8962124614965585  1.1233486262770604  1.156906309922677  2.530046882478121  
3.4593083939722775  2.8377172947171463  1.3630874713947838  1.0659216169306315E-26  5.139083535509671  2.801415871509554  
6.77780135816869  1.5424100381815673  0.3315236705184995  8.49928636746519E-21  1.5358952038727647  4.279331941507747  
1.0078283364169114  1.2407324943035694  1.3700377378761075  0.6218183957703062  1.1413755488755295  4.781899673910058  
4.264376235740628  1.345277191317099  4.643983593615288  1.04821887805364  0.49952771726882766  0.3650507887485641  
1.7009632389612276E-47  1.2532762968367364  4.529949725857116  6.177367692562586  1.3471195194159267  2.5369760983936103  
0.8246195257044854  1.470733852695414  1.4861853885694964  0.8681910606469246  5.766547014527299  0.9084730730271983  
3.282675329489988  0.7125911071234864  4.8017761741045515  2.0966069259427367  5.423519142441151  2.0615863394315666  
4.458860318486372  1.5298765646681679E-21  3.985706403522312  4.778805642560683  4.401038729170227  4.103851957542955  
1.1634795120393708  1.1735834650278556  1.1664596135627538  0.6021799700071659  1.120693262191788  6.243210291857594  
0.5065530471852648  0.3963486833022706  2.0315061982022145  1.8500905071407108  0.9200695345178007  4.943573726726139  
5.17197857267739  5.190358059288301  6.129076373939462  0.011041101864990582  3.178826703193761  1.3144575949220443  
3.1140316326486976  5.559186825335965  9.45714966481796E-75  7.1968509491920125  1.3137267960783376  1.2029102120229722E-56  
4.961634837536278  4.03985917383936  2.0167689255904726  5.268365647080372  2.5201560003987904  4.36436244891889  
2.3579360622339784  1.2971800613917293  7.6208864112562384  1.0833656138937657  0.5957322138636616  0.30455451675265355  
2.0466376015579457  4.866744625628564  5.8628684802313344  4.935799133968691  1.5898073102618434E-209  3.0573949978954826  
3.8138226270433475  0.8567533758920672  9.737806591498963  1.3566994131550383  0.22712967030325523  1.2768554489070947  
3.093232350197774  1.9979331738310016  6.453805429467016  2.2631200920524695E-13  5.603797100248818  5.856727560261285E-4  
0.8672502975499693  1.009111668507341  2.266572356575988  0.9285963488943659  1.1819274069722732  0.9031314118335052  
4.8214611741961635  5.424085222639657  0.06456934594689828  4.989543189242158  2.9425792237237274  3.365161177924118  
4.2104551145275275  4.687455737093479  4.675016539141368  4.45712021202287  0.19707250824010591  1.4549198942044408  
3.1095744833551446  3.7423002070788565  6.134354407855734  2.6577549532165113E-11  1.176786143592318  5.349298924477508  
6.774664702611816  0.08635456692655907  4.831535284855601  1.3951219613091704E-15  2.534457818904482  4.618800919412744  
0.16111398803816976  4.13688046277408  3.6924538457510327  5.259240531381403  0.0040493215740924305  5.560546354805731  
0.8662882939777251  1.008173197101035  2.2640955977125774  0.9293321916560349  1.1842510234373844  0.9033860236437183  
2.188202921288278  4.613910342520017  5.089272876095263  8.836871855039017E-7  2.916144737515171  1.9762286763584782  
5.086617919816629  1.9300737668128995  6.886102617087727  0.3790124311964889  3.2658598201679023  6.119157700508765E-16  
4.530198384972282  0.6295112177701835  4.436998974194649  3.0131437763789553  4.047227585517886  2.1540651526190353  
0.8676592493142399  1.0062589729211318  2.2797660437414486  0.9326564018489625  1.1750705135555162  0.9027214495978095  
0.86875128141105  1.0177860318826815  2.250047813160968  0.9207098330633133  1.1861474587807623  0.9047134746198762  
1.2892964977337882  4.886236024658464  0.9143167663745853  0.2556397350851203  1.1593597932418336  4.025270797692541  
0.8676416611435266  1.0093932639412033  2.267894862488154  0.928448984295564  1.1807373090256552  0.9030433833767924  
3.0502536457205998  3.7444666864236247  1.5218232327158314  2.720335059204578E-8  5.45521543153794  0.9781475950169665  
7.240126998363902  3.657265219868034  0.0018274399199696182  8.544719329139994E-57  3.210988190724325  4.072175115833619  
1.431480238019868  4.220537438107207  3.6438928521483653  1.5140344046236605  6.848704316192418  2.5786907643978765  
0.8689032281769729  1.0194212547287407  2.247678004641995  0.9198022663569123  1.186475823811046  0.9050188185658726  
0.8676627444381512  1.00853478191137  2.271150180624565  0.9295610957801972  1.179224704836523  0.9029451231900142  
4.470946434165666  4.8976878640238874  3.430356928473031  6.0013704956010585  5.004416971722026  7.171562133377423E-46  
0.8674597733538341  1.0113927327167267  2.2597292022865716  0.926000460868918  1.1844596678342403  0.9036629360811167  
1.9016620942433401E-56  2.887627895395345  4.63232567354181  2.10703396617076  4.7024536149759175  5.395891838832532  
0.863481231435027  0.987605137796591  2.3310367029288503  0.9584599631046989  1.1525740567659115  0.9023493347242362  
0.8482798271115051  0.9730095240674826  2.370723738166935  0.9996247591400805  1.1310521364360484  0.9070342520356368  
0.8674447144151249  1.0035205224096782  2.2892189923708868  0.9364552447228935  1.1705323126339184  0.9025340270838185  
3.663454843932026E-5  4.325728227002757  3.8733985935811543  1.9765832585776977  1.5037510229517337  0.5999520502359863  
5.612097771584994E-8  4.459567494693561  1.7453061701795374  1.736481248587649  2.5611303770976237  0.7259136430525989  
0.751518444665574  1.1894522005137869  1.6277229673896827  1.0307739541273284  5.8951749346540705  0.8407058937306374  
4.46004199215395  2.5135152450338736  3.5870677201001797  3.279150008214602  1.6024810646606157E-7  0.04691522935874975  
0.8629099239916123  0.999188884542131  2.2803464875586785  0.9414518316209499  1.177774768067281  0.9036261841005262  
4.1573432782280175  3.3883665057283956  1.8217796221108014  4.664694142725776  4.929598955569195  3.6735831510388484  
0.8648425747351725  0.9932770901832868  2.3151648799370554  0.9504914344308191  1.1592582645213338  0.9024434906297113  
0.8676792495085486  1.006916494830932  2.2773504886592146  0.9317518927010139  1.1762359672671447  0.9027784623997595  
0.8671421596933927  1.0027637565243137  2.290323759276872  0.9372647672143167  1.1705990011529608  0.9025267067335254  
1.018604193966408  0.9636154398671158  5.720353396616021  0.5661507129020005  3.0564581394311037  0.6426773476993819  
0.8185962654181484  0.9647426609308588  2.519068615203463  0.8668989082479773  1.1256194817287761  1.753683921089082  
0.867498478369331  1.0103218810921877  2.2636217113676858  0.9272437055363457  1.1827683045566362  0.9033494730581825  
7.0952046696066455  0.36511736944039436  4.138471736948202  1.5529603174599538  1.2337205501631077  5.070772856120554  
3.2296977842172245E-14  2.88641935811581  1.0691191730951772  3.797597775711576  1.4143753439410975  0.7988875452443107  
0.8806565687818708  1.0072621797597308  2.968978873973291  0.9988562317372147  1.0365425346649477  0.8662394309663779  
0.46155895174614575  2.0852730451805273  1.5339095628846493  2.173016867091222  1.2586705880078195  0.8481520153646417  
0.7862423305533746  4.226105858435113  1.7067476497078033  0.6009610884760722  1.296744499863969  1.6352230107953776  
3.9372598037375606  3.857329481520198  1.4715316218499068E-17  4.534901037069141  1.9564419996943423  5.308810399541556  
5.072079128080221  2.567387709094887  6.611292267126338E-19  4.910289773684557  3.2466185422758165  4.492083313768308  
1.9203801980378503  5.017947091587889  0.31151334559515903  4.572185459209459  5.4460889413827696  8.007733046833829E-6  
1.13949761873391  2.0905457776250045  2.0814171317160777  0.872013382953588  1.3210386636653098  0.7762557128395415  
0.8703545800909691  0.9786128703354013  2.4016889502308474  0.9693554694498946  1.1279671845884665  0.8972174150042969  
0.9699711591691328  0.9730830715663786  2.738634661372859  0.9894771436718223  1.0664078041560687  0.8543162066314259  
0.8672146785449241  1.0021819777469696  2.293187680757616  0.9383226509589679  1.1686464581015217  0.9024900041897326  
0.8673112211222944  1.0036090960986208  2.2880156903336517  0.9361781226181325  1.171477541277533  0.9025636366482079  
0.857989916406199  0.9816634221604118  2.3318140532258025  0.9693050722520542  1.1519232956472063  0.9039910017081294  
0.8639457926917071  0.9799607748396288  2.369291231954759  0.9696772310915944  1.1372983798706497  0.901193967107923  
0.8587731282847346  0.9825141337131712  2.331049657328782  0.9675291595730997  1.1524435036664968  0.9037453652574683  
0.8677264412507367  1.0075226997913693  2.2753224868051904  0.9309534394200748  1.1771411201688675  0.9028261793472169  
2.8137616750201233  3.3717214179386694  2.4879327468117376  5.539062993472407E-63  5.318047245423395  0.20499187759674445  
5.394691938893402  1.052194482518657  6.939040308001352  1.9737939087529266  1.9214387762355432E-22  0.1784099827177919  
6.373938671959037  1.5287507655324377  1.2973656443812183  2.5156909890882435  0.20956531943485543  0.5464433564633044  
0.4223868959593433  5.478547453455287  0.36242418549555677  4.747396936953508  0.8100973179167317  1.1898850281542  
2.7750425954517897  2.954050532060326  1.4238054190618348  5.639518652428134  3.6237443365239064  0.8475105743495766  
3.623683900123502  1.0236842596113493  4.859498208312184  6.9353250651321865  1.9246197738146555  1.2123120152931917E-27  
4.482611358138268  1.621711709110497  2.225096247441438  4.580565123899492  3.995009166955004E-12  5.041857574002313  
1.687767765553341E-95  1.8870641243487543  5.133856551616073  5.937461889304126  0.512961628614976  5.204816509495312  
0.7993860680929662  3.0018336792590006  2.9688536098409104  0.7130709074776483  7.423860718038693  0.4637614424575266  
5.583832620619973E-6  1.7446601041111123  1.599051704070433  4.070374275976141  1.3473648683573254  0.9005280865138953  
7.087878638617801E-7  0.5738441375023382  5.808448547643452  2.931013699983054  0.5459022800096838  2.5025062273843903  
0.5730482505717585  0.8559395302041196  5.979635761319529  0.5885422680807354  1.492883900237061  5.612503500096618  
0.8676603135657719  1.008396282824987  2.271647751444797  0.9297394416915042  1.1790019091307757  0.9029308910073929  
0.8643565916383763  0.9664420748812188  2.551204794138489  1.0085765761477525  1.0964878759671226  0.8956718140757761  
3.8035683037185294E-29  2.828883497075322  5.250443986836519  2.978345818664098  0.49604890285394265  2.9844925729081027  
0.8674659065615606  1.0104738429522873  2.2628836081713986  0.9270523024357101  1.1831180327098334  0.9034099371750856  
0.8675062432708431  1.004344707273953  2.2863224899516923  0.9352821781575352  1.1719811665003188  0.9025865362621325  
2.7584808836033235E-6  5.51988736102628  1.1776910076770633E-5  6.749413301317521  1.2852030480414598  0.821361956543285  
1.260450687370507  1.328129382983706  1.4202240571634122  9.364814462306422E-67  3.755244840655297  6.409387755841451  
4.130117474832743  0.9829563253544216  3.5516276150244246  5.711789883287432  3.8155469831696798  1.4325939903582168  
5.239273730684794  5.170007493394974  4.360909031150734  0.576847759283518  0.47470396371017026  3.374135842364319  
3.3410772840505127  5.536804787628729  3.043643189946683E-20  2.2990381407583538  6.868125866431795  0.20357411552787194  
1.5211887611468632E-42  0.3654704190618108  3.549360544886806  2.659803702908074  4.331575652238564  3.2873427590399835  
0.867666732852256  1.0091154087047465  2.269044964725282  0.9288137755985812  1.1801806206263672  0.9030062208779369  
2.1136779075075967  0.9056595172629159  2.0546399481732704  0.9414025934680286  0.9365496573313222  3.3221862958446042  
3.175942478502599  1.9321281574078584  4.581315133317695  1.0560240287105787  0.6984537925958542  0.2185831210780755  
4.515283831736097  5.198900453552182  1.2876035243090298  3.0693923648902197E-49  4.870154279060706  2.333745121115248  
3.10450993629784  0.6471421096497777  5.9519629706285375  5.163160606800226  2.26193458029771E-17  3.3378983538739613  
5.207756412982212  1.1033930548295923  3.97456874469228  5.6180346903817115  0.31197692801552324  0.13193756451827834  
4.129443820823001  0.09904248428363449  1.825598639830388  5.9098468495444365  0.35074410218540736  4.672832312715493  
0.8675050810812537  1.0096386565867177  2.2661706443043013  0.92807022787387  1.1817071802684223  0.9031487724286175  
0.8642317258788598  0.9907492397759795  2.322025126242963  0.9539894190068658  1.1563822970436792  0.9024013928659465  
0.8676988237070793  1.0084840189685116  2.2715522142582003  0.9296506530564639  1.178974616309726  0.9029308193418623  
5.9832375005081015  4.757047364960772  2.8118034544723546E-14  2.387472030291769  1.081552049835889  0.8557255436031057  
1.642690521008051E-32  0.9961561840116693  5.251727913881241  5.599297024103109  4.5222283382379915  1.455773991809  
0.8560658386462812  1.1507029895485923  1.5984211403115691  0.9423628682083177  7.60974497896722  0.8270405062287498  
0.8688678930681349  1.0191206441327865  2.248062341328591  0.9199716071517423  1.1864262762767228  0.904969538519611  
3.169573559072382  0.4871287773503197  3.242056465386341  6.073849462320216  1.1471808416317844  2.8582230044406187  
0.8676127540437734  1.0055483533816134  2.2822458905424097  0.9336312730645026  1.1738907881802507  0.9026681509315957  
5.9882146165746475  1.289149803785843  4.3163427896723405  0.5811130994698717  1.9485700820773335  0.3867767694119157  
0.9737229373273731  1.0136940752409762  7.617681513605299  0.8531636648436474  1.0254711118093551  0.697290113512542  
4.166344588737797  1.7114842702258657  9.526494375100032  0.9457287424361183  1.3428835107243289  0.04692652720294682  
0.9192805578090912  3.1648714342176416  1.39708838525051  0.799365486219543  1.2138596212146393  1.174175095739198  
0.8674258903656266  1.0104927306956395  2.262577181095086  0.927012162888534  1.183308730457472  0.9034361101770709  
0.18309635287113318  2.3763117508085614  1.2490791057042345  7.043080385066503  1.0343978256800905  1.149547545465107  
0.8643125991675841  0.9907975539848668  2.32217426545871  0.953770669171456  1.1566500612416246  0.9023457442862773  
5.419365426694812  2.584701651996674  1.3310610324075705  3.6054822209176685  0.04859392668359364  0.3190254570464888  
0.8688646791513139  1.0191051743720072  2.2480760097330545  0.9199806462042507  1.1864277568895614  0.9049677804811641  
0.8574868884990409  0.9763564149708861  2.3679293346992316  0.9816359128803157  1.135569250797325  0.9036025860639468  
0.781364513377572  0.8953430548894107  2.8251230511692302  0.9759927977421294  1.0797792745846768  1.5992273834622446  
0.8674679377783168  1.0104684139798759  2.262915127559281  0.9270595481329368  1.183101937794781  0.9034073322483566  
0.8559926406096793  0.9720913897735237  2.4231970001008367  0.9982746149182474  1.1193474033468858  0.9022941208889428  
0.41353507957588287  0.9824097973426298  1.6365031948164923  1.7010247931663605  5.578483037229475  0.8304278559814707  
6.315106611193336  3.4945028941249925  3.991037172119204E-21  9.4014258701607E-24  3.0615755267496896  5.412978863461432  
4.38859105172638  1.92714943173766E-172  3.734025625708285  4.428803326947247  3.0763636319608043  3.789160044865469  
0.600250055594195  0.9789333770642658  1.7611923358076422  1.3679588338845148  4.082704872467432  0.8544458755799753  
4.935893354004855  2.9958811964287473  2.2311115540776236  0.3534612639966826  2.3505862882524378  1.0480336489207167  
5.56043604431493  1.321027799371133  3.6428115923844167  3.210036860425341E-6  4.080785902108729  1.8509213375292073  
7.680612333707276  2.2883399936803337  0.8165832457234112  1.2686588607167167E-12  0.648277887677054  5.400743550546949  
0.8675582969229915  1.0048708492370784  2.2845690814372994  0.9345604628180335  1.172800081602472  0.9026202344974137  
1.0131422101754732  1.2485425671862267  1.369160426729155  0.6096534099263495  1.1430642009535217  4.7803641812652495  
4.300769808007993  1.5260403006385412  4.445684409039257  1.0572803951864622  0.48946964213917066  0.3370127712542404  
0.8597803617785911  0.9785061937634004  2.359513171194544  0.9748330560861103  1.1397066981218673  0.9028999849477495  
2.6117569319392717E-17  1.9982793806464287  0.5806783318202403  5.92099271642264  1.587006625691817  2.301998591550789  
0.7968224722097145  1.2132103772966998  1.676607931086239  0.9463565191372764  4.2406419720665385  0.8696550509765807  
0.967015053398172  0.9501926433760342  4.204926583597616  0.6786466906755244  2.1952166622297504  0.7494416737696982  
4.542264651938485  0.36738782051836794  6.729191284683527  6.126973916073194E-11  4.36860221253378  4.280260737966495  
3.273419000054873  2.001851518671786  4.531640242527186  2.9338674915015645E-69  3.1238976527675977  5.35096550904534  
0.43341190857970213  0.3815824148478346  4.712139064916569  1.1496842956936535  3.981803405036201  3.594252416650587  
0.6343966083575718  8.49712888319613E-42  2.2380064902696524  3.240939753854561  0.5037575752888489  6.552135625588549  
0.5099206793687933  0.41089774644653704  2.0431424455595484  1.825819178462266  0.9255789938316177  4.942615499788338  
0.867642590420346  1.0059565945326616  2.2808374702625276  0.9330731472351634  1.1745536246753874  0.9026981594631696  
2.5731267227246093  0.6133085488191173  2.7693400574262586  1.14254929596528  4.425914157062265  2.2616497165913154  
4.262737773332683  4.964845069280873  3.210762255452154  4.048293294494178  2.7410760298965937  3.93797748437361  
2.8237129026239307  5.627285794307538  2.5657479857154706  1.8558794307635107E-49  5.915818976093082  9.310959979447655E-12  
2.3410181230100906  4.38012509939936  3.744156083985634  3.9774187969391104  2.5659907841132905  1.6835231671598005  
3.8364238608239556  2.0294792613046004  1.6425883880723506  2.68861305742251  0.43436821915104257  0.3991395481316332  
5.298278640731187  2.681353767019045  1.249457316543533  3.7676582410466435  0.024673267018177916  0.35292027113534935  
5.032764107098534  1.0350371989815015  6.261268557489748  1.7083515011203378  0.21269825701859996  0.2714235387617063  
5.444434076797043  1.5746184217119517  0.5197629961633122  0.10085717238720793  1.3331928889657232  5.24715267829198  
4.4552312317420615  1.5787096625383574  5.318917931983292  4.320739833434241  2.1723195694122967E-10  0.9481297116257905  
3.092213971222512  2.0008027459698208  6.453159775012065  2.334967408974826E-10  5.60431045369284  4.3903859689380564E-4  
0.8655727642177283  0.997318371605079  2.303042897712438  0.9447699837822312  1.1649807750633565  0.902562802034429  
4.251125736975032  4.295089565666242  5.024041536489515E-65  6.3399585138214665  0.004470542350067035  3.5538949797983572  
2.915630645569206  1.0131742766078122  8.557931372446063  4.871822285578379  1.894905012563584E-6  1.0647328349737835  
7.072367323329854  2.347303023939902  1.9867242169524877  1.5671716512542773  0.9290557534540046  0.019062052355826392  
0.51899422953743  0.3484878281246234  4.733881032615687  0.880388868547733  2.784427390578482  4.896264001693653  
0.6383046410344575  5.803080447175424  1.8204023341517708  0.7505077872477832  1.5925057570454815  0.9024975951535039  
1.5016993538553383  4.7946551801642885  1.6638066075141391  6.46172587435271  2.973092913492863E-142  3.69594946329191  
7.690393604107698E-52  4.601297180897564  0.2285234883720463  5.585840837859909  1.000775943338634  4.708383159053436  
0.8582384455073275  0.9860826366712863  2.3107394614014063  0.961094894927979  1.1637468609352526  0.9041533934037127  
0.863364887855931  0.9994237946983786  2.2819876054425277  0.9412242385154392  1.176674875441547  0.90349766705861  
0.8674366697411497  1.010608085031948  2.26222875939155  0.926883027966606  1.1834287991911088  0.9034635994560969  
1.2608334887579793  4.100866320428283  3.0399746340883467  2.994913099103132E-25  4.143273074068171  2.1611023511514937  
0.813870621859205  1.2829066714666202  1.6279264971743512  0.9214770270655602  5.891737443950964  0.8655229357585317  
0.8617721954975971  0.9795379659170009  2.361797486414223  0.9715619109681617  1.1397126382126443  0.9021222969909221  
4.68744829952258  1.1583204189277525  1.8533933507184188  0.2724775810141677  2.705933765397452  3.399927461359188  
6.336705931815353  1.0829507168215926  3.3616078856450784  1.1193035683618142  0.3703250300151045  0.3537804063502769  
0.8625570614442973  0.976393130950962  2.3933888915437724  0.9772683799195722  1.1319527847847086  0.9012063105504646  
4.628682548033819  2.2248929117454423  3.8639760600257786  3.0204661225897147  4.526568711634996E-45  5.39514712265711  
0.1706930457647804  0.7238739473784864  4.408107160744079  2.215924184488737  0.7901560388563786  1.8127071790291256  
2.9640943595033566  1.694013631383912  4.962616021474161  1.01988217369843  0.794385989410094  0.2668652091832083  
0.8635004135944233  0.9840902369340728  2.346380492726163  0.9634650276632917  1.1460983013186228  0.9019316805687487  
0.9997691694489654  1.228890765221962  1.3714639925156444  0.6401833937423912  1.1389109913887365  4.784297248604881  
1.0281458548326654  5.453218288295904  1.1351064164011178  0.7903455618995359  1.1819532644061725  1.1937706814035975  
0.8650408771226661  0.9943434626925637  2.311729158146112  0.9486124009209861  1.1617336637715603  0.902400356537711  
0.7099323336101561  0.9889647367727447  4.076252166602851  0.7960677838535132  1.0313797743287838  2.83696239396964  
0.84781967014368  1.4455291502852416  1.7284165572300187  0.8396646089754789  1.3033578661190763  1.088716150805701  
0.8673592935803149  1.0080552228787418  2.271089641426873  0.9300239141185536  1.17967465364152  0.9029795931897503  
0.8606516435296635  0.9633597439989201  2.6616403646128783  1.0237877870454846  1.0759363744583093  0.891289721988286  
3.2496352892499054  2.1750886359025317  4.2869052580010365  1.0400845762157658  0.7622085025392175  0.186206534469014  
0.8533812384878395  0.976439129733655  2.347240493394167  0.9826283509279325  1.144679436829916  0.9053181094542605  
0.6656924245095263  3.489743490333344  2.5527083015589818  1.062845404440663E-59  3.4886467389743525  5.501682089276163  
6.362905838789431  1.8997022803413366  1.7950228645510231  2.796594006713582  0.1082001579324357  0.22214666535980798  
3.2681805378117033  0.7002658789434717  1.1540260254575814  0.5672288489696988  5.366029840176874  3.135588985305602  
