1.7060991354306057  3.9694685681542814  6.145298065246303  5.097441194317087  3.633128287433148  1.07498272673903  
2.5073116373181654  1.7845885695136785  4.4246762843162974  4.618153098645563  5.152740007062285  2.8835381557373863  
2.6738812789567987  2.4671548287421787  3.147904219341547  5.4765861965529465  3.351480073700875  1.9539534720003764  
1.7265644924773773  2.9899517302279737  5.726924103379188  4.410734230312507  3.8882254833904613  3.3559793770347666  
1.8751943204496542  2.7027256184531554  5.310570554055825  5.083872970384103  2.978694844410084  2.5099999188050455  
1.7245672107134054  2.802686359037497  5.377181129828114  5.42369136878038  3.2668684103476324  2.396489678388147  
3.659827383039261  3.207760696293624  4.984566213592551  3.428597125340224  3.1388636074340748  2.748421289775704  
3.3616554483888086  3.1841571575892798  4.849083872690545  6.04965525707964  5.4875523803211514  1.0402579861161934  
2.316276026086153  4.010270523235885  1.240400600262418  5.374215158850993  5.248342972612559  2.314161071431859  
2.3310155329696585  3.727449239376561  4.918151222533521  5.394892321358215  2.392466933478496  2.90769634521158  
3.5751947005526725  3.516780367853322  5.303002826665355  5.268180596895184  1.4185152148273148  0.6776637382028264  
0.7104766207460239  0.8367316648973006  6.8081315477114845  4.057098689013696  1.060890667627796  2.7242972972351094  
2.6181642694242684  3.097604710674621  5.298062035395579  4.0732320912808815  4.448699333874382  2.5131785769210384  
1.806074190542459  3.223717669239249  5.157654747761828  3.6139828532593  4.7646143847642115  3.1153303286106095  
2.201807950680856  2.4627067055608006E-59  4.1295848075117405  5.501440156342537  5.034007246603465  2.957664355442501  
2.2328989918722315  3.823630857232027  5.517925433193239  5.768724179665211  3.439631915796873  3.3857218436311363  
3.5987848508794884  4.096684855439188  4.924449137208274  3.6404892576022814  5.688043088782312  2.0563704253327013  
2.9040056470690763  3.925260037370168  4.650580683454737  5.232447777136884  4.602268958021807  3.431810929264721  
3.0693539226648996  2.8766237525785985  5.493608364663255  3.772237864484573  4.97787539684754  2.510402720875312  
2.9916466007600206  2.97191248305012  1.6500738649413926  5.013774401407445  5.368127866513291  1.8947750092920084  
4.161828268962346  4.625980631591692  1.443278012939475E-102  3.866593604940765  5.13584090955267  2.995228101694269  
4.203904564673709  2.5316265702289584  5.494257752517242  2.279337786382273  4.7354001207407  4.085424174707816  
0.8175449598181546  4.6117165713639645  5.870801718444365  1.232570577733323  5.2246847806037024  1.645552505322944  
3.5101587640853267  3.119585224368928  5.741512661536752  5.4755795081898055  7.18572836287589E-48  3.8184825184686875  
4.163814231271482  4.1849172824291765  1.5518005427408734E-7  5.622887335864306  4.772138418925955  2.9356750161678415  
3.342459791339209  2.8259936530413623  4.96597426514392  4.811492627004276  3.9532482356202716  3.0992393862477523  
2.3954602064692985  3.1117217961106  5.77684897446844  4.924996279596457  2.592498414388524  1.0666839856017847  
2.3163443602746816  2.354819242580032  5.64642854529729  5.863257567797373  1.5739183880009564  1.6276658889640963  
3.5214103729241306  1.1981328343560513  6.256900418607979  0.37640679271499083  4.095278967460671  1.2037080505654887  
2.769665254540054  3.164715144238572  5.469800818052952  4.496467791661703  3.6899372016453307  3.1895142846767195  
2.6886459577039967  4.420847690061777  5.322744531557662  0.7574914735240617  1.3253420454350557  4.625208302862929  
0.8168495626419416  5.078810322529867  2.8406730930592006  0.7173990834690623  0.8654728796488568  0.7682896973294976  
1.8017304367959892  2.905919734194828  5.996652519983974  2.2874635009901665  4.304188553350571  3.1541870351487384  
2.2460692178526585  3.40250770824169  2.7305615279487485  4.960651086559918  5.096655226870606  2.504276628336105  
9.816992644371586E-57  0.41911744530570594  1.3675278533440611  6.580723262490527  4.2503293551914965  3.1070104002782504  
2.5823031743033353  4.877964995993852  3.2207874813969894  6.175745808907048  0.29192921185312976  2.7525752469127673  
2.877274259378446  6.220234162172061  2.6189155253515417  4.597871467173787  5.185474468992022  3.2412901009911295  
2.7180377550455033  2.5829597859517577  6.166063327057748  3.454893588827052  1.7667660872260522  3.4286285033500654  
2.3419688063950024  2.178849482268212  6.207970687314681  6.4469904394793955  4.881632872074016  0.5552047867273433  
4.83502358178388  3.2815295710966583  3.4204953699317038  3.7780674160540246  3.6893159593059273  2.9430816468127867  
4.932734400036535  5.069970566856896  1.0178186742936037  4.732284328177858  5.2096384334223655  2.524929857444205  
5.591906480147973  0.7079609173908707  6.170699052529793  0.6554858890450913  4.24212510624484  0.3799196591341096  
4.6282964231379395  1.4372091985077111  3.074240109232739  4.9942407042547154  4.261867019851744  2.8573300045215677  
2.8237114430518977  2.150044228541323  5.327446980496974  5.907647343591508  3.6665417824023487  3.367707712783641  
4.160110803114343  4.583449332817632  6.261328160908951  2.2259385982026076  3.697421371361196  0.4200464202962012  
3.5420877291083346  4.5917678726266935  2.6330461256537805  5.543784375741247E-68  0.5971912414307381  4.42354975231577  
6.686373493555786  3.5157925743777536  0.5753399298369786  0.3410584392522918  0.5458424776940122  1.343709410033319  
0.34862879043982903  3.8489005707689405  5.722560464539037  1.055428267071865  0.8163260408574168  2.0664255184243987  
4.0221227413533995  1.381729360277127  6.214121033786769  4.888603838066184  1.9681649006310513  2.2833244216922886  
4.980319269544108  3.223182047517234E-86  5.595140557998863  2.196910557165576  4.8833790982174445  2.66436716037898  
5.036906767351122  1.739878444121879  0.13623415337005956  1.4578402038002146E-10  4.784760923094829  2.8299753310335105  
4.7771648404492915  1.4920496744418235  5.52677436814916  5.241662137557781  3.599592024749538  1.4551026201160062  
3.371352544648696  5.5270987311157675  0.989068966805022  4.626831210595517  0.8999764743275287  4.000230118144136E-14  
5.718447233693123  0.4331799895257308  4.460456105154305  2.856911778335795  3.13095985373523  1.8627329263700612  
2.9448544830844656  1.9701349889892128  5.9834656854524  6.249157486124406  4.442198674074252  0.35627197777556235  
3.586943496793194  4.4516856627867964  4.922817810182001  5.399291193674007  8.771763638185932E-40  3.517339340291519  
6.20837551753773  3.168528715050832  0.49112394805554754  0.23661455026434167  0.9698676921915467  1.4208619889516119  
4.128573395274581  1.77769558612469  6.396293872863914  2.477383931940851  7.425650629647924E-64  3.758327850665336  
2.249791853690377  2.3756872468020145  5.202335234442438  5.450360174460557  4.572988587041498  1.3660886159348473  
3.9723147892157895  4.614100375972501  0.5271009946542846  3.9773979745437065  0.9096089980586453  5.247295047069524  
4.568385436800609  4.683065205334976  3.278463172489285E-42  4.242310390159685  4.0094842307536265  3.5327563050931396  
4.615089506755483  2.951568699387679  2.253473184478323  6.155520750970792  0.3537820751192221  1.6003963745881535  
0.76378904750781  5.589280945173646  2.9109827170558735  4.488058563537387  1.3607639850155409  3.360496104513763  
5.24066593411902  1.9314026415043768  7.058271386301159  0.6879335339188231  0.03423713206625535  2.230531026363545  
0.6084747064800488  2.4977216318934743  6.5485787854851685  6.950601010920946  0.36369958250828194  1.200227206701983E-152  
4.28298027476583  0.6477717854329337  6.611446189069823  0.8729807824509992  2.23308188002319  2.2725794787672586  
4.397178928161529  0.9758763196885863  5.346352824574106  5.765638012204761  4.849451325534064  2.801495129456147  
3.3885562345374045  4.658461569239695  2.2084086478677482E-10  1.2336559579106224E-79  4.690776077878985  3.668317935299025  
0.8854153785416269  1.4243879643315902  0.7719335066515213  0.8040107429677984  1.2113593084255263  1.8712459049457688  
5.494584999671697  4.732541911481596  2.2890652925538335  1.4631279625124223  0.40171737071697233  0.41685040704711385  
2.9207723746033385  0.5438195430400911  5.749342545928593  5.750153421545708  5.249950877232204  2.5675267526727756  
3.2950678394938726  0.5223920561583631  0.9698297832235006  5.6177871456281405  2.8831916964874043  3.9297854955045053  
0.7223465728211698  3.9743435351349286  6.29032081283641  2.6856215464736532E-48  5.745057684220005  2.3892271721966623  
2.1117930424539186  2.4214609278856752E-51  1.631849740194683  5.9367320409342765  5.2172877889609195  3.465371498177063  
2.9046406484637757  3.4038329075954468  7.054020873755471  3.4574955637869604  0.051424426412755395  0.4780748554436911  
8.510719763336649E-52  2.0062009121417375  9.198232385409692E-6  6.192296457296274  5.1313517103620025  4.591561122604657  
3.1616559799963166  1.5833572590300609  7.745948243366799E-49  5.6452578215787215  3.9358837228725245  3.6167956193628843  
5.858699245937073  1.4523763092394795  2.1989972435015915E-14  1.0473217279884646  1.0309514556006942  5.453122880211197  
4.02139763994035  1.676097383013656  6.486819172795441  5.930205744126991  4.450152373398135  2.764792977352562E-11  
3.844461562775543  5.304563083687758  4.597845383864356  2.9130323866743195  4.767586231279397  3.9109508404644417  
4.168490908565946  1.1278861978449706  6.011167307143307  4.0768116414642375  4.881860030183092  0.45035906782813184  
1.2877476055055588E-8  5.962190216824196  1.485180739771552  4.359764334572755  1.1540534242863552  0.3164052052952051  
2.6659845902238404  2.0997371917168257  5.800865585646809  1.812120897580121E-36  5.813835317179724  3.3284513201491284  
4.346243712652174  5.277893224849274  4.847048473502576  3.0336509768860203  3.9257531964833565  2.5035786714091583E-73  
3.8407368747767583  6.29002417063312  1.364843346381218E-53  2.0497187608346312  5.753880906198043  2.7628990334007786  
2.964851255828951  1.6391670458178278  6.028264363861224  5.901813074470964  2.5293298616486473  2.1080047115136487  
3.295920457726081  4.651192268092352  3.145515247778365  4.018970629339085  0.5132552370519392  3.3067666281157138  
3.6542732993240032  1.3756558387930962  6.164975623309473  3.7164955071709545E-4  5.896020090070192  0.08821439668658573  
0.5783989216810225  0.5092848395418689  1.804481674138156  1.5779902070492229  0.8282482066166961  4.189923638854572  
3.9191267275806982  0.05854159478082585  6.216312744064879  4.8781329671695  4.352157809736818  1.2681698834388433  
2.1709675347656905  5.02548664579898  5.177349696967269  5.5833060503482415  4.6905123708653855  2.0671801411978534  
2.4781678038679797  6.124686123836915  4.73712048659858  4.763657101634409  4.894666324697051  2.0689491400658443E-52  
3.848090837339035  1.4424324213957582  0.6752904039809569  6.453359434216355  0.8561174037589921  1.0495417057010323  
0.8861111993180543  1.4248420391966818  0.7725771590133237  0.8039373884297087  1.2111505970478487  1.866551389094157  
5.830658578418902  0.6492148091925745  1.135981302728014  1.2159615886645467  0.5202206814838584  6.315597895280199  
0.8255596952332828  1.1033246802850045  1.042072672520576  0.6014014185424097  5.861655163847933  1.589348366456441  
0.7134013904803498  3.7434106073645195  4.616624105202257  1.3281373039737752E-55  4.190315856149572  3.102569159713654  
4.128610280853257  1.7105561577209425  6.348974996766041  0.5449718838604798  2.2133200804352344  4.6012116882918095  
0.8853187715861565  1.424325830568529  0.7718438512951128  0.8040191486267994  1.211383371701026  1.8719269499825564  
1.6220797511465397E-38  1.571992356991839  0.843129873031993  6.675357885409923  1.2276103886266296  1.7472326133447702  
4.724387590852481  1.5199616542680254E-54  5.628327939355811  2.577595924436479  5.392906541000558  2.192591544967208  
0.8852425190345358  1.4242767574526414  0.7717730703739932  0.8040255871936036  1.211401684548009  1.8724682155311472  
1.2438474209028598E-112  3.4791291768894643  0.9258155126299696  6.803099064219185  1.327838841000793  1.13718978415213  
4.860796521735177  0.9759826204172297  0.9102105146868457  0.3268371888198567  5.994058764061352  1.1612281857678317  
4.762043930960207  3.931803560715699  2.6993873917482074  5.291146501930063  1.1783540241512087  2.0678500202784176  
5.064108889863519  3.877015958258613  0.036416415350987705  8.160126816777588E-10  0.8060488897841933  3.9406759897099723  
0.8182241801705539  5.400358986988031  1.268977224358828  0.7606987692182372  1.0926613664873197  1.2551538502252921  
0.8864550649495785  1.4250713140749853  0.7728920125691664  0.803886940549421  1.2110077626928972  1.8644710167637162  
5.529355007230218  4.133722271269695E-32  5.554226188442425  1.2901969486197273  2.4294222061253055  4.792624445106461  
4.331629536302814  4.320869167980498  5.667200215488555  0.5636053852185497  5.589229156848389  3.170927952349838  
5.119813582527072  1.7566868276318597  5.766783938930937  2.6110737568564537  5.565844501476046  0.9998337811521195  
4.674540493754652  1.5894611117626085  5.810325385617628  1.740554591339329E-8  4.789515391653087  3.052057691836289  
0.8852694110667354  1.4242940687358674  0.7717980338666576  0.8040233332087143  1.2113952861259216  1.872277003460185  
6.21955581601654  1.2666509612129497  0.5705572209635141  0.7503268048610838  1.2885774364398515  1.1941459866602155  
5.68468280794267  1.4685612274872952  2.4161907057957857  5.134248924927344  1.657597769087462E-94  1.8755801704200588  
5.23185715610487  7.241075653255037  0.5936702343734395  0.123957230481798  0.6643375111233008  1.511033342190759  
3.5198128905055395  4.305611111245556  5.277054616918982  5.956497544398352  2.058271589248133E-12  3.4354436480144774  
4.113689595278064  1.2777484521807259  5.9584194915688  4.1945654342132475  4.827000483363969  0.2646714663675677  
2.3187680405486275  2.9106194216963144  3.6981000167311278  0.5458267347515958  3.3887562365211052  4.909793821978567  
1.9018331349562974  4.10440030999722E-34  6.0517201356586385  1.345331861770269  3.8133225606578858  4.230832528293554  
1.589509853763116  2.04831894993105  4.1082865324937255E-8  0.1832800020658859  3.862407882934056  5.861648486759263  
2.5485039545395534  0.9951151561135868  1.6305643879425091  1.0508409298270054  0.7627874485634398  2.2866258389758833  
5.033793058734017  1.864402644863768  4.948548435742943  2.4793739918881093  2.413179141596145  2.5775621646007685  
3.181817425843413  3.2576001316226058  4.563470901231838  5.291353445063948  4.634857488500088  2.9915863272207264  
4.281148571820956  0.3942573559482522  5.962799464206152  1.5313456072474605  0.14547703102195078  3.5055511403091333  
1.6631149007928974  2.4911164197894253  6.568061088237078  0.4095665552395133  0.39091986126530576  4.570046920505315  
2.450556692789815  1.2666816947854742  6.062439948427167  3.195665683678884  1.5286060109249935  3.664731878544918  
0.8216695940109868  3.6024630954926473  3.192170529724368  0.7254415407445989  0.7247944907534218  0.8733995725155483  
0.9499215634592292  1.1673859781666847E-70  5.279774727085861  1.9443460985213454  3.846306148083889  4.340811498886403  
1.0944635530062836  1.732246971680456  1.7149983366905577  3.4066913508640953E-65  6.543011617175767  5.372650955227347  
4.718183324553954  3.409201996884152  4.5055895775016026E-116  3.3757041600024156  5.5843044472685  1.0369107659762766  
3.665640523351303  1.475205487598584  0.7125091625493356  0.7885345531742107  0.9291809253350803  1.3931205615774545  
0.8854946948454794  1.4244389557081976  0.7720070963428753  0.8040035966209524  1.2113387152856725  1.8706913374283516  
0.8853036855275577  1.4243161260517767  0.7718298485454143  0.8040204352318887  1.2113870414107035  1.8720337855694416  
0.8852632874153084  1.4242901269649537  0.7717923494900855  0.8040238479802775  1.2113967483544728  1.8723205162784913  
0.5753876092630693  0.51221022401589  1.7992919636116322  1.5948977102842594  0.8277450377297849  4.181773720953214  
4.072060547264088  3.5093955077353334  1.804001891717043  1.0690167677105096  0.553331845462256  0.7805602251121726  
2.6611227239524715  0.6921105921128986  5.517718177976973  4.5174114536024685  3.8764667980366565  4.018425465243923  
4.462727649442289  3.0938659138226132  3.518420107212891  1.312597853313679E-45  6.17721220520742  3.657312532440466  
1.7867612885804187  3.624367950049718  4.162517812408502  5.965836406702332  0.3201490414041169  0.6024964799471983  
2.086591740644456  0.9507741801621246  4.5162158968859104E-21  4.807122419181226  5.709672827654086  2.185773098940791  
5.322593265945234  1.1930766637500196  0.5270446267574674  1.810878732148037  1.102162948636232  1.2726200648655626  
4.006877213214987  1.0097509554822215  1.0634364568760264  0.4717660695843324  4.835142548579001  1.1862304896102416  
2.0104848258796078  1.7113843768328698  6.683850874212551  0.5954593774431276  0.3596849121010328  2.538148584729117  
4.324758395395324  4.139426962238494  0.8653474458042707  2.8435639367900247  0.7409485657344119  0.41935157220944486  
1.3457967810916027  2.992245725390539  2.6843047273997513E-77  6.054855017077192  3.754093136748462  2.8795003226641445  
1.5480099631524629  3.9295059238399523  3.8005123123523386  6.086561448160406  2.6730387144319443  4.531658997804783  
1.4781373350789169  1.4704190812809343  1.6514974494522546E-6  2.593921576352284  1.1499922021755515  6.42717098766801  
4.550022739117746  1.1310633709838116  0.565350256925056  2.786345126416026  0.9407060331401015  1.4243991682201478  
1.219967564727361  4.427743250139077  5.512618466075257  5.0146847050313195  4.925987389787883  3.0828148077669675  
5.423684907599312  1.1718812305246875  5.700015870997939  8.275758152901826E-198  5.353538144223769  3.350764771174766E-82  
2.784707646531185  2.390437903440716  5.405697132568716  3.9215457435045895  4.77310633860882  3.953128092165647  
5.059189483670962  2.430800206006731E-11  2.0053988914586167  1.518517434394038  2.5150650473269565  3.718791749863169  
5.489910728660184  1.0221842202604665  0.6083397199321322  0.5636900893059916  6.085206359673282  1.1971291495299694  
8.499037450424696E-13  5.227339797058532  7.049643549500116E-17  4.82352517857646  5.487807924534001  0.8884670162029075  
9.837727227582363E-38  6.611199094018848  0.8626670358664446  4.96493174424549  4.409534335951489  0.11068275085152869  
0.885265532204201  1.4242915719190923  0.7717944332524607  0.8040236592836626  1.2113962123495383  1.87230456539166  
2.0774810634298126  2.3462400547717284  5.600375225338358  5.22983150851729E-10  6.050474734714963  4.2368436620901875  
3.231195932769544  2.6800350799461516  6.104584550323076  0.8238491149785028  3.9866633043768993  4.081713679210908  
1.4064282939462507E-16  3.9918004790239143  3.726154890228704E-37  4.876379593367169  4.243006855138116  4.929609694114122  
2.0039500533706045  7.142257698703265  3.2910017649112787E-35  4.539949273602729  5.506624646072696  2.420585606476274  
4.941690148211125  1.3098241631362333  6.12643263489199  4.905612242861122  1.9999775543254827E-107  2.358498379617715  
0.8852729990360717  1.4242963783767928  0.7718013644411766  0.8040230315264155  1.2113944292349854  1.8722515093808678  
1.6325945021099442  1.8981268555492592  5.990133320638878  5.002659558345116  5.341328222352379E-240  4.3338784537135515  
4.394151616450672  3.00801913327999  2.3602368663026385  3.00648914188428  5.469127913976124  0.050515447628793474  
2.0405239224819285  4.0600661528625315  4.97255549016947  4.72832514520064  4.695511907530059  8.604351852171884E-4  
0.8852661422458162  1.4242919645885557  0.7717949995355453  0.8040236080120658  1.2113960667030774  1.872300230476189  
0.8852603899365892  1.4242882619324686  0.7717896598474817  0.8040240914963329  1.2113974401109258  1.8723411056504842  
6.483974155762256  1.442002447018183  0.6149895650872719  0.7051042143140807  1.1023339713118903  1.1628137832237744  
0.8852537954624295  1.4242840175251994  0.7717835381963162  0.8040246439738474  1.2113990090084983  1.8723879967897485  
1.9841444954459238E-31  0.38186962782734085  3.7975348870949146  1.2839440064123078  5.150091153064744  4.413356007579967  
3.1199223553936206  1.5398794531965745  0.9235021989499983  6.126221498747585  5.063697203646339  0.4447318858852105  
3.0301153506582663  4.96903866802484  2.0863984004925014  6.259986274986365  2.0125202286352875  1.5453575164397284  
0.8852801552572608  1.4243009863390836  0.7718080068088959  0.8040224264885752  1.2113927105656723  1.872200717405189  
0.8852998695179891  1.4243137061241733  0.7718263000145812  0.8040207317188915  1.2113879095823543  1.8720612132921601  
3.01703418433072  5.797547480043189  5.970125720991867  0.02667290562231141  5.7145878418160425  3.166266039977998E-26  
0.8852558509899294  1.424285341074233  0.7717854462988047  0.8040244719091433  1.2113985210162823  1.8723733759378556  
4.41160767807569  4.992588708524418  0.36202414696766855  6.024876807584754  0.8739040831330491  2.020971823690949  
0.8856748440949054  1.4245554356565902  0.7721740644591237  0.8039862398072058  1.211288891523934  1.869449996222326  
0.8852603034772583  1.4242882063349462  0.7717895795795813  0.804024098716476  1.2113974606551043  1.8723417206775008  
0.8852654336770112  1.4242915084890084  0.771794341794653  0.8040236675734109  1.2113962358915578  1.8723052653938854  
3.1138106282135976  0.2987520071025868  1.6988948513151643  2.4289271264069354  0.5298687776470193  3.7834184278404495  
4.989748276636564E-102  4.117935541150566  0.276893615830992  2.2158644901626534  1.317546475166384  3.563576805986972  
5.503227384497988  2.2909366367000072  0.6902665230395789  0.6708615206841176  0.6527274188145104  1.2011446892207749  
0.21666423725013811  0.7561678782772402  4.350988033739504  0.6690776792734079  5.386591156880675  2.5693024281683834  
0.8852610128619162  1.4242886628776752  0.7717902380933848  0.8040240391566192  1.211397291419523  1.8723366789773488  
3.0364684798307096  5.396492556915735  1.5275536739991968  4.865100167204353  4.112636991408867  2.564224031147124  
0.8853322219011046  1.4243344802601716  0.7718563356418361  0.8040179971649338  1.211380082772656  1.8718317879016302  
0.885336352657674  1.4243371544209433  0.771860166223166  0.8040176266116558  1.2113790348559133  1.8718028081009448  
0.8852624117065216  1.4242895632855654  0.7717915365974327  0.804023921585444  1.2113969574396688  1.8723267389330553  
6.387874333287565E-59  3.922934121548963  0.9745400604452628  4.982844198841032  1.2409142852746158  0.925341260037925  
0.7146112652405093  1.054200248611917  1.1246118930223694  1.1456483474510544  1.0413961315185551  2.741588821515794  
0.8862315913215885  1.4249223185349664  0.7726877872893655  0.8039213389383317  1.211105524200103  1.8657939317785754  
4.564350865073848  2.896981984780532E-29  6.067091182213738  5.460099662326169  5.191219746069937  1.3810854534644763  
0.8123501588543268  1.6369833852447573  0.49031019139017934  0.7100992906533067  1.229005311322596  3.2498979683550715  
0.8855647698051561  1.4244841047558583  0.7720720826555346  0.8039970662804619  1.2113199024206882  1.870205003464837  
0.8719759730974737  1.4218919547790179  0.7599034120417908  0.8064026028354089  1.2087335525238205  1.9682315504315304  
5.011402370738086  0.810885814321255  1.392684027073972  1.1760873173412836  0.6286223011133046  2.4665927738006044  
4.703993172962514  5.487926759748817  2.0318503002608753E-40  4.647440782793969  3.885999849185623  0.3734434499240527  
5.4072699228706185  3.08262416069123  0.5541575971111525  5.332448232384488  2.4835786664012356  2.2365741003434976  
3.085928603986447  6.2277914378631065  0.0038932949947444707  4.212802151669442  1.1373214795673348  4.253457973115534  
0.8803566241094714  2.181361851931197  0.8268966498350793  0.7544423884341517  1.1815798707472565  1.7678190142762942  
0.885322347326851  1.4243281294913441  0.7718471705010292  0.8040188446830925  1.2113825039388535  1.871901613606964  
0.8856833440937744  1.4245608901282876  0.7721819487609171  0.8039854335875501  1.2112865394304588  1.8693913457409348  
0.8852531770907591  1.4242836193676442  0.7717829641730093  0.8040246957273299  1.2113991557926789  1.8723923953662713  
0.8852697260739093  1.4242942714933062  0.7717983262792506  0.8040233067381152  1.2113952109279718  1.8722747649765232  
0.8852615077161813  1.4242889814230135  0.7717906974478801  0.8040239975496085  1.2113971732391917  1.8723331628069342  
0.8852609126471879  1.424288598843052  0.7717901449774394  0.8040240471765276  1.2113973144967773  1.8723373967591916  
0.8854643421371674  1.4244194747121015  0.7719789321402218  0.8040063381707866  1.2113466516982767  1.8709033152058474  
0.8852576969175809  1.424286528985817  0.7717871599116897  0.8040243174476154  1.2113980822832067  1.872360247375764  
4.955403563747025  0.8951768284584595  2.347301643330983  2.41887842300164  0.1328195083945343  4.636402968943956  
4.8274712412571406  1.1541563356422044  2.9572243902244124  7.118689228840232E-32  6.271346505797173  3.126258410058476  
0.6303585228719402  1.570631950060322  7.209095254474271  0.729973131939591  1.031188726651034  0.9211818350715772  
6.5320250449708945  2.799441393217001  0.80066316632766  0.5045223076987008  0.5591942697516112  1.182965535661979  
0.9735677919157345  5.432777817789598  5.6033160149980095  2.115791494707508  0.14325782048273863  2.132566541128334  
5.101583787525817  1.0086890126410473  6.234378762299332  3.0453582183431766E-76  5.646339481858861  2.292659780681618E-204  
5.7829735391801895  1.1384468162627306E-54  5.142166807801935  1.9787090762248607  3.7034288968621865  2.9849426205396625  
4.376489713470603  4.490043026193816  5.695941623641362  5.620684261920519  0.7545021112500421  1.633746880096066  
5.061812399755928  5.953941519190332  3.3532701032577945  1.5554493893265708  0.02470400979346091  2.4042836070876654  
3.689257918547984  2.9099666322508235  0.7959929237890634  0.3621623448487756  0.8603992185276667  1.3528815792331226  
6.219656996738592  1.2641996346510675  0.5710585881475495  0.7504860487274935  1.2931969356986428  1.1934908583792871  
0.0643207622790488  1.2786660249174158E-81  2.7652231395008573  3.286540298529081  0.48698890558628943  6.5248867679324585  
0.8852655090013054  1.424291556986397  0.7717944117134505  0.8040236612316708  1.211396217884756  1.8723047302994988  
0.8852737105482462  1.4242968371460691  0.7718020247668501  0.8040229710552658  1.2113942579476535  1.8722464628612923  
5.8686804601503  4.054861106502385  0.5376436634424625  0.12994096290834684  0.6514085737143126  1.5257391162348637  
0.8852970266018918  1.424311843250231  0.771823667370779  0.8040209996342806  1.2113886503804647  1.872081003918317  
0.8852982325748261  1.4243126191803221  0.7718247868240418  0.8040208977785079  1.2113883604754814  1.8720724446975867  
5.5776302519504055  2.3165069291160028  6.9914415184023015  2.620036860534994E-47  1.0656169039712784  7.774869621832651E-21  
0.40473300444605903  3.611872746318487E-126  2.4518062615342715  2.0614857702797886  0.6883025969011354  6.348899223956268  
2.4396955757898207  1.6146797310774847  6.431828963787807  4.800350512397415  4.9302917399288235  1.2015928939710878E-252  
2.759152006693023  5.228188376331538E-54  1.754211957978993  5.224213613160167  3.064796382661513  4.740244458259056  
5.2511896206007025  1.7322496335140814E-86  2.727326705125353  5.226883740478409  1.3099250250914288E-177  2.7206994139452645  
1.5132086950469168  6.713734804445415  0.4469679585691772  3.241058960804362  1.686167412050078  1.9037221112864795  
0.8864899703409621  1.4250948118898514  0.7729240157725511  0.8038821489965721  1.2109945251825358  1.8642530615981363  
2.6797724591414447  0.6369988235572368  1.322140315521211  1.1964526545124876  1.9515657904190618  3.0434250529626112  
0.4580139635003942  3.82556173309129  1.9660387784540159  0.7889583796859988  3.7657003490364813  0.9718470699688517  
5.02362617647333  3.468359621272196  6.037160964021916  1.0632544766806735  0.3309899704105486  2.687122164638547  
3.0513096026134856  3.6479760490811937  6.010985394439128  5.259115872175563  1.384504413896835E-16  0.3363574882079152  
6.006603797309185  4.556656461977608E-12  4.943424310419525  1.5547476583095872  2.6566466509259863  2.1852400093065514  
4.352944947767567  0.7545533457398965  6.706138839178677  1.152231672118686  0.18326652171677651  2.9539959312852564  
0.8852712218659865  1.4242952412890333  0.7717997134478595  0.8040231750522593  1.2113948412303552  1.8722642199070583  
0.8854613113736711  1.4244175203669718  0.7719761211315213  0.8040066150840238  1.2113474453611721  1.8709244568110788  
0.8896054916068346  1.4270786573317689  0.7753927978955724  0.8030177898586762  1.2088514198703793  1.8526751574381224  
0.8234375704259554  3.4691212430024487  7.226634514777609  0.4217772189713579  0.38908120198190266  1.078510719256691  
1.2094827137061224  3.076911675089716  6.219029090557151  5.335505578545391  1.1011273423087207  0.7174937417937904  
6.175204173852465  4.457785347617906  1.9363671472511268  0.16519195022878655  0.40826070128611996  0.9587701440377715  
0.8852718870919142  1.4242956630702006  0.7718003321761888  0.8040231246171109  1.2113946939431006  1.8722594158980286  
4.663172519658524  0.3597652284711697  6.662679707106278  1.3349936249406853  0.680815962649852  3.1479221667482027  
0.8852638235047728  1.4242904721484682  0.7717928471036927  0.8040238028255261  1.2113966201562913  1.8723167082475896  
1.274953197973134  9.839893426873355E-23  4.123731085436596  2.788547616261839  4.962091693226954  3.958618961676139  
9.76135668970675E-66  1.3501696791825828  0.6303326596368424  6.557184127295646  1.3516812020961535  2.1470260947706383  
4.6837655870577874  2.506425313371613  7.958346381991905E-47  3.908632162405335  5.479134138550653  0.5471860116405419  
3.665206354304012  1.4789026644035108  0.7131009179273229  0.7878615371456905  0.9254458856497484  1.393015090715977  
0.8865705598629862  1.4251490340166884  0.7729977768897532  0.8038706256660164  1.2109625552197243  1.863758208701592  
6.317635758172729  5.331226104094043  0.7066133883957972  1.0206165948137592E-64  0.5480983466284176  1.4766618989172289  
0.8852435465914504  1.4242774191069778  0.7717740242306603  0.8040255011669332  1.2114014405759166  1.8724609067421236  
0.7359809517495493  1.7393982860375092  0.15841691833607566  0.32222012636746333  5.038365187751642  3.621523691390434  
0.885253980782619  1.4242841367939367  0.7717837102365083  0.8040246285135174  1.2113989651262447  1.8723866778685634  
0.8855031790499878  1.4244445017252898  0.7720149506324983  0.804002746102907  1.2113363203122807  1.870633263112779  
0.7146103269376475  1.0541965040964212  1.1246203813673201  1.1456518884151548  1.041393510026146  2.741580748845389  
0.8852679348701235  1.4242931192222497  0.7717966634289287  0.8040234566965498  1.211395637341682  1.8722875013800977  
0.8852680350713851  1.4242931830091203  0.7717967565778617  0.8040234488820721  1.2113956146981917  1.8722867808216712  
0.8220882274000053  5.105848953459329  2.79715713657876  0.715951503786122  0.8662887980352687  0.7727524394732636  
4.444504308450225  1.6327856172787257E-72  6.0554508478828195  5.795186695904334  2.53701519771813  2.0224933688334334  
3.791255024042156  1.0220181150994228  5.95743556945971  6.091309296963038  4.601845158473899  2.007306962349695E-131  
0.8797617083022925  3.8111726144314955  2.0804516407953844  0.7438437919862836  0.875321003860901  1.0280870156824788  
3.0763140545073386  0.44869949214608296  4.075792782257727  3.0619688275208996  3.0564602736894266  1.428360360540451  
9.362311506367711E-111  3.432392306770996  4.144047981278837  6.885411084518958  0.47659800057135837  0.3463428859328358  
3.2487634296811323  9.440673335277481E-83  1.4694198390198328  6.073467342360604  5.578241176657875  2.759939129088068  
0.8854185983932858  1.424390046773485  0.7719364921766706  0.8040104482409287  1.2113584700389577  1.871223431197336  
5.302155290481819  1.1915409217301247  0.5270306342101575  1.8431747994821082  1.0973464227612115  1.2784982055242329  
4.019014835552088  1.0138949620310487  1.0557868955921086  0.4698549312636297  4.834152808686117  1.1883975556945108  
0.885254552451732  1.4242845049062849  0.7717842409016686  0.8040245806456735  1.21139882937806  1.8723826118235782  
0.1714930741541587  1.5218627882358657  6.718398968903872  1.4086346771477747  0.5449544504837629  1.4941733837640603  
3.9830280936223517  1.8188995359083142  0.7215562803628376  0.7114861351168772  0.8373824935846546  1.3278391975362522  
1.0827058011539145E-12  2.921045546153654  0.9190099530518494  3.69502997192188  1.2470424496670145  1.3387696994090628  
2.3476101848935394E-120  1.942266852948122E-45  5.81462350151271  5.862157924678876  4.382640674207167  3.5898883234083336  
5.173052379342259  5.902997449720804  1.3327044807021515  4.321467298101634  1.3887783727849918  3.3997901592281634  
4.484076639812277E-27  2.3932199983103417  4.388470181939345  1.8832998358269761  0.4262457631282019  4.905592747638496  
5.5119661537893405  5.161126084705588E-76  2.2152608441154777  1.5844561774568715  0.42315086752364167  5.843739411030274  
4.550698472027708  1.1311366880754226  0.5653345768257219  2.784804607108904  0.940953277151715  1.4240080919209965  
0.8853328941048842  1.424334912095904  0.77185695960316  0.8040179394490657  1.2113799173793254  1.871827036765243  
1.1123164208628214E-10  4.779645245934143  1.8261183553810445  2.443745252665537  1.0125964085379109  0.9660810548466637  
3.905392557481782  4.366727847877399  5.38812786866526  3.6901493629945556  4.458409736049049  3.365747111803615  
4.551552170431618  5.452921677053589  0.8279885111033041  6.241397806612054  1.0330399137516582  4.193508723200984E-107  
3.2460255233181705  5.329990123754342  3.0783177630365146  2.4177068975542215  0.008653524442416433  2.459973373984863  
0.7474853744773571  1.5405815516147285  0.42752113879587206  0.566666524543431  3.8039636848300247  2.524394267211023  
0.7304585536507372  1.7731971177685883  0.11878877054973039  0.3042978267883836  4.954201353068128  3.746647052264288  
3.7201405121587965  1.4822554017884606  0.3064959228559189  0.28498490431967854  6.125171277342073  1.4331137494338717  
0.38475410686213674  3.5937329224430106  2.1720885691827925  5.22493255589477  0.7190943331434433  5.3199256942969635  
5.3048761194949473E-14  3.4899172410413626  1.3028236256131636E-18  2.890185890994575  6.007891566964243  2.174894130856959  
2.5175035281216817E-68  6.610272173304222  0.8649285739944496  4.966029949706584  4.406647629436442  0.10961228464055062  
0.8852515377217534  1.4242825639848384  0.7717814423420836  0.8040248327739946  1.2113995445926011  1.8724040587042559  
3.265940258342917  3.3900429078245797  5.389402189034438  2.694678513780151E-18  5.289269992456972  2.8681912398893243  
6.421282876996791  0.03710746155202542  3.130151799630356  0.7790652915839151  5.739452380076279  2.0742795290768274  
0.03310405733790888  0.8417518295791868  6.164472602634198  0.8208630989771375  5.455680329763942  1.684596184852802  
2.8479919845632704E-14  1.3771321607848908  0.48245144054797906  6.642719490023222  1.356349370583972  3.0197348934148116  
0.5629730607954454  6.9241833191903055  1.5576773406518596  1.2132876807380222  1.0391516286043225  1.0162244396665936  
6.595669924075038  3.063743929969949  0.24186258919008752  0.7853244607024844  0.5231517586454774  2.964468848924304  
4.906244531829492  3.0713502247959372  6.215083206096718  0.3069399148176301  0.19302878793407044  2.9690945567727605  
0.8854014841258269  1.4243791530390133  0.7719205910562823  0.8040118724751887  1.2113626345698352  1.8713448549697074  
0.8852689995145095  1.4242938038103494  0.7717976518388507  0.804023367814308  1.2113953844176093  1.8722799276946842  
0.8852792990773688  1.4243004335661535  0.7718072124181208  0.8040225004390902  1.2113929198489466  1.8722067709373333  
4.235585334113768E-42  4.238770938035664  0.04596442311521526  2.7755009470394527  1.4032973513343237  5.081794427775065  
5.43999116821958  2.476795525424787  0.6879750974531992  0.6134632112182015  0.6591155562121188  1.2188388552862195  
0.8852708656477366  1.4242950050834249  0.7717993840970812  0.8040232108988631  1.2113949387246818  1.8722666681196374  
3.6336426246720452  0.9963334406994384  0.557339888152178  4.6303797328285485  3.1553414866076595  1.3407820819954563  
0.9096816973675562  1.6594123431145538  0.2635874909462409  0.6629291345992414  6.254805622281696  1.6018871762247955  
0.8852362889964422  1.4242727461241662  0.7717672870552893  0.8040261077997565  1.2114031607965492  1.8725125453032245  
5.730711139840465  8.496388330629572E-74  4.152686214847978  2.673418264599215  4.482450740025895  2.8045331945265883  
4.4439785338625  1.3662538940947402  0.6339819698076051  0.7744309811335799  1.1132637552114482  1.3319215866940968  
0.45265318589839426  3.785185271482028  1.9386402274630723  0.787482553878561  3.830647189333343  0.9876883228817571  
0.8852442514413711  1.4242778728806822  0.7717746785429228  0.804025442234707  1.2114012733917852  1.872455892191554  
5.252781833675187  1.1873448555725505  0.5287611743841918  1.921338383113626  1.085057404364308  1.2929125247288196  
6.607803989185224  1.2797966884048422  0.588443956105408  0.7708169495531733  1.219864937566746  1.1499254875552538  
0.8852250683960982  1.4242655207328578  0.7717568708041346  0.804027042367547  1.2114058086291202  1.8725924446099838  
0.5784402926580735  0.5092381331321347  1.8045652584333018  1.5777561388551806  0.8282535150241457  4.190030247379322  
0.885263417476674  1.4242902106833393  0.7717924702219183  0.8040238370483334  1.2113967173008493  1.87231959208223  
0.8852547159401855  1.4242846105635212  0.7717843925889931  0.8040245666124256  1.211398789811999  1.8723814539026225  
0.8853871194572747  1.4243697743633394  0.7719072858288071  0.8040132355306092  1.2113664438953482  1.8714445559913147  
0.46745497070701353  3.899506194506145  2.009864254042025  0.791681335958482  3.6524704532735126  0.9448164956106825  
0.8852545733320121  1.4242845183216946  0.7717842602901112  0.8040245789241777  1.2113988244780314  1.8723824629273158  
4.60991748362977  4.609351976212103E-74  1.9658327765920989  3.050630679223582  0.2865384206935156  5.570036444947227  
0.7923839214467852  1.3782782908063942  0.6126868178221515  0.5780574763153059  6.3662250498930035  1.8675996285521692  
9.659310362120603E-53  1.5192266776101706  0.3145882896214081  6.440215081680194  2.4499785730663315  2.420122096703505  
