2.8761273221367567  3.1883593609481444  0.08556933592718248  4.923661973103511  6.515853657154646  2.651543815150409  
3.7463513729452163  1.5128072727871666  1.9713201990789908  3.294660273967522  5.12950944365252  4.788692084578194  
2.295588520325581  3.3396768796685627  3.211060664575028  4.799464320496117  1.2399351875819828  1.3867408644198518  
4.219735314353241  4.017249171815425  1.1474553786218922  1.8023770594256203  5.59372708405259  3.5718472826616545  
4.779238069528345  2.8345125810717735  2.3089147293470234  2.789180315885192  4.132213737072659  1.443587583343325  
4.353591621291555  2.6425592442902905  1.5059532372043636  4.630749118238546  3.9745015460148574  3.0451683368397897  
5.515254439472184  1.5792291985074263  0.8676003613478397  4.165427050991057  4.180385220801134  3.180931833553167  
5.055172057414958  2.8776329983415674  1.6593573010064953  4.333158716189575  3.6492161448008917  5.779431874367672  
1.8063666008251247  4.116986787619403  1.0428678041847854  4.310040904692281  2.250140363102606  5.53084094784105  
4.787805306982067  4.268335107816061  3.3764774688108785  3.701468854378682  0.6133879574253134  2.1833912020367574  
4.410254522488653  4.578045626146424  3.2907601792429495  1.127698826442655  2.9045097734557643  1.1915432097842382  
4.547478365913828  4.558699566235288E-6  0.5643913221120305  3.610014360162234  6.562467498228852  1.135163731196346E-9  
3.80097275192811  4.129504534456085  0.5804543070471113  2.6186341401889752  4.794056294781655  4.339499163628599  
2.881522977077998  2.0610326119726317  2.7330030255708437  3.08441552497287  6.019191431477407  3.81216856919923  
1.0684779475461517  2.581115946154617  1.9262997498378105  3.442297394300296  4.787698289803586  5.198421214319065  
4.525309615149077  2.8208187098467756  2.7780394950751153  5.528385956271317  2.942423149726811  4.192296933043358  
4.894395784045451  3.334333578235225  2.872419717228042  2.5305080237973603  2.7139084150217605  5.318267382907707  
4.5759628925815585  3.6903286567766305  1.836994582138621  3.771304069681492  4.102662637628163  4.769031360650068  
0.7106177093366093  2.530724837563382  4.891018653239592E-8  3.5851429731242677  7.447629661441956  4.917415768131293  
3.781624409054678  2.4927972942236667  1.9786801623208419  3.827665534048083  0.7257768616884274  5.593379837454419  
2.318248262783529  5.186794444627659  1.743171191314066  3.997193540221845  0.5756443871564803  4.532915879351084  
5.388654855234874  3.5386984107447352  2.620967251315924  2.961793404750722  5.063066382159915  1.6505078775194757  
4.719203944317119  4.296426206466955  0.43738078588675744  1.5679795041952718  2.302938976499725  5.649411464081502  
5.254325326438215  4.624405818657574  2.2455535961314816  5.365053857812873  0.8955516794563391  2.4397907111079307  
2.74291362298013  4.611566222887124  1.9387162633813368  4.987579277610478  2.205462414203194  4.69697645780073  
4.329054259662927  3.728275110708218  2.870892430823268  1.4361674061464627  4.93562688473285  2.8598939979044693  
3.986478101607376  4.336711549959073  1.8503195788752107  2.2411912831773773  4.616589186670232  1.5942263229966468E-6  
5.046481305052882  0.7188821947811977  3.0249804070792665  3.7968288741506346  4.274944640754081  2.229078906634225E-4  
4.538222461677517  1.1542001127619868  2.265157492542446  1.595116224904623E-8  5.777795864071572  1.6872948071628184  
3.819454371308267  5.621453005942284  0.3294663039745573  5.121937860866822  2.9778187811342485  1.9922180615746402E-5  
0.9690364895086366  3.202186442466596  5.465963154179911  1.2932869988945117  3.788569274197635  1.8887811046467304  
1.2142257379385806  2.2525138917206933  5.098816332386931  1.4399602743474986  2.067376362551689  1.9077092702458147  
4.913027096669769  0.01438137796000713  0.5783898715205125  4.0350255009930605  6.032914776643258  3.15802975965384  
2.664206988423063  3.5729962981465717  2.847572968306215  4.495448000992704  3.03103957411429  1.8934401026039527  
5.951579055990257E-10  1.1989310308754086  3.2792678316069654  5.515861659865342  3.7088408918342157  3.5830721404784565  
1.5743794361705845  6.0249802098311065  1.9395646011725665  3.1762523098414333  1.8200369986856393  1.868558438952845  
8.541336486658963E-12  3.1125667115249063  3.5321310005901707  5.139473117231974  4.884826491164765  4.357619453551224  
2.672217493540229  3.2504954125078696  1.2313257537091913  3.380714435409075  6.0263989123922395  1.6992234976050957  
3.8593456644379267  5.443366969234667  1.7144018063522778E-4  1.910986818598939  1.3908073246274293  6.494182312725001  
5.415638982193366  4.1861244954180865  2.828965568884071  2.89991781333024  0.9100515447225325  3.8520391464642003  
8.840502795901502E-5  4.9265851299590215  3.0341014741821066  3.644316324889825  3.343172548919389  3.927326596636383  
2.698731887002386  1.6652802012346961  0.2826796329724613  4.520089661632563  6.9203843367791285  1.961192319657258  
3.7435981738009354  9.768893410878986E-6  4.141597638099832  4.107413767012131  0.041043828443318484  4.650171719731871  
5.282385188648473  3.976539072793134  2.1137242544281056  5.773335410305418  0.08785633816667618  1.8445834217896497  
1.8857965428622854  2.701964762172246  5.196230453761538  4.433596487615973  4.8720303450732345  1.7522266084475113  
1.8734324013618309  5.615429524958902  3.49387344358866  3.0827953380031827  0.6831521541227944  0.801836883253819  
2.8658599499195027E-15  3.6174818159154034  3.5838576298734157  2.2726516188498347  3.8534491499953805  0.0016784479982107849  
2.1020089985925114  1.856974842135452  1.3988328388488738  2.7582803932782864  5.6318973037107805  2.024537098126881  
0.28290200443981545  4.034425006942228  2.391304053024378  2.5715756809139543  4.514349147386906  2.7471271008499647  
4.104084211754284  1.8305045333821481  0.506406624090059  8.39075491591604E-5  5.491066291068511  5.229071394272715  
2.3947157134987793  1.8125466822285572  4.89748948414947  0.05307723574342474  0.046748519919921246  3.2104401142361474  
4.4777557083618325  4.076698238736647  9.715309207745245E-13  4.504531723585449  4.734603856069359  3.2204370935764226  
0.1954131812382112  3.7513432645213216  1.7539629921908586  5.101499908913094  2.438937532755866  1.0894421787003439  
4.479332751627861  4.374845576881463  4.019828005387727  0.05672870871815211  0.5377484146462406  3.2984938988600945  
5.387571881251908  2.7108058194588622  2.1230427661278535  4.861951470392827  9.97271961410512E-4  4.539595462814723  
4.167421309472708  8.104726209860338  1.1224740537845115  2.0745226276884243  1.0108470215299479  0.5793816879820397  
2.1290879429248486  5.0602074505719035  3.9170353447292876  0.059978747121449565  0.18683681859608567  1.5727604369416062  
5.296385317918519  3.5944247984481863  2.6383430569507187  3.0891838794643456  1.7801616645141365  1.458188295484215  
5.124797813547563  3.7418901701487375  1.8210336054907832  2.3359581896189527  1.8418829630126132  4.444849542766095  
2.2009174695785694  0.8872557307726625  6.005710404271769  4.064177841548125  1.9836288572249723  2.150278580863679  
3.318912904940892  4.644813365512351  5.389826977522037  0.037134627480846845  1.0391370310207495  4.168445392446354  
2.38763924691918  0.7382183125169174  7.309959577361723  0.7013215374694423  1.0505916959085797  1.576481733158891  
1.7804033869932068  4.360152141171325  4.673399915346198  3.174658123327672  1.233820675147672  0.7514997091500334  
4.8438361030806245  2.206823184200922  2.053937196921962  2.42686975791409  6.001802106624206  0.05918145234725308  
4.3850623421639  0.15149952178765547  2.701155247965239  3.4091842117390465  5.179147767321208  1.590034144537016E-20  
5.189014801063339  0.8534365224983615  1.6752985100177513  0.46860149308091104  5.9663351636482576  0.644334020896755  
3.3414319505632593  4.835259996407845  5.36219245503931E-6  2.1826333150924917  6.136511487437595  4.9784246547343125  
1.3541274033649098  3.06436957051522  4.108248743807907  1.0240723325199876  2.632502738406306  4.270565823263013  
1.372282090408991  2.945112390161274  4.292917148075236  1.8266004703318228  2.3761390117779677  0.8294014244348246  
2.0423989140948557  1.2953353394464822  4.901476630499498  4.424244631180154  2.3142977621488736  1.0329748124712532  
4.03688752449839  1.9991383689455422  1.0759324114445223  2.575207845558635  6.553253835088738  5.126304740592907  
1.7312510733742588  5.215530898047326  2.286281493825154  2.1059470231813617  3.359766919401765  2.4619512626349334  
3.489918871360229  5.264538956929674  0.9652324846759641  1.2284158632083695  2.714218508623702  4.587732918083409  
1.664886704707727  1.2046325043216706  5.640372053640726  4.2051720228848595  1.8746520798839976  3.6558153426576365  
3.889203371511134  2.5683190306396977  1.0316917074646013E-4  4.419921826127816  5.8548801004411715  9.782827132296065E-14  
3.9617404794003285E-11  4.802678080324047  5.01501626515932  0.4696238284197623  1.7547048419268365  4.799048850250559  
0.16557890327074237  4.681980979247724  2.0940357028935472  1.8730344112471724  2.3086360033437514  5.957184037068429  
2.218687445871099  6.707395634180489  0.9212494811233608  4.467215908133019  0.6483032933550475  1.4694357853442712  
4.532975671258011  1.969084039669596  3.3534288618739825  4.3142765064879045  0.8815899428743765  5.648304823810078  
4.762385994245903  5.036270834427313  4.724434025376518  4.774565675550845  1.7894432313053739  0.17178761444739266  
3.810886676890161  3.9717215894321742  1.7539531110382038  3.6296397751214515  0.8104296409058601  4.7379496605319344  
1.3502758314677512  2.816780470984046  3.7468916764718188  4.3887776783367745  2.456104827049384  2.1092893691374868  
5.7307630472581765  1.1062974722331747  3.96415900821538  2.6095394437170762  0.5107582007213389  4.2167018667190845  
1.2254804554373997  4.068498598269997  0.14881348608534153  5.454397466563808  3.55194508064535  4.3846869762208645  
0.13644051672818996  2.687415100027929  6.269182599597763  0.5787031280457453  0.7798857446971051  4.248497640888881  
4.596813229418024  4.531066259418938  0.019943672988690223  4.915309965771842  2.9408346792963878  0.2319452773055325  
0.0017586381993577368  3.755723141137603  3.7305352490844736  1.6630272348556905  4.023521912941192  0.15005617891570303  
0.28968671111570715  0.6839065648871294  0.84135087790208  0.503148653460389  7.720435363964903  5.466912030768825  
1.6983546378496563  2.4910184229940886  4.046450050670636  1.232012983919779  1.5211958450116685  1.0554200814145567  
3.924907314856851  1.4859641204932736E-17  4.254010090843503  3.5969149416288237  5.177498074068376E-13  4.490576379445205  
4.707285422663864  4.130493302645927  2.3876758933448605  4.893950194505754  0.10654105351907102  5.446526276430994  
2.9646094097351243  4.304913370135326  4.305768684398766  2.264445655811895  4.222377897290456  3.504330563957988  
2.7058310150246205  3.8064581725502733  0.9115986786003782  5.789240104626229  1.230489776874956E-6  1.775878128836841  
0.9253464188502221  1.3855395190795003  3.843678359003256  2.205521148983088  1.396981800531275  1.1323402362590231  
2.265097554078891  5.736473048604155  4.947412166257665  3.8895941313013364E-7  0.11563649361174423  1.8123393647709058  
1.0825096140865826  1.9795149277469553  4.203262686196315  0.6427052030532158  3.613486286577866  4.983075935085264  
3.2178670069681004  0.7804819861686151  1.7066845032557971  1.3573342400766408  5.2763880563879955  3.5271891168344136  
1.2200796592666827  6.154418294695264  1.4027910466128126  0.31499775681373154  3.421348277761312  3.0273012523324248  
0.4211633919240761  1.42402485158182  1.9100226369498068  1.3301483528220632  1.8332982132646922  0.8714128288096932  
0.9732082315019229  4.679198513331679  4.114028568441355  2.611731252060404  0.6380972599819045  2.273840651520228  
3.351803717204008  2.530135789532012  2.4584435773100846E-9  0.3642895822327149  6.092239182831007  5.987868088393588  
0.6805648688791716  2.847748768419023  4.151450444904237  2.942674415720955  2.7655374636155288  0.7392844697045925  
1.9542047347190147E-5  1.7994683872650021  1.8640307785015429  5.638467454685054  2.7532287962810704  2.665163594498834  
1.6129735100939253  0.16869703702698985  5.347557244879659  0.11652249762679909  0.27944571055850614  4.791874316485692  
2.9717385220981076  3.8586477553774077  2.189601328969226  5.722336682924784  0.9815377323289101  1.2695596956785273  
0.9947590023496375  4.960364694972775  3.583896761883714  1.1313551329151723  2.934653087195638  0.2980647060057687  
0.6266585481957581  0.532096619471062  1.7619251274285395  4.988495718005544  1.4026415846039642  0.8988230175046763  
1.3811564645829715  2.839346390293731  2.7668270236164427  1.8551466750348113  1.073326630933799  1.111591311562417  
5.585121994845108  1.5960613366817236  3.3111788476673616  1.8212911083003825E-5  4.803685556739518  1.6056680111408401  
4.241643261949793  4.066020823813918  1.7009580628728262  0.8984655080601933  5.7817112433035245  4.39990293162896  
4.881685922488032  2.4532299729727893  0.8062311241462646  4.5391224939536645  5.129005115808032  3.4524142321719444  
4.83691364985356  5.520690457837078  3.188487275332187  0.24680298146077667  0.5360166899780134  0.6775884758213853  
0.2713412842338361  2.5988936884830776  3.847970326452865  1.416117435277368  2.591542180928206  0.9804497306946522  
0.9377210905284563  4.180709760776698  4.786396566117445  1.104549335499923  1.4923716286864988  2.4014506442321446  
0.0021351237193027463  4.224679383810922  4.360010999970179  2.8708217546670216  3.9378659192013346  1.2726367605112332  
2.302725699293913  3.138549567690416  5.005125724574385  4.535010238019023  0.0016212384162727694  1.8089614998474963  
5.948882214147304  3.6077878813366833  2.509593955166858  4.948018222571193  1.878605023203215E-13  2.49184035001279  
5.164386991856266  2.1695165267233696  1.1951959079048993  1.818181920720923  1.398036208338122  5.782987016971749  
1.4280263294201723  8.14608464582983E-4  3.6891591887781905  0.412868310075269  3.5501371222907747  3.9430653223147054  
5.731612870553738  0.7115748067538383  2.5639567456668275  1.0047276109358532  2.535997251044778  3.367373294863851  
4.3215551823221204E-8  2.803500853889161  3.661747024247146  0.9729117826764886  2.7475032836324904  0.3779764914934989  
1.5001241892069317  2.266363654166249  0.51594435972145  1.081510963968859  1.6847374270019468  0.791439379170286  
3.750715895869044  0.563019781831536  5.7028541592427  0.2842111246765697  3.9768380560729275  0.9957895161071139  
3.8205733235403705  6.803531613254987  1.726476015403481  1.079296857897684  4.540831032278045  2.8548741311996912E-11  
5.134658145939413  2.816881569634783  8.846665556558155E-4  2.1659930281287516  4.2672878015852875  3.5745229649342982E-6  
0.6798092362431404  0.5360215262684952  2.5032843678386456  4.215073542237871  7.412148071669305  0.004026248371940741  
4.823796659987405  2.276640897787111  3.351947592544934  2.759091249327007  3.045871269232671  0.0016839184606284548  
0.8831283897304054  2.094176051892735  4.790897080035107  1.7807088571350325  2.426906334549618  1.505835928885502  
5.156496373489756  2.0159401848722363  0.8744391997972273  0.251361731030234  4.322781066287724  3.1855395468983247  
0.05534482059965452  1.336335221562401E-7  3.5469138455392657  0.6895037128783953  4.482267308418718  6.11948963055117  
0.545381063989926  2.940686021827559  2.080628524158834  2.6674452168246807  1.9560602114113765  5.303832909692608  
1.8438864527268954  1.649196908085947  3.7541109987222536  0.4309991255080026  0.5476890718508661  1.2424236763703256  
0.6356405807454892  1.2521286594833876  2.213853015264267  1.9989110467389175  1.3662694918462204  1.0565566499409305  
0.9494042247426371  1.5375156412526776  3.2700258220351666  1.5885459115566691  1.3877534909794018  1.036215969857529  
0.5890614916326795  1.3208335125976973  2.3324480342664295  1.3801794365288313  1.3105747483529155  1.231653772721307  
1.3817692650832771  2.553056076510673  4.607235680533116  2.0989601643886546  2.8282935679861207  0.972609467430519  
1.1448781072374359  1.3697070222459606  3.5570754478036477  3.49515431194128  1.9685090824173812  0.7679096928752097  
4.654639922037228  1.3344854100921784  1.3491650574739669  3.4632253579078847  6.103725946776872  3.7342092390316375  
2.344935524293217  1.6919098840025066  1.160569468152932  0.09354488577589916  3.7228065121133325  6.93772022091273  
2.281872648268721  2.992690212133117  3.071765075966949  0.7875573726364999  1.5226173854478204  1.0694871383806692  
2.562923639994356  2.369465600799559  0.7065234694419014  4.739628980937594  2.3820305395789996  2.348524646491312  
2.1235668051089664  0.018972080858307653  3.067333326202033  4.65015180936612  2.253788438375846  0.41919457345788486  
1.811395134063218  3.1325176223740554  4.7944615888899  1.2170804868232037  1.3087787609197068  2.960409746919582  
5.340693364139699  3.077846686208247  2.7339830939932823  1.8142139479582822  1.272703383288192  0.6992732379479968  
6.5989705212926E-9  4.455180046653749  2.445866175584352  1.8807949936785349  2.2178246698764696  0.6275160405047848  
0.308300040169035  5.124796173787586  3.134790915754481  3.5357500518688667  0.9593320738507436  3.7233531501998227  
2.393683882601109  5.36825179922846  0.5856430860684597  3.7313551959081135  1.5935917775080906  5.321980065171162  
1.1385234860727906  4.313324209745271  4.6101472444243905  2.051313339050667  3.4195107645685088  1.2658800270513817  
2.3312283726378125  2.9739622712384244  3.935224738254308  4.4006959861698105  2.0150138282198915  0.8224363923846157  
1.9853789579836765  1.7457874007451928  3.006478185276146  5.355488137239742  3.062364443667945  5.56789135619472  
2.7231919492968863  0.07218955988116413  6.884831314362206  1.2518558911897924E-10  0.008025466800274916  3.7413175646073236  
5.279980225218871  2.6581596054330885  1.4919550052288388  3.9431902093026174  3.9042024577101566  3.9415144148555528  
1.185274788028663  3.3601965849619915  1.728673735267961  0.8069562658311012  2.2087103466333793  2.069905493596517  
2.0933736680155213  1.3850666665639833  0.2629960562742805  3.834740784119752  0.25636004222250647  6.612983279640747  
0.5279720683056959  1.4234553866915745  3.8617164024125024  0.33810901974577656  1.0028703453518872  5.135550919679048  
0.9350693859256536  4.876152595908121  1.4160073990151036  4.486703138222453  0.807009045742549  5.017944275009579  
1.638473238939247  3.299660203478052  4.582367561525743  1.4191247656360806  3.3351491520825407  0.31467510340167104  
4.722423875694579  2.7159145543145584  0.9836713634766376  0.9811610491313931  5.97094724770719  4.301674182493211  
1.824506978552784  2.931818211004429E-7  2.638071719379428  3.5779788999597915  6.9974815149913905  4.123358316267463  
0.6389350072942538  5.270294203124247  2.8690098774468065  3.3366744540252022  1.2917137736945552  3.138079284240902  
4.439897398661495E-20  4.503941853897847  2.252296278213927  5.462404088159062  3.1902333181359297  1.8797335567147044  
6.35271226502438  2.0550892932991363  2.905854931900639  5.205013207970426  0.2606140653568456  0.8772287820017479  
0.6200138724551258  0.9763979209835254  4.546335760231855  1.937845820358603  3.3289212744964947  0.7100668019051449  
2.91860510513578  1.8133134418200039  4.324228077902698  3.6722041132142618  1.3764872095689529  3.0868793558146415  
1.490901723949369  2.1485890945253905  2.318904692012098  1.0563166571954372  2.122775215426615  5.342132647250239  
0.08042362632434712  2.125076038012738  2.613679018530591  1.190658574313681  6.509318232506639  3.7090954876340096  
0.0925810327894143  1.3424767120522108  4.142846427837184  1.512064613842385  2.740709601594144  1.228453207380182  
1.0308879703472618  2.781183274296325  4.137391764114278  2.412802996510748  2.159214433180998  1.1212774795491802  
4.413680717320073  7.869310080905014E-12  4.9077394625156225  3.5186025902015716  1.0471818704558387E-9  0.8538950406732401  
0.7177987892885365  2.166019956132294  4.2192355136552875  2.5722712031804034  2.9401467534428036  0.8564028601087073  
2.2065259265694794  1.9208809975543553  2.865800293847659  1.9088507797339096  2.857979567349611  2.8995639423521835  
1.7458798361177839  0.33906090483224227  4.669185933814736  4.751458416585875  0.026979817101820645  4.948888804202583  
2.8822590886076798  4.272713058497695  2.8892131476460485  5.3322778525448085  1.4245306202489243E-12  3.0559771222313916  
0.6308044746513816  1.7008687639983686  2.530838122987324  1.1167545176604232  1.6976012848325988  0.9121761882524374  
0.1431445911983341  2.4638558469245706  3.4961480419615554  2.2635366415907647  3.1576293952190064  0.4745513174070193  
1.8514509397407948  7.288813089581908E-6  5.807802474979776  4.556901793072844  6.582589546651529  3.4618430577317625  
1.3309624273420284  1.9889977174996365  5.006306761982606  2.7067638545580883  3.367207735985905  0.9482748609338022  
2.6070431359756485  4.801458982696925  1.996705926433662  5.619249488580737  1.0696531532906438E-7  2.890024545729751  
1.2745355580093147  2.414267936114807  4.620975233213699  0.8227519235808429  2.6884334195604302  1.691464061056437  
0.6076860619445955  2.0409728588479488  5.124843758250934  2.1798716798411517  2.962957743543805  1.5086655779782336  
1.1462481700524005  3.4990301272997586  3.6968699946579346  2.069413992984563  2.8416158682036223  0.6489220453275689  
1.3520371025542224  2.5982825351031207  4.623753625128135  2.410010700954601  2.4125943440464144  0.8850930913694263  
1.3082681871212178  0.24881252288534214  2.6896584633045655  4.6907514128127685  0.923078673015263  1.1332666415671695  
1.033533030977891E-11  3.4326969811390793  1.9367274830735608  1.3015393840738008  3.715905620629535  0.004882378633778198  
1.7342166966799717  2.5680551607399202  0.01566000409383199  0.6142310785086854  5.41099920368272  4.400246011392131  
1.7762737202541086  2.565411061243068  4.440463520425774  1.607075422005002  1.4795671167773814  2.2500663985109104  
7.052019270183022E-4  5.860804454113069  1.6001221956343443  4.824372250179626  2.3325602567174673  2.4322724936160514  
1.6198552633568348  1.9988018265962042  3.036808823607315  0.9111303868053325  1.525884485070429  0.940004071790405  
1.2063073286631072  3.2054935085759024  4.04563303528661  2.574177616719089  2.880390125072078  1.3071113434241874  
0.0450169135222027  2.993774472574219  4.105349532391462  2.3012074656694064  3.0474295548843218  1.4596755468911287  
1.5886217038645776  4.983360239514997  2.7785100655148485  1.4784496223877712  0.4327623067790994  1.7834800421516774  
1.592193522357024  2.0285106399601767  3.665492140598414  0.9830896474914258  0.9520671469924668  1.3733089041170854  
0.8761706568955915  1.8507507927450118  3.9187689710292783  2.0676016204851644  2.474108954414892  0.7073063031570809  
3.630468449065286  3.8153505077932017  8.836683363354328E-17  0.022475967595004517  6.087030147233256  5.929784002051288  
1.4400026460702373  3.2639139433193876  2.8786757094650284  0.5452342115041009  1.5722177038695417  1.0582077422031686  
1.5394680477088385  2.7124894262787453  3.780535238458022  2.0314984403896528  1.2280429803539221  1.5099124526939265  
1.390182115798201  1.783949638577334  2.697142678114918  0.56272848698971  0.8398071882682521  1.2190098815013115  
2.853966086709772  0.014066152097101985  4.501696784721332  0.4969398559023703  3.8018643451335908E-6  1.4932107435447668  
1.7848817278287943  1.6620984446763225  2.892755597723632  5.727705829355503  0.42499348268655457  3.0764382681014384  
1.1077426359764242  6.591933666193982  1.2721456586357462  3.422545834077603  2.1473930120133873  2.6528883428932812  
1.4418011695941848  6.007618543823918  2.5636371193641287  3.146430680211691  1.5330760481071641  2.5122661915720768  
1.09681621378001  2.1669430195651844  2.8120412362745606  1.6508587408014768  1.3778667994122795  1.019661195772997  
0.8916947102105367  2.0134252312538092  3.050154596891656  1.5615929321927324  1.9133727774710376  0.8075479848432903  
0.9278668630931569  3.4831566909233627  4.005806638436573  2.5285549618738465  3.0534509994333776  0.5936084566833594  
1.6703952740416088  3.2290839782483403  5.364959889869964  1.8657396335450138  3.370119725005859  2.2398954837437834  
0.5647378122434433  1.0079515637741934  2.573250411965529  0.8896948620852966  2.2655151645017693  1.0615189386950823  
1.7636518889334272  3.1994566087084397  4.717664864563546  1.6485538377205102  2.5089752323639702  1.6700495072093287  
1.7100994498782438  1.9820393205725868  3.7888869816444526  1.2267351856021729  1.8497096518938774  0.7737357499015043  
0.9435510595051753  1.3506700349522691  3.2108265878977957  0.7158518550600507  1.2871950490318103  1.1508999525140264  
1.3036690805291544  1.293841711645813  4.451126144688233  2.2139492412298143  2.083089206261933  1.5410581826982976  
1.9992219191769194  2.787678252754272  2.7726602398675837  2.8530765056149128  3.076063804625745  1.1493585208467252  
0.007503206696983994  1.633612362359113  2.2715531706565524  0.5366263962438017  6.106203279129099  5.962864616917214  
1.358494531995774  0.2893163227363886  1.6614173057204826  1.8776978520043586  7.062252619883893  0.27298343482487797  
3.353288022686122  1.2994846420899693  6.4870729510042215  0.5229129730504185  0.009469973740510125  0.9935442423098406  
2.7967146154816467  4.1926383730677745  1.2009387532603057  0.21884261332616103  4.6077529730661375  1.3146878369007464  
5.343372931753641  3.379561796360552  1.5731479959223832E-12  0.29475138638044623  0.6516016110973251  6.750292494878323  
3.807442369205078  1.6816807728496632  1.0405969475093668  4.713853959206759  5.4656015542604  2.154945966899705  
4.6292000759974625  4.494869973237052  2.286808097423061  5.609232560466384  1.4931986570499494  0.11562605394255329  
2.1459882102186145E-17  5.29091910699295  4.040966899909655  0.8685911737029395  3.4662690456149736  1.1652291086756202E-6  
0.3684101336442257  2.9053930127768166  3.4376308023365247  2.031212252503381  2.0827313228680455  0.8646510394222211  
2.194451378834341  2.7700315469809667  2.6096085525333494  4.814694559999629E-15  0.0018608168871900974  2.799168424978025  
0.3700833704865886  1.5731642198864086  4.905283953124992  3.006751893265743  3.886969554575429  2.393203745590394E-5  
0.7452656849803729  0.9056823737044016  1.2133390144830083  1.2606541634496944  1.5628112933971277  0.9449615242455763  
0.7132060927766743  1.4920003602339207  3.3133167366533143  0.8134897214788176  1.0978212721884546  1.5599905682664172  
1.8340987982008385  4.50192105633578  3.567265217150276  1.9721069746168387  0.29733821094609686  1.8529943516026046  
1.4479184333151194  1.9829797795377713  4.290133113571257  0.8798289321979259  1.4436198356675252  1.2403707024790132  
0.9345896266650071  1.0317437782334993  2.3141601777190406  1.7379241866305688  1.6204081848610787  0.9035389778958917  
5.984515056785078  2.6861600036623634  4.24145377604481  0.8183434606395658  0.0037908204616998713  0.562762109563713  
1.7853681209323886  1.8832068144397447  4.784070464711781  0.42225953740495303  4.0119869706584055  2.366575081899609  
5.082894421335139  2.889665450003917  1.855123185461838  0.9510499049113882  2.686877586070357  4.9818488772381375  
2.3188660437461577  1.315507227629831E-10  3.732980149348454  3.798970377112349  0.7881019847376864  4.660229450815291  
3.1458907982332494  1.1693445662243138  6.806576959352973  1.7003007582521392  3.0717494210299116E-7  1.488237291870449  
0.5114994980865236  5.761843605580972  2.1508992560897457  0.9987102578713396  0.9559763192838892  1.2589454743109318  
1.8752391758401195  2.6045880931323557  4.4110249801692945  2.1380780302087823  1.9082715592758375  1.154767495032833  
1.4586368545119306  2.8366473002598993  3.502598270192978  2.107133400541457  2.2834750128446575  1.3271934832087346  
1.528665638406365  1.6767797599079133  4.785667805304828  1.3889007821691954  1.344865969316185  2.6494016037266883  
3.635565310965269  9.227788871878108E-23  6.762137937742317  1.2764338040133836  0.0018961025841155697  1.114533882259106  
0.022410646265836588  1.6760365398228212  4.726177598302912  0.9782588681601438  6.069557054489366  3.249157609103449E-5  
3.9727509837314248  5.08306388152916  0.47369116993397964  1.5539559357783879  2.1864103653466014  2.369279215571484  
5.720549836718955  2.550179422441315  7.851922777781392E-8  2.209010227715666  2.3328440446340726  1.0665721102328297E-14  
0.34882666391306966  1.9484103898276588  2.3126754898779733  1.1513445733397545  1.7337622959433558  0.9290963202697305  
0.5869132410237428  2.3301351078840074  4.291016676520079  2.811289789092143  2.191789844728751  1.104216914327696  
1.5395054971470654  3.0324617396499964  3.692756575072697  2.3874817968858437  2.2258067142496856  0.853644186354791  
0.8369144013746956  0.43546950134253787  2.1653116694985366  4.217034958226458  7.367462707359808  2.9993129614031173E-4  
4.7305343244271265  3.1755485951719016  3.3896152185724073  2.572258105218157  2.923003603836399  0.007595346505321904  
1.2792845085297184E-7  3.884716132473047  3.4612014928610852  1.8674232804432935  4.064896449909788  2.01310037882507E-6  
0.4373245923248516  1.1068701553634428  1.522743485427101  1.0630832325851345  2.4073020516580654  0.6521771409778253  
4.659771025531929  1.9235218557251195  0.5087837855389098  2.230809105784836  6.092045166544251  0.08037583452236712  
1.7464567298806248  1.9333191160803405  4.852509378155825  1.7008978359945546  1.2439103956978528  1.7107611985671005  
0.5926473305002703  0.42280572673738803  1.451104327217487  0.6717070793801946  6.108660824820914  4.174090366148896  
1.3240677692655523  3.9176182279476714  0.523993669929735  1.0681191146853468  0.3708110263435757  2.1230384126641364  
0.7110480424195011  2.0847388723378115  0.5409221309678282  1.4548974213335826  0.4794871445327477  7.126059949388483  
1.4691538269987017  2.0559871963353484  4.128682675579156  1.4013132249895364  1.3515504641832112  1.9529284689508413  
1.9817012633237427  3.3112669251997913  5.219702733449962  2.0984683845877394  3.190596487788641  1.9119599434018315  
0.889094194576222  3.722496659727107  5.134847761897497  2.3105210490474195  2.142887205219317  0.2743351389375596  
0.7365756101355648  2.6897599302411774  3.2146460777752117  0.7344113337059012  1.5843501868614644  1.7175609977807136  
1.0492463536517735  1.3803023535760608  2.60400339668083  0.10446843961536707  2.946400782463586  4.687448194409006  
0.3792896116400084  2.528300719090063  3.453962192098312  2.282296693675509  2.092458933309472  1.4107774028939362  
1.7290127788980807  2.9135406153791066  4.425555932467766  2.135144304623959  2.339147785139941  0.896038207281774  
1.3936699560090478  3.310538473550057  3.379846547426149  1.6287006885745503  1.6789533932610885  1.221314303545394  
0.7232217832646248  2.159418436254716  3.5279059084047106  0.7675642659357792  2.237904771648012  1.098137839614667  
0.8266037968638611  3.0054714160323974  3.0202777513958186  1.5371583264511997  1.5086787006913904  0.959670433371114  
2.387401038996625  2.660657421895848  4.645730612576154  2.818235908887174  3.0368404180374804  1.8367017585096173  
1.7299722888054876  1.2806103820156185  0.5842395073546771  5.9722821389114085  7.357489284705802  1.9580028008732289  
5.72767076806231  0.0026422392894289337  1.9363919197616275  1.318090080554797  1.9840456117188847  5.812633690063241  
1.346613433957691  1.5886634081653768  4.209098195429451  1.4794391916981615  2.0207011812849314  1.6911820169501173  
1.5136731189305987  1.249981587669084  1.2644859196903138  1.0830030038311684  2.955033904182906  3.851626489410644  
1.87249812678884E-11  3.4040323313223E-5  1.991886690342273  6.8473922721198734  3.260838502617829  1.1256462475074283  
4.574649659063646  4.41897665415926  0.23003125143464087  5.352599189304417  2.9350085932093597  1.7661936978407307  
1.2977763148135033  2.9103301293980266  4.041061238421762  1.65840817538503  2.8059714246861667  0.6643933111751529  
0.907800846937654  2.1105051013956415  3.07916396080134  5.045162661383729  2.476141558694808  0.504480922966506  
0.7835461848255787  1.539591198880621  3.8844934733324954  1.4417121985848693  2.2837721015773362  3.494117764008092  
0.7421234302339008  3.341286100285895  3.1318508916465966  1.8186805223845421  2.5785413845027514  0.9789337658191765  
5.528532569707916  1.118261461500244  1.5603779019781423  2.0361661493760974  0.9408067810118492  0.6000055450911393  
2.1017769434913455E-9  1.8473384966423219  1.993139007072982  1.418007138382092  3.3239002773308646  0.21503641854886074  
0.5640943444790998  3.5838209805715167  3.5117372790386003  1.907149412027801  1.974008788779583  1.6272815414378734  
2.1758711165835193E-4  0.4777218865406569  5.479496149762606  1.8968798272708276  6.339748994923775  3.862364358876626  
0.5388004725821013  4.50644134298946  0.6998967604661712  4.1513653950545715  4.903249759917162  2.209466985366949  
2.4936968420918872  1.919691570321027  4.156945931582753  2.851291156088829  3.0629863056520623  1.0458143995606006  
3.0123777634183844  6.642795005308669  0.13218558589951768  1.6451895692975627  2.758839253780073  0.4667633909173606  
1.7878197588555285  2.835054608027094  2.4586478323735057  4.490735876726348  0.38614568701921714  1.5036199021568006  
0.5533107911222777  1.3272302031464958  2.7939733104819906  1.2145393601765657  1.531494355909197  1.0851575306838863  
0.4682011347381123  1.771658865287636  4.093678094808565  2.00716384032756  3.085982072546183  0.5995957437975388  
5.610149854538087  1.0532484148675987  3.215481844126724  4.095381902438713  1.9195040604494888  4.983284494939474  
2.77650128379726  1.3302377005819508  5.499228129750787  4.670499041333759  0.001895829335094104  3.9877932766069026  
3.21238928206801  2.5883460682046318  5.872930433884582  2.784333748400406  5.2431374936570005E-6  0.6607428258946874  
1.8981375590104952  1.9915026156015563  4.140728868338275  0.25094978764033454  2.0872385076596007  2.8165616451506392  
2.078084551918602  1.1988710553853146  1.46333295211112  5.60491049091251E-5  1.911399991542599  4.643176826462664  
1.235315979967633  0.6288573971928335  3.328287873356087  2.2815895083778417E-4  0.3919867544531308  5.609890625494685  
8.416427492886294E-5  4.927666175800108  2.7403558887066835  1.726751503088976  3.053981259376055  1.1728338305929453  
1.2275346775758842  1.8654134661615962  4.113842128786508  0.5343957788123705  2.5215299708815406  5.312609154746947  
0.7289679977866591  4.548036246617859  0.8361272420338992  4.645259117766211  0.7516380021612009  5.033224688290088  
0.62267991036514  3.5108849332115284  4.606172180612587  2.859206396662394  3.211513982050258  0.9483391459809245  
4.503204443502563  2.4501685925963432  2.2669249935632694  2.7061772905697032  4.819847475447475  3.3009605143528056  
2.153190258398307  6.166039772666975  1.4457702597926037E-5  1.1674538372844898  3.858639418771281  0.6822963366347178  
1.928904066409477  0.0034308165161667245  2.4373959339049374  0.3531801705958068  6.558476579620041  4.644347739530985  
1.0999109416803512  6.150761491765287  0.11791499158147083  0.9803695028526314  1.000527945839678  1.2552623329692636  
0.7486351082462944  2.3905453656970406  5.266332270475485  5.206041690174677  1.2782139949149725  1.2404986940887588  
3.464375986565077  4.323136971650675  4.592369775281604  4.435417133408659E-24  5.531805896046333E-21  1.5490197815271496  
5.9004422100552985  3.1498571769260426  3.8320854675184126  0.8551092346217631  0.4749553308821509  0.6576542851624606  
0.8106572400504714  1.5324777458581518  2.7555078410390688  0.8513000430878453  1.322474067285814  1.2107522493762441  
0.48920071672769017  1.766502750270302  3.734609242738689  1.5669998730306591  1.662757719726526  1.00513859595922  
0.6659479252437109  2.4144444160690277  4.194511516900092  1.5605472459568466  2.475238226803392  1.7105794502067933  
5.773550466080169E-4  2.592347483018241  3.4366673043173526  4.235161720748367  1.290645997219469  0.9237844639637453  
6.900373050699992E-8  2.8420984923770907  3.183810951994382  0.9758438082055579  3.316125938426703  0.26099960493932073  
1.8371523739970859  1.8957013102555267  4.834426817622737  2.2525100431214544  1.1564290258962744  1.4661749959870467  
1.5639526098161063  3.02161894134072  4.261315741004151  2.1133464463863745  1.7662610642568413  1.677700628998913  
1.4558893393532588  2.179386308811045  4.21745467051029  1.3634936715925352  0.9833053460081952  4.662413270766192  
1.5692457306792942  3.371171280080104  4.791555091556478  2.073826187929955  2.0639507734928677  1.4761933571077348  
4.468696109664325  2.3531596395202916  1.0236805770014722E-5  4.847944587417501  4.069839232964511  4.950123866662596  
1.8704478830102247  2.7312063004810208  4.917855987520193  2.277357546087109  1.9873768578874804  1.1927978866711626  
0.7463910212976311  0.6638593411415877  3.3115285755768595  1.5964904398772208  1.684541645413437  2.317767601791157  
1.3002763388719771  3.590776628258087  4.367131162915783  2.8133828655133515  1.9632983598052942  1.044011270509458  
1.271812900875467  0.654622221730157  4.124980930987945  4.814371669926491  1.76207180670414  0.9053392095642968  
3.5296326511106892  0.32515670884089526  5.909903570376875  0.6145988058191089  2.9996805195553216E-6  1.258027528808847  
0.595061059186105  1.2748538466577075  1.3430716523340682  1.025498293750619  1.5428499504044384  0.958433816518652  
0.9388507858551264  1.3111344902513897  3.945095113234259  1.3734448504116767  1.4122948333323895  1.236130744555842  
2.33811866378383  2.456402222845255  2.685978733436371  2.05016693633385  2.9150969741236965  1.8094469257754413  
0.3936075102684183  1.6702018954986584  3.01388235516272  1.4941399108603066  1.425755304874664  1.2566337034500632  
0.9239085147313004  3.098842014723415  4.77016181922617  1.7471770710640993  2.2431729002206797  1.877739917053968  
1.1462477024976  0.8500419245984072  2.482006689026294  2.183763804584084  1.4568015567998  2.218155818689289  
0.9787973486222095  2.690665112419307  3.0788446308179194  2.14923951560355  2.2891307327204937  0.6394479775672198  
1.5798758141182927  5.014509925412392E-14  7.02585252215133  1.022134730994512  1.8387364118330514  0.773775354472718  
1.1196814711942398  0.04432820888160545  2.699617904415926  5.674076551673118E-4  0.9268622823238176  6.408464004244848  
0.10757015489735958  3.1715812022231846  4.467728630985132  2.204509462228939  1.349240103444034  1.7944188126664424  
