4.513786745017448  4.042179762784503  1.436887933467398  0.8999060212973724  2.651154308613044  6.308305538374901  
3.2718437495758104  3.904396343816618  3.56936580296436  0.5318261453821659  2.7778132167396277  5.547730075361868  
1.3626782326687152  3.3314204767516022  2.758010112214397  3.884390419294148  2.851626101783372  4.294089255311673  
4.260468709284205  3.562627441470392  4.058211409364175  1.254145171305942  3.4047340978541905  4.057807642424338  
3.7449448835622388  2.9031761744387694  4.02406429384379  2.749467134946564  2.222099906936676  2.628133383066318  
3.325634576370481  3.485180509421786  2.176498434407058  3.408377892884194  4.281261165927269  4.098381148736662  
0.4541979136198649  4.841202392167293  4.7025998644977705  1.3214282092450726  1.6056169601618717  3.8508564281217206  
3.880978450894775  4.296942654684343  4.128359649142062  1.4280726633236542  2.237246240909022  6.1071856442845025  
3.2220276014541707  3.6504112494898537  2.885700088896409  0.843671487286381  3.0578534772546964  6.175785926733639  
4.486469165270727  2.2351060835099297  3.446074834871826  3.2462816073974  3.0208929924829007  3.7580462948104634  
5.403345523591607  2.011893459037839  2.2154314756499773  2.184562257067502  1.5490797703628478  5.029234713084397  
4.6919088194265655  4.831032996916733  2.3574788245480782  3.3694847254626685  0.4056946969578629  4.8695177934240414E-18  
4.588813157843301  4.264415551946433  1.8320791064284314  1.8700350888616954  2.9473972071938737  4.318540878718379  
2.3169355587082463  4.115838201861458  2.9946642451290373  2.230069027496035  4.353234451441725  4.468624798478609  
2.225301365988834  4.120510755831942  4.399315973913111  1.4884290969641816  4.0130755433157494  4.356418987574899  
3.6637924294709703  4.0577930020967345  4.06255831915774  3.6151868432885315  2.6404037163020435  4.762032157147594  
4.1754407091467485  4.398848192290553  3.623634526674603  9.221938157116201E-7  3.345604583803405  6.0687636568267775  
4.073495420920925  3.838265037702773  3.5759486353866388  1.854442877468403  3.258718329071025  5.422349476369389  
4.351166777109845  4.707762990047431  2.876564784688438  1.9783283350532312  1.5442402214102091  4.725414862677973  
1.3935202943292686  3.568531088308365  3.9883762908548297  0.16444688935554877  2.993669684471406  6.072457312241577  
1.3132801123185316  1.9326081511128732  3.1879814088829646  1.986692579317229  3.760027625999401  5.772774616922573  
4.643527806103163  3.8144158614180794  4.796146731209693  2.2860886090539414  2.5884335960165568  3.227674662925506  
4.653159777029328  4.308755031504684  4.422634315178087E-53  0.4894775642305506  3.8410634571895366  5.783946146417364  
4.923223624495289  1.4176060147215082  4.458633838137056  3.0669421705622146  1.6457574696921917  4.561733377957338  
4.095560860476904  1.6678858032610757  3.501346346508764  1.305212840591839  2.9869075954525655  7.073299518269104  
4.349153521820686  3.2588393743751585  2.801715875733228  3.251086907036225  2.4954216212161113  4.086550834676845  
5.110905139567664  3.0841864826245846  2.2518322951774503  1.7310293027084078  2.2124463096309603  4.063454027684608  
5.038253774535144  3.2144343567794293  3.2917394287285973  3.1036444244964274  9.163302790462053E-7  3.059305869114742  
2.0732010106819616  5.065720718690122  4.217849984137961  3.5139795293015355  1.6144726437280945  6.288519422062088E-38  
4.489808566319706  3.450151407105811  3.4217700904419  1.5177987829199548  3.321647409091173  4.276663498989637  
5.339581784140087E-17  1.4910563578495493  3.7714188361918426  4.745074247801178  6.150052120470439  2.09168348882946E-22  
3.920881794211462  8.104557293861174E-10  0.09283879567207627  2.510394832782778  1.345760984187577  4.677025035372609  
4.317386874185395  4.527026049862873  2.2971828911013072  1.490613481773129  2.6804354172170215  3.3098297032660895  
2.9891347306951515  4.068405842173167  2.7336469427642633  2.274426026709107  2.9075233734171735  4.881609541505515  
0.7875217367781766  3.3769703052611812  3.9407379907834574  2.864098536667904  2.5070581832845464  5.863045787672481  
4.097315345352807  3.6054732082798058  4.499449231655953  1.1567014386508832  0.279645563207252  5.653157207225321  
3.6362386866740684  3.9715801111570306  1.7756755478421435  3.0552477095827504  4.4727809295249195  5.789220576622964  
2.504450904004037  2.8178188543757097  2.8934467240634523  5.381674952806358  5.494162905782338  1.6205895773028904  
4.289179841210141  5.175386889278531  3.85712673475494  0.31492003755560966  1.4188644983880487  5.871624013114929  
4.865321548827553  3.492734815083117  4.729270113041166  2.24523267295072E-16  0.7629283627410227  5.3701396276812  
3.3782379718995985  4.651341282248916  1.79682355192197  3.246154786352246  3.8244929962016494  5.227989782640706  
2.21923553829708  4.830434439571587  5.983330205829222  1.0406102233032057  0.8424488812741272  2.01620692754596  
1.2570089577845425  4.1957977009638485  5.435204461580769  0.9832412054443909  2.261737467149826  4.63289688928774  
3.845355776244216  5.9210652017216825  3.7728275556257924  1.3220191762104003  1.3072612180771329E-15  5.5263221193514465  
3.442136876307667  4.195760865357778  3.070218012500166  4.173695632847184  3.6265846262915105  3.652815921420005  
2.4137312223311826  2.6198836074689764E-17  1.6368081859753347  3.9018213196574725  6.37931620721745  3.572853772045838  
4.345162175368517  0.25439828229130024  5.315492381073588E-7  7.643849836181909  3.992114206111301E-16  1.8038208092253756  
3.0129536715693868  3.9482566835544812  4.893146334611034  2.663387098596307  0.3597393302834588  0.004684817250775911  
2.527580345618219  2.9269734534175456  3.2880265442342362  4.996746277440296  3.0858743936097692  2.6387076061616854  
4.605951238663136  4.230315969574603  3.6722619690739657  0.8977666097538209  1.5773820387937756  5.811686323760609  
0.9758787192544209  0.25085376354752653  4.807428681394444  2.38439746787048E-12  2.80175305370867  4.397056019869654  
2.724464449749314  3.7238432230639664  4.84621529379812  0.584783299966967  2.636080326000271  4.927037854935052  
2.612427675571364  1.2347962611057737  4.532403830816606E-12  3.1588633680979235  0.22669597432900374  6.876544241642722  
1.8113529402415502E-12  4.709596115832107  5.406304675275731  9.87288268071682E-201  3.538619134252318  2.652827583084666  
3.881318998553309  4.919309219177829  4.668541484550315  0.18950776604692612  1.4957156713021145  5.300571182534592  
5.791103963141458  3.9024196667497353E-53  3.737741268394689  2.7523629199359734  1.8336160182423624  4.722180811463551  
2.778228312559384  2.2114097914756403E-27  0.0802251741846357  4.792637580598406  4.546902202775186  3.81600306166569  
5.629712187645404  1.1181693169734602E-17  4.310335644146932  1.6158211844690695  1.2106434297409856  5.720168897469484  
3.9658849454966325  3.3551819991755734  2.12738790504396  0.9257073477778058  2.9001778712428776  5.68187813623556  
2.543007171849659  0.12973248685650496  4.7370836428302265  6.364150169090041  3.425385704270587  0.3529100600177949  
3.4528341842021315  3.00079879738597  4.762307163892346  2.7624923475351344  4.386347081517095E-6  5.03476009135817  
2.086735405399042  6.216822383116058E-4  5.278919166682166  5.573049486336334  1.6525111177659102E-9  1.5692981179154637  
4.982965001587561  1.7726271567358487E-12  4.415542829629347  1.2284756869666167  3.156063417447153  3.7812649319610725  
4.615595577587947  5.435339094612454  3.831250949444707  3.5804168328954358  7.578681975245465E-10  0.037458800844731834  
4.526433382023969  4.4289116394722  1.7007074198935896  3.503270086322655  4.5945980257644007E-259  3.516310041853098  
4.7083294114986645  4.721342828221258  3.822323428670814  3.5352883103608663  6.180282042132442E-8  5.674502601354196E-15  
5.597192403567982  4.4370814092162325  1.3659956569791446E-9  0.2562492690734772  3.139195397935284  5.691604194889656  
4.8565743320088814E-54  2.841535361969308  3.0828187899258848  4.144231663021228  4.6926341667681815  2.289934400476515  
0.8313409470467744  1.118629848515616  0.8216205931776788  2.5220203391507714  0.8634426922553381  1.0780510315529255  
2.73471743352783  1.2235286522406491E-30  0.9325873424901945  2.830503580656346  0.20603464356366272  6.628679256353455  
4.694747217292365  4.390312173532647  5.224577637473823  0.9874381588271899  0.8377086455813343  4.748995533259294  
1.941637402429953E-28  2.740992262633523  6.039858391800663  5.364739622244155  1.4258195966120413  1.9146914343845705  
5.052790751153329  2.9275303216126254  0.9350807439710171  0.5838051428943405  3.1166147015686834  6.109698513565133  
0.10447106503642749  5.016952145581966  4.187743401388336  1.3928262475213644  1.4279176785546028  5.061818295085602  
4.679500282196559  6.216758059105508  6.191273379882455E-43  0.7260333693125722  1.371516436833683  4.3372891490213314  
2.1981787980561496  2.604970395701284  3.8114874539789567  3.6857890933041975  4.1755392588271345  5.222479628090409  
0.2741121307863728  2.5765633326285777  4.845213091018829  3.063043653864674  1.6007051960133378  5.443698132923326  
1.754683575869815  2.0064228603339713  3.932451322342966  6.067682310798892  3.2123963383103367  2.876417145639269  
2.344589893449816  4.781004050113919  4.734145241884093  1.3338984323365148  0.37922212915429926  6.293276053107407  
3.5690867902659114  3.1516404154715563  4.462336240206151  5.322682372468892  4.816601533064323  2.2236684104507853  
2.7269408043842382  3.3260647626647124  2.351528348923734  1.7699270724228262  1.2713787199320816E-16  6.524641816710995  
2.497428165752163  0.48038477192325446  0.08579030595735535  1.3153309433122629  1.3082990128034138  6.714000352685562  
4.513228431935678  4.590981626869509  1.9039723379134455E-12  0.48883858238911904  3.8284387064957683  5.533043159800788  
3.3125760322842854  4.36775662633841  4.472578345618722  1.6630949876781398  2.844126973003383  4.211967465126126  
3.636568828377815  1.0586778918300312E-36  3.104282424685916E-12  1.5954551579114549  6.31715072544935  6.201101926613703  
4.236232409007918  4.668305202620776  5.151258372027623  0.657192872186215  0.2631351117789052  3.5001443278358404  
4.799873450417918  2.6214057233526473  2.2970297893006815  3.404171519264361  1.6094741983325456  3.4244240319827077  
4.064378544427104  7.257794384228952  0.005485845725165071  2.0974363621047245  3.817579159028411E-23  2.501593288327623  
0.4981259638247925  1.488557941991493  3.2103208505628564  4.13491245913069  0.5979878916949685  0.5016469707902462  
4.271820261883654  3.581831300183678  4.864279070777262  4.203840283439526E-38  0.5653024480952847  5.488212223457684  
5.046760064583084  3.360986152406018  3.27212725460976  2.3275454256632786  0.04051543651664251  7.168384348538676  
4.719942566588356  1.4053142621867447  4.139421311344479  2.4028499665356238  3.9794889662063113  5.744411735995948  
0.3199032746649766  1.905734736082576E-25  3.820001451941859  1.5512432193424752  0.4620107968028221  6.495843780793645  
0.6992800102493724  1.1887179810089366  0.8510308010363853  2.3678030706815987  1.092156897473101  0.9422014152099366  
5.647444911399397  6.1988966381222E-106  4.3770441316751265  4.957466792475335  2.371024913068708  0.39211016027265744  
1.0311548617608968  6.227246284508384  0.49343269536477447  1.2684950717037875  1.1327469678319497  1.0421419087872426  
0.9800105582459236  4.158094336738701  5.906926844407618  2.6214971447311113  0.12211898442496077  3.304237050776132  
5.359713956370223  2.1542362481148256  4.206278942023505  1.4652454230372542  2.155285879627908  3.7995789597754728  
0.7970556771789378  1.175846905386164  0.8221911499501492  2.66210128048367  0.9090209960068134  0.9423053325952858  
1.1602910401710453  1.2693489376998555E-26  2.423201100937851  4.332241530759176  0.22913059154413257  6.452834133771989  
4.894620902815536  4.726023268171231  4.434363821861712  4.257419055028959E-8  8.90708902860393E-21  5.215441609031221  
0.9295943302130215  1.0532136043507003  0.8330308615124146  2.3784979222244678  0.783012409305126  1.2097971813095165  
1.4638045518100557E-11  0.9693385575460781  1.8040493733508653  6.011056524326383E-13  3.4496112626467026  6.633824512416446  
1.3451433446941868E-10  0.4009701401357259  4.596213521836425  1.5273367557899074E-11  1.4362983302469092  6.340163249042844  
1.296582102180237E-27  2.6464454428660353  4.514399316713624  2.7173422009435457  3.939626857716601  4.092457364178861  
5.829479885593099  1.78954885432799E-33  0.18505950822228207  4.720030086294888  2.4311441908187907  0.8630163941628906  
0.5943247914339216  1.497458784293115  0.24981325664785772  5.0128115807317535  1.216123423285703  3.6802720962415263  
0.8851279018533853  1.0839390691734434  0.8444235357294654  3.2912696125976604  0.8244554095090559  1.3630752327763411  
1.8042439311121297  5.0182465342975915  5.675824829563648  1.1042072643488514  2.510681897676668  0.34566897999998286  
4.871030754318588  5.771103377174197  0.20428366251865857  1.9629254309479303  2.325704601589156  5.869792759209952  
3.819639067367723  4.533852355711729  3.431376348686458  0.8822653029343991  2.4453395332973624  6.21917941063181  
4.982813102230788  9.653644706744178E-14  2.4462445226772846  6.477900620867712  3.019167880959615  0.34961932248293154  
0.860449734295587  1.1149572596045456  1.0213279213055968  2.79462773274193  0.7420846309811788  0.9373937069654111  
3.147214412347716  0.013488332306912458  0.08869167727441384  4.886284766998151  0.10590997276787087  3.771318673632461  
2.735336265802674  0.2726573112149424  0.5121030311841436  7.152165068250598  0.10143498111155172  5.403219567330922  
0.6963073035080881  1.3176311827857567  0.0012685000515584419  5.5719681299304  1.1867447630039352  5.770552720734728  
4.160654389228749  3.3073591704701415  5.6696334238632975  1.1116905535253199E-43  2.5267356925473146  5.436664004472749  
4.3102454067762  3.9842300681445346  1.7908035217520504  2.735671449010346E-6  2.0161153705141848  5.040539924353417  
0.00952921445178764  3.67939668542623  2.8515117389699918  6.1841610656923125  0.6370289526191902  1.7445016425308653  
5.064461124060892  3.1707307510376705  2.0968786511054622  2.7605521274532308  0.7937952018893496  5.004528595531267  
1.0157247608212394  3.526993795735236  0.24836229965616902  5.648879461436166  2.894028976263971  0.33554440271971797  
0.6312705376881712  3.0238062031575397  1.388867689027957  2.3210912868160314  0.8641424455565277  0.7171492184893533  
0.45545875615146464  3.312982888192614  6.057623692977737  0.8742231416976107  3.5571410477559526  1.3237742433560846  
3.8974615105749946  3.126123237233369  3.075099760795202  1.4304579034472016  3.778278496300983  5.248192563260733  
4.913769389913703  5.15878081851455  1.4035653199259548  1.1017330747039826  0.577066607505168  5.271969138635932E-30  
9.403875883247201E-10  6.576481936764888  3.33938497899197  4.008907296238439  2.34350558360132  0.9792281107233513  
4.60832062329527  3.4391873818120295  4.176102746023872  3.260429136515923  0.3628971314131658  2.2042592117228258E-7  
2.1792877299277973  2.9916088145352697  3.1981673570729057  2.828462055081085  0.4307976368262752  0.7343499090247042  
5.056927330028845  4.923919908125809  8.519751649360492E-18  2.896759116840288  0.8157143904829727  3.6834384499095143  
1.8983007658889373  7.577051930945093  0.9546378372725106  3.586115830500712  1.4073810618344905E-17  0.09092812380507805  
1.1018958550789797  1.735295783899132  0.0859346692799324  2.976423145922742  2.5802259173443187  5.682430921087354  
0.7101291348512774  1.0270344106424485  3.5863386650119904  1.7559080702853185  0.9686911004967523  0.7038442290241275  
0.816468171624269  1.1382248775920891  0.883540222756461  2.1328310565555695  0.8758199505521481  0.9383305556201166  
0.7356013425827134  1.1466565052612805  0.8894129337028848  1.6227692226139048  1.1016668238823906  0.9227427784017782  
0.7258981348593444  1.1631809985762134  0.7929866415570023  3.263591050114975  1.3206557585121195  0.938096404924047  
0.4458513160254335  1.2997126176914915  3.3879931514226986  3.9574645710702594  0.6324146438082074  0.556691291216097  
2.463299614766976  0.007892963043911178  0.922048272241109  3.1842075716845946  0.42973430651801986  4.063650135250036  
3.233533671011301  4.29053140410397  5.745670951640444  2.4669972674943033  1.9216233342829838  2.929445221873961  
5.667293296264616  5.197263383315937  4.157045239627974E-34  3.265638024284211  2.019382710735276E-52  3.338862709326646  
3.0927638454483803  2.3080472225674056  2.4561093844774855  0.5098211403643845  0.35303962201823463  6.402594944308753  
3.2144561324484853  2.799996849603389  1.4772204854826843  2.185023459449672  0.42809781207211306  6.16164627734547  
0.19834764926628629  0.3702631726167556  3.841857428648212  1.8112605208515273  0.6557988924558094  3.8234075806092127  
2.853738597959492E-9  4.712498342667605  0.9529466977277149  1.3835383763095208E-14  2.132709359337376  4.359286412175591  
5.005279024949567  4.208054683164508  1.0380317692443335  2.030010671188348  0.5649425630363387  7.975246830290715E-6  
4.09783960945915  3.236472498855694E-22  0.007517299667596694  4.229793030792903  0.15246179825284029  4.102934982394939  
3.572974300860409  1.1570727225740138E-53  3.46061474901008  2.8467864774913405  0.7409246811119977  6.377641289354469  
2.5448842294745684  3.478865836483164  4.506945800335954  1.5106433077791555  1.7381190422022461  6.366586200976399  
1.360242955438301E-16  0.6300620729743488  5.776684806128697  3.0163285297218723  2.708500288877174  2.621142689722161  
0.7490389881461353  0.08277734552986296  2.5433899237428172  3.7780338761978807  0.31977944496241634  4.191935740981159  
5.5907333681529974E-21  5.860519093806925  4.670996070494184  2.6038325924902073  1.4688185006585728  5.493027951520902  
2.945284744858826  0.25523798700136585  6.057595592673682  2.963288115914873E-5  0.5407340109096624  4.438044317186471  
2.9976002858998716  5.475825170900306  4.637878910734503  1.7653638756191572  3.4998309474534834  2.8962599958337383  
0.5701394134992147  2.1887522240323904  3.1843559787852844  6.308073859928215  0.030745989246095073  0.6667192808200564  
3.518194459613861E-6  0.8437943308978341  0.44438885047723264  2.672182494510219  2.381770137431291  7.188518462088153  
3.350384481644823  0.22084625723715984  1.6902404303896244E-25  2.106002008686527  0.19201039044869764  7.651963329334156  
3.162165633123361  4.86169590730706  0.8694190868398621  1.1563094195309453  0.20805786184081496  7.314900523443234  
0.7866434847752041  1.1424361967794543  0.8695662605321576  1.9090740845684946  0.9475998027172208  0.9351442924266408  
3.359850743407066  4.636327695205683  3.462445177272835  1.178455128371285E-78  4.177553208930696  4.258463526950674  
2.9260446153619215  5.092444351381303  4.360674471019574  2.8654835355241413  2.2002991940802223  2.745808149574607  
1.6344688421924767  3.2737671731902195E-64  4.307775374840764  4.296448253706198  2.558544274287717  4.91458684177027  
3.1329275902710463  7.929860022275788E-21  2.8464148832725584  0.6170622848074302  6.3208340207756395  5.851217397489348  
3.65516231377764  3.9444384386062685  6.28656386687003  0.7116679097160863  0.4945814938626046  2.303716504548748  
0.7627957908933477  1.14176838224211  0.856782670274064  2.064635044523338  0.9393396333719486  1.0124860738876458  
1.3159218106097292  0.12269482862397858  4.926545096761942  6.454541145295922  0.05172384767874341  2.6605039434572944  
1.0442777134375298  6.443982348177733  0.5483871358710742  2.0773773013055935E-16  1.6165213516360961  5.882302007038063  
3.894190205682869  5.114805753015077  1.9114971949054176  5.756404038817749  2.9199472173286983E-53  0.7580065845930547  
0.6032126665504022  1.1945116771091429  0.8773591715361073  2.0064727598006074  1.1022315170735093  1.0184865922629336  
0.7950810715671429  1.2583641194183377  0.829929280416045  2.535148065156033  0.9365324861198836  0.9159705014338195  
0.2532121887368436  0.9387338169992021  6.368797745657877  1.9708890238822185  0.8666548945639894  1.1411403440783812  
0.8668713738053987  1.0232134917262359  0.9549466390504017  2.445365353625496  0.7703344356364404  1.3018801868492065  
2.145037725876635  3.5063076812095297  0.33830575582932293  4.36639398155977  0.03452094842385355  0.9279478457102374  
1.4478029001520476  2.050690613317048  4.1604873250541035  5.839048091536695E-7  2.1490123977026947  6.551793715110566  
1.8120504411537008  0.6005289866553083  4.858191338534549  0.5555635402415553  3.629286866123134  6.54111029197949  
0.7851257707620032  1.1237875851804786  0.855938893353788  2.0396363652804634  0.9197798793178881  1.053420996688944  
0.6733040673757386  1.165967765492556  0.8880780447337409  1.6696152032553078  1.0881533297715276  0.9529974880705738  
2.0985507668791845  4.01983464538447  3.5699272454693927  4.181129098885941  5.053750374177012  4.877762826925615  
0.8406879885331283  1.138721117605981  0.8768329751017817  2.2804663275566908  0.8381589170436352  0.945028358821125  
3.197357757795386  1.166736759151273E-67  3.5688714828959833  1.1251027971802208  1.1707798242745013  7.141041075547735  
0.7754591524664196  1.133383859183458  0.891890177993122  1.5369493590423042  1.1651745530309348  0.8996346179883564  
0.7892768017794916  1.0853245561836387  0.9102190671216807  2.8532172173812977  0.9015157275407859  1.1767905120534188  
0.8035097749294148  0.9483169006032378  1.1608738439220083  3.3867239367027238  1.2395347536241412  1.8738248483976925  
1.1132203264812535  0.9736845566007166  4.706716702116623  2.5295490062335046  2.8651693181793654  3.490871357749374E-7  
0.1982300016850811  2.7999711165501227  0.34945456820042675  4.649045219975139  1.4784471150775853  3.1731937777532866  
3.1536946529666214  0.6956281135442479  0.12041941138047726  6.387156247609308  0.027272470486607494  1.6000213593159085  
9.97308004047553E-28  5.851937691985798  0.5851396109019796  2.393204864461192  3.8711498549934755  0.7573174545448812  
0.7557793863206207  1.1397219753670589  0.8910214948980628  1.5744582264127842  1.1361189895656503  0.9105864994420876  
3.4996363607948133  1.2599447687945746  1.862060653484107  2.791666505519195  3.9859610628550914  6.414419968917775  
0.6835746015115473  1.0727175797260198  1.027428990380728  3.1576582958648336  0.9097583344173839  1.523615780785691  
0.8746147735194104  1.1007882286056039  0.8888290017043682  1.445508728797252  1.2366458965216847  0.8686835890967685  
0.8956951034410288  1.0942674333007485  0.8890094145448463  1.434786417686364  1.2446225896276888  0.8629302948348484  
1.6090015618744187  0.17530851235848538  1.901117579335759  0.8039591047928631  1.0929446602731339  6.25285181624557  
0.6863998339924287  1.1787255237859504  1.8247882380214295  2.8090764589132178  0.7412385072947266  0.7675019260472262  
0.7648467466933275  1.1202824678581054  0.849154513027524  2.05411708863097  0.9390387126592548  1.123421759790628  
3.4677597759082106  5.503421826193027  5.133715029033297  0.9711298470280374  1.9356207780918706E-25  6.030676826227538  
2.7284955007848914  0.46922633148123616  1.1167667400401815  0.9030071975020202  2.9116507955635016  0.5394886502958491  
0.7456913438174033  1.1511575417813755  0.8776786572936528  1.781811112112638  1.003233431026468  0.9352751782136982  
1.8306936445698903  0.804178713354414  0.946296760606722  1.0082207704071973  1.8345936055064442  0.6977049531412146  
0.6818019596180496  0.8233795098964858  4.640729514020504  0.6598716261900954  1.2342370797338131  1.4399758417843098  
5.040406472045671E-50  1.8862201719074176  4.277723981417741  2.862175029328056  4.327474978548392  4.1644766864296185  
1.2084991079892768  2.7189211365540067  5.300375837792113  7.292271785301599E-25  3.1249916309602814  5.132128715406375  
4.926536019923121  3.3711452677287284E-25  1.844135892033693  3.0876726055300883  4.6554188793074776  4.59018193734116  
0.7972606498293424  1.1267322152300514  0.9097848809651323  2.876190511123483  0.7857652283552792  1.0579289556146134  
0.8029674134339789  1.135706410371067  0.8731477703834304  1.8604811466961095  1.0269289795859247  0.921845313864985  
0.735217131963659  1.1532837051482248  0.8796555860612231  1.7563532597778138  1.0169869265276859  0.9362020876867115  
0.7567352439836892  1.148676222939459  0.8760014765658504  1.8004292161012974  0.9910866864634823  0.93356574411696  
0.7331206840794301  1.153457156754865  0.8804660778156433  1.7453496195163387  1.0223658862164682  0.9357593710975376  
0.8678644448097308  1.0608577740780563  0.9984292821593388  2.864059155867546  0.739401248504017  1.1301688499869373  
0.7080347511504363  1.158572535575623  0.8784964270454342  1.7901663378940011  1.0315136867637942  0.9610116626429526  
0.7652521022682502  1.146864469532688  0.8742757200112262  1.827679399349949  0.9793785392448343  0.9336674741233347  
0.7937461370434954  1.150460587064177  0.9073904854451164  2.2122625386796178  0.8741808906982784  0.9325500049379087  
3.874128758274088  0.314045635658289  0.0673286748477104  6.026168743811335  0.20762129250735561  1.6046039171525512  
1.5694469421364807  8.011715650358697  1.0018048736622556  1.8162968700035276  0.5066327810378335  0.48662254429801993  
1.677652473212541  7.137862490860724  1.3323282010384085  0.9331735597336277  1.8386003005744707  0.23946970529219377  
1.3459680213724905  0.5758358477734119  6.410727223933905  0.19322072328122564  3.4487333918572984  1.1904301840396319  
4.734758962661508  3.3090619811927495  0.14187262943375115  0.19954066243013707  3.399753546263025  3.298716807741953  
4.487489478584688  6.030809490995649  2.6454573517047084E-49  1.7032921657407067E-17  3.612603868253538E-126  5.911958803016329  
3.1159565492730668  5.136427243835441  3.8927429865376686  2.75012158543601  1.111874715083887  5.467948586615431  
4.84864448584264  5.924408695439135E-5  3.658981886632243  4.582410429780366  2.384892473431033  4.170645722791497  
4.956015771459836  4.729819562675561E-21  0.7799502445487057  5.240345680917197  0.8970000789792676  5.615593306477943  
0.4248560385933229  1.120447448708411  0.8616374500957542  2.597563169619311  3.8747685040323314  1.224111508613284  
3.0958282669490083  0.019602020849474957  0.09120038339741794  4.779742027322876  0.11783458965153767  3.8946433651749555  
1.2050394075231595E-9  2.3228169687297067  6.257533796167536  5.274180204622141  0.5731699120528808  1.616661506351299  
0.9396205338399354  1.0457303046751107  0.8379114988219071  2.843412955869993  0.756731126384823  1.2888222633658741  
0.7550736039107879  1.1490634988591868  0.8762160583417247  1.7989932133458613  0.9926599680909429  0.9339413236240096  
3.5828579111413483  1.1251251264215744E-11  0.05670491341250493  4.478444653899638  0.13766807045935794  3.531724253422206  
0.8011570191311028  1.1034445315016765  0.831426694462084  2.32870058583326  0.887473673632983  1.1818172530420128  
0.8415903581603461  1.1321383854228917  0.8550608808737742  2.0935447523024657  0.8783064960029593  0.94495048106753  
4.1520123819551875  0.59376734685103  6.346045093942402  2.2752598874663713E-88  3.554767429279979  2.7023863331949435E-35  
3.3740576323136877  0.26867983670322  5.979996219621354  2.5803708494815303  1.3900489808535414  8.615821732994352E-10  
4.911386202616188  4.698121523125427  2.14874868240207  7.493527532613558E-207  2.0330869483655003  4.95383674158653  
6.889775975196942E-36  2.624654571225881  4.6828582574601185  7.133523316508312  1.3329839680630915  0.1958630579758458  
2.0651715098371297  2.7381136222130896E-48  6.180433207023829  0.3870766160666683  1.304088939242262  5.534099439532238  
3.055090420280782  0.6948091463304182  0.1458996231515793  0.966863823426758  3.3125090184237367  6.280917915317194  
1.0077968122560308  0.9183955515439931  1.0044332685708888  3.0549986803615923  0.6712538564986563  1.4707070375097226  
0.004761044354211682  1.9776776098578992  3.7498626908100103  3.079543371152144  1.2571506998579605  0.7966598415427327  
0.2153619429130905  3.730510766505393  0.6238379947148831  1.6609368017992525  1.5537223041460815  1.115215530456146  
2.2623812033316475  4.191319937365335  5.519287577570533  1.1049182276612213  0.5350868683132641  2.027294561156685  
0.29051299462835145  4.401250095805593  0.8617006896824774  7.788693494517392  4.699920704839997  3.6874553162846864E-4  
3.812001564441295  2.7964468021370363  4.803583617765473  0.008506576608992452  1.4297980369878371  4.501638202986628  
4.783817889721474  6.1685167647227495  1.467031153947021  1.0278933788323203  0.5754426253322098  3.2953702601308296E-24  
0.7998939166030928  1.1411380717799762  0.9248932492497474  2.171718866398887  0.8669952951050971  0.9293046822145768  
0.6747328388749166  1.1446826737791935  0.9620377659362834  2.825404246359512  0.9484140551146927  1.0588300877960233  
0.7099557864929499  1.1518346415958451  0.8923792186959182  1.598686988289048  1.1457350330550944  0.9317370000273357  
0.03506191546578214  7.189942064833895  2.0887053908667355  2.884777894689833  1.9739892031738355  1.9323619178758833  
5.97983208504546  3.2969570147727034  5.129308608970558E-20  1.8057251984597151  0.2718296160744714  3.758508248489805  
4.958765306003819  0.6789646886998527  2.4495249331801607E-6  7.216820641341831  7.014917084441329E-15  1.601406563136069  
0.7473235939858932  1.1614777821788498  0.8317373076934139  2.5284499549473445  0.9441931446594712  1.0057574460302074  
5.0959694678730205  5.596367996593595  1.1666368977329136  2.0459078847684062  0.4616572910715209  3.9752924702003196E-54  
1.0189300900403988  0.9630812068623605  0.9340344636520463  3.346965623953601  1.0587024362479935  1.2032722205221034  
1.2761070714561975  6.069782181905095  1.3559765817080356  2.38371921355775  0.48047411638367005  1.9307627223588255  
5.499759744310403E-33  2.027027232722223  5.420740151554129  4.7790564946139743E-5  0.7066796131661169  4.535773959404319  
3.4923370287397866  4.418221506858222E-24  0.35095966685395213  0.4228840486724042  1.7960118278981756  6.77253481683212  
0.869938411512986  1.0004251540236666  3.5885744623733107  1.6788092266731285  1.0006265857157643  0.5977266071314064  
0.6804251184679533  1.1867361384604567  0.9122257257390166  2.7110781759925207  0.973668554706684  0.9363174631553303  
0.12070094241213289  1.2505795152216188  0.9333507974023167  1.741497588539939  6.872049492058272  0.9927560943541782  
0.7770117030647276  1.1588286582830072  0.8544212085218926  2.2865167359096756  0.9057817892459586  0.9806362982603709  
0.03442061641567175  3.258251366655067  0.16521723942542568  5.742052563970603  1.8590529399444768  2.6048688968691023  
0.7307436660180798  1.150635917372191  0.885832103442387  1.6733498493699923  1.0672746110613995  0.9293794112213406  
0.795714656087772  1.0889619648786062  0.9464606729239486  3.330963900345961  1.1271508393982113  1.0358010219204576  
0.5608135798720573  1.2442673764826908  1.9631687859778102  2.4805457928206294  0.8178764748255619  0.707200950990229  
0.64190052208208  1.171643424883725  0.8919538491843053  1.6516042157105546  1.1460489218470633  0.9654099121789826  
0.8743060540513894  1.0945553222837314  0.9504471667191468  2.714459507481026  0.75466674047862  1.266616887054648  
4.453695443502236  1.0458709436041174E-17  0.08164962518272849  1.6323921096556384  0.8026976030547363  4.636313866462038  
2.486394118560872  4.96491983848978  5.568520849879619  1.746636849025928  1.6155866647056676E-15  4.96956131498214  
4.715398352331832  4.718087726432355  1.2910201663593971E-69  5.325625226995304  3.495612378194405E-281  1.8493896246878259  
3.508559541293015  0.35346917264253824  0.3723492929005511  1.4585984554649352  0.8645004123993892  3.0033638493946135  
2.3657550766851396  3.926492295527431  2.6348027490721946  1.7897688521669204  0.5310532588957444  2.010452208022849  
1.8227112168423794  4.903045775362248  3.829973410576941  0.10896753047935542  1.1614952085415837  6.001960604621018  
1.206877092751515E-11  5.368543674095781  3.6796546002014363  3.4230138221306814  1.3916012898037757  5.889058483583614  
0.5582646800609501  1.0476312226951237  1.014276872166046  3.2961731875685474  1.1835958000997178  1.5250900488772767  
0.2794332743664341  0.4059111821621446  3.6076649571326254  2.470047270661616  0.4894787455780932  3.675479589723555  
0.15954844694678483  4.442906827086476  1.3588005810049846  0.3252169873932562  1.5919477074541255  4.565721241751224  
0.8283367517000315  1.1277688076340446  0.8518471099223441  2.0694181387147217  0.8872939668843923  0.9810620003474916  
5.64886994383416  1.7977705073359558  0.6675365291718733  0.9423228762022823  0.8790886923018083  1.0060877328843427  
2.268687414041473  0.8743314159685764  0.3934377577752363  4.584606339458909  0.3455307970717447  1.297643968151057  
1.7615710339437114  0.40607100685848474  1.35812384803094  1.0957748369348697  0.8642011952832775  4.4061944734261616  
2.1442666922765676  5.683820721180639  5.504461332264706  6.222374851719747  0.5638037192242146  0.06294898772302338  
2.102867927618328  3.580664885759672  5.812859767531036  0.0011369644408232558  2.6956772670582914  3.7762784323735783  
3.9106865003290037  5.823028265292166E-7  3.4641949613611955  6.011352890103788  0.27470183167278467  1.4571318819641164  
1.6959386592259267E-20  4.491100337660423  6.4174751390684985  3.8012369345859303  2.8253795068531193  0.2167885597725243  
0.7581889615368622  0.14790896163292  2.604225627800364  4.148572840289855  0.284053147753033  3.8889751563425006  
0.885954442491105  1.0155159329311219  1.0255486892642003  3.102767126693797  0.7184487291404845  1.2449899649433762  
3.1532638853797  2.4674965224120946  2.1087774883358192  4.074000344541547  0.31440367892122173  0.5003128589333273  
0.03736839737886008  6.119660065480573  5.157796886439636  1.770102603488573  0.6247980103128109  4.8181304579697075  
2.0267219734144  0.4184462558395864  5.317892620010387  1.2118978165628492E-43  2.4518364248733393  6.673831339073677  
3.1886619192043844  1.124924944692641  3.0809813557400507  4.49171844434149  2.630633228970866  1.5587744652923583  
0.2532724302648991  2.390164116252005  0.45694366909799666  4.071010986342709  1.5232600755661134  2.057164859502474  
0.005035250376317515  3.486805247427782  0.1650419649949214  5.726009136893484  1.8976048932373533  2.3925409611355386  
0.48322032817428356  1.2896163165995036  0.4682531507221364  0.9475300978001082  1.3860050324808193  6.914675936640451  
5.398395227057845E-7  0.9123930519059127  6.463120488014774  3.6539585383955773  1.6279087139393762  1.89364101501643  
0.30770078904079384  2.4121862670426384  2.360269763391025E-4  2.899756308069762  1.6579366623121066  6.902998946709887  
3.1933006035292184  4.917399931521884  0.6663920324914053  1.1813091175244035  0.001509920418330029  7.416853017524515  
0.752027238303777  1.0895826209899837  1.0402616036023826  3.1625039741049035  0.8915068000220145  1.129800860082617  
3.306105892350512  3.552081598556797  2.157535815415832  1.6085281499386653E-40  4.93813458784887  5.435380896701696  
3.8090795403850377  5.562846344740733  3.405819206551844  1.089705859948264  2.1912032364182545  1.857180120349398  
0.5391297214711221  6.400034721393714  1.2010560420492395  9.110295427084523E-44  3.979907038682479  2.308521078514351  
0.138982946157415  4.032806891848439E-20  3.2958185137504787  0.22718716896438662  2.3459198027042514  6.278447385723927  
0.36912812599357986  2.3505236227904684  0.001750892261294334  5.7816440749644045  1.5127396519944394  4.940883785277302  
0.22982142474947803  1.0632155354256602E-32  4.817888901957173  4.886928767456944  3.771447837221254E-71  3.14515643226724  
4.574645267084739  1.5858951554198883  5.884782018277726  1.9329431051564478E-44  1.2377547266502986  7.866799596877705E-36  
0.8698015608481122  1.072717702645737  1.018972532242586  3.021904124475719  0.730414259969397  1.0927593339965367  
0.8385800296683519  1.092750825816736  0.839565886869778  2.1057372648218164  0.8693943456528507  1.153958014532273  
0.8314328798971482  1.4180051851590245  1.0247239479911132  3.2548216716184895  0.8285369293210093  1.2670823134674014  
1.168347967728015  2.575017787832263  0.5762205569197667  3.8846481912064936  0.5600241389228173  4.9654168002128385  
3.3380122554269347  0.6315626448935109  0.1063405656501277  6.1726878470223046  0.05202219066339879  1.599487818504196  
0.92086213254983  1.0406982766048745  1.0134826520589209  2.952369403981299  0.7077225098620212  1.117289110185226  
0.030452879204931435  4.213644578611482  4.0352116469757675  3.4988409133108744  0.09560968717772202  2.256021728651105  
0.4703863842816311  1.3116178296562442  0.44513935966178736  0.9421425132034006  1.4182318277086512  6.905703090976607  
0.9262720947951756  1.0713423361832242  0.8367873847827749  2.641711637122417  0.765632311246558  1.1387121025966744  
2.6080763899505905  4.842857720242747  4.068826989254386  2.9039287591078757  7.115183776248927E-61  5.446175771976136  
2.0717586529520937  0.4610177779157981  0.37734640353342763  3.758257540549982  0.39765853769416354  2.950228071642212  
0.2918501431589392  3.553507602095809  0.6130017357674564  2.2338369170661805  1.4704588273137988  1.0125299055069712  
0.6199031253432425  1.1731315481017461  0.896975363953864  1.578466314195806  1.2262965393175915  0.9708607469066401  
0.25987471486712915  0.44563570809699976  3.668760014696864  2.5771622880110088  0.48163437462112774  3.536139781143614  
0.7422880373465485  0.8781567527364035  6.322120978385122  1.6590697354692021  0.9774942944565799  0.6791970660382678  
0.7192151152484413  1.1536917304206733  0.8866319421731392  1.6684623020304181  1.072047138857762  0.9330577791897143  
0.29439110499340915  1.369429097532989  3.3614763105095586  3.9565729040698736  0.8858933388553608  0.42979390397245965  
0.7176199068219823  1.1542558383346366  0.8865256966816556  1.6707043741833156  1.0708903550941018  0.9338709492389599  
0.6470351348666642  1.1018134547643963  0.8131405253975951  2.58910017535601  1.066074200775633  1.3369362431522116  
0.7875310499220733  1.129265756496694  0.8916312400988611  1.5206897664281434  1.1779745796631091  0.8948225521165709  
0.30583372987339214  3.491600705545174  0.6050853650384201  2.4087080706448822  1.4593607341138695  0.9944456846453837  
0.8106581218499773  1.0757281089266424  0.8757572132960936  2.9394963895792845  1.0827793167393414  1.1414952733587407  
5.123311276075925  5.277385900754158E-13  5.039037096539393  2.261015179929324  2.155427132038419  0.04764476833542963  
0.020981681057242532  3.217142104103957  0.01334250041595537  2.2670903951281667  1.9735701233550988  6.645285137242181  
0.32521182059075193  0.5894616274930762  2.269171012945276  7.425850711781117  1.24614261099419  2.7233553346884296  
0.9138757460726712  0.9325769721898806  1.1097459143607156  3.3996971672908596  1.1489028653011024  1.699818775256406  
4.9719302228495925  4.302094785646698  1.0778318028155904  3.7509139350207543  2.487046648187459  2.443500282233412  
2.7131106675842593  2.488595990556244  4.0548863139574784  3.398944505781427  4.421376640610621  3.659121316094083  
4.074564963308216  3.5784982529051392  2.171074645662484E-41  4.572146954868254  4.882330501852125  4.801597024929032  
1.7693992172680955  4.05722361066621  3.0436193952687276  0.7657272645432053  1.183905540364931  3.7691914323491926  
4.259207777898904  3.85524109878599  4.600881345778675  2.357198696425545  1.4253102917246667  1.4007818341619356  
4.713757894822061  0.9867974361994534  2.5213904761287766  1.0242414553709343  5.03782243681681  4.1714545914099554  
4.709521543940515  2.6534993876422193  5.119624393861861  4.96637603364895  2.3510341589152786  1.3160952446446402E-72  
1.8962011386830937  4.020508419569079  3.759400320800571  1.5979984319815117  2.570656511529806  3.4675127797407623  
3.5718891103307895  4.891078893830325  4.6226318728824834E-37  6.4130111481194465  5.31008223927364  1.0332599204683848  
0.3733615551525092  1.979778710168573  2.576605520864229  4.075819564453959  4.249641900087872  3.7047812470618555  
1.286590499298471E-13  1.781494063637081  4.650763753065568  5.05277617237912  5.3478965193187165  2.7433113488660594  
5.543509223358362  4.989317622853213  3.1439132751314345  1.9741940946508714E-4  2.045190801232571  2.9678396954070765  
1.934587083729762  4.459901711489222  4.03496820216704  3.2040414387684377  1.6041055270385965E-123  2.973692423426336  
4.108105354394714  3.867460349343336  4.002440365013877  3.323862408858703  2.3502491356085917  2.288133709466889  
1.8289080457066633  3.2729404292379125  4.216375841202564  0.964820818750048  5.815323366366456  4.944746826341656  
4.493618240404274  1.747190576862698  3.9992024931497387  3.7671128323852217  1.4570713468378804  1.9448362355271525  
3.38274924953664  4.257719516634671  5.859535392187636  2.0328187260691655  2.785004030412153E-60  0.9315451270369776  
4.025870695358529  3.134219603808886  3.0805101990149453  1.1372107475048179  4.41621622806791  2.9641146606789417  
4.540863899505716  0.6430119483686878  4.590724816279243  4.08568532256434  2.561351825810798  0.999304115395515  
2.890684371389453  2.953643430752399  2.229202837016947  3.631521706444102  2.672150204663508  2.8839478227446156  
3.305388519690871  3.36932195914363  2.854156381365624  3.208207336332829  1.8539264157218567  2.0495729129551536  
1.9377995540417405  2.6790760823725708  2.6989665160234813  3.7743637610950973  2.792364674619765  3.390542471807169  
5.548717957145532  2.5427665267211945  3.7587570624107  3.2156810015636554  1.1672611590657154  1.9367233194721993  
1.4656609803159157  3.405915940778665  5.013138356602554  2.9245768918841026  5.726600028792965  1.7170979559631139  
4.0670065020029895  3.4500589443618765  3.58983888125132  2.7200282345037365  4.937346823300801  4.2034036323826385  
3.3372230123618563  2.6822514643820687  3.692512862128186  3.859502309337766  4.746205406158823  0.680136511319606  
3.116987153985631E-39  2.137533266220658  1.7696862057224438  7.103230809228065  4.841123596784054  3.0120760245708524  
3.430425135438205  4.475128527047115  3.1922002718470384  4.258892970520061  3.8769890177031816  3.1681976548537865  
2.031671770597235  2.5114840454386447  4.86995990856969  3.681279500455295  5.766437016120977  2.2201033084186195  
5.532889870705938  3.3402388301581776  3.1316106966062906E-84  1.6553859678846419  2.268730077162468  6.111557436896125  
5.240225794885701  1.393032088714006E-19  3.4005484538588346  4.234613800849424  2.9940044329304127  3.8278273624158663  
2.2694725120790262  3.153569946032691  2.46936602754833  3.539908104001717  3.0013447959745796  2.684667058815362  
3.3169710121173286  3.1918450785900805  1.251074217408621  3.04558271198735  4.857009740153769  3.959571565049315  
1.0630950203324003  2.9169822682891153  2.457254982151325  1.569491881437726  6.277656237353071  3.530037672160386  
1.6093307416426463  1.7478361731732857  5.998712367459422  4.607015322250157  3.7641517971328167  1.5533233254715397  
2.097746769632183  4.197115862650405  0.8261752429029731  5.191432162462649  3.6287312240335483  2.6353977517599776  
1.4270661961494304  3.8225676906714243  1.6518744887296477  4.3223092498709255  0.0015748695834213273  2.3558416926790824  
3.6141823830172073  1.0164820983034566  6.096006843834926  3.6224914903207064  1.1245433742837245  0.6437852724583601  
3.438395246658563  4.150613252152689  5.097366746648929  2.0785816693598287  4.512235154555893  3.294994900904256  
3.3481400053515933  1.5670107758815015  5.3831002393307665  4.032574899405801  4.881490451782461  2.4772787241114655  
3.7561362220461882  3.78664158758485  5.5181290316844365  1.4401112049103832  3.9993071408235226  5.509596494487567E-51  
4.122241674681172  4.366638181078621  5.1095977338761225  6.634586243452923E-33  3.1064637124120376  1.8772798185616892  
2.5253553490489948E-73  5.415951032450588  5.410581926249501  4.314505396360883  4.01156176654662  4.268539311030457E-21  
1.0516070243304196  4.838857864929569  3.8766302920034095  3.7958648411719884  4.728807469227022  3.2719923753387743  
8.450373273360063E-10  5.5772402797805745  4.624235002854525  5.880742486932911  4.269527132211633  9.097535973233222E-32  
0.506336323948877  4.581371409401216  4.214402026193398  5.1757277753503095  0.7231977887488749  1.3778056657830255  
3.7680164224599344  3.233240359877174  1.6687166203408819  3.3299481403281566  2.2001768369905585  2.4995124901072785  
2.6066033192483173  3.61609350910358  3.8980312183524313  2.0664438872060144E-6  5.293949319297686  0.09746734651296457  
7.442262099151886E-21  6.566053794444708  3.6775425555524652  3.573897378052253  5.5447725369816645  2.409816428527308E-6  
2.6578396807511924  2.6518653279697437  1.665952149006189  2.9995438801091874  2.860678328144694  3.309773306430705  
5.042738030520213  3.343569256439954  4.790867118275063  3.622824692586093  1.426902488278888  3.2707420936479754  
1.7386025311874997  1.1155420490321955E-47  1.5678503064968328  4.5146267564842555  1.8579868991380735  3.402293295644842  
2.95294777007151E-102  6.1836429715478145  4.207012419144281  1.1754377298180942  4.1179906358199405  4.125941480259559  
2.4886900421390634  2.6130635000169242  2.272113800208267  3.583835502977127  2.755851132237391  2.766302555429199  
3.682521022743802  1.1201772400555166  1.3762670371889294  4.76341524752746  4.6237079954362175  0.5359595789636487  
5.657498538215119  6.682167082374099E-23  3.9713380389037054  4.477573044539206  6.609280338274819E-103  4.941467335138083  
3.847345574493105  3.369851520333899  3.9828419750731965  4.807370844994584  2.7161487007190734  3.9873619219874644E-204  
2.182147925382729  4.391459181966463  1.3153681778710193  4.179495063164699  2.710897121959231  2.0111468353756514  
4.287874937079773  3.486429389739853  6.086268634313763  3.8516061285672536  0.21959441778022223  2.705772906654686E-77  
5.004110154347388  2.681611795899664  2.8572611557676426  4.439775046254239  4.354939971369434  3.9570276138893865  
2.1849714821965356  4.061839611495527  0.1834317075301363  4.452783873288044  2.9241324032514604  0.6360009807437289  
2.5900181311198094  3.5655634983732702  1.3110976557279093  2.8225795863161705  2.4973861903084877  2.9027332085306123  
9.233406831787315E-21  2.1950504719881914  3.116231137042501  6.968026624084032  4.753336837659836  0.16352634710765973  
0.3926556907205906  1.459211873319603  5.0613602293989635  4.507779641017651  0.6870090036159857  0.2956314257735044  
0.42384694566599795  0.7863092594279871  2.535574025572391  2.9943251789226184  0.5291668498590982  2.2074373987909355  
6.32094492416214  2.251172819051589  3.3412693905416018  2.700876178163629E-125  1.8557202401583293  6.00278385593203  
4.92204535176331  5.2236808213556  3.4842443987472413  2.523256859178377  2.011977770995069  2.490447491825014  
3.149343569919162  2.970002221091862  4.391551058894773  2.7013312868970916  5.0286129047294486  3.954118634109374  
2.600579112181772  2.3824794455348135  3.8796653057837953  5.279858022560434  0.1545832803519842  1.4315089735123727  
1.2694803279048934  2.338172087304759  3.3815718373372174  4.4608078842221515  5.592757524947599  1.8603714308023487  
2.1546134350347765  1.0332015532821812  2.6114864697895794  3.27954659958812  2.234776718844673  3.4215527307338105  
0.9727448914883368  5.569721611584  4.272238343223073  3.0139427338945026  3.971865176099561  4.0695087843339905  
5.401080043025767  0.5741449259557733  6.003030724058385  1.7386324753054914  0.3932786528030554  2.2274976030607343  
4.0911431788813015  3.69071931193845  5.214355946793105  1.5586729543697898E-113  3.6137683078653327  4.501100382815976  
4.834593415802729  3.678532151645821  2.5232493413622043E-169  5.242792779927673  5.726458701499219  2.0791318127141847  
2.434685856656368  2.3827233374920422  1.6411589971173701  5.8721242803404685  6.430142484692502E-29  3.2410944713600454E-166  
2.640950755134099  4.637058899254816  1.709375269365247  2.187987107391332  2.5939316851471723  4.129304428056606  
4.233113418239694  3.7677412901115277  3.150908948246502  3.6596558235425833  2.9918619493070113  2.9478480034071475  
2.11177376048184  3.0394100969854225  2.228683179562481  3.280933575713323  2.7808317962035023  3.058001181999053  
3.131787492167535  3.877298145463502  0.36039799743610496  4.595595849177545  6.096886048089656  3.1420172103419794  
3.8492949938706906  5.04921635918735  1.878754584468502  3.206314042355602  5.217994817966236  0.2315188536474807  
2.849787365272912  1.1293610723775045  2.120550993597859  4.2942349151932415  3.390356875921686  1.0353562981537  
1.6944991596799743  4.069493765317011  2.8070756385454656  3.004316795912231  7.107639201152962E-31  2.119565870467816  
0.502183864690382  2.9736129388100787  2.458140733928551  3.460473244062386  0.14620346481724894  2.682112049085146  
1.3295838079660777E-41  5.140117247846771  5.4426421830299825  3.5256115910483525  5.280546191843507  3.0994134960107034  
3.0237652023860635  3.9472081829002605  2.621769186899259  1.2519606739058682  0.4478682929216447  3.7165814061547886  
0.44997997921496785  5.137995433128004  4.595495286924116  3.246728916082876  5.7583186586582675  3.571432440623945  
3.1109932649456087  2.3366612595368474  2.7201862869758204  1.361471117798243  5.424245730736241  5.789755877792624  
7.925285391769335E-34  0.676112185593843  4.173638112717157  1.1677872502957998  5.614819957584364  3.6000446007194933  
2.3766919187673583  1.0308094547607081E-17  2.9728013237420834  3.611140542463552  1.2332203536646407  3.3484213961231606  
2.832382936022661  3.883008237939458  0.40971222391986856  3.097243764560698  0.3061616946427378  0.8407191392214036  
2.104811065435244  2.892573144985325  3.284007733934974  2.9121121314510083  0.4265332229259531  0.7494902879761083  
6.003979032406946  3.6068309067168123  1.4549844191901315E-46  3.355888391298213  3.1477963465911456  2.276707719118196  
0.7360723759364814  0.3876562382112535  4.028902332289461  4.73555076629331  4.222963871548554  2.871261369196613  
3.930391041367098  7.852523470640033E-34  0.2224055144893255  1.1606677155066167  2.422010375861842  4.339460586417347  
3.602617432906314  5.318672019191617  3.3971087642251203  3.866533103875217  5.026350623500867  4.443887682113283  
5.475015840101453  1.5817211455858082  3.1692693717901195  1.863688348689435  1.2119747783913943  1.379130140132634E-15  
0.4741306005324004  2.6184753801312097  1.5778065809209703  2.0148542301451825E-14  7.047767503674186  1.9590355897610967  
0.4690691433815938  0.20237611074498787  4.883408497572636  4.348628476283692E-56  3.2777599495318057  4.2670902862843985  
2.7783416381079227  2.6234306269561833  1.8803233034294913  3.5032142447168724  2.8456751851855064  2.725133564246586  
1.4845840451687244  1.5058109880845086E-7  3.962841174716911  5.107647596724542  6.128700199208898  3.9747331587565653  
1.5281732022443322  1.240053462829858E-9  1.9919603278009903  1.874789735346446E-25  5.88205889580529  3.854366309118292  
0.6030585483018212  1.2850537941326805  0.34126011155153335  5.824163860303004  1.1568938952870693  2.71082772174885  
1.2285977216963602  2.9836860291637017  3.092832221461418  3.829732269822828  2.896481291556297  2.124125568645607  
0.5268666093243733  0.969731675477302  4.976606437479149E-28  5.818412883990426  4.835460065572743  5.736695257792283  
3.7413088112423845  3.8510189179567105  2.2195667285555536  4.903873871123643  4.57110647771498  0.9850098516570192  
5.233234487100483  5.363871831067719E-16  0.2141108354283791  3.082265774440515  4.973460272752001  1.413768178181337  
2.5337654826852334  4.097945551399859  6.421205126003397  2.1510233684153422E-104  3.2876895981389422  0.8508981799241135  
0.1187266377875579  1.2621498849422452  0.8521091762219299  2.5325988256708682  3.9911485511619156  1.1412801951057434  
4.631544244884968  4.272524395751492  3.900292166476165  1.7183215150476343  1.5689726863343993E-18  2.770582171570919  
1.8367094050437178  0.2515598883973603  0.7074565880897751  4.308680358773809  0.6040759590811638  4.858930341707523  
2.7819708533075267  4.115246127377166  4.129883928233767  1.9104368773718547  5.225857468839184  3.6738167559973256  
2.393906746582578  2.9223313742294565  2.432154540554221  3.4419853051950864  2.8057715583829843  2.8410272090255804  
0.8525784907102046  2.700898933659115  4.119289451147584  3.9009647672575234  2.624036542526329  0.703446254022709  
4.013568048549991  1.7389121754996186  4.96622034525527  4.2982621879472305  4.345285131836867  2.431002993145907  
3.958641149602259  2.694938989317423  3.3585007471523514  3.504927671421615  4.340230492770122  1.8735492426382643  
4.620597366394002  5.6241254143822275  0.43860743551782955  6.3322882883025695  1.2383209193283414E-96  0.011294131655091178  
2.2614346327647574  2.2891889524449183  3.0871112066160498  4.016868043419592  2.4559473564512935  1.1419505092355895  
2.5271337577045214  3.4345290066637895  0.47099453197352564  5.814506399469306  2.6794676392582653  1.5759085559757364  
1.1662909047814616  7.5803960475803  4.349495634136867  2.457685668663861  0.500519584071645  5.892088142072834E-27  
5.529677410435638  0.6830729200528141  2.8870470682892875  4.424286776698353  0.4014085428720152  1.4608196511295466  
2.9248261669976077  1.382564655628811  2.547970984447535  3.0427363768333593  2.516952869209391  2.2914624356358555  
4.603132883028492  2.402809079358742  1.5440607687485095  3.795165452712113  3.415032143396646  4.971905796585975E-6  
0.3703912703020436  2.8114823916437928  5.7975741937012675  4.313232530789816  5.416496187533794  2.881522092224718E-63  
3.523958310553944  5.012158983980535  5.917226219325635  0.862774887029919  0.56875991564701  1.2043665009299858  
3.914303136298727  1.4038606760209578  3.934936511178959  2.7285595904385906  5.278943644635758  4.849664625324632  
0.09011831334903196  3.015257058279294  0.1672466625405721  5.984853872007481  1.8101437777432543  2.608437444396533  
6.257919293619153E-45  1.9926952138113891  0.7467225198129765  2.807323458013676  6.751043097876303  1.307796456510184  
1.0090940226916004E-29  3.0782936572498723  4.305335371497533  5.322429259807206  1.358352668790138E-7  2.346797382500065  
0.15273278885345598  1.4182195794387322  5.044557668602323  5.006229916494191  0.44638529739994803  0.4865081610996749  
0.7240620588571789  1.1547950763636674  0.8827444414867188  1.7186772697837154  1.0395278463359183  0.9362863916100714  
2.388191479451572  0.01021901531887969  0.8757873361620756  3.149916895422455  0.42662444977813085  4.135777945473042  
2.1305248097939784  3.0381984244548224  2.71844702545533  2.7438454646644512  2.9829628243035393  2.627920974919814  
4.483349886952437  6.4070014041572385  2.0343421195325897  1.260328605697087E-125  1.3045468624438414  1.8707473235172374E-179  
4.390710074121  1.372157640065882  4.669172956939184  0.9028118758112019  4.680048685930964  5.657307815761568E-90  
2.347043750049626  2.8024279459895847  2.722556675404036  3.26735934098045  3.513653668318651  1.7621851355101295  
3.609239210445147E-29  2.026749352973287  6.434463445112591  2.033992442606682  0.5285302883010516  1.9190901241892648  
0.002623712379754781  4.993266168061784  4.3204783089785765  1.2156484961688439  1.147132860119839  5.064076005977454  
4.124936533396958  5.257025571359928  3.5799246800986325E-12  3.8422944836703845  4.273487909319063  2.194725536209026  
4.642262337238774  1.6270475250471543  0.030043484456383353  2.4158930865055336E-32  4.81905991906831  5.121560556560914  
3.337812609034488  3.0435771439073225  3.1802607724428973  1.6200537233239514  1.0592891844102659  3.2198654652031857  
2.7807202882834003  3.8253159318675647  2.743281172330911  1.9978029343205785  0.8281129337755985  3.3562120489484006  
9.462700279386512E-13  2.24080991263014  5.965333137335383  4.103741290986794  2.834177544471785  1.0982675386781013  
0.7817609724129936  2.321651433205456E-30  2.6713756176142764  4.900215713790677  0.18668511199714888  5.704405576760262  
2.3714502592303934E-31  4.97173264327249  4.926953846659141  3.1923160340021517  5.378548737203626  3.7400564618181047  
5.153676316961765  1.1602243493925866  4.937707696540312  2.5494072201855644  1.6708704360425037  3.0763143188109017  
2.5796764305662916  3.2405680032114397  2.48532633349761  3.4687246114086743  2.9936319666341302  2.2965984231568375  
1.8722673075507655E-50  0.7375708599546755  4.28827811896316  3.3084290882427623  1.7502157849569002  2.8774920114942195  
0.010258677778364072  0.14438675533549264  4.74571746538816  4.310591101000157  2.604826202092852  4.198978663611376  
0.5000459650098581  1.8787839096978813  1.0897264420419612  1.5713771776610337  0.9856540299043639  3.7988429849985113  
3.8561103407080224  5.549472561688006  1.774163965839208E-62  3.3178166637120574  1.2932335777803583  6.516430038165594  
1.2319776387625312  5.105991431873359  1.2106105484462912  1.7302119757303094  0.2307003975396992  3.861926522064388  
2.293420074793528  2.9799062336788524  1.9918652536033812  3.6772966062703225  2.7412346376296863  3.2180762170545996  
0.5331990036838481  5.630819475823448  5.636265457085888E-42  3.807455141132138  5.948913425739551  4.145507304544061  
2.9353743755403356  2.553533627374  3.304719440660968  3.3016156784986195  5.174507930072138  3.6797118728821143  
2.1084724780849613  1.2907220336814271  2.631767778301169  4.245017735219136  3.294823926918745  2.9936149812022204  
2.235480690961046  3.7522582192944345  3.0138852018044386  1.6251135061012143  2.1285890929926707  3.1254099420780164  
2.261088368854206E-30  4.00574897726786  3.4140829335388148  1.3907384692161633  0.10861865679455285  4.988068357893387  
2.967042672089079  2.540845031128483  3.7444100530911633  4.160491115961084  5.68356881962821E-19  4.589225901643352  
3.139256505445993  5.086455370391697  1.7989576352593017  0.6183219243002052  0.2503045127079312  6.536311172018896  
3.048474273553884E-31  6.612482985022067  5.8091174261866145  4.5061336052715815  1.0950063345900611  0.39388580445457677  
1.5599237266305393E-103  3.3753992830335884  2.091123842974586  4.9137812620555  6.101799841611713  2.8102942445206216E-113  
1.0446274832550995  2.1795205185277235  4.996053942883414  3.3160689923606834  0.6992130649380924  4.620320074039436E-37  
0.5553742375552082  1.1024871485366836  6.456146627279064  3.0948519804593766  0.7194071169472189  0.452507124128773  
0.8114180977221062  2.4074260970859678  4.573566441405135  4.1218391872456115  0.5899539267396996  5.069912601315327E-12  
2.2963122994185277  3.8174511739500407  3.4572454649071864  4.056868512527522  2.355598440108237E-14  1.497711513573945  
3.739186295406816E-35  3.005846059436707  5.815474153765769  2.9468371731619065  5.1351034531272  4.224218747037943  
3.3927605216377494  3.546891799113036  1.0032984509276996  2.0748469971228762  0.32076384617543513  3.9632625406030475  
4.309191218838189  1.5418511535329646  2.4475213661035986  2.3187318168480644  1.3760602415999103E-8  4.65317921932021  
2.6602654955165628  0.7804342368485934  6.518200192057714  2.0448377873131496  2.5957864715077785  2.0920109552657125  
3.729946254278537  4.878187979743121  4.560804281923028  3.958502165367689  3.72469669830931  4.874085951223677  
1.8340715881362935  8.50531524118461E-9  4.914631743069053  1.086730627435118  3.914296431209549  2.8634778141333768  
2.505036411234591  3.4978907760414254E-73  5.944693052618505  0.24967923822484517  4.605276501983885  4.041371562753592  
0.7591762969243878  1.0673145407600437  0.7991248799073162  2.535059396347609  0.9495709607114118  1.387328207662176  
0.7081698781487926  1.1556983251216182  0.8884026695711073  1.6500617988123525  1.088375724283487  0.9359267284725548  
0.7155888049928122  1.15811601897213  0.8791028463558773  1.8025523100254301  1.0237246073811497  0.951033821441915  
5.317733005926644  6.142251007420449E-66  1.8112279338214823  5.137161558526108  4.098161914790726  1.6466466218135527  
0.924771181913601  2.8082918783252238  0.33092085330794185  7.123386578422331E-27  6.6023934020757045  5.3776430723431945  
2.415513022638599  4.002402696823642  0.313756726875037  3.316373878982096  0.2349532628190781  1.0383577311366987  
3.016900517976604  3.1807856179959937  1.8820233667267372  5.3144272540470805  0.04959818577321245  0.4140526673759855  
3.324310525579825  3.3671823606928775  3.6502436889696823  1.2780268375778319  0.4305142526990005  2.095497215754789  
3.585111553687585  3.943053682447066  4.629523456050258  0.337857244918315  4.44027114716049  4.898879467873674  
2.776737881750427  2.21868714671748  0.22580689587667438  3.6527050535161796  5.941103637469518  1.0994913479449975  
0.8870105328802832  1.1253159365391594  0.8373421091254394  2.2934101330378516  0.8259559415521137  0.958003423364844  
0.6247583754172845  1.170979352417685  0.8738547830448089  1.842848445681285  1.089614512696728  1.050440573792569  
0.20550523187721179  0.9820530994387888  4.201860699825042  7.7231693575609395  0.02583391849426803  1.1903240260214083  
0.42800512394715434  0.8692520266853846  2.890670843388038  5.725726168463992  0.32991841487763396  1.6709017738122414  
2.4951231673517364  3.299853526613659  0.18707660613173682  2.690385219818339  3.2398336131993175  1.8655115593384024  
2.3938015182989494  4.0022881643859405  3.2107809192606838  5.386491881115944  5.436808650566416  4.032638495796114  
4.336557378944453  1.110016130313179  4.544591727163271  1.9507875430418804  2.2097282938146567  2.1127667804892702  
0.6856952119584809  1.2296583534843513  0.7646785071287978  3.0016313784961057  1.151972590575044  1.091224981242489  
0.42258806809854493  1.016168560954048  1.1173064350824682  0.9790999912218179  1.475165331159965  4.288817223501173  
0.05559435141125705  1.4044943838418678  3.5982085195983795  2.4979764382524614  0.6621428966850039  3.3466546375600505  
4.025757534405223  0.4403369785836735  5.562581283069792  3.7023896752373577  1.7823388567362162  1.3254736726279683  
2.6831305996139863  3.0606938109725603  4.507321040402161  4.920716271869227  4.716786042088639  0.4220984001676212  
3.6306031998227044  3.4629609038233176E-10  0.25433151522932923  1.9253803681491977  2.5366413896093754  4.120775042500174  
0.5852612492145318  1.5071075632711797  0.26217440500078615  5.368749335715024  1.2316726302632206  3.310430364141292  
0.6743947382743073  1.2466981498087797  0.22344074482889828  4.1403830475487595  1.1319333506778246  4.721428456220992  
0.6797563773973301  1.0880241273456337  0.5289318496609647  3.9680996445812466  1.0386454130018068  2.431238275564698  
0.6183304075878308  1.4266763861324163  0.23832005085902197  4.649634561464096  1.1894032585709948  4.093402816722567  
0.6965087486552399  1.17725171648884  0.8705312364075273  2.1210663380322448  0.9964060622779093  0.9798194284411899  
0.76044305350794  1.1479094842554916  0.875175543536296  1.8146949844855897  0.9855511662785773  0.9338485954254353  
0.6764991607776025  1.1731526294104484  0.8709947882240473  2.0548256460457015  1.0181184660675389  1.0005011958482057  
0.8075770019959903  1.160071134498831  0.8542822674221241  2.3223741742879893  0.8835575316347634  0.9469454151893958  
0.7511339602242173  1.149942796639864  0.8768460376920231  1.791458789922066  0.9971554374864702  0.9344441608940743  
1.9215483369024429  3.448934359700232  3.997411000263348  2.7585621582756956  9.67029315610344E-67  1.3212160464855605  
2.9095722167272497  3.3775113445262104  2.189777061776701  4.342482782178042  5.847089310684108  5.711112108099315E-138  
0.6405517273100002  5.392767624240108  5.732090628408458  3.4021584473890116  0.6708257961435856  1.4904154314849593E-25  
2.2512777538988042  0.5564454982390336  7.012592900003332  0.3147931890004735  5.195964851691773  7.419281767284682E-33  
3.752848871839677  2.262141592490987  6.509756155176943  1.8275466379758163  3.2431562984105176  0.8779152835876861  
3.7423016295877782  3.4834730651457915  1.249036513033924  4.297651443831371  5.3201488729713  1.5233727776531842  
1.830674281997894  2.184675864718632  2.5722088525866154  4.5160333314585595  3.281003498071788  0.7164494927405383  
2.411328237105113  9.636496858600912E-36  2.908935072503062  4.062675210117875  4.88979286828413  3.981759645072782  
5.588634127650462  0.10412760691751788  2.475990503169318  1.247284825993845E-107  2.370810061513138  4.513027468393861  
0.6108598299069719  1.2119658842732464  0.911219028547833  1.7256257106605106  3.762125086024032  0.6423398003712038  
2.44238028889695  0.3600124913526293  0.3613312047897177  3.668345542699748  0.3846671122466366  2.7186860222432445  
3.626261975323253  1.614478080815122  0.7064378971479663  5.85515609110852  0.09480515428442032  0.9560520247316862  
1.0364016365672236E-58  2.761886151386565  4.156888935763636  3.284652703968806  0.5789525572497334  4.069084935637539  
0.624469199899258  1.0117768522734538  0.6944278810771024  2.3141944440303095  1.2436722990266849  2.578041752522557  
3.12967066813102  0.023790902487727823  0.09129393769198058  5.044460611373906  0.09918113332728608  3.6660984874153524  
1.3709659764730744  0.8327732174261003  0.6408364238189199  2.7460589186245934  0.6393402382441667  1.7486306558575588  
1.3089314965426488  0.8344089922362891  0.6418088409528032  2.4900014635839565  0.6611058766904402  2.0026814086339377  
3.128467464073517  4.516328123599968  5.26411456065881  1.8546718370020077  3.3126306075655405  2.5698406714513103E-263  
3.3055717727473635  4.165408620143204  2.677871772663262  2.239601951167389  3.6526936267959007  5.2208730832640876E-12  
2.788969668079715  3.1152582263416995  2.167187194190736  3.20450961753193  2.7516705031034574  2.792637071201671  
1.368964012852911  2.182355676162912  3.6184964882591344  5.579517293635612  0.11060640863146098  0.6846223689748686  
2.711652170179234  2.9033504073652883  3.329259446908481  2.393214903950826  0.26680754277732954  3.9796762852818515  
1.2594164441978615  2.1989288243919214  0.301633215718626  6.217459649373793  0.6561499077860059  0.810535751022425  
1.062711193874176  2.813012006613631  1.8160672396262474  5.281444874003221  0.14078207589473904  1.0589468052189974  
4.032432080587031E-39  3.278369445372078  5.797002300531877  5.519735450256006  3.127536271424175  0.5634092054905845  
1.0399560290473445E-38  5.2257056408367  0.01253233662982369  3.6993146643014643  2.5341552329748196  0.9835506692607862  
0.8947683582115792  5.12776405085344  4.890206429535211  5.397754024349956  1.133035116938478  6.6805165247282154E-6  
4.444471500433264  0.025044816061127725  5.665017589724555  3.6525648264813615  3.804135576985883  4.6531633767697207E-4  
2.191475581337406  3.862361758124622  1.7264323819927627  3.6072762088226047  2.788274553836444  3.104989828368235  
2.5200126992478036  3.525948408018763  2.9231775284498576  2.7139801529542136  0.40383200383229284  0.06398576136597038  
0.0016432064153273016  6.4428358726011385  0.6743911154249853  4.068881557100879  1.7714111927948886  1.8674170561196077  
0.006482606604831482  6.216460413421261  1.2069672001172589  2.7650047593704046  1.7894858910950662  0.8160658230034985  
0.4624123865603035  1.9457628876253146  4.792488493960823  2.660516583011069  2.150209349007459  1.1427595373808504E-10  
1.9116349087593587  6.895243657210988  1.3883115795031373  0.6798310142845949  1.9765324439278096  0.266198142106843  
4.447502843274965  2.6649889742687196  2.3646423472996663  3.108238792505484  0.3550980034711689  2.5132861159029183  
3.1988158735813546  0.6837762851742542  0.11166924631689268  6.305772918791057  0.031814721935378855  1.5906030505269724  
2.8404917869713664  2.26564193707213  2.3969755405414084  4.161241124347541  0.2786471591812244  0.8559602606066768  
2.582226105075221  2.7086901634021605  0.08198495241870359  5.028300780650075  3.139125703685187  1.3822208673852383  
0.8505076938175968  2.960742105241263  1.5039306377151378  2.364316520147852  0.555910633240039  1.6504668435078313  
1.620651915337318  7.56703926452018  2.2577254352407308  4.74510546473053  5.450082456223096E-57  4.6720722534461613E-38  
4.187103783813314  1.1617828321753105  4.7626212449559215  1.8253774142700332  3.255022095010297  5.633074217561572  
4.379987325607448  4.283292240335376  4.0322814701031016E-14  0.1327419721248485  2.9322787952789073  6.091699910773171  
0.6747944036039529  1.0675118433590274  3.5861813624325602  1.9547530135210989  0.9261321415175755  0.6562020003870491  
0.5465515204609569  1.1824119975902663  0.906760393057011  1.5858184832886135  6.721181476611849  0.6150225150240473  
0.5389418788394698  1.1135193659831888  0.9116645211338477  1.1138679248947154  6.723252361933551  1.046588171682666  
0.19820940466753303  2.4519175494588232  0.47178382429706284  4.309637084482852  1.6138776725612465  1.7229068748339424  
0.049820419733305664  3.186946042582868  0.1676348365053535  5.850302642032565  1.8431168091510124  2.565426690524078  
0.8630814236407093  1.2214135365312033  1.0816207050949584  3.2340412133613996  0.8258879140259762  1.5622904211334192  
0.4308977696761471  1.334109774417437  5.5434781818638195  4.071946610629278  0.6089423931308187  0.3772987228504131  
0.4333799451010155  1.8600567893975954  5.031986601429383  4.637318008711819  0.450998349630472  0.2855004202247567  
0.29985436829842266  1.599244690523099  5.037875360112891  4.8550869569581545  0.46267163786698257  0.386667466204736  
0.38392876438111234  0.6652133145333627  2.641191280707643  2.0456743526660315  0.6992687927499079  2.6846157723928146  
2.7230560556677386  3.240450009857299E-25  0.9496284512831147  3.010723109452377  0.3178044266016758  6.50544607052614  
3.0806173826382532  2.507494642972729  2.846489263076403  2.8863512347464013  2.064764309526322  2.282736963791391  
4.288537634035032  5.561230521761728  2.3606041682889975E-12  3.015295024595533  4.324988730122238  2.061286361069088  
3.6861432741218976  1.8635038815853968  4.173240545568142  0.13037698352325333  1.2504356962953072  5.2517975271545166E-17  
4.965250931441021  3.5593169812638727  0.2991464073952645  4.8180211814559035  1.2653690425729804  0.4037985099809729  
4.711161937227111  2.458564128708311E-100  2.5675145614472634  1.5352319285254206  3.1756363069914326  6.15425469274714  
2.7675321027327895  4.2457022881064574  4.060470968252521  0.7648289709759726  5.14405107414478  0.6806615135179166  
0.25984626677659256  0.3926873137280584  3.6599357372140235  2.266392660001643  0.5284122418965989  3.743168668757589  
0.07196690423181344  0.14032566396785556  4.860932791321917  2.1892762174874396  0.45030279882931945  4.775799629677146  
1.1879449116083317E-6  4.796885138342477  5.8199103463689985  0.5918678386454127  1.2524326560938195  5.1201338283345095  
0.34611601092766364  3.869037649865805  5.487494646333982  2.7835041617069867  0.45352680682233254  1.0172039035257099  
2.02870205556318  4.364927109113519  1.3463572463994977  4.252826354924701  3.023775646338565  0.08531992241551586  
3.791211464620791  8.919208812738989E-10  0.014162683476133793  4.453698525209473  0.10700808369673791  4.226205425129991  
1.9207480730327047  0.22830279418369204  1.6858476126088726  1.0124015804308324  0.6012435780814732  6.27718948030256  
3.2429247413026854  3.144911986926444  2.918936185110529  2.01767811651005  2.2469105094733655  2.721240358509939  
2.1187558490201575  4.834686568632102  3.175563365588793  3.673826555037563  1.5031248653917844E-33  4.926830826083859  
4.980218805587285  2.0679133002907526  5.0995195234918755  1.2477026776291835  2.4263836869741873  2.451643832252598  
3.456552426401858E-4  1.0419367847579273  3.350255325034995  1.904260752130684  1.6352493159032815  1.7637293347515355  
1.7445251808982953  3.4331010896942454E-6  1.3240506316674672  4.935908513638438  0.2142446428673894  4.917649380687783  
0.3442037609568166  0.3615709364974663  3.4061333626843315  2.7015641886614303  0.4451951737159135  3.7617596354494447  
5.182060362214597  1.180995249434486  5.335635193262715  0.9374199240601788  0.5103086907681926  0.9786291623385622  
5.730862184392495E-60  5.7357569982192285  4.406551196868885  4.296060390219698  1.4575968979040297  4.363568341141628  
4.172601248753776  1.1155257029935104  1.696099831065114  3.234847929833476  0.421202098378792  2.4437283085023043  
2.604053318388875  3.139346621150554  2.751832930921463  2.987211347588672  2.1745756098680804  2.9667139792545316  
0.45330001091306704  2.5608976844376277  3.288764730295435  6.087991074109323  0.04069144682229833  0.4449772180936055  
1.5594935011093584E-28  2.8704726110207575  3.793824897684041  6.589963679485993  3.0178369093747506  2.6792207607461906E-50  
1.1368819100939567  4.90552730361608  1.111181552279715  1.7974346081969883  0.12746432170892552  6.424394335682538  
2.0051329093224137E-47  0.6280072325545458  6.265515560110442  2.9259933006381553  1.2841176640480847  3.1405255341755054  
0.8678015514359976  0.9401300259333712  0.30639276625289014  3.927316764332119  0.9955897094356313  4.187691267974398  
1.4604879766449126  3.5273773838700246  0.008734313383091276  1.0355026905159581  0.9413704913874836  5.447049838895608  
0.7234819241367718  1.1148697004444983  1.1373330427280923  3.3866941608140526  1.3219550947998107  1.3237117263067797  
2.407262911084127  2.0251468867329145  2.2417899733695617  5.194845681640808  2.6448393742653233  1.7115271481714516  
3.1708266054324574  3.2239727767638118  4.637853642989211  5.5463352276650975  4.543235964327704  0.041026627656028915  
3.25795162948453  4.534195103128733  2.70611351931871E-76  4.518896756759122  4.8049039063484935  2.2797611146252894  
1.013298201458549  1.4820722830464302E-52  3.4430248140068724  3.6622446754483637  3.436370006460532  6.150120283707782  
0.04401530788155863  0.2979751459110162  3.438175337466523  4.197828300429544  1.4466351606363614  4.475795447238463  
1.2726961876792406  0.0020069337751818885  3.2684532666826804  3.7879319131083453  2.316858893783982  3.952204315131833  
2.3339059038152046  4.117889276747445  3.010173734253834  3.0172858890539653  0.13437534975931237  1.671192132670167  
0.7480681365256104  1.1424826046537946  0.8899496031799776  1.605090750273175  1.1130431074427076  0.9166003446404385  
0.7904763478656913  1.1282574059454917  0.8915266760586085  1.517288411142672  1.1806195803977901  0.8938004941350091  
0.7537263836392061  1.149171706340373  0.8741624793257261  1.8394687966596266  0.9863526142664008  0.9428213570944572  
3.9498590236856796  1.3955222754194843E-18  2.728730704366909  6.271467859672354  2.600802291975314  4.210252585495903  
6.642983568272519E-36  5.561391481501179  0.20659188168161174  3.903856003635481  2.6873650380596956  2.5133551430196213  
2.336207002887428  2.120202098044168  0.19447682146349907  5.885854225687395  0.14088055040785985  0.9322987087510076  
2.7143085906649045  0.3431346298769555  4.166286050131837E-8  3.4212903453680825  0.30660703770188924  6.3266492136751316  
1.1992324086422526  0.3912004863068086  2.50936614717426  4.975023395054941  0.5487568138352276  2.245580695370359  
0.664605976362839  0.9695702273842456  0.6903376294857659  4.172980099861936  1.0360948686205411  2.5041541574176276  
1.7180667822499212  5.692880851505497  5.794932855208183  3.07165716838571  0.009497658252482359  2.3773769889485825  
1.594439432572425E-73  3.054636972197188  6.402741532639411  2.2967476987922804  1.3427323086888425  1.8424949277683784  
0.8736296566478663  1.0492495322445428  0.9624932883727917  2.4877238651188893  0.7666529729724134  1.1849281597539805  
0.8347743400869887  1.13748887384336  0.8587380416414976  2.158430542179483  0.8666975185858717  0.9454731019961962  
0.38800501639166624  0.3947594387850247  3.2762042020732176  3.2739759585519135  0.36850532255623103  3.555661367845921  
0.2642934084151755  0.3939271213020524  3.5651868271343217  2.2656692007735915  0.5355414469137506  3.7382502334304193  
0.305210311799933  1.641243091366063  5.049683189729106  4.799074535669798  0.4481564139391242  0.38356237865002385  
0.8208806748107381  1.1460824993461625  0.9509790217744019  2.7507107367011496  0.8041465742450511  0.9250557420080829  
0.3210079129478262  5.675245193084733  0.07542020372796748  5.5778289080115  1.6761670776438842  0.8329125873784329  
0.02968317392697884  6.970707133923494  0.3537414512742332  1.7074886427322162  1.7824418008730551  1.1977887086012606  
2.1165328063386175  3.5056566435972147  0.38837925364168163  4.4230981209801925  0.03816883183143033  0.7668068942837744  
0.4421837424534877  5.800572791383624  0.05791973379979104  5.37160509993734  1.5922541041879643  0.8149539817014345  
7.8622586395462375E-112  0.7862937978479426  6.556519084567263  1.0892163982903111  0.5514414890314391  2.9302900968138177  
4.3946663511620605E-26  2.650158229262295  3.3344524079939037  4.409911967818974  0.19776953260098865  2.68480966875734  
2.3217783668567344  1.2755684329761987  1.2021198177106054  5.485840070913463  1.0767160344092562E-6  6.566602836907728  
2.464473789600901E-16  0.07974381748064163  2.7563184895947206  3.143807667211209  6.280326846912065  5.173954587497722  
2.0577555106506895  5.637809513535567  2.917094757497182  1.2058954333849273E-19  1.3925207602802123  0.3167923229932357  
