1.2339422028009437  2.5775365720994903  3.407005598146479  4.020442006414028  3.1863355745894157  6.4839364188980975  
1.958811371556647  2.956494966758511  2.719847524088677  3.7391933827215493  3.662391325134042  4.918372935240412  
1.7475634968226735E-71  3.7211958680867583  3.701124719521289  1.6424191772146237  4.414697913955614  3.2451288663652296  
3.94609993070161  1.7845447796110516  4.108435799842402  1.7507666179527384  4.902099643781732  3.7263161706557155  
3.0869449069138604  0.2667998484566811  4.277912408740633  2.8291751513490455  5.896374723063359  2.7884170494308576  
2.632703420357448  2.5641353594118623  4.336063733253094  2.5277825396794014  3.7912732072503275  4.224328826015921  
2.634591769259802  2.230564076876919  2.101121942524589  3.9556133181121345  4.751785075013188  3.129642486550757  
0.8187763979878804  4.102292728723032  2.9372567743372744  4.221971736295915  4.365116565334533  5.899291258968262  
0.9842130987677911  2.193346693852365  3.302382697308246  3.9219543939971477  5.036738446208815  4.513227686517793  
1.3825984419152497  3.54871087304724  4.068718988143281  1.8705064451216096  3.8581169707836485  4.503811672704053  
0.0017322164267457496  1.4252095988006956  3.9667317025011926  3.6926158537081903  5.210957392251124  5.746547172136251  
3.5897265682228334  0.5205588824496904  4.879300225737825  1.3757244486498757E-115  6.177217975364592  2.408873297846165  
2.208807820234657  2.846170109942652  3.278550695827063  2.8155260336843657  3.485673526879297  5.315930077497988  
3.6140767900300683  2.9448804552848142  2.9671623561483074  3.7628185193577055  3.8297389253010663  3.8630017681027224  
0.4944553521413176  0.47605987958871016  3.007206556380654  4.160521220447361  7.3737185849311695  2.6404404647710567  
4.484600728626709  1.1259218912710411  4.609093234939884  4.2305692543794216  5.9953821475283755  2.391693238454196  
0.7409328199742948  3.3450221855521947  3.895133287068405  3.974727659073068  3.979234076103468  6.472238837068477  
2.3499541796279155  2.759178036930148  3.847152344861007  3.869176059900626  4.579107670086077  4.989665895365908  
2.204919507945512  8.414056157138025E-50  2.538808337041315  3.0986611774085255  6.781797060588131  4.811647623340402  
8.100715234137079E-16  2.590590846821119  2.8156174015217146  4.18436531667865  4.217280922572434  4.859159234278781  
0.9122347124717971  2.1774150587388297  3.07252659661882  2.862130774624351  5.399275104674774  5.673530396053302  
3.947552260761843  2.5815665472985607  2.896211622044386  2.5519293993017884  4.255579020744639  4.854932234605726  
1.3850303463465303  5.335005705134321E-34  4.276403303485525  3.5047099739128114  2.728063745850808  6.473724236740384  
2.3763945971719163  1.4940297569003027  3.3537779832313293  3.40745390421273  6.640501066748442  5.0667922809643455  
1.1931420310841014  2.860518823909763  3.865795860314588  4.182173014408195  5.127425060680355  4.426491728934719  
2.50344900080698  2.529771709985862  3.0119578653769015  3.0290295352901433  5.931309527715805  4.184275093028602  
1.8262262554808026  1.0896162960566596  4.766300596392758  1.5664125195593983  4.944479735986333  4.305963916171757  
5.088476345280503  3.1992015428299703  2.3237105810799052  3.1764203432467855  2.588897640672112  2.998931329998362  
6.45453792335477  1.2640790466802416  6.505595173258503E-12  2.7217239615003717  1.9057994088311412  3.2776497150831707  
1.4453664654948686  1.995135287189519  3.603154995482538  1.1200836117671742  5.087204628253643  6.197893815532515  
2.2410935610190172  3.6521474131891356  5.672507287822312  3.0365134901209565  1.3770592018643304  0.00526462387334351  
0.9529681343726844  1.5758364691485305  4.763574877706496  1.1893261247203206  6.8144411512261355E-37  2.7807079971322284  
6.223542365950629  1.756672827007659  2.262398761511056  2.8702736181309207  2.5560203083615445  2.903071817915987  
3.5598427305764644  2.9977016701846906  2.470824850111846  3.506427520875856  4.746406810793584  1.5874904227613238  
5.300919280918981E-88  2.381992964707582  5.158816840348223  4.897206318586095  3.989795516156956  2.4147337200690204  
6.071799698982506E-40  5.09609046782512  3.886329137316689  2.105268460779572  2.802253614699831  4.777160764722791  
3.005335618902766  3.565776027694423  3.5021698783499735  4.944241503471992  2.74791274277769  5.311775231288102  
4.917865911012587  3.744552157469068  3.911656407076802  1.926443228378824  3.1909356259975534  2.6350198370609417  
1.0848999470988636  4.820677784407102E-5  5.223059062494752  5.350598274184147  6.33103832259562  2.9298105298735444  
2.713821119971463  3.6170309017375133  1.179747755252079E-6  4.530635647172607  2.9503069350067483  5.228684921515954  
1.6066731950967073  3.9013970931631854  3.0737978880628583  3.4141123513779674  4.922448909400122  5.699289478298117  
4.061201729456325  1.4814317678447912  2.4327431611244075  3.98955598723314E-26  6.802394871175347  2.403284852479152  
0.5963379244076443  4.85532292741347  3.4799783949276506  4.603215103137294  2.054007836700493  4.028018105736254  
1.6133768633402106  2.8383539758938103  3.061663640947552  3.504735331538807  5.844883879456122  4.769534890990061  
2.5038120171148686  1.542392576467156  4.79686888347171  2.854968816279044  5.636824281740178  4.531037763701339  
2.3741241173030807  4.738887963842091E-12  1.1858704539913898  2.9911522802248136  1.7371982112281477  7.749980424249692  
2.189880520599685  0.4751690439448609  0.5921407623112236  2.5205790108473256E-11  1.7038214029163987  7.460417880669334  
7.434158656865736  0.0011690796382926754  1.6962085788167767  2.985986494885421  1.4023936416478322  2.955607971451059E-33  
3.4778652355810804  1.6269394278804226  4.195791462344986  1.6106918480784866  5.698348886366893  2.3273722855451666  
2.9464986618542137  1.7011709165579105  2.0258583403907724  3.9720124249573483  4.948843310904208  4.862669298200609  
1.7564888672405832  0.32751791290313736  0.8774768355554233  3.808977149054236  0.7977880409520453  4.291324112736788  
0.5949852216396915  3.3291845980194767  3.516097761449072  1.5101129527688695  5.63559591934471  6.644586404784273  
1.572360329067275  1.3511587834425852E-50  0.03344911763962995  3.7812912787206963  2.656834617143362  5.985969569753017  
2.2017627329194763E-4  2.7239630015840373  3.636756652437047  3.692678226063365  2.9667460290816443  6.780126595014744  
4.694473151776454E-4  1.8240210159865529  4.0012032944156894  3.3451400687506294  6.247947642794428  5.189505870868464  
3.1964762601112824  1.4744078468538617  3.313148939314741  4.48583649500897  2.8246648933985474  5.86861869603935  
1.5968929469354831E-9  4.858780702048862  4.307896603478281  4.843088226752701  1.181447789648429E-28  1.637562793001896  
1.695401472687589  1.961282598975368E-22  4.2313926329108975  3.3607271686126743  5.483136554390185  5.26062022086661  
1.2132274325079184  2.815291880995954  3.650855026612761  4.6924489589992096  2.969078082356157  4.5849795418867245  
5.366173464438028  3.8884121992363716  3.0176688842631725  3.4768900808196337  2.1335834908111253  3.4859925241454015E-50  
3.129957706823459  1.5213605860743253  2.3364383558094337  5.47167955064487  2.8950028122750116  4.158112377037554  
3.2549754875220875  0.4742946805897093  1.7239826389820412  7.425320195515728  0.7817018444801078  0.8660865967324421  
1.4748291888633058  3.3098611564483553  4.599501135383235  5.5592418830756225  1.0868400746321485  1.733200018356362  
8.429349020989463  4.281425233554002  0.9318322480246024  0.003825268055713611  1.4462660677621877  2.0410350227450484  
3.0105529387539276  0.784958063090675  6.115788957902693  2.9503075025621035  4.836845374900509  1.078398627659206  
3.5627487756951437  2.1122253727935412E-104  1.4590739712144025  1.883926341470287  3.7378799068455795  5.534523656451487  
6.646476299660529E-4  3.365564917069779  3.091773687339437  2.685765750546036  1.3782846242379978  8.49563675257439  
2.929852031253821  3.865438891122365  3.6895124285329053  3.9523746500766572  1.660298740964279  7.251307677848482E-51  
1.3261376460464627  1.0670647062041805  0.7157063829250501  1.4111062680111097  0.9676012123564326  0.9431515567611051  
9.1016302569226E-37  6.3631858824471275  3.794995670261432  1.4776358303637422  1.1891862484611576E-13  2.9335119660314457  
1.8312425825994258  1.6596401919327368  3.2638556698984367  3.0645968559778  6.537371712638145  4.4860673194921485  
0.7076352783551576  2.949875677571454  2.818177653979098  2.77786881633121  6.615092786859356  9.768966689180709E-36  
1.2922855154502402  0.21977708797293408  3.403534508701066  2.1302082960888664  4.6494992860713875  6.102039155757962  
0.001717987944262707  5.405210704235096  0.7753284208642065  6.7001310022279625  0.3391241757379079  1.4626999032696875  
2.3551653133045325  4.506819520927009E-101  3.205322299051009  2.529233845482793  2.3928206236395955  6.295782046922417  
0.2672086819044432  1.0147275217775853  3.1185362477903027  6.193807346286594  7.324700483962075  6.542089035995197E-50  
2.7154629844637645E-54  1.6450048714781387  3.6357032421691517  3.9320507039078767  6.620233708183297  2.296032690055236  
3.112736451834222E-61  2.8024233990391134  0.35097150383832393  3.7045184037640926  5.813154278955936  1.6353185874328102  
0.9183830352730066  0.3874295688705122  4.237618661452694  5.166708053460891  5.949979054229527  3.6641543831553407  
6.342301951077925  3.412504245271299  3.314437350030119  3.3995567972135228  4.201794367118117  2.9332035213868077  
0.8495284460587932  1.3306533467294501  9.206270236193249E-5  4.502384532590999  5.541543122245508  4.196404112300582  
2.8009609934734734E-8  2.2737882124386544  3.8015609152223995  2.6512690054914354  1.072032970313342E-37  4.139581061920616  
2.646125376570068  0.4782545647461291  4.1771688198887755  4.667443372929848  6.138982373265188E-14  5.142523592936598  
2.509866064198383  0.875500801922735  5.21284069381886  2.773957386697097  5.28325848481288  4.430400263998448  
2.0856707883329837  0.9847738647227222  0.6659229621790307  8.106992835438627  0.7847211721339329  0.20170909638138412  
0.5449225744287745  4.0551996488411675  4.319552058879078  0.8878110487249717  4.445541416373719  5.3360944965655595  
3.728945659498424  1.2445321770123454  2.463625524946344  4.741804967571925  1.61785166558339  5.248775671030038  
2.790803821155333  3.0384386751305545E-18  6.0935095561797016E-52  2.064452875680683  5.984515112998119  5.814166668722356  
0.9403586576583053  4.391717256933436  0.8678430043262398  1.1980536534914188  1.417341013271181  0.33448507493058305  
0.542261814380474  1.9190537267175916  1.72675488379305  7.315575411386411  2.3579155843201507  1.0813112647457421  
2.158785018584043  1.6478313181620199  5.197290977238346  4.421369990895048  5.293694193699943  3.967325896926296  
3.156429809564223  3.2189759487245304  4.910110432866553  4.584536838676521  2.3385239918506024  4.003908036512982  
0.02899868619098303  6.953683688195243  2.325935028812541  2.7463167870788565  1.3626305848050526  0.5992553973698936  
1.424622071662931  1.026394129197688  0.7312823646201875  1.213054582229386  0.9528210269312053  0.9758504072728249  
4.1346467629228245  6.725564704601504  5.690873723778674E-48  2.339569313491907  8.317739273426684E-51  4.934028692144742  
1.1786574401841678  0.2985775534416613  0.49344130394026126  0.5407136999094274  4.761806936171716  3.966846789881585  
6.737083729209872  0.060702268411563946  1.4039472871490801  4.327055611163201  2.8253792575504435  9.688145702280098E-64  
2.8671564145947976  5.632419626276928  2.767287538335138  2.5722458715137597E-89  2.0368716530168753  5.513310061948765  
1.363058377714954  1.0504537991814837  0.719317855962507  1.3469573141645026  0.9532725508188186  0.955981321680432  
0.3339463187850136  2.018571798692524  6.053363666793263  1.9418279087301618  2.975670096060671  0.4749674323390862  
1.4964083605688616  3.8466105314733424E-38  2.120653545744876  3.3867686923059304  7.048886070317009  4.516410920857459  
1.3713566989330022  1.0465347231900095  0.7200111388574524  1.3320040236370236  0.9521365640406293  0.9595554116964501  
5.092556474153124E-9  2.0387504660992115  2.225373474354221  5.69524492297636  1.3966438137971695E-42  3.9423998478752362  
0.9609467945823519  0.9144824712127528  0.5413166361874079  6.049644404209415  0.8018473492014477  2.5212347212125317  
1.9121305856925763  2.2502367445856195  3.2025728167372476  4.11382591223982  5.3632603114679185  2.252547892936786  
2.4147801605815613  1.0038366267884842  0.5762934769506478  0.13673780902070728  0.8652952777255357  5.9206568397766866  
4.3687687805510595  0.17680027051039576  5.056213422036711E-19  2.116595585069876  4.188043198128194  1.6138571822543633  
1.329984140952846  1.0686946401470505  0.7249672071100793  1.3723093194270193  0.9847491470051695  0.9309172382249162  
2.219988109385176  2.14677201475631  3.669625164184683  2.9702771190832977  3.14738601375791  5.924004821292371  
1.7463160805880655  1.1841268202679658  3.3068634117452422  3.669651830356704  4.39423707429072  6.648822892451064  
1.9357139143760278  3.6065258061541634  7.724300253966034E-29  1.9568796416472662  5.6869990322425865  6.641669325741181  
3.3480091651542785  3.2594960248693394  2.477822930093846  3.0606299734608737  2.3555803621114584  4.817185088797944  
1.3165138371070215  1.0778538424519977  0.7330030202867097  1.3606283552111034  1.0105853883525577  0.9123636641142624  
0.013370651614767394  3.720833370315066  0.34133169249600437  5.584450485800952  2.9826364697565657E-6  1.9687577446486553  
0.7878820249890705  1.3057965832743457  2.9755594370413063  1.0930265614200753E-42  6.7949173151894104  5.671345540506967  
3.811602631493206  0.6557726707983037  2.4542484502655676E-70  7.044472237945991  3.9833583241072135  0.7055181698057921  
5.076856751331325  0.9507319831654691  2.501992120136773  4.586175371107536  0.32319075453698404  5.110140696110991  
3.986867979933015E-43  1.6158159381235824  4.302341466969833  3.2853039035801577  3.0544636066179875  5.3929473659114  
3.102176461077978  1.7048377286845544  0.0244860509539  6.001481564080143  2.250828954598144  1.0802129615172466E-23  
3.2077027129011513  2.294431328314648  1.7384450117903638  4.0232110468110935  2.31825145573994  4.8783650993330845  
1.2083294055538951  4.6516863112541404  0.42898556900178997  3.143540271577093  0.19575962077535822  1.4491587467890203  
1.5107919412980053  2.390962314962835  0.696462894213257  0.8700803128365059  1.9617920839540106  0.693401533567372  
4.0582676740643295  1.0306182702736997  3.047150213030947  4.662919702743639  0.16087603894733304  3.2097690955662332  
0.2950145597127326  4.427038044680133  4.048052815427007  2.0350763659204647  3.747936348202013  5.708124221935729  
4.5677028927025045  6.258091247250631  0.17760210201793114  4.503317873006728E-74  0.032265863641137114  5.246284170789356  
7.328774294864051  1.4166825252613386E-19  1.2410949683590467E-12  1.4042965307430633  3.1818999154639616  1.8249055590084355  
6.305904150535377  5.019734097561535  2.538803505121667  0.7185699679982995  0.5769621611219883  2.8568881509520025  
4.720580130208366  0.3949027955391033  1.098351117972274  2.608191774434058  1.4403981238159562  0.03541082707629576  
2.9416157918146584  1.9619738470585837  1.4170459745642867  3.324060022424743  3.7595219581408283  4.91518060822057  
4.358320589341004  2.982255772507362E-15  3.4049708208962494E-60  1.626938715308304E-25  7.316543426745242  3.4449171950839954  
9.692520001981327E-95  3.4703229109259977  1.1972547910237253E-35  4.71880113734469  2.048544118875333  4.703007190599496  
1.3627840808581984  0.8606292118850511  0.8773858287481912  3.4623713514131844  0.6810421539210152  2.0376714871260964  
1.2418683701054525  1.103857537909943  0.7106411536275784  1.5503837607717863  1.0180126917904693  0.9086474324433984  
1.4411029579057284  1.0195549341379668  0.7330846346107946  1.1829113265955549  0.9518631382398757  0.984346795187496  
1.371514486135304  1.048707380491924  0.7241535733013257  1.3188008708122976  0.956441444223288  0.9526688287131886  
0.9120755973197215  4.38748597374866  0.9028194766037366  1.2242239154221044  1.3793897943196785  0.3689235210093673  
3.193777129764215E-23  4.560879812710317  2.4965130931866946  1.9006154271455318  1.0021597236544981E-4  2.5055844594482544  
3.956626285004987  1.5465721044568475  2.89292952229717  2.3504544286953477  6.7251360947946015  2.6483925262326844  
2.7882004926269694E-17  0.43978446858677345  3.83665209251209  4.448723373505114  7.307084404458882  3.4628410223019497  
0.370513827826947  0.5111303172817712  4.309597712186599  1.9466763506657319  3.981964075918067  3.5355325155903916  
4.299707925245268E-64  0.6790965506486178  2.1075256717326853  3.4883578060257405  6.535273403486198  1.910939975684753  
0.8395913751662487  4.844245067602558  0.7191461249536073  1.3755008831020596  2.127816009615165  0.10737507249528638  
0.041017330890949145  2.1897717054549597  0.4052707568670491  3.671296737235708  2.68291777682495  3.36876263815153  
2.895970891424076  3.789788983473959  2.008735315224247  4.519455498301607E-82  2.975950604047096E-12  5.985418065928699  
8.275851385689751E-4  3.2528593317005474  1.5605639702779321  2.445432290885418  2.134627949571836E-13  6.522251583864425  
0.6362447251072019  0.933453690034696  5.80791551597008  5.400369893300956  3.717006628858824  0.18266301901056725  
4.5129248788992086E-98  5.495972032716134  3.7400425635194834  4.388255312180275  3.413629983798914  3.428390257622494  
0.22233515491758704  1.5185620380488458  1.13575112095881  1.2540159325548577  7.112393751981101  0.14390054687766146  
0.0034813039873906777  4.913847350673299  0.6093550438984893  2.9594152036031716  1.6685466560847084  1.041496444139063  
2.7996137334430946  0.6785230529008575  4.632630167406263  5.260760232922627  6.284530100506011  2.69865627890779  
4.669081690734763  8.644412386701485E-100  0.5165888609793491  4.05250970444622  1.217437560564039  3.716484172028351  
4.216207374749299  2.095941683733322  3.7768330671282753  2.2280866228206957  5.926557269673081  3.362151029802007  
2.748971890969515  0.8966567105148712  0.09658890200641237  2.7421332863811934  5.112211286586164  0.9725688117733984  
4.1069608484741265E-193  3.5767654683251564  1.184524027411084E-18  5.973959148541207  2.6490489632816723  1.262391264962983  
2.8730329102391505  0.7100949047596358  0.6577146937795392  7.533258951420527  1.1507993642830507  0.13675419554806714  
1.2796819635712792E-19  2.6780517220118103  4.747634809041245  6.4773269491383445  1.147204227670176E-30  1.6774949500327891  
1.0938960282511296  1.372466985993444  0.7464436919817915  1.5574320354673952  1.1586808349691644  0.8188078929576765  
2.133305976940358  6.68759966919894E-30  3.9763395697861035  2.1396272707276234  5.590318806909769  6.195491146532341  
4.474731938219906  1.5173482360551165  3.591633722777974  0.2206521877337681  7.315464727790635  1.9500807998909089  
0.48669947346675013  1.014561869699161  2.8949403710385915  5.121162968219657  7.3974380593257925  3.418133922621631E-22  
1.0083488461367698  0.3112713807645605  5.027200176417524  6.620310166333032  6.127101188648725  2.674359938852042E-12  
2.07036237607496E-20  6.729668988408875  1.0469716451662952  3.383636370408147  1.044512816755378  7.354381995700089  
1.4537360487717232  1.0145673267823114  0.735139877680054  1.1573047317977112  0.9516149466598677  0.9895227815643105  
3.809901684736909  1.0604023671663387  3.147564506769723E-9  6.17798955224984  3.36692345791641  2.3093910091872805  
1.7858947971271663E-28  1.550698723950086  0.8923333983535782  3.4756790285160624  4.854964373887878  5.538021131882839  
3.2975069466511315  0.2144058632212559  1.8892567862185454  3.8016031031829702  7.163780345914633  1.6270262081671834  
1.1929229963789014  1.2058585717257775  0.7496969023326111  1.4847301803399868  1.1792225311445534  0.821615171743848  
1.4030809908826753  1.034266507594562  0.7261057903677488  1.2632351850673522  0.9520801772682563  0.970323627983826  
1.2259190231902085E-5  4.855566386989373  1.1485374825041177  6.742531997025617  5.9607435311175564E-15  3.0157068309528703  
1.3386247326763858  1.0635124469116957  0.7215999311882795  1.3717022674644557  0.9711334207124775  0.9404427520915337  
0.10050819295895877  5.260308452849808  3.5881224822684734  2.3567756723355884  0.0014152773605493223  1.643282415532646  
1.2279444434001395E-111  2.1975091195721377  5.052952490383649  6.100895163774917  3.8462761241158994  1.3195903916495506  
3.833535140801979E-33  3.976880880953282  5.888156129904685  4.821174759966045  1.796850745290361  1.9591314733650225  
1.4439479041146785  1.0184129897717025  0.7334979546991702  1.1773428006959146  0.9517732795314796  0.9856101032407701  
1.3307972948140565  1.0750230371626397  0.743056952872826  1.308478567786448  1.0247110639877102  0.9032982853563247  
4.075914956899096  7.777588139811276E-50  4.9219149258722945  4.211346396119924  5.188316138265467  3.636097252745162  
1.3411529276156007  1.0653075357224282  0.7296809750953434  1.3392017412664128  0.9866052285669583  0.9294302048781188  
1.529743107388998  7.353324292398785  2.5257410895553485  4.28897432473567  1.2077513245049065E-8  3.028856654997871  
1.3632066022398723  1.0486390257348495  0.7159000581190764  1.3595577188534922  0.9503499580896887  0.9615406460408042  
1.375606927951383  1.0455297631229759  0.7223020142891836  1.3188249564846553  0.9534778881625737  0.9581089245106779  
1.3020162871465966  1.07660162235694  0.711592374283259  1.4607685141654771  0.9765370310185421  0.9371543326971776  
5.009384293108037  1.9731903857686006  6.21216120623775E-27  2.5998636320449156  1.2528015079251653  0.9035694533341216  
3.38621081206076  0.030347639308141407  0.9810058125198445  2.71470931496596  3.914779705421056  2.6897762478366776  
2.06956056550518  0.8720444699198482  0.5961105627864998  0.3237497634008347  0.97925624810754  5.878660410812195  
5.27765687255915  3.6376454574692505  0.25720951553435323  0.7024626334786229  2.675473910778129  0.6601321744076863  
1.2257952322275132  1.1262405209790545  0.7107475588374794  1.5702383995613785  0.9941011212456811  0.9246063971495527  
2.3990431626437787  1.8783444534152824  3.8632605352431972  4.055976524094269  4.441920428722941  4.812149623967752  
1.4307680941403191  1.0236429034583308  0.7314236428596744  1.2037843286981598  0.9520813245275719  0.9800711114450785  
1.1820767484866905  1.21210377243262  0.7524478845939141  1.4511998513312645  1.1337576356451935  0.8352129749886645  
1.4335890156010858  1.0225052155921386  0.7318192585757441  1.198317672508732  0.9519820497906717  0.9813522588627341  
0.11170608824907005  2.844143582870662  3.339248079274575  4.5868558083485365  0.004103859219590154  1.4377865619707313  
0.8420282621442942  2.42331136937512  0.8809803683305584  1.5804000169391779  1.068755392926024  0.7889060501503851  
1.1214440660082157  1.296348558182053  0.7216957380369432  1.6131324783448848  1.0282830905553573  0.8893709331025491  
1.27784616930064  9.133408293459393E-33  3.615810701548565  3.6420578446058594  7.856479922927105  4.717612057829886  
2.8236668410285204  1.1998152666652733  0.6388791185079623  0.1910011641326452  0.7108391107229678  2.91886036245302  
1.3135901087746569  1.0787641719130252  0.7318191832647638  1.3686577221248164  1.0098999141611265  0.9127993925723443  
2.1889528130780747  1.040814715926237  0.6654855034001256  0.7238205329374049  0.8403415169278743  1.5285971264817746  
0.9432922440402703  1.8342999643786386  1.412002466536682  5.088125362567158  4.4744824878749355E-5  2.621409587528393  
2.2087911880238993  2.92683537017952  3.1153539655690086  4.46180731696501  4.8609972706220415  1.0272777060620581  
0.05055371410904357  1.3361532494619512  4.523608813733935  1.6267341147971666  6.227694403616869  4.170862738493128  
3.81487674414139  1.6809480857375585  0.23127031359767933  3.377176172277212  0.585349718221916  6.106462446631952  
1.622344141982816  0.9540303471341234  0.5513107900236351  2.1694644104829957  1.655969082841393  0.834014004918178  
1.14897055355435  1.2885069962168674  0.7601580924291945  1.4514474094089085  1.1674199270102668  0.8150007513864864  
1.3890712995364953  1.0406434140501375  0.7258939080503845  1.2854424593780605  0.9540602346985115  0.9605976012216342  
1.361829261760163  1.049445299294235  0.7162122756851875  1.3595227614910739  0.9506594611403477  0.9601875537817934  
1.362969551664919  1.0473653374923404  0.7123659362651538  1.3769024691859704  0.9481280531459693  0.9685664168708862  
1.3394551682579205  1.063017623330219  0.7213529940093824  1.3726824192459326  0.9706277331102411  0.9410221882681303  
1.396801445374503  1.0367053822529289  0.7249743765392148  1.2764617229066044  0.9521372955982381  0.9679657087684957  
1.338870770575814  1.0678208083585448  0.7337346845796054  1.3289957748899865  0.9975775500725101  0.9218715588216218  
0.999341618612294  1.5304078811151836  0.7265081905470929  1.7381622196887898  1.1352311298901545  0.8316676983816316  
1.5194450302336315  0.8180637246991642  0.202613610206994  3.200217429682503  1.451757544765952  5.970478898223699  
2.412290388689959  0.38082436281885523  1.0900347721439006E-29  3.8672568857699514E-10  7.638011110795312  3.813279232334383  
6.619894626074836  0.17916201857314043  0.7971930402014015  0.29248757937901826  1.81540401858943  2.584255439758605  
1.8181034777111724  0.37492463755142763  4.521205994841002  4.495869170859034  2.9375086302007024E-16  3.935791647690172  
3.3718603150583335  1.5217438251162565  3.0348043880800075  2.077902599935324  1.862832857621735E-4  4.613771474606971  
0.45481060379035865  1.3871825061021197  0.043837076634163995  2.552775775791977  3.052370347173622  8.523650776801684  
3.006797303161454  2.2822374881472753  6.413865886247647E-29  3.5102697891137096  5.996076426774897  4.569870396719452  
5.7989528381442375  1.9345273909296379  4.790725860994798  3.6195807580408315  5.611919124345958  0.14177559499020229  
0.45396841866706866  4.135344918369523  2.155114477268732  2.3085381483200313  2.786385730600119E-8  8.565181310700986  
1.6537546234849565  0.8804782545009623  3.3110270137628572  0.8503554234889155  0.7582142983393054  1.2052039078893624  
0.09843481507367921  3.6685017493420315  0.31771930735578197  5.6856956161752095  2.7057146715319655E-4  1.8613878037257672  
0.2546714059539184  7.931634859806152  1.96014075505433  1.5825264774923513  1.2065456121951903  0.5348931289955707  
1.0350139740113233  1.6820965066032034  0.7317553829485965  1.7230329975778984  1.1020589430364847  0.8615413930213524  
1.2947725666677228  1.1045464048525238  0.7610416617365953  1.2928392797990198  1.0994015779732174  0.859017564883926  
1.0370243083552984  2.746226668564252  1.6382661770217868E-8  6.370939549820293  1.3483574230792925  1.2816032626782274  
1.3903759914844787  1.0391886991435124  0.7237796365065569  1.2901570971971006  0.9521668500401896  0.9656443242529612  
1.3475782478020737  1.0543675816613154  0.7114953759510635  1.3971026964366287  0.9493792032632028  0.9601051180762438  
1.5048813255623392  0.5813857077078517  5.709068652186561  2.663914195113332  2.9397948466661785E-29  5.622748713820591  
3.016249445215367  0.5938558939378794  3.022448226155949  2.221910493259504  3.475503269817184  1.3620763083202272E-39  
0.5018857200407255  1.5380537922877748  4.17520716043621  3.881254152721127  2.8041692221091408  6.102545461877603  
4.549497286213202  4.819216315703849  0.012896942616233382  4.448363730094123  1.615052515693267  8.903194855422486E-31  
0.007005554697796164  2.820871529766129  5.7965929479990965  5.685736441000901  1.9272885620671942  2.239113529361421  
2.8684621560938926E-36  3.4627919649743  3.853459180038495  2.682943401806514  2.2800385578836457E-50  4.544367910929466  
1.456999280870894  1.0132828008736199  0.735680846641296  1.1506511950443168  0.9515579039084774  0.9908398330881348  
1.1620972268541478  1.1156545220142646  0.8875474350949103  0.9543354746429593  4.268059111623311  0.5317610958970252  
1.5018772126368367  0.6527618210957163  3.354400925274202  1.2292374031576825  1.222484627653698  0.7616706200874965  
3.5286827008075927  1.7393987921559433  2.1988415307181577  7.53111441354954  0.45423864804551634  0.543721342769849  
4.854276106670861  2.913148648356758E-18  4.163060510572631  2.9549410721929057  3.5434958549013036  3.84322103377436E-97  
1.847504527673742  1.689430072684634E-30  4.568200199964658  2.1314722162660384  6.70909010765645  2.731219153469689  
6.582008441396699  5.581808294240936  0.6326911028368788  1.1210544849064151E-48  0.5324179231703642  3.725710300477993  
1.3146151094959757  1.0748637981483242  0.7224445861902934  1.4003990464837472  0.9889327703558476  0.9275795605751929  
1.1331625864339485  1.259973812971546  0.7110345871862072  1.6635961796201695  1.0332802602819058  0.8932775485705713  
1.306573831675839  1.0748090857644272  0.7122791818754377  1.4490157896199463  0.9729252783454535  0.9391334313499975  
6.992361717879677  1.4998848387845097E-43  0.20652445339790473  0.8683213632466961  3.5113003243500267  1.888647637554323  
4.548992874862731  0.04203958578788272  4.09599165462907  2.9195322015499077  2.8689481748857664  3.7181144783238618  
4.249304963229253  8.96341518383606E-19  0.12077871069843499  0.6610917837128721  2.424709455352231  6.440115223782129  
1.4297693288049715  1.0239684702766247  0.7310795674687869  1.2065366440280416  0.9519765921628386  0.9800200649011273  
4.056266558602322  2.256608246831937E-7  0.5530508690752189  2.190073976506024E-20  3.7645293557036776  5.705310218564582  
1.2813393715163175  1.1005117077551245  0.7453066301664989  1.3639833937257866  1.06507762705601  0.8768440798307428  
2.8435627455774806  0.3355803809855254  0.448887956631986  3.2202005536453424E-33  6.3033677032824595  2.8103835432407873  
1.010578156819362  2.7460329938671673  0.755601728860648  6.418198174499806  1.070574082624445  0.28797485365435466  
3.3729438982059294E-13  2.789420154472643  0.4931632395095238  6.558366353566647  2.509220564346702E-18  2.1737805751549475  
1.390218335293197  0.8316431089704417  0.8699879807395482  3.4108993291631076  0.6948989234176223  2.0903595690403853  
1.3079849079089103  1.0804946894052172  0.7295552245823749  1.3851091400704227  1.009235447854425  0.9133812443484465  
1.9864992424106949  2.091990414511895  5.771347136893432  0.3882646824694572  0.19782593583824842  1.745555046144996  
1.3966298010692617  1.0368277026653838  0.7250894151882872  1.2762437070379553  0.9522378243521703  0.9676185575036886  
1.4866403246856337  2.5749427600885584  0.2398494403275101  5.247764702160364  2.5676955399303942  1.9185942328734116E-19  
1.3153403272366289  1.081090964712651  0.7401974069525171  1.340074403930189  1.0296340321840742  0.8998963440232074  
1.3654265066342468  1.0518486121490584  0.7238131732261869  1.3283343561925791  0.9584231534577851  0.950072827635706  
1.008109134060694  2.4093815230832245  0.8198434534537618  1.3399688782437431  1.2590152956957923  0.6215578084836479  
1.1312505094168457  1.2573927049744535  0.734795184017852  1.5780284627504135  1.1403325424800683  0.831928218948202  
1.3460240157118073  1.0552902632337628  0.7116699500520103  1.3976732647406882  0.9497999092535513  0.9591846496593995  
0.8469144878732854  1.7334405525443881  4.677703871915298  1.2095684194978316  1.1196147577520916E-30  2.8710723314309803  
0.06675379074876453  0.931867097872733  3.5259742384416515  2.0781602677961204  8.039994574419042  4.239277848010675  
9.192508659100312E-5  1.593260148601766  4.332317516928575  3.858678646541485  5.949052181525822  3.1613309455372014  
0.9920734033369641  1.6578153268730509  3.272474278209577  1.3157636950714775  6.7647338332910675E-18  2.2576112475513708  
0.6341220559193956  1.106700398277797  1.4052103973110763  2.0304505928664653  4.804015184637477  2.5003315994240856  
2.6358337570885704  1.6482097259985422  3.5489049229682985  7.7094869503537025  1.384102264005911E-15  0.8558145614310505  
0.38456015719539327  1.6607632050280172  0.4187114146728616  3.591747023865222  7.841340471337209  2.760648510297809  
1.054980825162897  1.3966597758406296  0.7398374278907978  1.6251122875275377  1.1880601209737833  0.8001042605973697  
0.8537243542718238  4.890984878674699  0.7204571050269832  1.3680430348137094  2.0731645337654707  0.10085545972750334  
0.13549257228721442  2.0107430743735915  0.3903141625906828  3.6450812431586272  2.7913141530181353  3.3699232289207606  
1.1633284381947449  1.2030344899691077  0.7130002907180503  1.6251035793161792  1.025120957692222  0.8983252410229015  
4.1832934200230385  1.718615171333897E-31  2.342226699882006  1.2005170821020955E-50  1.8548373420917734  4.477016405250992  
1.5900565101071216  1.2474509026878984  0.6530873804065728  0.847181701755713  1.1024185803412787  4.161274091160236  
0.31828603661218896  2.5023758439586046  2.0975757107196333  3.5059253036892866  0.18697063737911204  1.350585271698891  
1.0941348696662898  2.736357612290273  3.7079555407607723  4.755820964069403  5.9117029660955644  1.32534979241851  
2.20727002016527E-56  4.03034520288039  3.372480325032774  1.1846693526533945  4.13871452591183  5.318880566337067  
0.12358410123487465  5.636511838056208  3.5159129652869763  1.5576132410255252  0.5911556050014509  1.2322429358404257  
1.3492721972070807  4.366755905011551  0.5136637374341944  0.3902184950414364  5.924459924609693  0.7426758516373432  
0.45630020946345173  5.061599510895877  0.49510488731817964  3.0963463258869903  1.4352662574330728  0.680517461604603  
1.4483493150050493  1.0166957258850302  0.7342679835438918  1.168204480011933  0.9517236823806122  0.9873070444598809  
4.5657937011378085  0.44344086877690153  0.9204178799532139  3.4869767892619588  1.4557589708237488  6.589244729084335E-13  
2.8861263892661224  2.5094951296214143  1.4183962465984354  4.912163827048792  4.930976522664784  4.086919701623835  
1.259252006747718  0.8930560776125399  3.6122441839839787  5.873280899488998  8.523758631739722E-21  3.7980218163743706  
5.578486040941535  1.121537858188141  2.6529132750320894  3.898039585968854  3.2385015820959193  0.3879310777316422  
1.3700998217610745  1.8638177480758373  0.5075676590531903  3.7167766323148506  2.158527907418058  0.1234865548219359  
1.5483220685068988  2.360682389543162  0.2503158747136167  5.332537677170501  2.5898497995892917  3.6598538241737494E-23  
0.8627640205179031  0.955899136347834  0.5549900389053215  5.994238904259671  0.8181540114162063  2.1148120021226116  
2.85782002515809  1.2942605863053465  1.5225267248642145  0.5604384194695631  7.419975024057555  4.125756041956206E-12  
1.270410568184668  1.612156731282052  0.38255435308742103  7.277210404100496  1.66992228446256  0.33115161098913554  
7.369440865072999E-19  2.680446784774424  4.748792440989189  6.473691446831775  7.362814253242785E-41  1.6774923815404734  
1.4570017905995212  1.0132818533137031  0.7356813693311229  1.1506456536375187  0.9515579332268617  0.9908406360952834  
0.827061254758864  1.1855089969934007E-5  5.369928138636386  2.562632043699056  4.634243791613804  6.416052533126347  
3.6461429793019513  1.336989804578685  3.519823971263164  4.4479226814317996E-11  7.2364146699856  2.719378347715397  
2.033432760161549  1.287195974237736E-35  4.420811093004919  0.3457548373662682  6.9853448778070835  2.6246473969451345  
5.624884117069993E-87  3.5977148194219026  4.013093278635009  2.4211263939508165  3.8191471482272337  0.45812069157572  
5.531341053493914  4.6504318695529175E-40  1.3818552744054873E-42  2.5384462632673923  5.619570359311931  1.421382982322224  
1.2570433391569105  2.313100221150292  7.654566770949594E-178  3.9009810510801284  4.218001571528215  2.9452580376162647  
1.525317609556412  4.146272711369616  2.1049561763917097  3.4712115054443378  6.0144235176245606E-9  7.06332843114706  
1.4171915997947007  1.0288574272414985  0.7288303057036778  1.2328627615865264  0.95208822205014  0.9752637105277197  
1.354629841429501  1.053346885755654  0.7164114918151254  1.3688157897583932  0.9524521369864611  0.9562859236555104  
0.98510039284138  1.6764224890323194  0.7393341651060046  1.8307266530327877  0.8785377972657181  1.0613985282569578  
2.790795451587923  2.7843869934184124  6.398861762704212E-9  5.623309908575488  2.7232598342011074  1.1640956153344884  
2.249027759897985  0.9166557170924736  0.6049064606209018  0.13352202376347444  1.021396528671317  5.795953550035088  
1.2483769048146982  1.1034441293594053  0.715665657222534  1.5109692912284771  1.0090512153977949  0.9124736694276481  
0.49149648529553536  1.1915366510270013  1.7473644621405506  0.981677624831238  6.627886889335672  0.3079461775368301  
0.7213367848831491  1.32966758925581  0.565581276509522  6.4078347350927745  0.6377853124769293  1.6997475818441161  
1.440821822667693  1.0196445400079246  0.7329824040629384  1.1837078168117527  0.9518300174610467  0.9843429873119628  
2.0362590195056796  4.216922661555986  1.31021229292117E-58  2.8403674500995266  5.214177208817159  4.049697015142036  
0.32958712953865194  2.706469447686075  0.5153709929836549  4.15614179969251  0.10582848402689377  1.6383368388479187  
1.5027289333894491  0.6627650998331408  3.3480296692516505  1.196549091687928  1.3093051522943475  0.6961397609930794  
1.3907676273974472  1.0409159901739053  0.7283030848716581  1.275694940061737  0.9559411755651602  0.9571443673347542  
0.7209752897300651  4.692136563156241  0.6559985739645874  1.731213615968927  2.203964477758549  0.21315592649967807  
1.7794157517230043  0.22778640808960884  1.1373166950020281  5.541265488362232  0.6437246558633324  4.240025832478724  
1.4114923753010569  1.0314300511048518  0.7287538129390889  1.241312567436638  0.9528212394313142  0.9712404917789645  
0.9558758289747399  4.393818925030126  0.869200055716519  1.1662295392882278  1.4228547326807723  0.32462547152568844  
1.436106115743001  1.021529500144412  0.7322764347695072  1.193022878403984  0.9519649287155091  0.9822898346200137  
0.9343227907302144  1.6681204069844846  0.7324227301136018  1.7826925825248456  1.1866479858074135  0.8034773621056991  
1.4135442578965947  1.0302788521950148  0.7281877086060684  1.240463027067436  0.9521281715637817  0.9738645318873339  
1.5253917208861238  0.6613159539001833  3.3539246841166657  1.1013068201081118  1.205422265828877  0.7749558914114331  
1.2906603352635588  1.0811919749836905  0.7099251017262989  1.483092545251995  0.9812121932185417  0.9339841519012342  
2.0186975009943837  3.9938569737689114  2.207610245312847  6.808735007868479  1.3781992758509019  2.315469910689397E-15  
1.4761915353802897  1.4268351802979895  0.3602578743181456  7.3537693744075  1.662650654994962  0.22270854826817232  
0.7176064343085046  2.2902171931994846  4.660557903002733  0.5701105809463123  4.255123129637569  0.01434726895601511  
1.290579339316191  1.0855579046701989  0.7215080785463598  1.4362095981926932  1.002432107419386  0.9178584170432338  
2.693889583060969  2.9961928523921544  5.185863286217237  1.6792522539388464  3.8222574643000553  4.0448929496512465  
5.014456281515199  3.8663607879248563  2.7799634796552124  3.389739171764236  2.6888533127496173  3.3783491314907095  
3.500977396742119  4.273002902142699  4.0514809975338615  4.404618738654285  2.716568104761525  4.745855794799679  
1.3750154883795844  1.1392596891595073  1.7888761645348166  2.2106630236138898  4.793863198881136  3.1347752632060315  
4.493067301636043  3.6973904939776236  1.249119577571015  2.3707079513636196E-88  3.921408654786118  5.541882587706158  
3.6738470245157564  4.6529011875900315  6.179552895631199  1.8699656841231194E-96  1.1385524491047128  3.1364096732103817  
6.974844889250882  1.1975929811870036  3.908205228758885  1.5153567101713472  5.732974839420086  1.2185559852532039E-138  
4.401807875286068  0.948127816928726  3.2085652197050916  4.545837054755245  2.937867963291624  1.9352840555645556  
5.956171452435449  3.9968750788945813  4.639431268152241  1.7317760918584626  2.536063214491613  2.723139591738959  
2.122662219781769  2.170320194856407  3.7315175145976287  3.7958179261452853  4.05531542691697  1.4037949677524708  
4.7651996209574055  2.2174125091503623E-70  2.9311878244733762  4.414548729236437  6.224503223450112  0.6086573620231605  
1.2399788764227475  1.5604511700699237  4.5284175075386495  1.1589584314670427  4.360603207421335  6.570207353932491  
3.586237834690293  3.647221497333517  4.0225639198965855  2.9429007648786536  2.0968058860363468  2.817765747000353  
4.2678276238250605  1.5649432224467117  4.327971455122077  1.7816323128405622  5.757757852442362  2.2295021847577017  
1.4209867191760492  5.604090891447106  3.549918604093766  3.081535945085339  3.0462605913307597  6.349285531756895  
3.841659071391965  2.8724838584076564  3.2606303850300087  2.6093889542891686  3.22453173643534  0.9579517579533712  
4.862633303536472  3.3271195239937423  2.860588482990262  1.1355362909370446  2.6793066025981243  2.868062609594512  
3.888461053702545  5.2844086543130135  3.8729195704696013  0.7035393379556777  2.2965406459281326  3.2861766860903154  
5.285106379711482  2.090599943757784  3.5631302711006496  1.609644242119408  4.214230114158857  0.9713552772583419  
3.5787177962880827  3.1133755388299096  2.2552870593217706  2.824510075080377  2.8589196349805515  2.6637904606838436  
4.31529807409945  2.8927066477435974  2.171619707575268  2.6846984762863437  3.0053632079140526  1.5081767853619197  
3.2837801116244423  3.662529311932131  2.3660975389816126  2.8266445382938823  2.972710342578729  1.7361672660335288  
4.934102096948501  0.843179942782707  5.425526107921107  0.4994442917880317  5.381335960948917  2.1486110854765856  
7.024404100082135  6.236857955723895  2.1478892386284567  2.0348091326860507  4.772825126580899E-16  2.24626584610495  
1.7479213484168155  4.917652430017006  3.606289293285412  1.7877630441473404  2.6408254214065763  7.017586130827583  
5.773269615400706  2.68109029108693  4.003851178827488  1.9779751014860714  2.8819916596863884  1.7457030217760514  
9.632569995029954E-88  7.239659821216121  4.689199317550535  1.9274678747614016  0.5549802299487947  2.56262458649076  
5.245861043592858  0.6880659370566113  4.833228038971128  2.5385525822880655  5.296000957042637  2.633623617187197  
6.772745480711317  4.390831023174904  3.114990259632875  3.7171859042776596  0.5163144002057005  2.0833628165334552  
3.192068889690843  1.966726620173506  3.207631953958026  4.826118224329103  1.7003538292100622  5.142076300746994  
1.8107334306896237  2.887634541078489  4.71234925765501  3.7409192740234136  4.205377693636914  4.729618841383116  
3.331551864934196  3.102844623606711  2.1085449891311177  2.9467875559273966  2.792689909356006  2.653958112487309  
4.564270340054811  3.57554714043314  2.7570976748265434  3.935676133682357  1.1358750221286173E-63  5.2334711913864975  
2.4010682838517186  5.7340351619702306  2.868971943851206  0.8616769425688997  1.296331048343277  3.9224291580961568  
5.065251931025363  4.757128448598053  1.140175358764703  0.6096704440262599  5.078997467904904  2.6448164177084013  
4.586890107825992  4.953881734693767  3.283981179660635  2.923487784364568  2.891905142090939  7.651981494882259E-99  
2.6556077625502206  0.810303906005169  1.0082381249264659E-30  1.1749508790720589  7.044144997180064  1.6209467855792827  
4.345791913694551  1.5030832206996196  1.9615952291256724  2.975751772331082E-69  5.783102414380455  1.725470143115048  
4.023934579496748  2.623063315999193  4.754216321194368  2.643867603440738  4.656010429415837  3.7193201139663943  
6.171485870632076  2.1082381347814483  4.922287306650259  2.9485242919089028  2.6327261657291787  2.385148921456116  
4.919943620114818  4.191520817674858  3.299009858610766  4.4815086205158017E-203  2.774222862659511  3.3352996024964505  
2.937680460015518  2.792992281348807  4.45741253903412  4.615131574137703E-197  4.355460276270659  3.752112279075823  
5.707019921888702  2.884776377415142E-7  3.4127588592324183  1.0794073039687108E-107  7.086992845312713  0.7684944938317125  
5.580844036975735  0.8705023402942197  5.101678131822351  0.36522569878309985  6.755313529023844  1.9858163474786888E-24  
7.264313762614513  4.212097786592878  4.150714618905654  1.4573511285173162  3.8822623417375755  1.197406149843281  
2.7894037463997527  5.686045439633055  4.550012057084642  0.020114272825593735  1.2522595805533012  4.443652633431732  
3.8173089419285167  3.558483884521324  2.2116078101484398  3.4217282572601406  2.177813960897997  1.434340562281087  
5.971262001880947  4.645578667412337  4.407997762929791E-43  1.6916360246286055E-67  0.5520751283525995  4.5265130110629626  
4.37061122573172  6.155983974986818  1.2010848295634316E-74  1.8179986755056826E-27  4.341631494752872  4.628870279070196  
2.224156705594288  3.214464666950569  2.3676162678324704  2.6355925652270837  2.5173911244455964  3.3798557529634734  
4.66698970182927  2.801602345828464  3.281019515344423  1.2106633638449233  6.309838807475845  3.463752873486206  
6.505748851553181E-6  2.3390084948067003  1.1783103297238031  2.145053428986246  5.835896796093938  2.5074202201879197  
1.7493606645457618E-68  3.164163955053643  5.820006596495893  2.8204710063344516  3.005310889034356  3.3886983592834357  
3.766111090280935  3.17809179907611  2.236586520834184  3.0191465128411417  2.3835945530922995  2.3821114459246364  
6.029197970354646  3.866422100507796  0.88064202070562  1.7906522890836054  1.4952708249250575E-37  4.271698762490215  
6.232791535003562E-20  4.257468764289602  0.6949131456475104  3.744393880463077  3.7767343093940755  8.227232024751318  
7.764388187358725  1.3690491411463699  3.454132541027198  2.2066590271133055  3.048462967214597  1.1317953533753058  
3.487401602699123  3.8030144117540168  0.7624370267653666  2.633373342053918  3.481230352355018  1.8507999080657171  
8.353743059987345  5.096838499680138  1.6314367855875325  1.0392182156920011  2.0844889387531427  2.1638691480644555E-5  
5.324534830775418  2.024756557298593  4.871381098459483  4.620365439309609  3.992914367765165  3.1940262019810444  
3.834757082599284  3.567035017662962  1.048947772975121E-65  0.432337816991847  3.870029291544847  2.2308408248866844  
1.4506367772923414  3.9141363094349306  1.3849174670385487  2.225779084371784  2.805648832905231  3.907824493866813  
2.8343597518336034  4.7439665959904875  3.5568237487409187  3.6654301742123  1.572832149393399  1.8259064462634414E-59  
0.4050983717619881  5.26133494846164  2.0084117084656894  6.02949423444949  2.0453537896421034E-14  1.367890691181879  
0.9324548604722883  3.452188136527549  0.7537649195050289  1.2961840840958327  1.7235901773002107  0.33440431158680894  
3.8899727099080206  1.0125356594680752  3.9012747416867346E-241  3.961543131759443  5.501975873957491  4.701575897189572  
2.718761204600788  1.4590028053616446  5.216850439443099  2.049015344586735  5.862228333986238  3.5521120077490385  
3.240655289092135  4.892166628143037  2.285805833286599  3.466621527239287  3.6039334122477826  5.193105628528479  
2.558136036744905  1.3812828301468179  2.2244933382385463  1.4779505549394711  6.041129737201058  1.7441279649136425  
5.684088672482495  5.287177106880996  4.0017116712644665  1.845411671290692  0.7919403110593345  1.1639654578928735  
1.0861850168485772  2.5890218867000203  1.8863360156473896  4.401874229689277  3.149776169551145  1.28947329868347E-7  
2.594611632949956  3.6261415788240043  5.324735788173074  2.0704558298700591E-4  4.84850128299993  4.140210718108004  
6.674620005829697E-107  7.227579390026309  1.6718444929086687  1.0440727160719547  1.891117704714201  1.7670958616877472  
0.22432368781798034  3.5229645697632175  5.051511833183495  3.808824905219146  4.103746966957072  4.280644437931011  
7.537903984314746  3.331763244305449  4.094491910887238  4.215984538144601  4.604828014013073E-114  2.1413617233819813  
5.838097554244079  2.4900395867322382  0.2134454870459348  2.2823519605196476  1.5069334778601877  4.390928546032416E-144  
3.471815192296312  1.8031815435464804E-28  4.1855271707181485  2.9361925720596407  4.322909694461587  3.0020561171484874  
3.6247202308608384  7.687967465164398E-10  4.485095759907316  1.5601980693905904  5.661125773154078  3.6677450277282837  
3.2298826963808964  3.3085109300700752  2.283557578175045  2.6615060133683524  3.136430977786931  2.5715216554053466  
5.990069359731437  3.072753492039808  0.9070733516111532  4.484770384182368  3.372029114153517E-38  4.823078202846056  
5.863757948505906  6.2890147531203775  7.985118991940941E-20  0.8947762970775632  0.7113927010964751  4.68042160539286  
2.284951435019909  3.983798550197404  3.2173836186038636  5.008310026330896  0.8578721831659719  0.5899416210752892  
3.3814157457823804  0.3990606465200516  2.0120367490440296  1.869677763728759  5.68742025864426  0.5724659995218356  
2.216943903360024  2.581814554735474  3.475275625919554E-37  2.016905477975375  2.7556570664056363  2.5545482311354033  
0.851663530247817  6.658515343037895  5.518914384123839  5.587257948346712  2.279545215712409E-6  1.1070143070401406  
1.0557722184466953  2.8756678236402764  1.856920555032073  2.8001505068515637  3.524074928614254  3.411391040073946  
5.815908529822666  2.0666448247472533  4.440859622969667  3.8147598224956543  4.624388103923478  1.968140299337763  
6.732724760908691  7.00054779888388  1.6340711065293623  2.4202514001997293  2.456270015728008  0.5544943815032651  
2.084364666229613  5.547782086915417  2.419845675290109  1.6351022152798844  0.6520395976625515  3.9551547302433554  
1.6463122976010223  1.3580477251602177  1.9956460724496534  4.418275342720027  2.057049536564892  3.115400808739223  
1.580748862490334  0.31123989927802687  0.5945248845770549  0.6061374640822863  2.4924214442124906  4.165978112656904  
4.242716596548814  0.5247099184769473  0.9977473160288257  3.2622229815355483  1.4853178128547093  3.6571586702170074E-6  
5.459209248298055  4.9222242090874116E-55  1.4536553874994487  2.493239371373428  5.2392502145372255  3.551736969226007  
3.477385848682159  2.5872356035446877  4.402624059998826  0.384364524444614  4.828860729674323  1.0798125682377968  
3.753399216925301  0.4416031881010486  5.0388489601639685  2.239206815267866  0.4425440408127919  2.2922899916987056  
4.221777758552873  4.615211450753483  4.01897768859792  3.9632784987837413  5.218624255058533  4.344315666263341  
4.5693370651782  0.8900730199307738  7.733244742386566E-166  0.3158092628619838  2.639268768158085  2.6539619851737606  
1.1326113733847556  2.277248868464447  4.890121050572215  0.4778434543470663  2.39610814960094E-72  6.662685405781603  
1.464517034102283  0.9171663309077456  0.9387154527175227  3.73449757915898  0.39752124469820777  4.577605416869991  
3.331142431456096  4.09360556638833  2.3204052160233557  4.238498382912721  2.1192784722831277  0.213868025986875  
8.271530386056783  2.106421045764653E-28  4.622971323836147E-98  3.644067320701277  3.3212167133197794  1.602585924491655  
1.2346258294096772  1.6083371569318319  0.8083304016791306  2.595055586519997  0.0446751677397464  6.719208056598022  
3.9016442752421123  1.6605462811612383E-32  4.692621222182286E-58  1.9651496742930905  4.148710219050749  2.7901277671419327  
4.151529416291399  3.836847203342523  1.643335637617519  2.8894799371790163  1.6995848883423625  1.5041775401662578  
4.835843498082286  4.346342009936326  2.0962607513944507  4.0208332330215075  1.4052993058662278  5.038923360094562  
6.2576023529874085  3.8987300789762145  3.773606692661197  1.210073056541784  1.7875661145436759  3.152523660383173  
5.756518450268185  3.8704483700897594  3.768623991065535  3.4183447658570305  1.0969633014110332E-14  3.108479023183828  
3.929974153184791  6.353139774757186  3.928556995205354  1.1672180672325035E-51  3.815430893343643E-31  3.0941470785508804  
1.7018071108711026  1.0288175507519655  3.2616070787004423  0.7839763660737277  0.7054521163908819  1.2168153162432418  
3.195638007284847  1.017298085681823  1.8942153546491744E-63  2.565531188560207  2.4934649438949834  5.053743075609559  
0.34550189486178556  1.5132510731675095  0.2863590854144784  2.726145252914821  6.295158866221163  1.923005977457779  
4.149134069137036  4.790047509484887  4.313742763692151  2.16865944811994  1.9558658002653055  4.046602471135502  
3.4768092437991402  3.1786792431552584  2.1871715050742795  2.9656128298739817  2.643816903890322  2.5443229409065755  
5.065470115753254  2.0229819347642857  1.9683235539402044  2.956736069438988  1.5883955329508022  2.2321159801847825E-48  
5.807851150712185  4.129247279389233  2.174670537584498  4.2026405377422655  1.8115341428803015E-38  4.251993430317389  
5.003846995233357  4.451019611542073  4.426245299633837  1.785332552633786  1.3697141943500868  2.9981308751145663  
6.228977494795959  0.5561205216497479  2.7631984778250698  1.2934403914527403E-105  5.318722274793227  2.127550655590387  
5.203493915086296  2.566123730783608  2.1260744295068683  2.968847227566982  1.1888626021298059  0.3205043159074742  
2.3480381486158186  3.5604154955990053  1.7923669251663739  3.2566417288187224  2.8226639745397395  2.91064947378537  
5.896021035735694  3.5721668476211685  3.319588998452298E-31  6.579975866867934E-65  5.834259311673642  1.7212308336168463  
7.1920133889789195  1.9365778051845794  0.7558869509930818  0.52858953781109  0.6509888711016469  3.5100533608087456  
3.938993800721632  3.3360508499316692  2.967025208065143  2.9390834113203064  1.041050817867305  1.5616427794988497  
6.8938274333174565  4.2027832660337285  1.0457539263054048  0.02333256466610625  0.012632569258545756  2.3710365947636682  
5.729677028789392  4.811253405083401  3.623204547857983  2.188014003669844  2.885931727730503E-151  3.545796949871728  
3.4390540266640373  0.1018071893527051  3.9132987010066915  0.6823530580131315  6.180884059778547  1.9309344673159756  
3.3562207842352203  5.790871025418968  3.42675860553276  4.5703752004736025  2.787470458244512  3.0400356406997155  
1.2526471848996854  2.4571507418449077  0.3565598134575505  4.852685495169193  3.2346970229512344  1.2640681888954358E-23  
3.0649477347617076  2.8946885421862656  5.396270098380247  2.1914379340358807  1.6739343976464378  2.0028474020848954E-21  
2.31455426233822  1.2668511596590282  0.21112263787971755  7.166290491853419  1.4758713321805892  0.008639559708548317  
0.8266578273880016  6.3369166540453605  1.0141353137882443  1.192171787600156  1.4839652740005809  0.18687228168805822  
1.0939413766379111  1.384056472597315  0.7320698610439302  1.6237539077505287  1.1281697391010903  0.8419084501475912  
7.61941075506698E-24  4.551607667830587  2.586906083204947  1.9114197989012431  1.880409017404784E-6  2.371731883087871  
2.0749734079178617  3.3637783097016283  1.7665043036509809  2.7387342966332877  3.027571406138055  3.2144902820300736  
4.939677812451672  2.6919607039576284E-279  2.890351405749169  0.7547389057130346  1.5331696158501937  3.875841915873136  
8.75837813130339  2.3060125854880087  3.9900383910586256E-122  0.9910193994151836  5.027231127026768  0.40478866547071457  
3.8812589978043026  2.4065123795458163  2.6206323978834085  2.929805699779361  2.897268970782943  1.7995050755413555  
1.6814897484750497E-14  4.091833544808525  0.5200407682921191  1.9020509041224987  4.9429496225158776  0.4689497108047158  
0.22683906775493604  5.559245303633059  0.44175351030068166  6.765339041301001  0.17535819618700219  1.398300762511279  
6.409400046189304  4.032878740469357  8.457047084135049E-34  7.545741434268995E-9  2.593072579434393  4.021087180833917  
0.2994166012895034  4.093848303164501  4.793960002328625  1.9071189492859164  5.551230528083656E-64  6.170102964911328  
1.5061558621229598  1.6026732684936387  1.9112058728846946  3.6815548020321245  4.354687297515365  1.3432228598910751  
2.7164149486449096  3.428627070307092  2.5097079358761576  2.375953367808332  2.4526905311831304  3.0303617548844812  
4.6328733296292755E-5  1.8579191622587454  1.0058518739557658  1.3475371512202494  6.919621795381559  0.4037532299186755  
0.48484818865831225  6.452048416295854  0.20370416811126965  4.56280274424067  1.429000840279382  0.6038394347162547  
3.833246967897797  5.318995627942061  4.29013029589183  4.029541820872015  3.0356976003239846  3.4009189611976294  
3.0094001183867087  2.2273078041235803  2.925338267106529  2.0933760872213463  4.168607632330506  3.4072546726911854  
4.074934273578505  3.2833073605144065  2.3070444194408646  2.9498691261162975  2.3954240467673547  2.0244442719451836  
1.7195453551071664  2.9102564705957605  0.7628361834298377  1.7438773848856997  5.040889367709579  4.655154253437302E-13  
0.2688490455661463  2.1059429630939364  0.8390431237577101  3.4955674398159733  7.021754853365795  2.095974882682816E-18  
0.989822825189047  0.9551633156462066  0.4777401980584269  2.99547732743638  2.638785132844304  1.6759460987268444  
0.3104370014826291  2.1957518285058146  6.844362719206029  1.7727968448197207  3.1822244801049083E-20  2.382090860863484  
1.8107256434508945  0.5008569337261954  3.9684665390697575  3.6414240166779077  1.6663361382519186  1.8309396514297475E-9  
2.5149155314524814  3.2099257428866452  2.5464891874983784  3.0637912511240786  3.3912029914783703  2.2287891865806815  
4.941657038202813  4.280421682585701  3.5647465956624083  3.7362643777026485  0.8946805163798519  5.385981968634872  
5.514533893073615  4.28612803771927  4.123607220329907  1.4346425979808204  2.935153958999572  2.7976775821480198  
3.6851377374324334  3.5188049775137147  0.9127513109603376  4.5953710364595075  2.471003579700349  0.006944012278014285  
1.676635478485429  2.144888083971005  1.2769984352478836  2.9014211397122005  3.8025877270777695  3.4464827705672825  
1.0094937981955277E-16  1.8234909029196087  0.897511347998638  5.453108676691185  5.33574737083904  0.445650438086253  
2.0899100689633734  1.3939379978898143  3.5650577525081717  3.7874577354892263  6.020374833743243  3.0735721688173525  
1.130177573671727E-30  1.0677151232969238  3.138399134489405  4.541081811935061  5.226057755403736  4.173812403127872  
4.373528428270609  1.9795857251680522  2.0477550285201365  1.8635265747861867E-14  7.842112736386932  3.7845141053607945E-17  
5.288617630212125  2.2054046924262742  4.934122550242708  0.56449945353211  2.367330200463202  6.636689762179708E-54  
0.8488198129992585  4.26224314283676  3.285179041104527  5.3769874776842  1.6698619348460208E-14  1.3384205524000494  
2.0618210505406816E-4  5.150244325551461  2.5738167105403265  6.904800424014594  1.7474154367037404E-19  2.4048342131901097  
1.3948636741620672  5.1004712295322285  2.5941590605280056  1.0159327111072913  0.8635585569782186  0.6573257260074503  
3.3484143671364683  0.834765556253851  3.3235416253768126  0.8100756920781419  6.195495585999859  7.87453046671874E-218  
2.6434094367549488  6.805087844673625  2.8092182924590503  5.155740453739788  2.54281822452864E-10  4.04916322812761  
1.241729672307269  3.611821136160335  1.7494544814301534  2.6549063703411195  2.949006669712551  3.6521171477976253  
2.1157056043491993  6.269573504828088  1.2472435356357464E-14  3.721275915400692  2.279103886454956  2.18548442001135  
6.090848848464291  2.405708747695703  3.292008144169292E-5  4.98806106272841  0.7635622248404702  1.6690985854059344  
4.514786714596004  4.350473847147603  4.211815034154272  4.336153329561532  4.669891308795297  4.149337167091814  
3.2261878054586273  6.39511006589728  1.7653700378365045  1.6842373681841653E-8  0.6224005734867871  3.633139312759658  
2.794749710229005  7.091285786496324  1.0447728787430842E-14  4.113231344644589  0.17481933905378866  5.831532341733962  
1.1641366896465366  1.2238717955638914  0.7329206714646264  1.5283782317720338  1.0596721378611866  0.8740235208375615  
1.4396234800866148  1.0201248901401583  0.7328065692321732  1.1860605413182121  0.9518667189538488  0.9838142407185285  
1.2415061941366525  1.1061573357841317  0.7156629696445531  1.5617861237541093  1.0638564194840971  0.8870338137187189  
2.038155721682934  3.3149121455613177  0.5677756531966994  3.489933985128383  1.15633036801366E-26  7.952630737579285  
2.7518181073162857  1.2476332156801616E-88  5.047438797380464  4.25842293004467E-42  3.979803118698608  5.04413872232712  
1.5830051268001122  0.3123000982535645  0.6020950679571768  0.5808900177053078  2.4965284962336187  4.161401326088107  
5.112691171208016  2.7269248072011822  2.016141131068661  3.4748926073175217  1.2706167374598096  4.6248974544642644E-9  
3.678188967005094  7.185888637279401E-13  7.044936245128325E-190  3.019986695080007  2.401002458299415  3.6720615345827716  
2.9514452808842524  3.2544555816420355  4.853337136742859  2.6383166694968327  4.580964809267939  4.387522188701046  
3.7879003948404466  4.454781821695229  4.1683864357020735  0.09443889619174411  2.4366127396564914E-13  4.293876205145155  
1.3853358158446836  1.0412815693888215  0.7231978145232743  1.2998305120032319  0.9524751468283482  0.963153164335517  
1.434056452328322  1.022350526611255  0.731974167181585  1.1970541706242497  0.9520268865387224  0.9813882126031896  
0.5511993682055369  3.7296761185251404  3.943900777064059  0.5902747265521043  4.627150398495556  1.161446833946521E-23  
0.869209936713862  2.2489682562795226  3.1840481125605864  0.7104863426877052  4.046803392545777  1.8060499003327202E-20  
3.3696765205269985  2.517975844656073  3.1497718151380623  2.343556054182136  0.43215253613939797  2.044636860878423  
5.035097634195418  5.57999524758667  3.777661458156098  4.131567348361757  3.651306101848019  2.9540568257029247  
6.78072621595967  0.2222882073577006  1.4642875864616605  3.6074140191702435  2.985959688030929  1.1145619651605572  
1.428154216628367  1.024652116337006  0.7309382661917088  1.2093263840639372  0.952092056117761  0.9791182083449843  
0.36514943146959544  2.1169477351874817  1.2275685524121371  3.441547769728612  2.1256961956404765E-21  2.1699244525908323  
0.9501206367049293  4.093382857058657  1.2088696588172045  3.977212727834293  1.015678630019728E-6  1.5467590293520979  
4.360262241405328  3.857986995555524  4.596949938969729  0.8467098521005862  3.6915878495025285  5.1677045571532254E-113  
6.8548027828042635  1.975691883400051  3.271367960243088  4.052654352368721E-7  5.579235178668873  0.5311512831345483  
1.0467225086941445  1.5930973667535455  0.8276508774388813  1.7241490887093094  0.17758819975669118  5.024854883017447  
4.85181286362381  3.8253661682269E-5  1.880840673429276E-32  2.0214288970061562  3.7850684189590176  1.6822504754730943  
4.590296775853414  0.07559595067084375  5.995116427687305E-20  1.6498210550792227  4.250898437013081  1.8015889955645719  
3.2375608431830427  0.442413771429682  0.0572007809851427  1.6443986708841951  2.8331672815938536  1.6842697455903575  
4.187150219309135  0.24169974295418634  1.0218363333639795E-13  2.446320996939026  4.15290542024999  1.5048141016283443  
1.0274326706304286  1.531303564071154  0.725087918279526  1.7435143372229025  1.222771498842137  0.7959235355882444  
1.239658489282843  1.1055934701868786  0.7127986312548317  1.5538355982745857  1.03144432803889  0.9013189986285417  
1.1374638353067597  1.2310210784622424  0.723770569447109  1.6427345158303392  1.1610993076242255  0.8292528852161972  
1.4114302573325137  1.0309898237021726  0.727517439706112  1.2460718006702092  0.951947206499118  0.9736434765932294  
1.4328552673384372  1.0227916045859342  0.7316911733211482  1.1998404685400554  0.9519906133688322  0.9810687016770447  
4.353178798025558  0.5816363588868689  5.485811246425908E-13  4.645973984598904  3.3231708697239855  1.6001380188215817  
5.993786208841075  5.775590614446408  3.2581332305119552  3.7066702844355145E-185  3.40654752323076E-19  2.8344841464846726  
6.361645987248708  1.3179543901483373  0.024332024267138676  3.8740939039251954  2.304053621787686  3.980643647700148  
2.8153071214633547  3.863962994272238  5.723439966912622  3.3787723780569054  2.8090634256754224E-130  2.7789160606275685  
7.420499010507291  0.10251135935860319  3.9221473573301764  4.096358881606819  0.7886155025006274  0.9417820371189716  
6.695266699436535  3.4500222997488534  4.121872693896563  5.2012417129905035  7.040545684160829E-6  1.982715717559767  
4.498521849855362  3.5306305283118506  2.638825202729265  1.0445125020801174  2.6003868632255847  1.1624242576056211E-27  
4.920564150984712  4.6219307520484145  3.6173493200425795  3.371976499929857  2.7626186604079783  2.1654137569430834  
1.1755066608043188  1.2309330585395302  5.799667167366474  1.9910134859580013  2.886060750603258  4.91599039187143  
1.654164921875574  0.882516336397957  3.3081316722892895  0.853745778180823  0.742617984903354  1.227277890908699  
0.2993558265287053  2.7793779536069985  0.5168131988463954  4.102213091520675  0.08196360694039656  1.671987276748295  
1.3639570521790896  3.7610008083545745  1.1673696385982293  7.70493669350893E-7  3.1652895163160015  4.828597525613781  
4.102906497182771E-19  1.5814188078826559  3.9398354715781516  1.729611809686181  5.284931391612836  1.5841687255421553  
0.8943850206691627  1.4099914572249486  0.7438951269313276  2.3432653499130587  0.6045499611123846  1.4177051305329615  
0.08412586339760089  3.7514867988230156  0.3188381024742184  5.62468300201224  1.1240669439493417E-4  1.870039192295203  
1.3425463503465531  1.0813971353491665  0.4667897213953095  3.009418174390077  1.2127983976911292  1.0584992390735448  
1.3787958972526488  1.0900492551137073  0.4666497242688746  3.060215905706664  1.1743302228066517  0.9719669477913723  
6.362145767087345  3.954461837505598  3.6464878781710413  0.5812450531532275  2.4464832785115897E-42  2.6121332592742474  
4.6181244201923946  3.2670089771483255  4.979679095786076  0.9550920204817016  0.840888623714403  1.0824284377837303  
3.6187410709180585  3.092551904190669  2.2384587261977797  2.7904667615792556  2.843867334977791  2.7732312780814095  
4.531198128436688  1.135333023574055  0.4916983087635354  4.198251607657579  1.6168323183124764  1.0648506539303469E-20  
1.810992533090402  2.0876098248058477  2.135004582181412  4.064873473606302  2.8407033804726307  2.907647991705373  
1.3132752078858019  5.332266861054587  0.7025504178017109  1.2629707502687124  2.1263090991109016E-18  4.173098920298896  
3.233858523884243  0.5074040503266607  5.304572098868848E-27  2.1659530899482773  3.372594556248565  1.698088356168179  
1.7366958164210957  0.5099052592988708  4.12206129075333  0.29865514058774073  7.515955821311987  7.46341387793495E-21  
1.6217346107612822  0.3685289708972708  5.85207114571855  0.7215501345729014  4.339171659964456  2.5999333443352133E-31  
5.478430095563854  3.638725758781301  4.820804529500316  4.333098819032128  0.149068595654516  7.89110939783857E-8  
6.012282451882973  4.04968410503408  3.568579906288045  3.9046103645301473  3.09743976497201E-45  3.0346263164443337  
3.4700769289269755  3.574829583811108  2.0479756374789053  3.29895368364223  2.4841632294658713  2.2181351641802376  
5.4742455378004475  3.2580613709842026  0.7546923370061426  0.8996702724213059  2.0694187344803576  0.43084738995107885  
5.0120058666002905  4.6194027035464865E-43  1.682182174324023E-31  1.3585884413583122  3.60822083107787  2.1433887947183163  
5.607305475554514  0.06000647547045989  0.4515394991646992  0.9742902880979285  1.9078798627174047  1.831847367573297  
4.9895388174446555  2.6171541894944754  0.24711339806711963  1.6255308960578223  0.8888308989772169  0.8127671062410532  
6.8214762480865865  0.3505170296762648  0.7614211780790388  0.29355507390441665  1.6034468312318784  2.468132817485197  
3.0013964962920987  4.330348131336052  2.0610435674086287  2.8829193831652504  0.6858475882539785  3.0787754526815454  
2.0254413533151387  0.8314060904595965  0.5995884781844509  0.35436408406006753  1.0207834808443903  5.885514520207275  
5.01933570419114  0.05688937068794155  0.4737309298713212  1.6132045887935462  1.6734660038991573  2.975504389663583  
5.075068179731536  3.306082133377555  3.392220086698573E-38  3.3905556272033253  0.9335076915403069  1.4684722664639775  
1.0583670826248708  1.2664993409606022  0.6114766672044872  1.4878673828470868  2.345935518130627  1.337868053109008  
5.558896983618672  0.8444638742415477  1.9060959162321228E-75  3.1069982928286193E-25  8.229992230287023  2.2267764369324046  
0.0990992612448724  3.430035802174813  4.825520009280736  3.917454156935755  5.091785313897137  3.3765232354242882  
0.5057387805032733  3.3142221484370147  3.4316853002642405  4.1771934937871  1.1423839602268164  5.809863600688762  
1.2154599588398594  1.161893651952927  0.9069870696430563  3.561207263696101  0.4888747606331656  1.983894591764331  
1.7131196747542787  1.1097642298316017  6.1243564941007005  0.6579786980862985  0.48805092462136823  1.4404856079952113  
1.7760714309942143  1.316122937950773  6.035053767836019  0.5838440485338279  0.3755203883758777  1.5547388936938602  
1.4225387354373478  1.571264695631063  0.5467024924963687  3.836287166330137  2.220632458182238  0.09956406241589459  
1.4733139804590094  2.2936744733441747  0.2905748954988599  5.302701084475229  2.7199586185994242  4.3943439140316935E-23  
1.0157264551972571  1.5085648276001276  0.7002164731475595  1.9521121399817702  1.122956254028053  0.9553187427511308  
0.8214971555541117  6.158084697979373  1.1005311628720027  1.4506975912423004  1.623872338822586  0.10645373230143075  
0.8091203198977158  6.306079398278774  1.1023275025578914  1.1775120868081432  1.4679519843105557  0.20065695510679277  
0.919841080673044  6.2784923086158395  0.9207924621756054  1.2519313390025246  1.6409687798618668  0.025370162651348723  
0.8571521542666007  3.431548404859642  0.7210826080232614  1.495878872743401  1.668042903954898  0.39008451870240207  
1.9502497007045257E-44  6.338953527041596  3.890102399421743  1.5220428602538945  0.002305197690485477  2.7961127787819127  
2.77232744083051  2.69730341645304  2.3714023679248046  2.6559096970812406  3.1080932475220426  2.7501375853353  
2.9926929770724278  2.3650106952836203  4.855308943775602  1.3974459242904878  5.075173866369545  4.011952674489823  
1.6869622746499324  3.9976861132298938  0.5724106747764002  0.5544981885713606  2.831633742000741  0.7371546076202369  
2.2558474357277114  3.517716661195941  1.7526836519041198  3.2348889035275263  3.2383436517468867  3.2940808881042867  
1.4428289059280721  0.01619705085330221  6.248383296357663  2.0454723524351035  3.125243297197356  5.070482977103097  
5.802218711826633  1.3711635585772164  0.2894891413479996  1.3572520478273373  5.686643843291943  3.2129925262835104  
0.7938806848735314  4.687432749821378  0.7154213556735135  1.3948988600627052  2.3156349084914316  0.12914654871791256  
0.6134973150946118  5.917703950191459  0.6640376120523743  1.5064898796975568  2.936012044803645  3.569475621412367E-7  
1.9539066332485188E-45  4.95792355146633  5.797435861018783E-31  5.450649803998934  3.7618440253777843  2.593072608525796  
0.009637232151517957  5.803229836720691  0.738146452282205  2.061091502507738  3.194399410363194  0.6846178266533647  
4.5990857342196705  3.401849859181643  1.6395479634608975E-5  1.4176804515418553  3.21139210697455  1.4409313105519332  
0.00156129923364698  3.216805962360766  1.5334206744730792  2.495985252883658  2.494639311849086E-9  6.534132567245987  
0.0018509893864472877  3.232376608716612  2.941653585191524  4.7501183713512285  0.020322484432396957  1.4516208493365872  
2.1633711585890643  1.3672748671603907  1.790238019529808  3.5230393684710415  4.494882300223387  1.3646174972285778  
1.8431527676141357  3.097226243698388E-19  3.592621512697076  2.5315493439197  7.793665707771685  3.2748316560389172  
5.212908595777655E-5  7.463492496202578  2.7195055456401462  0.8542968801105171  0.881827662537114  4.174621998157287  
0.7920156488347482  1.612221552693057  1.0060754056443864  1.1389443480365684  3.7598119342762635  0.2831600337234929  
0.3437275357509166  5.119884694802039  0.20392775027678126  5.227566729861639  0.6855958618418037  1.0979296073390037  
0.8145512951746903  4.760085402236714  0.7169443006314977  1.3869330338141752  2.2277179679536427  0.11934419232801356  
1.7500934019614536  1.4244870644617578  3.6823131346977096  0.6126098060497849  6.509083722044322  1.0512363322086286E-82  
3.6646392737774005  5.640135178767822  3.99550939390306  2.8263457870707347  2.396445865990936  5.695941084367942  
3.0109397861658747  0.5457209180634053  3.894169972905124  2.90306742587771  0.5639560016233203  1.2558047378300428  
2.9947183620986064  3.0937108452987516  2.3727948292672845  3.141416269694264  2.671971058443721  2.2344385815469474  
2.4681570728086157  0.9026181596346678  0.260743604703019  2.447529975883187  5.360469281328902  0.8865945525812647  
4.598993957327409  1.6304397425408506  0.9652748921498522  1.231093168733185  5.5048834484752796  1.4987953418364329E-43  
1.457693330717305  2.093214595183515  0.385047627081113  6.900978780486417  2.6867828023272704  6.552631250474828E-18  
3.277878253861674E-52  2.177060956217998  0.7225116316025781  2.1028178393333885  7.098873587784207  0.8369675194738958  
2.912194188316091  0.916501161800751  0.508381434192005  4.515468348183545  1.7369083029363623  5.469725956674528E-16  
0.47403893655266544  2.1868343477838033  3.7828950422594256  2.1725308510668935  0.09117859373187949  1.682975970242082  
1.3603287533932509  1.0604198549414228  0.7405071020736803  1.2771293935680739  0.9981686002899348  0.9218006646839193  
3.3774939949494556  2.1165150341559293  2.3554967855565994  3.4641628709736203  3.3920291164496175  1.6932656287720016  
6.433560631476129  4.151779194465065  3.4304420699991134  1.1376593831304471  2.191427101077935  3.1424561649089298  
4.259840584898533  3.2122640403295204  4.817753994295912  3.090328845909669  3.2539779535547377  3.7486743880884648  
0.02354573443785302  1.3141375518086627  1.7911583285582189  6.392740789402801  7.254189558394  0.04615476021006161  
2.8788042161273135  0.4248315996413734  3.8985127808650724E-6  1.1435633019916884  6.5575135095203985  1.8393836427304087  
2.5273782707443964  1.9359869045032092  0.3826206660355797  5.710986716629669  1.6843624785574856  9.4008350783025E-6  
2.7817250035985293  2.5117351351597885  0.5774457131045807  2.548394420435588  3.516515467160385  2.8384252714165417  
1.33928350030975  1.0644692912681772  0.725021912388478  1.358126105492455  0.9778215563121375  0.9356172930694686  
1.2920694868480163  1.1056271501597477  0.7609883510676996  1.2935795111523014  1.100304153508597  0.8576358697409409  
1.4516093103848398  1.0154128857930322  0.7348095022822577  1.1615528727323499  0.9516673755791296  0.9886207167910973  
1.4157544376907836  3.549417369141738  1.321647976781922  4.066707321434076  3.5200959661477476  6.296202938719729  
4.1581695853445675  3.2245476186378688  5.195769596884232E-65  0.8288460541710763  2.9416254920082574  3.655491538963445  
2.8101640541162096  1.60750548389057  0.01739950334681736  5.385322397612812  1.8166086232751264  0.31583403595906745  
1.6467328768474228  1.4809610216147737E-52  2.5579078369013706  2.547783572233743  3.4053599262594605  5.830911270213117  
1.058043171027674  0.5858887744087059  2.876494556198329  1.6269953233982928  5.564285537636874  0.6575230631121145  
2.4548552170408193  0.5718781073114098  1.1810366773027587  0.487622072953379  5.3193094594309915  0.6434324986887965  
5.084578192264928  2.6703981525208285  0.8972115161251231  0.3083670595842806  7.2525740167997315  1.6264730419123905  
1.148079454726835  3.701962302033893  3.7698000517424775  0.4481111029841072  4.901455458216014  1.979363597706611E-40  
1.1645133612734349  1.1954079398647615  0.7145190006836302  1.6161344444742007  1.0318873600022542  0.8937571525088536  
1.3224802959517383  1.0702158751743152  0.719675905316693  1.4009278727331391  0.9782942847219281  0.935391756823854  
0.8022732285359322  4.708023979618472  0.7164648397184201  1.3902099895976208  2.291406169117231  0.12444468893532079  
1.3632094114859876E-6  4.589435768646334  0.4351896979024724  4.848432322107899  1.137037409939955  1.3637005848714474  
0.8033729217931488  6.323813872427848  1.0896939796454608  1.1742826496100125  1.4489372061613115  0.21571052595033852  
1.3086945581364875  1.0812147004822896  0.7327372817962605  1.3842444156715732  1.0222944402519676  0.906510709326723  
2.1592766143978266  3.1739849032554193  5.483061665834  3.6235510227917  1.1705873754691825  4.476145644866033E-7  
1.5561914797882146  0.34278117127587504  6.03809506532867  1.0771261352871062  1.4059349154813576  0.677490785127786  
0.369954487348989  5.369825805586238  3.552652622914325  2.0894682983515147  0.03722636102006717  1.528258075672521  
1.8116135476146162  3.5782825872104165  5.638315341544515  3.24291460744815  0.9663975167792445  0.3169826616719443  
1.4738035963405817E-114  6.100955952805293  0.5108757925385967  2.2920509738324166  2.77932188003705  1.949705706549923  
3.2557388189396437  5.188019633144885  0.5618069838676358  1.6274903378057777  2.6687887828293295  2.9196920108214433  
0.2949656435081891  0.8413596393560006  0.616376675571021  5.59955402074693  7.013172739447199  5.127878247840168E-8  
1.5285705013122228  6.365814179936037  5.513607928640638  3.319674837275398  0.2972137029702716  3.376878126961155  
1.5175170238780944  0.6386661974205776  6.549172148851486  1.4552396904429759  0.9210316990027965  1.0095888376247928  
