2.7843703537971334  6.517049975626116  4.478912192234544  1.0545466983955483  2.9365905871096616  3.0678537908711303  
3.2563843348167647  5.430810789649954  2.4532542092244305  2.1394955522371975  3.744060287542595  3.961044341695503  
0.9737926511744122  4.2659314920519344  3.4317285771677923  2.935345858173346  4.698716068652649  0.6887455963397617  
4.2906773714427136  5.669912521669444  2.91745464977576  0.9324350141633809  4.479580954364577  2.970199170830718  
4.260009856812182  3.152119067821815  3.6212732116902955  2.4224971396145447  4.174400983747772  1.7210618785099485  
2.9338312842984045  6.318049855997755  3.1753877296286848  0.29622665598199494  4.2371903794198555  3.4123206522768132  
3.195511494870187  4.00026953930677  1.9668007573284403  3.1133237515566217  3.8462890141760777  4.013574158500297  
2.4159565780142334  6.257465224558472  3.704587095384438  2.5715494306012276  4.3269046633270705  4.517637931074317  
1.5465991583664958  5.483528410170156  3.4644361762034683  1.3140970938729808  4.569993821369398  4.077782924288541  
3.5933339390329144  4.855418040092421  4.07762941925025  2.3994164085317395  4.0964666948459545  1.4957105800908825  
1.9848540919830415  8.013738654310044  2.9832320491459767  4.8229503781535503E-17  4.903938901593944  2.1920450452458438  
5.639030606082296  2.7981874511583755  1.409993721202032  0.7218010255330569  4.767763114672976  1.5236444306485428  
3.8066231580728163  5.1550485421539864  3.499214178133156  2.026240611541214  3.215354622988244  3.5063585731287157  
4.555962324180948  2.7053133810793097  3.6504364151050384  2.6767279717844756  3.3130170160183  4.3636895388878925  
0.7412527599881485  2.9964507816913675  2.222341637697027  2.4215535077925274  5.485993785890239  4.782062861218782  
4.285125944318212  4.504390296081803  4.370371570866347  1.8635635381621483  4.669173673054384  4.069578873398581  
1.7424279472841975  7.157541248076717  3.964415108646183  2.775868953062518  3.516549276521687  4.482525031538389  
3.3208161545343224  6.300367137605902  3.309442333630924  1.9219241893893397  4.54319644516119  4.112198576339183  
3.7804223871763654  5.177389455470725  2.5041165611139893  4.340610853298656E-22  4.941108705699359  4.260174831067833  
1.1695655964231564  5.054850861663767  2.860605874060051  2.409258070040156  3.795927731161643  4.923702339759927  
1.1924036361348343E-26  4.0827545587767515  1.8920123737170658  3.62752939387644  4.4501649530082075  4.927262196142402  
5.35735601783397  3.765996580319147  2.850051476165091  3.3952251657347485  2.8819551966300856  3.90331291967447  
2.38136511473501  7.7799296734336645  2.808094443316277  5.678537551044749E-39  0.2625995725086219  4.490843146531669  
3.4500698517166644  6.626798338704012  2.7592721346251268  0.9209558077822593  5.382823696449628  4.7355065545520905  
1.2617221783463686  6.560438345808814  3.62430233066735  2.092393592176035  5.030352414506546  3.7412590544271938  
4.082180376016429  4.478497307636731  3.3655852351696067  2.273205202693653  4.6187180014823745  2.679798309367387  
3.409535853312376  6.1213932135436835  3.0609267419547805  0.9063890945359967  4.2436562621044756  1.8032833946595839  
5.020490878910786  3.7160593157465858  3.260218257222575  1.389369729760288  4.191343879385159  1.6943321790837302E-6  
5.485455050305728  2.9959191749432397  0.8820392483841535  3.2854273795782123  0.5612041491137841  2.9739340669925896  
4.145569079475972  5.176405186775097  3.620966726795428  0.36907985059619264  4.551098106388699  2.783426189074518  
0.8201904826365551  1.1445008855674983  0.6722837777813434  6.3670566769243155  2.748803598895024  1.0789727185796176  
0.665923207510124  5.561311383043736  2.8473287121188573  1.3033162694780216  0.5191657297930046  1.932648392425113E-5  
5.153080169066473  3.826194580390282  2.236075952570919  2.055483427705772  2.5475937116503355  4.250802617295936  
3.546745311219127  2.490568170122654  3.6983157760987595  2.257089476151208  4.1607310220346285  3.727223184910272  
8.913462903528865E-101  6.798649591644373  2.1652242473392995  2.247644892075137  5.559445028881796  0.9441119585965435  
1.2080887530391267  3.1189849644499756  5.9080251564588355  3.462354777120893  3.649353506450126  1.2177115196233028  
2.1003634976820913  4.597334943183593  5.719849107775944  3.534009729451289  3.257065555745513  4.626757129612446  
4.990498128060284  2.7936451277777015  4.8571587936660725  2.0529578318201738  3.358750910794647  1.958365191309107  
1.4929980077537677  5.83290956234859  3.2876118332625843  0.7888453133968771  4.6311241377637  5.2647173991506016  
3.5159910535913723  5.594371771305023  5.223242298324737E-53  4.022069756810806  2.84365023774373  3.7753671129398643  
2.505500860076236  4.445698837613794  4.819408904571692  2.944046318794071  3.360438773693062  4.2749891362751615  
5.524134520132773  1.2771944924571381  1.0283212267612127E-42  1.7784815942101535  4.391556936781622  3.439245213066025  
1.0027919762014881E-31  6.262224789830953  1.3715063267008902  4.904498344404529  4.477194450392931  3.7472998387043663  
3.323036024970243  5.473953362467945  2.899351586752169  2.2834841323084683  5.328978140395662  3.7098163892892178  
4.967765898741889  2.2512412115649005  5.130255245595328  5.336565721249428  2.0745965260946027  3.3108501958412972  
4.659505896621955  5.267100709627081  3.943582535424535  6.350616719493154E-8  0.1818814319003144  3.3147267797016364  
2.1635619061392135  5.611101623244393  5.467109945132069  2.462241499955155E-17  1.9887294214208454E-8  2.0305383591964595E-15  
5.67982938147063  1.8599879784819205E-27  3.120314963992042  1.2824487102656354  0.4040152103447536  2.0398881026749343  
2.374024156132985  4.7132055857480815  2.861363201988591  2.6950591803753703  5.363031038887505  0.05993654994584166  
4.405996513594758  4.314846471630558  1.2517502601303538E-94  4.180808072791483  2.762306416901369  4.638734671756652  
2.335726116344255  4.097054290322953  0.07894464611476742  3.273790501280955  0.8703963991043412  3.742718802335397  
2.7498790396502795  7.432695285951048  1.7673953500106925  1.2343850789363309  5.2493127753335065  3.3350518099782467  
0.36276108466761176  4.254730456814967  5.7802953853304215  1.7425671793796422  0.8670727636050188  1.8064666580703228  
0.15269368466961353  5.499280825321082  5.51382275141647E-38  4.3128142184647  2.337846747330576  5.032607623137298  
1.8021305802790066  7.032827199950653  2.8306683921288713  0.6566338306409649  4.953767302554187  4.229132434561071  
4.70479573800339  5.19886145298855  4.697253081467397  1.7102208092403744E-93  3.231927735081406  2.287694894718619E-68  
2.462300159439518E-54  4.980065342438357  0.5937721606088799  4.479594868379361  0.5175204111650415  1.5120639560900426  
2.7478858134896855  7.316178188861461  1.5711462382564065  1.0120807073704565  4.507606942738651  4.681208821564741  
1.6373765932422093  6.239879230429204  2.886675107716364  3.068557902856069  3.265828903672285  3.8642072062569386  
1.8030896373769163  1.7786914809600778  3.8982887142827733  4.983759464744556  4.369233827824017  0.16044922190856964  
1.412171615379478  5.598202730348862  3.9762048288176857  4.611889248689187  3.3313005138786878  2.797605641637377  
2.41702223897915  1.746403219099076  4.826993973205002  6.913187502016392  2.1063804874294534  0.001740428883922205  
2.5544933514828565  5.073898691100862  4.219007482730211  2.7141328873044643  2.7748654410491285  0.11765199748933375  
7.155737557406565  0.9218926564072056  2.623239141236499  2.554796069657793  3.6618470279106257  0.9068173961128125  
4.204826119152723  1.521685490260889  5.598467549774298  4.033837904927631  2.0327875911000604  1.8963264449637147  
4.194570357036221  6.2488950444565265  0.8499878672126935  1.4573960914865323  0.7663437395756105  3.502177677219408  
2.894749644767562  7.700337736030063  3.2763833515336165  1.5508796258921294  3.999631527743143E-48  4.125744983306858  
0.5378153191007068  1.7555014078891782  4.1874992864315917E-22  4.619205001254174  2.888316816411842  4.233565035742205  
1.259617539410485  0.7526170564284363  1.1832990653996691  1.5438361519752462  0.8457265353320177  0.9954615618428464  
3.0890206455025415E-20  6.6452272178428675  1.7526358396743877  2.0924746368197753  3.6193304632455727  0.3542810284718878  
4.094294935277663  6.07773190218405  1.3507395229621564  5.461019499403696E-53  6.181105332695363  3.945050838348894  
1.8440208103715612  3.529594277800655  2.874937328734031  1.3773385688026913  5.701727048480679  1.2287143363613826  
2.9519034382553646  6.3474203892726955  4.045957676161765  2.6627463269695826E-149  2.9525297867013043  4.059473511098059  
0.6383663144704327  1.1156049950445603  0.3992215492910287  5.527589561397519  2.9698297259787707  5.310337137807265  
4.4971339549031  4.290838199919926  3.8494245708772934  6.104598076247165E-140  3.374565630125661E-31  3.3175108848207797  
2.311578956148384  2.714297815639317E-26  4.392086763733476  0.011498740998357515  5.352845898209702  5.2036183953357655  
0.0061508720873413155  3.595423244799695  3.7191586446623432  1.122150423985721  5.382575172828842  4.163355813670297  
1.0332370693983643E-58  5.3694603659866615  0.3312684798972885  2.274516310757779  5.336719171719149  2.3443222159879067  
2.5065378080635363  6.9611818839515145  2.131394752906784  1.7902843509898794  5.088394871900756  4.450240880940985  
5.8044709296861345  2.770708841188209  4.56546588529558  4.524440802460291  4.0898893335910085  2.877636037091378  
1.8914677172823904  7.37354058452739  1.0737763006145664  0.61161504607099  4.364938818365561  4.494472463593373  
0.0014274726003117642  6.576922710999427  2.3562926956690236  1.9740963577183874  0.44828616296511753  0.3358823826021644  
4.5603738815623505  4.419516596051672  0.13331068448427302  2.6399217128157293  1.6022653013189225  5.017348241023622  
0.8740873968394258  5.668654974780835  3.018748650634458  3.066168388280061  4.033999022566935  4.246841766628523  
0.3025077764033121  3.117266321842962  6.5716291583389905  3.6099546566765244  1.8247734215177656  4.7585284770700715  
3.5408610306720893  4.306493318289624  3.587214441287507  3.7772477556092263  3.932341848071683  2.331899172534686  
2.1514390169605906  5.88880136562723  3.660709872719527  0.6457215695142348  4.216500217597757  0.746883932665713  
4.06719495560267  4.445738392322466  1.9773388222951835E-60  1.3155643695064223  2.7211666381284787  5.490168834037374  
1.2690741686952016  0.4020387783902909  1.1229331195948018  3.9212287548752762  1.9119297343561152  0.7278687108366715  
0.6778160349580696  6.611008117156051  4.8798898592208256E-80  3.4656537975789403  3.15067825090065  4.32636205044083  
2.888878215604036  5.736213701222944  5.186175227558108  1.9872903117802443  3.7100321383971346  3.9608125662367994  
4.285585514570678  2.1173431084917276  6.202002066133101  4.737128927429953  3.963945262308508E-62  4.579963148224575  
9.229607007075488E-56  4.348781855566912  3.287502229679777  2.774726403656921  5.429561772600334  1.0360451369372407E-12  
1.1406734367048807  0.89704446336032  1.0803044444861791  1.921327554275398  0.9031522158350487  0.9289254826263081  
3.0031805254369717  7.698707343162485  0.40860517067029284  1.8845985683747994  4.321092627260368  1.3008211582587876  
0.6516224996631449  2.5321020003109727  0.2026257542805174  1.842709993238367  2.0531553032315375  5.700867444924465  
5.338154292071208  9.857899611869272E-24  1.038898383371698  3.4328406798251643  2.1829751005667437  3.72373181220915  
2.9440301135419933  7.970343230474526  1.465549935638251  1.1219995715140998  4.5531495737868815  1.048742141051605E-61  
1.2739885593249205  0.7512842548394962  1.182938256285285  1.5031425170443478  0.8589077874001952  0.9606440158682065  
0.937946871977426  0.6546382909889846  5.072138408405907  0.7545678235434369  3.7640906607279594  0.5141832488799953  
2.9376743392508224  4.854236986597237  5.345975058255121E-122  1.5674520686702251  4.760208722816639  5.025037045202665  
1.2928190575057383  0.7320591555068439  1.2143695603447942  1.4606431982273471  0.8579966091784655  0.9854231413924317  
6.045143983152164E-114  6.811404864475608  1.570445296103892  2.312874106698281  0.29625914272896614  2.897774336076406  
0.20174451178134195  2.3041563187256267  0.9207711453338258  4.40213630379884  0.29680311608195115  5.292848128064299  
1.3997136837361952  4.620316966107976  1.7752430853865595  3.065686689594775  4.730460588006634  4.23689190666858  
3.443915572907733  5.5077633376573205  2.837956040348429  1.456385949126033E-63  0.5736810077364152  4.904157336192165E-47  
1.4964558845191165  6.105412856045238E-26  4.7095710256512415  0.7113363584759969  1.049807752195215  2.784382303748267  
1.3005980719000307  0.749664042883323  1.2030816794123118  1.4491497921302081  0.8632360841890047  0.9596027644465319  
4.0614771475129565  5.142070340063121  2.145399633733237E-43  4.1483610830533255  2.8394406613916052  1.525828058745929  
3.3061946903225587  7.800696874386513  2.2738989630835817  1.3319162912519532E-28  2.9389490877290982  4.4973435604976055  
4.633648494888613  3.880280423809689  4.748672205782696E-72  5.8864818576013045  2.648118461105815  2.967894588106464  
3.5503026207613595  5.4006892167730856  2.466344864242011  3.5077582292547693  2.690970217745024  1.796098473372945E-8  
1.176734176626948  0.8545336197661991  1.1097369799656935  1.7948877279043702  0.8658636025890823  0.9420330864365539  
6.553560648799755E-64  5.260223854034945  0.6537802767798777  4.098147990854886  0.4920888861963796  1.5003045923752572  
2.4710312579612457  2.4539537666985756  7.075360299352802  1.1374880644926506  2.5668876269971928  4.658850468582366E-53  
3.776501468393359E-23  2.8861282757501554  5.196728397918196  3.749414667481225  7.415696298046436E-21  5.2879619943379215  
3.297849014936497  7.1537062867589425  7.5950764811858315E-6  3.069924442689447  2.9283070221485414  3.984726356645425  
0.793061826266868  6.713528076291739  1.6045753528843263  2.498171525211834  2.7426180536025377  3.961064642652554  
4.113954034232364  0.3284001143415217  0.42808790613876  3.6799025922598814  3.2649629871313848  3.852307970329265  
3.752606903668059  5.24279367658858  2.490525876309866E-53  2.413309617629707  2.7565013792145505  3.4771970185893952  
0.6753144930950209  3.3727281113521927  2.7206708195328346  4.384536436652288  0.07171644244059396  0.631251451502957  
1.6956172216854561  0.8051627993551603  0.848223364046225  1.7438048146676008  2.242515781452272  0.772737532883179  
3.4239392360722216  3.3524737217334137  1.0594157292777315E-12  4.3254222024828355  2.3084069555118516  4.205066284398101  
2.8344138078095362  5.953155878872134  3.827120487084517  2.895238803618576  4.614282898603875  1.0785259133538212  
4.865386059833915  4.101546388365021  5.953939824288654E-21  1.9384205935204746  4.144707111247596  0.19925102885134763  
6.129858752714942  3.557689092768821E-36  3.002980446862284  1.7816913317777658  3.135928565762729  3.3078147676268346  
5.272485798309869  2.907566649322441  2.8280800433241455  4.679689309297911  1.9959526081527628  1.7446428569715828E-24  
4.6074145556321735  1.6557947575431333E-11  1.6214201371228836  1.290463232082321  0.6394103098985396  1.8499740079931881  
3.801272174929618  4.90553694262412  1.0343996831335648E-39  1.9360838860798804  3.0149745609848178  3.7855657706717083  
5.109886198165068  1.9676755531955186  2.545470267600895E-101  1.650185316529223  2.968489869403418  5.796825074441464  
1.0633012671526552  4.016536789177016  2.9845218318168802  3.167809961534757  1.1183088370277837E-78  4.893626072159933  
0.8108486083785584  1.4983477488192674  0.9641946196678985  4.0251966560566474  0.49045799139061186  0.9998656798942441  
1.2929603737721003  0.7448723999103665  1.202875068862792  1.4599380209612196  0.8623551599681162  0.9641110848016977  
1.2945546030846358  0.7434626165608091  1.204681086511719  1.4580921399786264  0.8615698238800833  0.967532756996012  
1.2012413420452588  0.8239488553421566  1.137829845834741  1.6687643680585482  0.8600823829544061  0.9446481880979514  
1.2696661512244805  0.4357733102093345  1.0871746009676748  4.042633634268376  1.7830106752134471  0.7351920346646605  
1.2800428434141765E-5  4.502770963807718  1.6925621241071602  2.2065000594155872  2.459223334754413  0.46596441864190585  
5.532596327259357  2.1926013254310335  2.304176630281511  1.2564117725242994  5.557779729831815  3.914264795631189  
0.8748954684806936  5.276745755250136  0.3799062238087881  1.8795466950057647  4.52034412851637  5.606421384214544  
9.133942421840602E-70  6.553404459828192  1.4438492042636712  1.4496580263640315  3.1384603580892256  2.420734811630714  
1.2950128024185135  5.011469934969026  1.4397409594306998  0.0010910292338059972  5.237938181038921  3.3475776181062664  
0.3875757454462308  1.9958862578864334  0.3843110300565861  2.94953268879043  4.117555605726393  1.2173574644835612  
1.1064809724386588  0.944555036520871  0.7849022182553823  2.4753890950479884  1.2340891295443337  4.606205259386141  
4.494311598445852  4.690969538869637  0.32347589584908637  1.4318096972957213  1.8870405889461217  0.3451386982285104  
2.251690553932716  4.598486446744084  3.7065742428264707  6.31361029720808E-11  0.5510940865102538  0.07296944914123767  
8.520446705828763E-14  3.528699895523834  5.045755615674167  1.5293534555007164  4.464795561981115  3.5581462386473923  
1.2545507264673975E-44  5.500678289103255  3.954368557409453  3.08196415905148  5.279090322327332  3.0419549913405337  
0.8307845177970947  0.8358825860496029  1.1996146905210139  0.8917198536803025  6.1082764819550945  0.7583091535456624  
1.300574433177983E-12  3.1649806762761985  6.077777102993975E-11  4.099210723126555  3.3048021036997026  1.5291118774446706  
8.967317662688241E-13  4.072245856082323  4.269016596726877  4.246226136662002  4.2046415116221585  5.363133027395861  
3.245956366206695  2.1784657281908798E-29  2.930359562775638  6.337786000553968  3.7243951472455647E-147  4.899233819218012  
5.082788014408561  3.3135301511893442  2.580424772367422  2.3142410661868604  4.719842263349629  4.835345601375358  
3.677032352494585  1.3086459861440403  1.774725647436175E-10  1.899990644263112  4.509341959450855  1.578488989403218  
2.665774828297888E-91  1.9948851866700386  2.3357917996855806E-57  3.7379737823897314  3.381893068634883  5.413257170032415  
1.2513008869321953  0.4491861585311634  5.550830359602814  0.16578453906128846  2.0076032321056534  5.321320370656805  
2.1831837437703476E-57  4.591846656072677  5.927740682201409  1.4119747803816365  1.095722700595178E-13  3.444361697965543  
1.2915607390511983  0.7397757094853795  1.2057004010325851  1.4633626108905213  0.8602763681709583  0.9728591702594687  
5.191110383633755  3.7635937962456913  3.4818736859664984E-9  1.7976106748812526  4.142306456765215  4.909421240296251  
5.03459969336498  2.88086633100932  1.9804821203286729  2.7576833864024937  3.2236519469533707  4.7936877564213445  
0.5069622763216894  1.2780061684755848  4.087924617586691  0.07570015321337445  5.3341490667764  3.9502428784891954  
2.0826658344663613  4.4899999391865215  6.195949468909604  2.925513763597997E-11  4.151702995002615  3.9010689320976786  
1.300217586411281  7.4297057984780785  1.2839631237663938  4.684027621973663  4.257913787651014  1.2419399443084378  
1.3042600320579454  0.7389900093570284  1.217240145191428  1.4421992240551895  0.8601611056862825  0.9771590979804375  
1.523155654131566  5.426162727288545  2.4802102504562593  0.07754249408243902  6.334644642166467  2.797726698217369  
4.551991227357081E-8  4.346589955367004  1.87403930949641  2.255371637377777  2.989665207703504  5.2125723997623705  
3.293711609974079  4.659373551485915  4.129273407226745  8.182210791010619E-44  3.196814588089315  4.1529022864888665  
1.075062252494414  0.972211743078735  1.0542182853719329  2.125927732869975  0.9242387244910494  0.9593974846146474  
1.3262829538667515  0.7679680207849816  1.1979649176168958  1.420589314788722  0.8644815351962637  0.9442922225171332  
0.28023368070691096  2.3802729136980827  0.3469082247356878  7.497605686829118  1.649260792993645  1.3271511866314605  
1.2808134508328624  0.7468649147459371  1.1898949171228481  1.4872129305055417  0.860288403395215  0.9624996747034047  
0.25617471837445727  3.5837516211859497  3.180398692502643  2.280165518431672  5.019040903979641E-20  2.8406364995769384  
4.144419678037691E-77  5.868900974418594  2.6523029453286555  2.11985544780791  4.679157806870605  4.625050478847392  
6.6228326586069815E-47  4.335407882289095  5.655047234152093  4.618111313979815  2.8307560260950457  1.775966013414707  
1.3271990893401429  0.7690087563223629  1.1973121578225527  1.4196983801951937  0.8646047694189575  0.9431994842543068  
1.1023766288975911  0.9629520969652229  1.0968496110044432  1.9674863897669124  0.8285148257535736  0.9743409256107318  
5.726624770997785  1.4334604232753767  4.961368087522654  4.572892676918401  8.764947774084525E-90  4.9980306688476235  
1.1216128645125145  0.9259113204307646  1.0825274099479536  1.926446077413963  0.8915589752972664  0.9369511890093523  
1.7341598671600394E-68  7.743660427303861  3.953217743933806  1.9662241617610392  5.108324581348195  3.439449781947173E-18  
1.2279750166457584  0.7985149602652398  1.1541655669233493  1.5912960420372475  0.8558833067199828  0.9446484000188158  
1.2485847527359253  0.7613345052559867  1.1785426412804552  1.5723414421810595  0.8399783196814813  1.004026352956678  
1.1785437982302687  0.8330722437189838  1.161284110225345  1.739897905470412  0.8090510042808885  1.0393400889781976  
3.2385826385257364  2.533757383262104  0.06827521261223911  2.11481351721191  3.3116167829698595  0.6275983214510268  
1.5036360757944265  4.880305594094267E-29  4.533574895602669  0.6945389723104466  1.0321423165655355  3.0260851314116595  
2.155827361897742  4.477270937380863  4.0304005689422855  2.6810750382808956E-9  0.5353245634505938  0.0771828406744388  
3.852709226878067  1.2193973393521957  6.387989898653462E-5  3.4024439306898677  2.7898876232308565  3.845385480934812  
1.319159375007475  0.7614880092251693  1.2013404426254353  1.4277092206396291  0.8639722393231252  0.9503034344412126  
1.5662407022522393  8.630726534853627  2.6653771396224193  1.1884455799502645  4.68425365502761  0.21287058401929193  
1.2958518950199096  0.7381648383145263  1.2113511663490961  1.4550697079002066  0.8601610802278756  0.9759962902581882  
1.2599981686314126  0.7563259387943656  1.1801133512176982  1.5388395719835315  0.8492531867110984  0.9835235259548134  
1.2038747058950605  0.819559445138669  1.159554431257204  1.6432716048831633  0.8338070915485203  0.9894514777621458  
1.0579824273562248  1.1437280027372378  5.20361531256218  0.6809083725345317  1.1883498182420207  0.6003562450197315  
1.1649011703165764  0.7313516874027585  1.05060487398791  2.448476267584002  1.277449498218196  0.8161790603416682  
1.2638789428734172  0.7589823321230336  1.1769834373343955  1.5262703413143417  0.8545794031610323  0.966724173934597  
3.201448906511001  6.220748214402026  1.3779161994511437  2.5076639293938912E-15  6.011691139671378  4.998855546467725  
3.6977954586798494  1.7997253699955211  1.0891397106747571  0.5490235266462197  0.8915161974546039  0.5192486702654647  
1.1756317854602194  0.8547625891697229  1.1074954642510528  1.7986405631535614  0.8759754551497166  0.9352875182812188  
2.4155677634418113  1.2446065158319397  1.075723774804896  0.887221586972082  0.8565591403996913  0.6915716539375799  
0.16954153531586577  3.1247326237523008  0.879848426273344  4.670963220721545  0.28325810607288615  1.3018149249321282  
2.080178977744355E-19  1.6770730458194811  2.329953010593436  5.335735004190588  4.3084769157101315  4.111465314465016  
9.565241117845181E-64  5.175262042022693  2.0425731047208506  2.464943080419478  5.386912379338626  2.858222299142665  
3.3131613506737145  7.661499938930952  1.579303651194255  0.0779721980569945  2.5612174855747396  1.192087918315622E-39  
1.3709068384545926  0.3399928550647788  2.0210697510193323  1.2206268049151356  0.8593264120062021  1.5751713756669636  
1.2235656646989226  0.7928464791429561  1.15789834229894  1.6353197175395475  0.836933338410025  0.9839623577314229  
1.2115622404736905  0.8131691594176608  1.1463831825916166  1.6284771194756995  0.8585213661899708  0.944405951572269  
1.1331847048705075  0.9099045416278359  1.1205511323174606  1.7361396740226611  0.9015570471355694  0.926653172653636  
1.2062061516226887  0.8056782839378601  1.1659015450877657  1.6463543503515372  0.8299662930042162  1.0093022568704562  
1.2821557456793256  0.7491290962148593  1.1900052736493127  1.4817848098000361  0.8623276289138877  0.9566165988686918  
1.1977096874354909  0.8404839541073018  1.1241807721518997  1.7333566367744775  0.8363994114510593  0.9486595382398655  
1.3192571204833112  0.7602154443010867  1.202842483891161  1.4273329501329082  0.8636468563401095  0.9522243898424254  
1.2798559316444  0.7510422708712993  1.186300416450838  1.4876360266970834  0.8620714257271257  0.9546410683151402  
2.5737488746628827  7.475339850662479  2.331672272679279  6.88834121507569E-52  0.7993590438009998  0.043281592315455274  
2.891592453885485  3.443373319396458  5.635196206690967E-70  1.8130824930063556  3.6588482246999385  5.690687841076792  
6.25929218360435  0.8930651146175378  0.9032913342611572  0.6223387839094696  0.8689106424433019  1.380942944944091  
0.8465744042013321  1.4256413891964237  1.0095856161163521  6.904086755963252  0.05204726815888906  1.302433528070128  
4.949287746073444  2.509431286302956  3.266853320546796  3.0349377885149212E-55  0.8304394909310974  0.22698128678094232  
2.266944338948387  7.402639952686267  0.16594947173893365  1.2948990530495152  0.9288070464354865  5.022074103567531  
4.0771990919060075  3.9074388565233487  6.628379487598639E-88  4.464716011196957  4.340865438309513  3.4662006887272656  
5.307175861048731E-16  9.25034703032604  2.917380148931968  2.50629187586668  4.932157402869948  1.5902416910224304E-70  
1.3997247080050377  8.647099785322867  3.488980845474657  0.7805683002655749  1.8603327635434508  8.684288439250125E-78  
0.7512556887331836  1.6849352555840609  1.02619060494177  3.7961940531807277  0.5204042726687423  0.8975149437580332  
1.791142160571207E-76  5.156483410393084  0.6230923708097118  4.172276833900591  0.49333228716514077  1.6008948780881782  
0.8195025325759395  1.0370748912499286  1.4607512240822362  7.386964719295342  2.685184711315071  0.621863921915381  
1.2969120068065942  0.739256214519381  1.2111240658101887  1.4534151196779113  0.8604835201510457  0.9745521529649475  
1.271801919304046  0.7466781465452568  1.2110316950300342  1.4594881472087862  0.8892998914365657  0.9392241611805858  
4.0378806976270955E-76  3.6019754259583654  2.2515071489595653  4.086675689306133  3.03320768105381E-18  4.329975837809312  
1.3252571005980396  0.7686218433532807  1.1967318573545354  1.4218533611428026  0.8648306190037688  0.9427501092771096  
1.286487239283467  0.7386005904099266  1.201633846264061  1.4750018995173988  0.8587797924281219  0.9752447692103423  
2.171818144571002  7.1232245786543  0.5800065683251492  4.454994947094217  0.43806109604206617  0.7435241835698617  
3.387927279953798  0.67253087344776  0.7855987714668597  0.9336027431184231  5.9009396549591875  0.6121558041138105  
2.0583929400179146  7.870948389790107  2.0757421557741083  1.9181102710544773  2.9030203905632814  3.9140710422372407  
2.6211680817386798  2.1084017097710077E-9  1.41671302941696  2.327499347230906  6.220383017526939  2.359486900323366  
1.7673053371971912E-79  5.4317571236609465  1.219201937181994  4.971189006974355  5.017005830958168  0.3579345293588254  
0.9584060753711229  1.6564655599113616  5.21191297981182  1.1864093144581085  0.7070259881734029  1.8037140337171216  
1.1976076807930809  0.8322806204698096  1.1332426594864529  1.6793585212018  0.8559176760762746  0.9424008333582785  
1.9303092297695836  0.7745891152952263  0.9699203504038532  0.9968941189295684  3.597937601240163  1.2186219544441765  
1.5202624620646226  0.16929840064012316  1.6773912039737107  1.1755816261282224  0.6346330772060708  3.4461433694797505  
3.6717373975364627  2.9813706011633214  1.2978678613547145  4.866730880395619  1.4118451513984035E-4  3.683645935240749  
4.698613632400057  1.0055638984228056E-37  4.899928347074352  5.022389758429402  2.1582197754741057  0.3611887626371839  
1.872982902931009  6.354391149425319  5.012368857074752E-44  2.165381154786762  3.440541059500934  3.6059194448376304  
6.184372873284469  2.7924555152169552  2.2094218749074244E-22  1.8591151596275166  3.9502950171469826  0.18245051063973888  
1.2684011607030914  0.7588976610223942  1.1761381738772085  1.5140341345394654  0.8587003180856135  0.9551889636087111  
1.3152268010755825  0.7537605332358838  1.2076001960954925  1.4311279803456871  0.8625432758290166  0.9600016905735765  
1.3156734732851258  0.768946127737943  1.1899978807142952  1.434930081869668  0.865813838568668  0.938346234550666  
5.86052285062165  1.4557309013170685E-44  3.351284478866632  7.482163049112331E-5  0.9811005633249166  4.0290898106155755  
4.091907617422543  5.2025753249545525  3.6872398031186244  2.507284255749562E-4  3.0969531716083996  0.6586266279357045  
3.4423118372429578  4.704646917839693  5.525666270242544  4.954820421534443E-31  2.7681496120165485E-13  2.9293343511757078E-21  
1.296268528012593  0.7347146949495398  1.2153242292920916  1.4538990227418926  0.8592167922682339  0.981423869563934  
5.591496904274649  3.631545956520636  0.7406157069852529  0.4125726861872538  0.9481565108964073  2.6657357987336385  
1.0949059614627308  0.9752728826261331  1.05725581647738  2.0351090114833843  0.9085580860523648  0.9123337389243861  
4.060538665745667  0.9829263780868217  0.6866434837490479  0.5388977746658566  3.89260018712544  4.799271066044853  
1.3412659226366743  1.5225666435364078E-128  4.632176623997074  1.021605077794647  1.4219283278781014  1.1615767749757944  
7.101153489592895E-45  5.16502905199914  0.5589377080257821  3.2154255465717436  0.5743257085121783  4.891142489677846  
0.8111098277991633  1.4977724383719562  0.964222062023478  4.025355701805952  0.49043000688279303  0.9999678178008882  
1.330086078069861  0.7725758409904525  1.1949374649750883  1.4169408390733234  0.8650669688972159  0.9393251180192489  
0.36287853245932694  2.7077220209994564  1.1779531812741766  6.812889381932161  0.010742162711395933  0.8371411114623103  
1.2858785943921491  0.7380277721513495  1.2014208504573471  1.4768159394603841  0.8583077193310492  0.9765157180029218  
1.028478780335855  0.982029924216567  0.4176227542928586  3.2399159096983587  2.7559106177844463  5.000967491239526  
1.2490686076569997  0.7785612789658072  1.1647162358663663  1.5530800340713986  0.8540354655337079  0.955748244181204  
1.1361928924422988  0.9192388701345036  1.1210574239252193  1.7419182093841743  0.8793540946371708  0.9233986694218759  
1.161395143636725  0.7172104370184427  1.067511441312495  2.393849457144865  1.3313547820117613  0.8124645753443709  
1.2314413678867282  0.7861940301619375  1.1631749181928164  1.588719158111451  0.8496948103819548  0.9685904573170689  
1.179178618604744  0.8447836601732719  1.1222495000041164  1.697252534026185  0.90064781272005  0.9240000879200185  
0.5957595539212777  5.453145805935438  2.9553272661676053  1.3956290890973964  0.49135854715684446  3.7656048230663827E-4  
3.0505806488204334  4.667013806648106  2.351995141985285  0.5713391305890159  6.302320657970288  2.6637959519412466  
1.5282129482390665  4.948664538447273  1.8383245360795648  3.6860432100478224  2.7451380725098016  4.952978300258105  
0.6046892511391261  4.0422431473220515  2.1679551440796128  1.6682915910187133  0.5892284436943953  0.3031660325985349  
1.1059013243388813  3.4700230270778687  1.1111283942458914  1.1949883663806837  3.5627305194133876  3.2034446800134377  
3.2812369923988176  5.419942403819256  1.7213123869218159  3.081391423636326  1.5227336739836992  4.909753374642066  
2.1616140601289606  1.6604234531548199  9.102560009876866E-84  2.5153604012992155  6.087217638436518  5.446617094592334  
1.3304311783096443  0.7730023606381746  1.1946534178034558  1.416611317645281  0.8651222239811391  0.9388618421395633  
0.3516000708203449  2.106610410226682  0.330120022459401  3.1421426666900527  3.9828741492423236  1.2542224597087002  
1.1006669635659125  0.951562361184217  0.7801491264605542  2.475478440662378  1.246932320499716  4.604487427811463  
1.1792885253247214  0.8584984813059888  1.109201185751988  1.800286348067269  0.8521597867806645  0.940420783582217  
4.623011592693963  4.564827162423915  1.0156219282016437  0.5769164996204774  0.995469079036236  7.260945927138787E-8  
1.8843519594365843  3.229043591099032  2.9696752060807725  0.2962593537771553  0.6695419427173841  0.3394593534866702  
1.1021124813922833  1.0686318955232896  3.78015414031434  0.8883397256428575  1.0532113965390024  0.7546488420227657  
2.896116175783177  0.7022995819281136  1.7681634237445865  4.589902096323502  5.35158770849188  4.264448587775565  
0.3760822645336386  5.339522487507095  2.4127655274138156  1.533014123900404  5.009724413386314  3.054236021267549  
0.5958849000078754  2.1201767737400177  3.519402563197395  5.476380106640291  1.6875590686907433  0.14805479690456744  
2.323261957853765  1.318671475165789  4.6620783639763865E-4  2.044972210166823  6.565052254264527  0.9522609262304366  
1.0508574574382285E-19  3.166525582032125  2.9812076400581007E-12  4.094951295219438  3.3075804889834037  1.5292078689196507  
1.3085156632214674  0.7421587369708771  1.2163915733926713  1.4373838820460385  0.8604541052927992  0.9742926924924014  
4.052257124378941  0.5030532623982941  4.058171466214155  0.5498000300126858  1.2173978016315035  0.8061333184671228  
1.5166789533645313  3.3368124598739466  3.54014021317756  5.011634508969691  3.7183059740800433  5.199524853524802  
1.8927142973938689  7.581252873235406  1.4793980034349665  3.7214486467377172  9.170354986862646E-34  2.8851739236541802  
4.08023878314473  1.189307304804981  3.6410619040484087  3.6494728668372285  2.2019944780900995  2.3769762089119397  
1.0857543012974993  0.7880484588028208  0.7510546783933331  2.689716808879135  1.9301361372507977  3.5096411514715657  
0.9637112973737805  1.004007697255573  0.41384558245513625  3.2741885701922473  2.8655940895905156  4.907858965081692  
0.03113452565092771  2.6457021266924516  0.9789632571804971  2.830760837311015  0.5018148991571855  5.321256296310119  
3.870600120840011  0.48026854577108147  1.491763521585474  2.3766911167849607E-9  6.073894969951045  1.7073811537402195  
1.3737215919707215  9.975380661270983E-7  2.562395583183022  0.46021790641697474  4.278121502683286  5.787401630464985  
3.1069820525172886E-52  4.5921710094102615  5.927945610499101  1.4052178225041656  7.159271755306502E-11  3.4440674304564225  
1.2907465322685292  0.750720381903712  1.1940428373648835  1.4661075339528122  0.8633506438530317  0.9555384426673241  
3.546930815540769  5.193390640217588  2.4620638292081662  2.795487498749564  2.7774873304872907  4.2071450605211975  
4.931696288420222  1.4653991526073826  1.7245875847696542E-30  4.315666382478804  2.2952329454250604  5.1478902348702675  
4.434829120342713  2.1025221806355474  1.97779424100367E-29  0.2595464531463852  2.006126859837694  5.747183119846348  
0.8264921802673637  0.9121421539001617  4.631891150956233  0.684428614168643  4.190903081027603  0.5266725594059316  
1.5007118488553237  2.031671854009042E-36  6.195413190976822  0.8502148877638527  0.8400418094682313  3.392483104738486  
1.0162809178665464  0.30630443507827965  0.8097744481132809  8.288869460392558  2.7293492630728022  2.3177310414006036  
4.310187940260656  4.637129684265314  0.18129171244970652  5.119888357492243  0.8155110487629774  0.6483125331037536  
1.11531806070031  0.939274207098723  1.1168987523449303  1.9218258329820737  0.8085878525776826  0.9995083070949617  
1.2820474223081009  0.7526241688990672  1.1869467157019695  1.4815328883669308  0.8636148060596455  0.9506099818809874  
1.2947632993033487  0.7264951567137763  1.2222462748614316  1.4560610227826054  0.8566947987610911  0.9941094224346188  
1.8816312171291043  2.984730101557706E-12  5.4055723707892644  3.1692290990892777  2.59675437799745E-4  2.170704536343677  
2.1456839835990014  4.386825884654226  4.0911957878083225  4.492781705642458E-19  0.5389396233749785  0.08800051346919054  
1.3192769216653029  0.7589595149012655  1.2042303993844066  1.4271078973533764  0.8633154977356742  0.9541256152952504  
0.9740163973711332  0.6695870203357462  1.2052631994395646  1.043080398721764  5.026246293454128  3.2030757972901776  
1.1658745272793574  0.7050654327141906  1.2214661742508297  1.4626135660954211  0.5205501946516524  5.631482428895195  
1.2924236217032643  0.7427276600370691  1.2050755010630985  1.4601630409000224  0.8619226923010123  0.9669418847093461  
2.996341759161349  4.769093519456182  3.147671726420157E-65  3.991968857433667  4.734323384524903  3.7477091415545694  
2.3592093436176504E-5  3.5168905265611494  0.86217630247792  3.4480687837432655  0.5719964925490529  1.4292332803723904  
1.5166272681624018  0.1730205383534484  1.6742977960612608  1.1858002905967706  0.628084633561228  3.4478914752585523  
1.286998026750191  0.7397425742839256  1.2011572220419677  1.4735353376386722  0.8593665632250806  0.9731459876112044  
0.4191936305976527  1.8951173084522048  0.4416995756734688  2.743577960692502  4.260570097621437  1.1808970094301345  
0.6064504211594965  1.8862799526280636  1.0509267466469319  7.484290526524765  0.00414779176437406  1.0557897882941358  
1.1603313382347733  0.8811215286120364  1.1067229212927712  1.7825962523493015  0.8724221524991433  0.9316338007015978  
1.270790022076347  0.449459865034881  1.0745706116617537  4.099288858027926  1.7438431373959828  0.7375009592027173  
1.3146546314916565  0.764013344381767  1.1956599528590481  1.4340663194674719  0.8651081596598648  0.9445858645868495  
1.2987936652129615  0.7415783333505876  1.21025839151152  1.45067007151601  0.8611182846493208  0.9714557919046798  
1.3162322966955944  0.7590156480516957  1.2024239536384784  1.430773756448719  0.8637713438431945  0.9525662472310157  
1.5215506518625566  0.1677463446817906  1.678879196638925  1.1719183578447567  0.6371224498090385  3.445299190891207  
1.3046873493970672  0.7496898059626151  1.2057892501919367  1.4435191004521175  0.8628800439237115  0.9612170151089503  
2.0546496356370585  2.085351757161412  1.0248851697536538E-10  4.633830232710037  5.227612409099789  1.096581146396941  
0.9381313868707545  0.966175877320856  0.5324201995187408  2.883246712263378  2.200085159307974  5.828728431389971  
0.9912624797958651  0.36630034987282084  3.1275277328779802  1.0337818856064709  4.9737868319582486  0.6475998099088338  
1.2209503416027518  0.8101101221487715  1.1477067026760257  1.6089794610965342  0.8517915505558229  0.9444088108644163  
3.434371619611482  4.462439148292158  4.891107526567641  2.0067780949963616  3.534402847745465  2.566047076929742  
5.671037100691291  1.663572118518169  3.8512318704286583  3.9210254010186225  3.1715528253111005  3.8141302656076053  
3.545276095372918  4.992566181040636  4.944577293935751  3.7011212945671876  3.2685383052573758  3.8103893433595686  
2.253157391345424  4.278804623881984  0.994825443181011  0.9589775247063227  4.28968214584996  2.6930668768610238  
5.9686221993107145  4.131814342399209  0.45207102096435364  1.7828151696274073  4.995401892116846  1.8131204799299574  
3.9050619799835746  5.131794897775065  4.128595981460348  2.865996867366769  2.5103432582080476  2.0E-323  
6.553136726236257  2.8010623670232477  1.9444484501222712  2.8720459327314263  5.466535475964995  0.5507812801724719  
4.393903566218006  2.034963857531119  1.6251653766090657  3.2825757359116796  2.479114818487474  4.901573268930666  
5.295396956072171  2.539129141841368  5.912800395549913  4.83270149734787  2.2130354042982083  1.3628451898861933  
1.6491409120046292  2.996951172425204  3.527780168826853  2.5012558208728364  3.75980016126275  3.107088843423032  
4.763962463726673  0.27393942543848976  3.956051624877151  3.1524278261914116  4.818694576412636  4.088080186439493  
2.7090362813789395  8.116615384437898  1.736454969447238  1.6225655127332268  3.2456528211322224  2.4783276280467192  
4.341608952779103  1.1694971579147795  2.751960838821241  5.2577805718779205  2.331342592160199  3.9108610581727525  
5.216499056214022  2.3664546833005473  4.100539871752589  3.037284427194579  3.9609384736660647  2.4118349440240676  
2.7124825787485842  6.051529283810411  3.4540910436454615  4.079359256307063  4.263193571191429  3.459628549196481  
3.3560986686166774  2.140593616995644  1.5686893735944838  5.17433720249119  1.9403167232798426  2.5684583696517254  
6.4788216419935845  0.8269208515036797  2.141858538549675  4.165861397604944  2.668307785869083  2.0962512298288383  
5.393790078146371  3.025879589201375  4.060238606866899  3.153059372031658  2.6551730279556387  1.644751118191683E-17  
4.414504028582454  3.868791338057782  2.622550585633355  2.4671048597725407  5.040624523583891  8.636192147292221E-41  
3.721563040269439  2.774398447939331  3.0438681324633907  3.1284036789971856  2.766260192472714  2.6705169784806806  
4.506592074235914  1.535005707219303  3.191947163995944  3.210326341311597  2.6772396275182415  2.2287096578320007  
3.692077988601713  1.6314619621608437  3.394153290206732  3.2285118208579755  3.4262717400853706  1.8217002101551056  
5.2009670096570115  4.588285746874095  2.4943262596465368  0.9264093798345315  4.54322390360285  0.844850910872727  
6.436195861988939  1.0225565189788144  2.963689279782275  7.14015616984314  1.8810953611400503  1.0061171356841485  
5.405073592632535  3.2597391964932587  5.837168462448902  3.131537615284797  3.059820909928751  4.002849709762219  
5.072948694357997  2.6658982529872737  2.621227943005987  4.473781124354599  2.9190474455338022  1.253743985119828  
6.44059947580948E-162  3.536928356129126  4.033471569410303  4.5795151035116906  3.425621672154951  1.6036415915816757  
5.465096583288293  2.313383827125415  4.885963469646437  3.0907360519442943  3.0868749725600675  3.619589513374089  
6.0188893581131815  1.4491721031473348  4.811989849398326  4.530612844004573  2.049607587774105  2.4084945583615642  
3.0504609355683536  6.837711911194678  3.47369959673889  0.7637177694357297  2.4570284842684313  3.5688848211525106  
1.581349603467305  6.618570109098677  3.9611674546950604  2.792865250115897  4.530448274005591  3.723510835545411E-49  
3.4001521454211763  2.395968409063111  3.570661279857739  2.839657442139998  2.7492657819598567  2.7463780079285214  
4.470575984329727  4.111169051310113  3.667051130116674  4.556706724509415  6.976581280401644E-69  3.894204394086264  
3.617082116496905  2.098680157278874  5.086963124475353  2.8892507605149724  2.7833610745643647  1.8434156373005042  
5.4845206472973596  2.082013189935106  2.1103380101438627  4.542183259096785  5.5203207213766055  0.34305077459975614  
4.604565035477742  1.3489664327581315E-129  6.2151387323351335  2.804596331095203  2.337308467467689  2.4278420017994047  
2.9644780780998365  2.4456936752474467  1.5301845531090996  0.12847077715615227  5.114885805771007  1.818930389648556  
4.8311272639699805  2.5092212283807425  2.186667689141351  0.8056850308481703  5.628191442870772  2.6139204335962323E-223  
4.878338575207256  3.9913927392663533  3.804880558005697  3.760871348651921  4.059143192909937  3.2051182884963256  
4.796986395526152  3.1109032123822415  4.244035930997927  5.369961631056781  3.0604461940858925  1.2339180390408293  
4.990895438462393  5.386807220846468  0.03222412197414612  3.5273889789235477  4.98798031346633  4.7357893410448905E-67  
5.043958769544533  4.006637893850458  1.0431480928172165  2.7728299286670985  4.082174930037307  2.5928572958620437  
6.168325216187616  3.7799316154955106E-22  1.6811718454450078  1.020872963507608E-57  5.263329931214921  4.732895513445696  
4.09525710918985  2.5649568916422982  3.323966877675571  3.9822764512171016  4.5872307512360235  4.822025777330085  
6.523459352996792  4.9873018140969596E-79  3.7590895636244777  4.7416002787716405  4.279533765681372  3.875889574427037  
4.238326524849726  1.7085106504754333  4.978977682063038  4.661785932711419  2.5174905697379204  1.2358198210276314  
3.8271328318176527  2.5999369893527415  3.414840468204459  3.320558315573508  2.0002752399680976  2.1509148623112573  
6.098944729741988  1.3540906691402786E-17  2.42798665990818  5.081413265027387  1.0033837916085397E-33  2.5385519886003407  
5.081023187850573  0.5532567343019738  2.1272559957377766  7.127844535561422  0.41074374383160994  5.553536396411649  
2.771236815208554  3.3359586669131116  3.1230495970373013  2.631976007677954  2.819492984268879  2.6680869216384444  
5.540651482005085  3.1542491595735185  3.7846197991027863  2.2190650147458615  4.84045635507187  2.903999488551275  
0.5906312274909454  3.7240880792497597  2.4005419782138353  1.0714912885293542  4.5474972829018405  0.9219109944271299  
1.0059407440946529E-7  2.2680943458991147  2.639580271034207  4.21947161345154  3.8730330569399456  5.922473121093962  
3.6637362981414507  2.661108260200457  3.202787806455756  3.087871439517784  2.644032156757161  2.4855381147766984  
4.130349012524424  4.2915668084858805  2.0869208933217904  4.9314278658332835  1.1970078636172528  0.770603394002265  
3.830856600874941  6.389066859006006  2.2727175835721964  1.0529599968393817  5.246732674585806  1.125104562478656  
6.4772800585182155  1.7822867617138642  2.238971776950144  2.9765216865047  2.6045732349144477  3.3034930204032342  
3.40447622751935  2.0911913609285486  2.1478262635899195  4.493378576355617  2.5175826840450193  2.4998415400238945  
7.040892699658418  7.145844585193028E-12  2.4650399751412233  3.896906354177482  4.137209766808246  1.2259065798067903  
5.946650627402163  3.712800327165594  5.5187705577888595  1.5546892435528337  4.459179477320632  1.7722253694722159  
5.057230643270694  6.2643040371290786E-24  3.2865481169971096  2.7849714019190888  1.0483844582638815  3.178584618890139  
2.6274931064143496  3.434984691562465  2.668356789772658  2.4626782069375817  3.142297279155327  2.645061415101203  
1.358747695267679  0.2731803861019142  0.6920817457320666  6.249115162750609  2.5799700665865415  3.6358601713598078  
1.3393837211632718  0.4592383859325803  0.9399141719285362  6.769470468263746  1.3315640264043225  0.786808628933781  
0.6259739638128775  1.5470559624641584  0.6651788394665936  2.7348793165697702  2.7510666224810323  1.0468758372907327  
3.7643646208894754  7.771950735578195  0.5638468905510992  0.13367297044288787  4.934797597020501  3.3338416483579185  
4.943080740251377  5.06436025902464  1.6254466469162967  2.34402643404133  4.6058590715019285  3.3956069191697478  
3.891897227705369  5.663333840251417  2.5159303331912772  4.777678829808488  4.234950299788036  3.7153759556469597  
3.4742038678262417  2.3327090208147694  2.3607542717923993  1.2020273772239898  4.879979863934826  1.6609067430976563  
5.718239755084146  1.9023123810818095E-7  5.327038765413131  4.070816178578273  2.529242671290078  1.0358600957673476  
1.1217229312620614  3.410238209396519  0.4044140925485386  2.6850300645036573  3.801127163184242  2.6899729893234596  
5.398801329244552  0.9309252732886097  4.64341193498068  2.181526959501449  4.960039805101972  4.2328735264607715  
0.7171138157603885  1.4677835725014643  3.55313546027508  6.128812521202472  3.4610425977880968  0.0046357481012369636  
0.7903706127575781  7.096776421499547  2.9208323661909312  3.591059350603798  4.25852663383759  3.519695539590789  
6.5503205961466175  1.7292490660270463  6.381535610026682  4.900052093128036  0.18367094944939277  2.66360355499374  
5.367696473522991  9.159491795583618E-250  3.3255760905283256  2.3424617670526318  1.2626089817941077  0.8690101148587938  
4.189570715554355  3.6073830919398824  4.536638032987981  6.347107294620281E-16  1.0938714171241213  3.515053153581334  
3.810725203262949  5.407939952410575  2.918832798080359  1.7688307186795864  3.859309118518349  3.2708640493005183  
3.540685992958542  1.9082231129342389  3.157356817263416  3.077672226603695  2.8982777926985768  2.753157491256039  
4.393062347553594  4.112130402345173  5.813289759458991  5.057154648562758  1.3586286281754265  0.883860701350659  
6.135258115321429  2.850003424460494  2.0114177968392717  4.910522106364408  1.9504761886549224  1.4468066810817022  
0.5362700664028703  3.854019656262521  3.0647496692156877  3.9835521366047515  2.4203991136609684  1.9815371941172265E-13  
3.5640143405624882  0.6807772304889876  0.8205352511187033  0.8168060377730348  4.134159288114388  3.743097044602912  
2.478703093485792  3.098629182053742  1.8609111271642505E-16  4.503435309978573  1.0658745773183316  2.274120733210128  
0.6010067971898705  3.3137930469193733  4.782466171114289  5.579710034458859  4.318168617707009  4.294014673015571  
1.6713897923802947  3.1862991645642658  2.6762399576408447  2.8390201137616304  2.912669718655778  2.9101884078177136  
6.664003088955094  2.573694334236888E-23  2.661530464954702  4.98825095540692  1.6496707276179279  5.208576634393574  
3.050034864674736  6.4991330563579375  1.6253072160742494  6.444785461896074E-35  6.509418814205503  3.3341424077124486  
2.4298942599388407  4.372012170522997  2.968071052907094  3.8624061797942346  3.3931367024924706  2.160982695897234E-58  
0.002105806806922331  3.147748775371956  3.317385053413123  3.7444617857322333  2.7710379169633708  1.517684004918231  
1.9275857702335104  5.18689676699137  1.7895633310089376  0.03796175242878077  0.9313316334825822  2.304350373188347  
4.521424507603721  0.019904045331024106  1.490030609125198  1.1618035382241416  0.6681150315336458  2.066202603368957  
5.771187164225007  3.7781911038964355  3.899614142640759  5.101208306539757E-125  2.804131211465934  2.495966233729062  
1.97287713945701  3.8378531954169848  2.3948777072921645  3.545026726913439  4.91202274268294  1.4281039752443862E-60  
2.031027952929486  4.951962334836694  3.539541502927801  5.285519067461767E-40  1.0049584827976763  1.296245724858616E-32  
5.778717676208209  2.7078494784523093  3.757070705904443  5.278454295736935  4.794216050823202  4.922732652484678  
4.883129489781622  2.551731467592956  0.26248399476420925  1.5177556661760472  2.262624555209979  0.4544538723778783  
1.2293037371433446  9.088319724381867  1.2046879464851004  0.9690862505192019  0.7176652754543029  0.6561458973333478  
2.457339265847441  3.907343287557964  0.10931014110825635  3.3076407615330266  0.8429709290586976  3.7728153503851525  
3.558036952098017  2.365837961614941  2.852356590409776  4.364301799248611  2.450506749160218  2.627233213027378  
6.537315845172017  1.0283688875239294  3.5035356441093355  1.8643429937159177  5.179366205508631  3.3922480131684294  
2.129893074814652  7.383068848985559  1.3198387512813663  0.5588072819999866  0.9198469603404625  0.2759827274562616  
1.5421862842494722  0.1778721976953769  5.674195465635873  0.9420379917008006  0.8540314467724904  1.8218241922802845  
4.189732970133209  0.08025914197595826  2.7600327780858063  4.085527065298251  2.9173650594801956  1.7656068144875152  
3.33341824164223  3.7141804717652818  3.1325449476330602  5.032823520505055  2.121735869785885  3.9061881871578787  
7.309210033069331  0.9264582595242952  5.008954589148861  3.8122615780956486  0.36637425054474265  2.3672878834437787  
3.73359411206713  3.930040923031642  4.5073863717989795  3.5302896882555  1.0565163696403401  8.403669649294227E-83  
0.5884882600701264  8.582032089080938  1.0156809489278806  4.42940498794688  1.3656934864094794  0.5037908293648058  
0.7773172039382469  1.593829973905025  1.0115252777647015  3.8400702067607715  0.5271673963590566  0.9095660887355798  
4.4440283200517845  4.7189292585313  2.731702516723863  0.2502150077608526  1.7008053726139805  0.9867295612418602  
0.45655895114087525  3.4232473998747435  3.3048752788858082  9.35593013635579E-116  4.611709660291935  0.4259712020110003  
4.79709980537027  3.9074820336023284  5.069852195110428  3.5600117430894667  3.5273326809397685  9.351018755091807E-40  
3.4194963020304  2.5744223017242316  3.2011618759251057  3.209690125062906  2.777058201821239  2.6618938880379  
4.943907663967768  0.18500318550793676  0.6562075534085674  3.578599117084854  2.871482376069237  1.6883897299557566  
5.502641559401891  2.876289826946079  4.631841810702733  4.9689290525525625  1.3683282596696  0.9616293324830381  
6.501646004997293  1.1139505141245178  4.645284158779618  3.9824002077283587  2.0894888462065846  1.011951922527234  
6.684608387192617  2.9583711440180784  1.094887465751029  1.6001952998495874  4.331209994398769  0.006659488507669619  
4.290894649872332  0.5819721506523482  3.1963683053394782  3.4036412066992145  2.7160208688815595  1.8390776030263334  
2.7897749290103775  2.9317682742373092  3.04916837955026  3.468845430124898  2.491621048436442  3.0420630132357447  
6.729843638887123  0.7495591324374821  1.8869496140225187E-10  1.5314437263373861  5.991077901519092  0.5525476143779111  
4.716147725911621  3.6919811747913234  3.6468186470106128  2.3211683182899003  1.9353630293413115  0.22078515878292718  
2.8423083200506785  3.885588074259135  2.2338955608584063  2.1169707465011532E-8  4.113422187342609  0.07534484026222245  
4.919051575868796  3.28514363445165  0.7510372354789228  0.618360645915425  2.0761364941794254  1.4447683648978455  
6.426510911385865  0.3841991245144939  2.8423999384644856  6.6047945271880275  1.1386914326104991E-74  0.20748949819004853  
3.8481339855699104  3.6809952210858428  1.6660044650075425  3.6089618938419506E-23  5.080611763981409  2.002792497509022  
3.645660465730559  3.5472337465312327  4.916533833087985  5.035653941914886  3.334782856495944  3.308856540873093  
1.0191807699118363  1.003965463822136  0.4068748185134974  3.1943425901091502  2.8873275189033687  4.924393012798071  
0.4683473678829031  1.931202860024013  0.546353583620487  7.231113540299281  1.0218364136302862  2.2352397908024724  
1.0660952155295644  0.8402000526752008  0.486541576357767  5.37023986954522  1.89013140464342  4.71373100053282  
1.4595228398747466  5.950027874943774E-17  1.224633266814386  5.582513041855051  2.3889805979279015  0.6482008626958349  
1.2569166088151675  0.769149952509901  1.170000802074101  1.5329631568341178  0.859108827532933  0.9489498573413389  
1.6654537373941024E-6  4.550661302361995  1.6420185888178063  2.2507901756817335  2.4177448471154217  0.49279205158433137  
2.8779440916869548  2.8931528443151806  2.9630216792460953  2.7720997142170267  3.149542011778189  2.532287084615452  
4.612089214265312  3.009982872827608  1.4491012055971049  0.4075537690361613  0.35080294549755875  5.683515721975506  
7.432039140665305  0.9390716607434599  3.584532816116318E-20  2.368095951370034  5.488117470772021  8.0441311425904E-20  
4.062607564661595  1.8162409874378165  3.641797071664731  3.282166455899976  2.459081784243903  1.370432660827539  
1.2401216705399177E-16  3.179168709384609  1.1384303062711847E-51  2.9937184531845964  5.374322792004557  1.7164118692801038  
0.6104356580621333  1.1460334452625733  0.39851317764385824  5.469937992660519  3.0125135684235107  5.306182706441956  
7.22927427160496  0.19845079044676794  5.493036283352521  2.207287810537563  1.6222019607769808E-26  1.5606939487212441  
2.13539040106196  6.479548717084338  4.769981373624669  2.425472391511765  0.48111867623438026  1.6223216853069978E-25  
0.5307823322871517  3.5755575595788396  2.490368669718559  2.690631233048955  3.246508570478623  2.6470390933843113  
2.1829130989303187  2.7594020371684755  3.3176876353095874  3.3477545235672785  2.3828614369034966  2.756454797237173  
0.31113915140393994  2.0960735451494177  0.6763609044841613  1.6229369276179415  5.999590247270389  1.1737549357020591  
4.0698385414811075E-69  4.383584611890306  1.1106066006608958E-45  5.338381606918328  3.908989892667411  1.4673896003916964  
2.8820463121208624  2.47596930915309  4.841131029301739  5.999939718792461  3.2372728204326044  5.01047643342864  
4.507593096819668  3.5740405525141066  4.005031434989895  0.41381620747213615  3.9403156024436887  1.3456350801836197  
4.182526049605269  2.1843980097132194  3.5219540844505004  3.0782814855064866  2.5564561187119055  2.1310315495686116  
2.219699931223003  1.5771795847450683  9.704533209121942E-8  2.5809563915243494  4.94019518841437  1.7875972814131684  
2.803078073922378E-51  4.449650662122249  1.1992865744391024  1.7642200426036374  6.03979415682203  0.8792376955120071  
0.955507072415466  1.608622488015778  0.5403035056405375  1.9913032613872592  1.996052940953061  3.211789715621441  
1.2583366254643926  5.294416878375678  5.1777693412162575  1.9604030354403237E-12  8.164908829514244E-72  4.615757598867489  
0.7329369214006045  1.5269823603401345  3.6511546709613882  1.3903877542897878  0.2408603693663251  4.353307644805363  
3.1566819466086478  2.071136491737205  2.4574972754965096  3.38012473377335  3.022134357190606  3.060997073024249  
5.338245969959401  1.1996890637784525  4.260123898075624  5.816745191582675  0.049090144203107186  5.316149699913062  
6.124279282971976  1.1822826315981292  4.574004333346109  5.227428427449239  3.0170823973770973  1.2132168614527956  
3.3435570520369553  1.6530712361647972  4.000183570526394  4.004762180749899  2.624302023743814  2.5767854733467965  
3.9731473572943496  1.3555211342690174  2.883404099994865  2.6939710876078156  3.2072540778238436  2.6451918157828347  
1.739822026916297  0.00337808222031568  3.463992317045148  8.947698123403099E-4  2.3014590425836303  5.292531226590774  
3.659020618859316  1.3531854944273691  5.468248420466292  1.5440851863924792  3.437186850137154  1.4681076120445133  
0.7265556472521698  7.058523512369562  1.9265726985272136  0.5652971715963114  4.520502292237996  4.604669898392468  
5.518632735781423  5.45417046634627E-25  0.7785444904568498  1.3476766938306872  6.788865373965599  1.8165164959879723  
4.340753447359694  3.998691277320964E-241  3.8213464003491078  1.1409875642425236  2.3749839353910547  3.251847017960591  
1.3660537474117835  0.42977136506679353  0.9553445431789769  6.778496599456042  1.2753893953005457  0.7863786716480232  
0.44566406262879177  1.99562724298111  0.46522836332756023  7.692816828176601  1.5909672652554567  1.187717913709646  
1.4987956212362454  5.653914921167229E-18  1.238528001546373  5.6633832335767735  2.112487874028066  0.665855642048273  
3.2575391354151044  5.454646711582042E-204  1.601239161158634  1.040578264976988  5.080154013673772  3.797398413339378  
1.8681306576771675  3.9353921246106696  2.4246215692384827  6.686133721181279  3.801027147772438  4.131123495592714  
1.1982356994650905  3.383683784705439  3.1154068480482606  2.5361954591772164  2.1459008752369146  3.1853972047116907  
3.276555826036224  2.4355044258125615  4.0844285937111975  0.7080585918880262  4.0977721084441825  1.4895716669888754  
4.052597821776841  3.976203309707304  1.8190191551759316  5.181999672585019  0.10131886284453541  1.7000683874326719  
5.524022341494109  2.8921660490580874  5.794570224761669  5.185442119355868  2.5781799776651533  3.9913279498038383  
2.8673159812445954  5.101985878478455  1.7898035388515667  1.3160393198624236E-28  5.198632817236153  7.939670881308874E-72  
1.9370997020629275  8.927107888736826  2.060391457973973  2.4810766946883524E-18  6.046523582508012  1.0363453412284024E-66  
1.3074001180089436  0.7442856528130776  1.213429544489746  1.4390678547388338  0.8611731446502973  0.970540978540212  
1.2901850899298464  0.7493275400278976  1.1954908276776866  1.46622017458825  0.86319935787348  0.9571139284801918  
1.1710123034177622  0.8549382735133462  1.1054114401160282  1.7728489973536294  0.9140125891980517  0.9183149218038709  
3.1687823523710494  7.4495202596806775  1.8040469823018257  1.0580301940914634  2.546704435923387  2.7268572900117496  
1.4717138309155913  2.843555249190619  7.274910434370698  5.40959612441893E-32  0.8845754500330882  0.07765732854391666  
1.991294042188448  5.0114081189613335  1.8266794689438166  0.002364465661982575  0.8958613480079749  2.427795129381407  
4.074730495172589  0.282642975142915  4.6852772253824915  2.629722590813737  1.3609460055640114E-30  1.346972642541177  
4.0044339682394945  2.606004164546279  1.415761102284795  6.721151214370925E-145  4.179707704235984  1.961533372561378  
2.421380773851404  8.370701083034007  0.8454742456688209  2.8757846829099205  5.658321380940488  1.022067990339583  
3.445963799968598  5.202465670895169  1.0083290378727163  4.712991769805349  1.5680150923065732  0.02941931582206514  
1.2358078640866232  0.7836124145780045  1.1632148293666564  1.5571996097350231  0.8729488677117179  0.936975210676019  
1.197307228366786  0.8303156740004934  1.1288210168630552  1.736993534106259  0.8430893976824172  0.9569710530093467  
1.147608438838887  1.2877626737694288E-16  2.248750192096896  2.860472887910528  5.636569194239028  0.5783058222069644  
1.240805846237514  9.640231909563286E-10  1.8997257321175662  1.872692017734645  4.450561251105632  0.7069183275313993  
3.5330420927701462  2.276313790242173  3.5899130831693444  2.0182694563796373  1.1548746677749997  2.03805010677687  
6.049932409574589  0.7258161362849486  4.525059307955268  5.87903169148465  3.9714325313132095  4.511738033878935  
4.9403859979872715  3.569500023011348  3.729322773140462E-6  2.5392626491334407  3.0815852970498705  1.6472143411565707  
1.2982212742637294  0.74056621999005  1.2108643070296743  1.4514312412959505  0.8608520512639263  0.9728515217089517  
0.019345001630906987  4.068592682309427  1.388128233468223  2.3220723580710083  0.6083307014148585  1.2840464445289352  
1.2784911073574081  0.32777605504750923  1.0586740603117528  4.494205390771543  1.1522465523065166  3.065640215116454  
4.87025580418022  2.2099200498998804E-29  4.700944113720017  3.573400598807663  3.9082372606075273  0.017465286022591987  
6.30136521449322  1.5658296900466766E-17  4.574229010717069  5.5307197527931455  3.5183904245010513  1.0190739467597638  
2.050712293751357  5.117938558636249  2.0185355485177423  0.12789989994638512  0.845784436917866  0.14733603774392237  
1.51587538465534  5.445453396937133E-22  4.766649105220983  0.7787493765405322  0.9793660061989069  2.763132612644058  
1.5220646846534587  1.385964151307186E-19  4.640461141003886  0.8812066267429003  0.8900114179012626  2.987193009777802  
1.5458376850077027  2.9380751120276435E-4  3.3977385912637734  1.17117107951759  0.8241036121341997  2.211462903016961  
1.530499710470136  1.9227104723558889E-16  4.660218909677431  1.05595992826888  0.7810025382335759  3.0068159112916395  
1.3014308121295504  0.7561625968907776  1.195131453993488  1.4514404590608492  0.8640730612982711  0.951357481368923  
1.315515455314224  0.7577536864078523  1.2036308774795441  1.4311803387731823  0.8636442906182821  0.9539224207898788  
1.279693177618055  0.7489828460546312  1.1874516856220174  1.4894572112465445  0.8607036272554747  0.959437321243133  
1.297518109621665  0.7504512594035034  1.2000812014990465  1.453821581845468  0.8636313850071003  0.9572567567464396  
1.1872036446160459  0.8566350998416794  1.1163174715028668  1.7562116756363872  0.8363605518399663  0.9460994182090363  
4.954600161251111  7.831030149619171E-37  0.7551267815269959  2.302087456397408  2.4336412433886667  3.2023912893022057  
6.432485080931941  4.047974682314837E-28  4.318942606820297  5.145165449112171  1.2859879584927825  1.9771889369192834E-22  
5.277267382470008  4.653437796251707  4.399084574845335E-199  4.380772020696256  2.281569475670839  1.747545808679269  
3.878167415801397  2.325953382477265  0.8634979347137581  6.902311896737258  0.557421162448781  0.11415722760605426  
6.604179846064974  1.4181859681202014  4.190448185771334  1.5665695813839025  2.716274177349252  0.13898187796850797  
4.875185973629223  4.5443305251306665  0.9874565716474786  5.436286901034186  0.17654928405548845  2.0345434317575446  
4.070240181273891  0.012997954171310675  3.0134429767549835  2.9766793777437837  2.831609984467409  2.20218295791987  
3.4898658383710606  3.7160001267217138  3.740194461268531  5.094777091762011  3.5519904732124794  0.1911355756393064  
8.554938422239392E-16  10.390931417336846  1.3065313167793977  2.2642963120564836  2.2043797422422986  0.3615931855518638  
0.7658609870823507  1.6230425878468029  1.0174512632928896  3.8265067552788556  0.5246561216375932  0.9061545839713875  
1.9435425487185563E-8  3.585975258461073  0.8831108801834412  3.333554134003737  0.5698221976003799  1.4372788078342407  
1.80229776854732  2.4350891993374564  5.628252662514161  3.3282632521619857  0.48167738294839585  0.04056277454380041  
0.08726838656978055  1.7685446887314886  3.6325486765221378  1.362353552339083  4.785681140232306  2.7606788433289435  
0.6367496900088017  2.327589153113347  1.303138763594561  1.8721583470027048  0.7341916759630057  0.9805927877932602  
4.4526608728010404E-54  5.026322890550184  0.5832931102201039  4.348313391938121  0.5341235513916551  1.565555215548445  
0.5792822437246672  1.7118907950804323  1.8633226768524231  2.1273793475477243  0.49623589666497925  2.088438970162671  
0.5634839491162311  1.7445439424825668  1.9512044350999427  2.1338771673239965  0.49038244591432617  1.9709013856774151  
7.129901447577318  3.452616426446009E-10  1.2062676869924813  6.5165489887699115  1.7687873446014026E-19  3.3130479048443777  
4.118547344657347  2.406039770485388  1.100356418085426  5.581486189864084  1.9280356834267207  0.08453114913069323  
3.808047726423577  2.7713382024089723  3.0815731131267  3.0727281527327306  2.626945868929103  2.6743796681487515  
4.7120631400484845  8.897311225889462E-27  1.932506079779054  1.5115473557954264  4.816896035327361  1.1713448297512312  
1.0990705952773843  4.740732019779873  1.6981997543200629  1.5866084315387383  4.666143557475587  2.1978309477305062  
0.5382960933056359  4.533273158474267  3.6290331703220016  2.6546316411895963  0.13909021250408157  0.0034034103637296275  
4.2235656985843395  0.521227930779267  0.8050419314498214  0.7306543618011676  2.2348372088283894  2.9777223046516355  
1.8962823907165924  2.0805522551139866E-10  1.5095754434100919  0.2846690184823814  5.910195713279951  5.195700525190563  
1.883063823066024  7.275476140251064E-25  2.197852535826768  1.5758519156696154  1.1509932270632477  6.080017010940361  
4.200733427941155  2.049282714873283E-77  3.3170208208877066  6.1690524478013655  2.444368899671931  5.073962446189845  
4.48447739795657  5.240811906076497  2.7793650437301114  4.49310683423338  3.694347258976909  2.0715084880914506E-58  
3.429034606476168  2.3508854649308426  3.2749358585308217  3.4822110580692747  2.2734132055468224  2.8570722064476133  
4.541462314304315  0.5743379314727554  0.7806787678769698  1.9986926874513729  3.054781782660781  0.7141135866376405  
4.720119993660149  1.452856748231069E-34  3.659241881050798  1.2002425808813055  1.6243886392300537  3.4051558294046953  
4.701677979762183  1.906073616314902E-43  2.3745746783319297  0.48448971263536  0.862012069109538  3.1240008811980062  
3.8619706987885998  0.033583549672875766  1.1546698404882327  3.0717775628314645  3.2392991268485156  1.1786883111709856  
6.248094609893744  0.8448399829094744  0.9046125976918185  0.6280286371643505  0.8648928884906413  1.4895505468230308  
3.1357698729272188  3.342056085161445  2.7521612868803698  3.9139022955799363  1.7622306189479677  1.7311578477064506  
2.124830612562542  4.2857710966919615  4.1716999659583625  4.79610273398208E-24  0.550377764736535  0.09914113549857151  
4.41947437077019  1.848275397152963  2.944735727831963  8.497983029384072E-4  0.8650030019579277  0.49670991104004386  
4.32261766378582  2.9682771718618596E-17  2.768446827851077  4.106536240038826  2.266727915241341  1.9067038247843178  
1.246981407428213  0.7276046761556824  1.0455782792091346  2.1802537376115625  0.8826640420345166  2.194932156416811  
5.713858605166509  1.21977067579972  1.1937023550922417E-87  3.5690740950932898  3.060219014293733  5.785152795578568  
3.641376910819512E-57  5.133418360238389  5.104025400888824  1.4505016495962233  4.995128970887978  0.7750873905267358  
2.216631656880007  6.288802023892007  1.7271781079125619  4.142216169493128  0.5221694897306888  4.4270118061735335  
0.778501934714249  1.5568120348870003  0.9577663114863563  4.001558667293489  0.4904122773303215  1.015040167608042  
0.41045817095826265  2.5699555226396176  1.1906654299242545  6.874209952689664  0.006738406390707879  0.818548349489811  
0.30180831889912413  2.880081683559365  1.1554127133870902  6.735475290314599  0.021117783716253422  0.8699022166255158  
1.0807481258840654  0.806714562192089  0.7283943109262978  2.7929702148228968  1.882220853372979  3.498626122768947  
1.0452072344222088  1.022219689437451  0.3578263849039624  3.4588198267381842  2.886187499528513  4.76922555474787  
1.2840421198976322  0.7450994845989629  1.1939797086132806  1.479577443499954  0.8606724555179804  0.9643434923902925  
1.4687608557804552  0.0029236428527378944  1.213497599253318  5.639285034411413  2.326436910024965  0.6518021581863762  
1.4832124759285572  4.6540235570563177E-5  1.2026956463650365  5.709153964266682  2.2508659800229736  0.6563606513098729  
1.4620403078561623  6.949172657044749E-11  1.2224664258030336  5.596447760445436  2.3748193489697025  0.6490326509715534  
0.7313116087029489  1.2824304126641706  0.764141279579201  2.3910059825367913  2.9946747369359246  0.9575100417539805  
1.3478986587298563E-21  6.635832606066577  1.7620905413827768  2.0963450811565636  3.619029545471032  0.3488746572965279  
3.1126810345977938  3.1252677481056486  2.808286681670452  2.4990419534191948  3.0684807734177606  2.099356898528589  
3.8192372790978717  4.638866570530763  3.403841180571162  0.7357492366206786  3.6213479930823453  4.877601216361965  
2.1189863516041703  1.1358215209573619  0.3160006929172682  2.3846517700643948  3.853570409242207  0.859775926151786  
2.608782006926018  4.733356810507236  1.5228254904324308  2.5391769231155146  3.569307790935188  1.9382572502513644  
1.8795418484128392  7.3665211869447225  4.529034717065367  1.2597806559319398E-24  3.647254049614967  2.3750064487254665  
6.420540721770025  1.9879617349133554  6.24737510398735E-64  1.78335346213238  4.585878412565309  2.6593492634618476  
0.35651310109228906  2.088052142174104  0.3429125844298683  3.0744319281296115  4.025633638511406  1.248014221022098  
0.09100689276400957  2.628673847854774  1.0434430077981841E-11  3.343313049757673  5.372123787867106  1.4470776351099721  
1.29586632798542  0.3722035411220973  0.7158191946228428  6.072273340082643  2.3453874120521743  5.602774539504788  
1.5959079777661842  3.1046329999392484E-5  1.0590649027038614  6.00996478609555  2.408138576303992  2.0130097461891543  
4.742619356301733  1.1209798287891649E-24  1.5725380342049178  4.242582915018397  2.799288589176058  1.2470470487126655  
2.2513803150627427  4.412576855462421  3.7751979063987613  6.91021311089075E-23  0.5525349129781748  0.09718633880481818  
1.0769964651536847  1.2497069252558262  5.1917850854760745  0.651855219558955  1.1465030140134942  0.5693667553486448  
2.3282535974459417  3.490037213162446  1.7417473102666932  2.160117591094605  3.655058494343353  2.562683340906192  
3.3890911909040935  2.5728183709592245  4.184065762564626  1.195723006500378  4.620727377177268  3.988517412593254  
1.0133952904919896  3.6510449883817753  3.643314717600453  6.326062530803177  2.793973830502659  0.2602907763278171  
0.9422398688096174  0.8026180211273131  1.180910733191029  1.2938763607812125  3.4451690862970894  0.7798799274500973  
3.290751981974706E-59  4.392093190920528  6.241760213527729E-29  5.343048119805267  2.338067850165764  1.5655372799368856  
0.4346723712819412  1.8455769450905986  0.4702633653439815  2.6406249504418406  4.331993483715602  1.1628945542688378  
3.3924895133548056  0.6281389310459241  2.4793688468451864  7.724213117779044E-26  5.871263269972626  0.9452422092811865  
3.9860348163801014  3.8726382919635416  3.549662417671854  5.517583743675045  3.1731449716947266  4.477432638679754  
3.8436866166471  2.9470466433236435  3.2031686578767475  9.383712132707904E-17  0.6957186750357969  0.3066926734357507  
2.7043004482244086  3.0378642605310096  3.1887353895219235  2.912871922998812  3.0098185883064335  2.3052935082025323  
3.2853244485788755  1.2716916703875831  5.864101570384905E-15  1.970040073282959  4.6410083794385  2.191654800157132  
5.054956684688084  0.0076885316656334635  0.9356607989397729  3.2532376652197783  4.282478281183276  1.2516899645454245  
2.728834197634684  1.3640171913542352  4.371342768469821E-15  4.96959766901411  2.153442239022763  5.469373615178171  
2.5851310239316146E-19  2.0272000013428153  0.38081831119718246  1.9485648442961827  6.295371158588348  2.825516740240847  
1.2999421049973547  0.08926050805591682  2.8884561597674883  0.6331496806926062  3.8802057925236415  3.310426305945269  
1.043296931144583  2.4067832234934  3.950319235270935  1.0345862781451414  0.2855608271139373  2.2788061914260576  
1.298768230399282  0.7346664136821711  1.217991077735664  1.449262591922837  0.8594184308713864  0.9817074620576947  
2.9964608649882503  2.9839573437492377  1.8844281497413595E-13  2.494414188832269  3.4758874883559407  4.150782721285821  
5.962980538272046  1.6414187213614395  4.13258658524543  5.19804815588609  2.0458394164119997E-60  3.1348851325081855  
3.165387961988137  3.833046375768551  4.7282477158578295  4.308081671522115  0.9129567598079749  4.469974485291924  
0.33985918314522917  1.6187119360930067  3.8240123393638576  1.3262256896571178E-5  5.389583422319854  4.995909944240735  
1.2105310863102063  1.6946917417362762E-14  3.8813042302816783  0.6071825870520324  4.190402761036605  2.7083066772627653  
0.7163396632619418  4.448526501409015  0.11792088029815499  2.792215941326414  4.5459244855303576  1.3372053332388025  
4.385033225942175  0.8757023229181722  0.2341223008088943  3.1387512526637518  3.105387691291927  2.0432581364877667  
1.2392242282653174  0.7892545352192468  1.1586795572770576  1.5746590042327457  0.8522468442185519  0.952706125138218  
1.3209661472770033  0.7613721597328603  1.2024161925149903  1.4256151814630695  0.8636432099938208  0.9514259709713186  
1.2884506616668439  0.7484209550895552  1.1948109715431836  1.4697273984447037  0.8626769148549465  0.9585051990672603  
1.302245022950352  8.010905766324909  3.7609765382266316  2.614321820503896  3.102924841420831  2.644896042170794E-74  
0.2024561903384279  2.547023623236799  3.96292396762843  3.1626041905065763  0.6419721375809473  3.793050464897367  
1.740490973314438  4.563740667217022  3.043381499685656  1.167908314865195E-10  1.2519021837663422  2.2225809001848407  
0.428426695702824  3.5929107086074588  5.007061728784218  1.1182221672532586  1.4868770263575623E-46  3.766402227808373  
1.0370308233528633  0.48522201722437575  4.01503644680541  0.8677132481347585  3.0401579097084825  0.7932244886221217  
1.3491962842261964  4.466992719525191E-4  3.547344593487862  0.9203876646144762  1.9094285210728077  1.7825712246707417  
5.486171098601082  2.277347931698435  0.2490847272510633  1.3542310923134993  6.2493330091157935  3.4315737324156723  
3.4567283987472335  5.925403052588305E-61  0.5975454292316958  1.6620488213820144  5.795373600902431  1.6841110660265874  
1.1883211602382389  0.8376445934720469  1.1225239200845614  1.7983064306455108  0.8284328488744145  0.9778992299547584  
1.3237766077604587  0.7654745191440717  1.1993800972369735  1.4230659119358258  0.8642439589555498  0.9467345143903091  
0.3904054586607363  1.9785614099780886  0.40475420324089073  2.8337156520781277  4.1895115681677275  1.209834156507067  
0.2774041663789287  2.3505518336496287  0.1615611824575206  3.965009584622601  3.50558047110614  1.3579346241597379  
1.4682805924801476  1.9409008539729737E-10  1.2163523134690846  5.628755130833723  2.337651204739235  0.6512472220702384  
1.1428184709974119  0.8710501149850249  1.088730463984103  1.9157033867194715  0.9083456124825037  0.9663174060043968  
1.2853930182321165  0.8451869988878341  4.939777361391746  2.24481167274487  1.0790812555040766E-56  4.903607683995688  
1.656561082637476  1.2424991134458943E-22  2.0103996365443746  0.7693880311053292  0.6519576942468931  6.191863777147377  
0.3035168363210842  3.4583674778657536  3.2500462325992836  2.1972278804137098  3.3693354853889015E-22  2.7872594929109944  
1.124582129990143  1.0613429019487208  5.401835133793147  2.0522367258941197  2.3391989531821534E-67  4.735678260964734  
3.6054502992566157E-50  1.9381060562680659  7.692811712630932E-6  5.665519375093721  3.734630451617556  2.7239007011606184  
4.107082176463996  6.742000408820723E-11  0.2915568727539463  5.167618494195933  3.566505271418875  2.884344867017296  
3.023423256246017  1.6368293670061023  0.6553684102980368  0.29604880425362123  5.71651414389027  5.87294203968271  
0.7342496655842992  4.5101822536683835  5.5931093759061445  5.742862107443341  2.8102260125336165  1.4404734581397447  
1.5866624660959876  4.454055404831076  1.082347052983843  2.33512480230503  1.0435691922184807  0.37459231361397927  
