3.2215735430296113  5.289697333443063  3.033662993059172  3.9988089417933335  2.113106860540309  4.286001344369707  
4.0557804071595465  4.0842861589335975  3.824446605421279  2.899486723798344  3.3556562786948834  3.581333047143289  
5.365510974130494  3.9673793726965294  3.04668841349304  1.5745854971518491  1.641217925001866  3.7697103741386346  
4.963243246800152  4.672567501681696  2.5053032318434982  4.010848461492441  4.248137678999143  2.1662972786483983  
4.8883492798440935  4.6542521759838555  1.7720268612066647  2.7725372109476534  4.050270813344703  2.6969273809595657  
4.455448416154157  5.8578546745738524  2.1339511620159004  2.8060946863470777  3.854424116995046  2.645228140537286  
3.8009957890112807  0.4871967084404505  3.970126752214397  2.5971246578371074  3.4877277012052788  4.5138886635107225  
4.041445835778498  4.944714942674466  5.337999361380853  3.347612845956016  2.614986570191089  4.23186917552081  
5.04147166268349  4.208913662888905  3.999375881657268  1.551009880975495  0.7800522552776654  5.193797827940324  
4.675628418145611  5.005949430065895  2.973526597027411  3.579900991961873  1.5628831237803413  3.6963496126483832  
4.4411283750029495  5.54790472458549  3.2942798039082417  3.3065067744814285  1.1265065563570058  3.0807914635579072  
3.0554319773241474  6.990860631511277E-11  1.02640796261237  5.773576461452989  3.938414882170004  2.032086853853154  
2.466991595712209  4.767779738644694  3.5382978437983637  3.4902859362715355  2.6643993331108615  4.1770488305829945  
4.187753125137886  3.0932627152895256  1.9436122215358353  3.7177187164274668  3.9752115192832504  5.056511436596575  
6.384289899711929  3.0138534730448923E-10  3.566852546215736  0.9043710509473387  1.4761069765462704  5.875695404042583  
5.674428655627658  3.6246710136352465  2.5419968856385755  3.8750083002179285  3.008904436218243  5.821582058231384  
4.4485440381710735  6.116403874711826  4.839116757446037  3.2363148085978897  2.0087292749299444  1.8152174337383449  
4.347547580045715  4.802947344483446  3.926274900690939  3.711398760023541  2.932790570036637  4.816569804376341  
5.010310127858646  1.352996266401973  3.527467310602435  4.704524284638989  2.7624518078093696  3.7989190639129466  
4.524387711971978  3.7611647141310085  4.677888289029736  4.877509491144743E-39  1.4171899212134647  4.636558444872583  
4.898461784250307  0.6848030180547653  4.736253506755045  3.132615588608458  4.912150027506396E-8  5.283769219341609  
2.7171448292322324  2.866070438374313  4.060896863787326  4.600478494727773  4.489362663013373  3.3259179206487146  
2.6313432652728513E-20  6.8480505837267005  5.413350169264398  2.375043142685585  1.492767343207152  4.831996472685116  
5.583937556218428  4.355319414394882  4.757640424616491  3.897587222246093  3.191146651586315E-5  4.055470732162196  
5.870615960921437  4.0336828000235085  4.18323365158629  2.9520654068037966  5.842629087715016E-7  4.943358773116537  
5.034824523752775  3.0901865385988874  2.2099392562429577E-5  4.521099281223308  3.3199051222850344  4.5595069169202835  
3.480369226385741  3.867333835864402  4.682894388757386E-12  4.39191099446872  2.3034093695761104  5.223073860075485  
3.596871519327282  3.3079290611889256  3.0665225002325345  4.793026048172869  3.4161423164941467  1.0746040421092347  
0.28231067584056974  0.07604053874407486  2.6548375628919443  3.869100823048526  5.913044951508872  1.4629228966285484  
4.8812743142166966  5.166050960273441  1.9014386718201364  3.636072439327287  0.8693475534512307  4.09745580419381  
3.7263006641044996  7.686564896811547E-42  1.6767400792765403  4.700776334237439  3.928834814738214  1.6947484842201888  
1.2809117833105135  5.532720168083985  0.5584030511608782  0.8786818385874338  1.0808276607234637  0.9455472781994451  
2.448953871864496  2.497379761183582  2.0779480926114013  4.491604585278886  4.377967691097907  3.379110915549345  
3.2645701589223517  3.585090872255428  3.2839089750223858  1.1826282002433557  2.8249203863656374  5.540622078935432  
6.8912005968420225  3.74653055467664  2.941650430865299  6.081573273093945E-22  0.66031795121787  3.263930143692345  
4.0989377816820145  4.457722401375509  2.534588661128013  2.07436834621555  8.480880128343655E-5  6.829778645613889  
2.964090774708386  5.888765921748372  3.682878255851254  2.2567879458694  3.197103139789476  6.2536613469286735  
4.626529610512315  4.210342739607097  0.5276121916831084  2.9096485129122738  4.86439482987608  3.707463054344312  
3.967120897453233  1.90615176035757E-12  3.9484890049542947  3.4227402626150267  2.163108012610749  6.632230435559087  
3.1462183200331313  4.321024103340571  5.486220385023069  1.326628604389299  4.185589994537044  0.7636290128066534  
4.207803240602265  5.194622591132206  2.4453765366692544  3.0729686955896582  1.2437588912597985  5.881258638581852  
0.30145232317366527  0.5491050224869133  3.875299396862645  2.547384835399647  6.814986968338961  0.26678103783650975  
4.666308094623991  3.3662116221249563  5.482978744272781  7.85696981352045E-52  2.4976897172711396  3.234093960218881  
3.5968145934773164  4.344250436213906  4.68109823515885  2.8856391011302414  1.3466698835373647  4.995811520724838  
7.957841562656151E-7  5.288537300721258E-4  3.5563085160020624  6.046271136612916  4.492567697952149  4.633994726454942  
2.5350550566271894  5.391878183677093  1.6097395846609892  3.9710987016746886  0.13926484967397382  4.157965103791638  
0.7219708442768594  0.5743281366180308  1.9801037389613831  4.92801556965187  0.14638962526733207  5.130153707370386  
0.2593581791715904  0.4769225427511921  0.5448472481194108  3.3109060880211123  4.8721143176388315  2.5136956387320617  
6.924960475631758  0.6134177116921582  1.7300593285972936  3.3572717270656147  0.3314231431240477  4.766891271762659  
2.377057688703899  5.44374421323494E-37  5.010779487205015  3.465877138692774  4.7214339864864465  3.9085011532971485  
0.7311058570018084  3.1198072170722186  4.889453316257253  1.1937877243450368  1.8412544945660168  3.07502421085207  
3.9744755975812516  9.915038378242706E-10  5.424132846078329  4.050354076025493  2.864147354149078  3.14694074015343  
2.6835178873426564  2.508666541654624  2.871539088483546  2.1393629545889126  2.5475779377279068E-12  5.982190190737241  
2.5001550545055253  0.0038994643848812346  6.6694244245710435  3.512826068400578  1.7505054829719784  1.4977090102143078  
1.1744116127104764  4.220996949952229  5.549788471250968  3.2321343202942945  2.166610431182303  4.50059754435472  
3.544317541316395  4.523520324569943  2.49174824685233  5.1819201010989975  3.948832632749295E-40  3.8314820517429573  
0.020378839379265573  1.5583656010663471  4.751554166468323  4.288811954362563  0.4283487581558816  1.1819069344581166  
4.437323343403112  2.600228742036367  4.767717900048136  4.373750932528326  0.14201176442971347  3.465460062588611  
2.944340005631517  2.851655886728078  3.5505107700376826  3.9271733379676594  2.009764470192553  4.5844487892683645  
6.9524189540054575  2.334884966650764E-9  2.634513302133389  3.2329535901048305  2.0866626132642483  0.00410981959366363  
4.29174053928415  0.41291210920555865  4.92633751247016  3.7431480825368793  2.4302757383404305  4.009772472443473  
5.914510495278335  0.30566795256154744  4.145964425438563  1.4272927787858853  3.141493113376466  1.0026027915328375E-17  
3.907739181938976  4.438765166670157  0.0059289949194627255  4.150951546033873  1.668074264369683  4.965970701590591  
1.6091707152889076  1.519961062798787  2.6215356210585465  5.2609308882882315  5.128538764183142  2.023526108897509  
2.227757546257109  2.6848389887867645  1.4998774683778442  4.4071273075260695  3.4846255177570553  3.776119874524511  
0.9411258203553222  2.2781566677755287E-10  3.5818980225493573  6.052673978588816  3.791666703734344  1.0834329731242276  
0.7744945940587544  4.258734386583563  5.42393726421504  4.760787948289635  2.5726708016195197  3.3714950252274147  
2.368639423782919  7.554911972441904E-22  1.1586296622350654  3.635284732718682  5.1170790181906485  1.6889777027268988  
1.158301680234276  1.1155753054949606  0.9182148878508506  0.9035861070597857  1.5187468197851761  0.9729644858482053  
1.2174455844163452  5.616736413386198  4.436452329597167  0.7427929733228311  1.025084050902099  0.3951522390491328  
5.674198207436461  3.517918609955608  3.9966689052962816  3.415055563043913  3.7105719599077576  3.184852450867722  
6.436006439808358  1.9501619946851738  1.9560663104180802  0.0035861649489347973  2.0580088206588916  4.693380591491423  
0.8321827217743666  6.831281661234173  2.2912323439414837  2.6524773088670863  0.977694475458011  6.070202034332315  
2.4773265591500024  0.15200971024622004  4.360923759670546  0.45040477704481113  2.1291335661342106  5.3143944535107766  
1.0500899937111013E-13  0.6365611021187091  9.052070227473982E-9  6.240745349077127  2.776652916969561  4.225805574836069  
6.531071171720126  1.3713943302120304  2.367243979881102  2.101928833669103  0.18942716998874376  6.205418058048275  
5.646124716434034  2.2264528149057665  2.24933130419128  0.0020752992091872032  0.35042453800735684  7.036511366878892  
5.7730958096230784  1.7245833958151602  5.1687497656891495  0.3653937600553101  0.014928613204622718  1.8161131834632402  
5.080029862972947  3.411095726497331  5.5608849159434595  1.5063508579809817  1.6314406063543951  5.107992088519339  
5.9844828205335405  3.942128418456286  2.089586437203992  4.2581193070521675  5.434476329449014  3.6616191189780936  
3.2725153744396795  1.1320669610625137E-5  5.139578468399488  3.1347944506593595  1.3475977476215906  4.680998411678321  
1.6130978104957012  5.948157353069413  2.749621872956497  0.6336156438941218  1.1149946547048348  1.5506567853493827  
3.516938386604148E-8  2.6258445005811226  0.42501406122823415  4.668449131847759  1.5582605343552915  7.274409893359198  
1.8188020100236133  5.533159577838856E-5  3.5432067556525784  5.328775712662753  2.539451469687321  5.010365126778826  
1.038627374939021  2.30073626666131  4.5738804964215225  0.48084280428654774  3.227278299503144  5.646825074882127  
0.19816604429047716  2.845644421046641  4.481811609339932  4.095602122123027  4.209202073159831  3.768593555925975  
3.774534872754261  4.617284216687968  2.8155117420019784  4.481757512711692  6.878857942642622E-12  2.2357070535246786  
0.46623895466746534  0.456814706108991  5.039429414150287  2.60817694179676  6.557111397478285  3.2713027024319176E-22  
1.7319101817200797  0.9237482362200429  1.787400644434235  1.0441824377023188  3.4009511221621778  3.217083932908556  
2.2909047227447767  1.5411717647899366  5.936561153701347  0.25248788488876267  1.5548374038118313  4.648578044605653  
3.218453022925845  5.91939137276843  4.168756038565395  2.6796690716426417  1.6690975680044706  6.090035859959905  
3.700138854910168E-15  0.24284704628699041  4.3517353628692605  5.49445743869742  3.3637704548235887  5.604669838050577  
0.2983188828382752  1.9175683395459735  6.1580055633703985  1.4454824446682304  0.9204427411023632  2.412871026554627  
0.714088464802435  1.1219319116167263  1.9234333689639678  1.1970144908255176  1.8153424616070977  1.363120751815531  
5.673978135937473  4.493064079581839  4.978311924577812  2.844495288087433  9.285412468715242E-4  9.881172210850253E-13  
1.3770055687831297  0.9210964307745014  5.310837770144569  1.151715058269969  2.3073481878057014  0.5727309782503922  
2.2466849483811195  0.0582194483495637  0.5524314382396851  2.1642544727255557  5.575891214060895  2.978036847433899  
5.002658662242639  5.328085780526778  2.69185399595275  4.144879410962616  8.084728757950938E-6  0.9597601577422711  
1.1269029831811508  1.1059742159075474  0.8566106855163776  0.9238524853252557  1.5127278961794748  0.997176436662465  
3.258556442803241  4.5427214420511035  0.5435158203169669  0.4308522222597197  0.6026491075676971  6.384913440907233  
3.5153573284713526  1.3651256672499384E-24  5.635318920773193  4.235111787430052  2.721359458053644  3.862216135582558  
1.1924954130982521  1.0336632453041323  1.3585225680405226  0.8250204322130947  1.4270022970079743  1.4431907830253599  
1.5445621069812443  4.371872200463958  5.423343769259676  0.3731258441131623  0.7376419748917673  1.7582418253201504  
3.1736338737415556E-7  0.560696154556369  5.5536864847969065  0.8444990788693829  1.2196809544967857  4.5850699979425515  
4.616740999458048  0.22458622863878333  5.2075825878143505  3.3171933551097887  1.155069529284151  4.3407320712003346  
2.024172712300046  3.646166612569379  2.078060483787915  4.813528317559358  0.010867633174215345  1.383813322991582  
1.5337452522751123  0.1970518118663507  0.3032089758409263  1.0990806986234043  1.6330340703877528  5.784423062755231  
1.0265352434667503  1.4811992262523286  3.0126205363544645  1.407041608680762  2.3661353599263655  2.001039676210208  
2.0229414750988735  0.43646231139397573  4.346812897426097  3.886514093543574  4.975129417200512  6.195710607079385E-5  
4.484729852071026E-23  5.668585854767673  2.919360785536274  3.4733198970008434  5.325739371932742  5.605932592003248  
3.9743768477603062E-25  2.5582351590714265  5.079474178170793  4.12887499401405  6.228389552718364  2.4579607904154907E-14  
2.8544196068797354  4.463560822117802  4.65136738282515  4.330513231751145  0.6594592629416414  0.2051083381332582  
1.327823505791411  1.7646545547689736  2.8410173479554763  0.9103645112876547  2.9537830497023845  2.6877922678347796  
5.888722633787166E-10  1.628297533579393  5.3562563961572724  1.4843882910384627  0.821818254016276  1.3965519118689533  
4.627205942158319  1.7100634524460532  0.26658312333679446  2.9722629600558914  2.868720661425779E-39  6.976316955144644  
0.009981853802275769  0.35187797605462195  3.5908960099936866  2.190575345278291  1.2611966125439702  7.156448157938315  
4.2293540002903365  4.6581305114080065  5.62069820885023  3.759224946675632  2.197518945886732  1.9188538101825234E-14  
1.9413117167828013  2.487816437164692  5.7524295751667776  4.002244892548342  7.449376632139145E-36  3.0722590439968633  
4.754768777792764  0.2330487049758945  0.6603978306673507  0.851121713359178  5.08187398996242  2.4023544409348077  
3.0488486542664197  3.2525034827217887  1.970603604278228  3.9591948073051504  3.5254161467513585  2.1412108063632855  
0.6022764972114776  3.43097542348385  0.9903740281288734  0.8574092686484741  4.248495095662131  1.3797970496281544  
0.7349793615997198  1.0209833118056062  1.9366678068997687  1.126989735664731  1.9645571175803287  1.4681250436835465  
2.58194490950268  0.8704869752048257  4.285111242686141  3.660905972063703  4.384162004397051  0.5825221726568308  
3.801669412953778  5.305485740581719  2.748046828807654  3.6963532814689737  2.5717657923008477  4.1885629117087815  
6.026638833650315E-17  3.8142425767642365  2.812639923982588  3.9286189999821155  4.515662235867166  0.7446915738867456  
3.531517705229529  1.5372272086027545E-49  1.6451004036826625E-54  3.8715835060424304  4.599860212536558  3.0397098397245217  
2.6124111956769838  2.8864042585332292  1.8672146046914344  4.43592947655991  4.0163546951869264  2.345599691488976  
0.26288154368822153  1.7199428945013264  2.8958344028245633  1.620551973528519  3.487694922566794  2.77992114228325  
0.2232386361986543  3.5206376763284957  0.30041141160163287  3.7757127283593976  4.764656355337429  3.4802999201675475  
2.099619767287602  0.47760580468894104  5.5571510901379595  1.7015299076464219  4.084150933698807  6.0886284364438854E-27  
0.9411396256324925  3.0466641081887467  4.484708964835216  1.3301548373093608  1.0507646224294958  5.243807361333719  
1.1890835195693295  1.0532616178603578  2.9933575213816175  0.7799776198711276  2.102541943990611  0.6357584313693844  
1.1680598092110208  1.7944796368005915  2.571320796525656  1.2776479956154112  1.7123274218415365  1.8971248336159874  
1.133007835346197  0.7940446483573854  2.2127981377868293  1.2907093749575176  1.7623141390470254  2.900633977194478  
1.0827006132340349  0.970725639586996  1.5917139362810577  0.8413801053141345  1.9833972895304832  1.9133185401178077  
2.3851624426524562  0.3873681846297085  1.1336720192518228  1.3950792543748742  2.431869996696408  3.0998005031892544  
1.6021070730801288  4.121858678266317  3.049776230055502  0.6782920352524477  1.286113110195034  0.731691757592212  
5.926671149098121  1.4515084237825326  2.7135612755406853  4.291690473367784  3.8241751109944246  3.5148279461372707  
1.3208190141300442  1.2198707610926371  5.673895105637592  0.6286471884797761  5.205042594118141  2.1395926282993702  
2.817335146175097  3.9786233089722614  4.073484244771167  0.753977580050932  0.10944799015148311  1.7242467489013096  
5.503092561350136  3.2109385060485947  3.450537040561866  2.0476137728931025E-7  0.470348087817058  2.5527654607863366  
1.3462352561383921  1.034623908974205  4.697933265076307  0.9070579827998481  1.3798367960488496  0.49770525089328793  
0.13033836855934558  0.9408647374413286  2.6824530201661556  1.2387590195337495  1.7511427206258685  4.931495980760752  
4.277352393511929E-7  4.273976263704246  2.4876352745210997  3.767166064925745  3.2143899003228844  0.9478853415264639  
0.1290929351734742  0.724960169351656  2.8786358103100005  3.957393863656689  0.6032865761014086  3.88623905643903  
4.8590708663976105  4.197706172295545  1.9524978565594173  1.4700057122782613  3.841264768897021E-7  5.699427262974786  
3.6958354000344182  5.317542896069428  3.6048043278216326  0.20206786344437933  0.7984345824907725  6.37092772361368  
7.219191811489869  1.4623958059324789  1.0259202462253045  0.2430737235478887  0.32012947550905585  1.4278539412254996  
1.2473053481555239  1.2727394784830477  5.016107705702005  0.9259047841217186  1.1669661917141123  0.7465596380674208  
5.357397829612739  2.894474590260108  3.9897645419358603  0.5432266922868703  3.050545025254338  6.360266733856743  
1.4178356972429184E-48  1.8541094565843723  4.083311893733494  0.8959855392658918  4.247958078294414  4.613057524105681  
5.119122593914251  2.8875919677595765  2.8264218082938304  3.916652434287304  4.046288076361066  4.251563907767517  
4.379011974466088  0.6519885512668696  3.028932153596114  0.8048628628609804  3.020215320335219  5.745702970845459E-4  
3.049539208313733  0.43160132745648166  4.531973748815865  1.2060030186439905E-12  1.0025459768472824  5.067706447158964  
4.4750940468147515  5.695850354077284E-11  1.4904866527888365  3.036313132234378  4.344604884835295E-12  6.101743156800377  
7.788969853271686E-11  6.008726662308627  3.9393547511287967  0.7402457669425061  1.2402257178717744  5.8290040279911235  
0.7262600299351009  1.151264036309078  1.8599311272926171  1.005512226303236  2.252195660277284  1.7260638379994595  
4.001526332207741  3.4127285803550285  1.0723566708504721  4.484703913748567  3.2639678871475457  5.782527710865317  
2.2967655828008327  3.799613858368291E-38  3.0441496868040585  4.169808642732367  5.200152947660673  4.107785744037918  
6.093441811086778  1.4984594346032538  1.5448175369386181  2.564285944522827  1.6373294711040952E-27  5.241998486688552  
4.547450948424409  4.3642570040032584  3.2954427189495754  3.9224735405771314E-20  2.245973502241274  6.071014031764197  
1.2706539161383236E-8  2.8889178725814944  5.644472536111869  3.8359112722942825  4.738040976166079  0.8391064063113055  
0.9626025405895527  1.549385466832153  1.8574961485945751  0.9451588973040423  2.683007736648815  2.3555573919261534  
6.071137823103804  0.27498742345361726  1.9768390969266074  3.2979022055527394  0.7391560112065867  4.089093589247631  
2.0858082130028266E-8  3.5006370604390904  3.40656107472224  0.8242249454375455  1.2667170430068768  6.253074419524549  
5.550310844120474  0.7441137426818771  3.219436609994172  3.8979685960691914  3.2746459606150724  2.1711508730458506  
1.11994929295303  1.1076249997824654  1.0618030074563658  0.9139258467929081  1.5150096105078217  0.9256418087205955  
0.9758893936201511  1.14665085510822  1.6901955026189242  0.9183536180197306  1.8052542713593465  0.9752646117486117  
0.6723689781429543  1.4202818736230824  5.301608796708055  0.8708424083738999  3.1923868574881826  0.3648985858142425  
1.3118129788760595  0.9971027586279175  1.6582420588868427  1.0534706600331407  1.391638786058858  2.531667023736926  
0.5073508297781315  2.8211091130295656  1.255168536557114  0.903851395815116  2.8664623628615744  3.0690660984355334  
4.6060239120932644  3.69521128106367  4.752304661298782  4.5614530233289096E-29  0.45423913984576225  5.018453840803526  
2.018038687526261  6.302526138885106  3.0646324457954153  0.296569033943099  1.0253114969171415  6.261243068398633  
0.6215588589743556  1.0231372035628818  2.1024408694370806  1.4479277157987966  1.4516166020280075  1.2872381715747199  
1.1248557059656692  1.1036948843646195  0.8692318756757321  0.9265657099478288  1.4927602972540444  0.9891305628343322  
9.893324967294956E-20  1.3585185757707678E-26  2.2141267460136542  5.29735073812463  5.207700538771409  6.36743958455663  
1.1381440725544403  1.0227679086230606  0.8910440244120399  0.8834476279389369  1.5541133237107572  1.4750374542238227  
0.013046200104093228  4.025241489719174  6.595773577485412  2.1527539859698117  0.5786691741867852  3.308715763931109  
0.8044444163001792  1.5533874347716694  1.8319079610832527  0.9209379425062351  2.101443836006794  1.669764274426591  
1.1109715668948679  0.9872054477757721  0.9605999645146672  0.9285570053699866  1.4736252816092004  1.8773804263085647  
1.0270669046794585  1.3533725170380608  1.3816508309441058  0.8500670006144146  2.2813277394079927  1.9211780039308437  
5.232406899853841  2.2313293294968446  1.4417255245557865  1.027347394972413  1.3270833813180585  1.4707024442373015E-5  
1.6057511863089997  1.6413728986928606  0.3994029847812414  1.2670847562615566  1.011655744975665  5.52502074458663  
0.6585437851944042  0.6676377167828356  1.047421787320234  3.7255935716909923  0.505223878706419  4.533423947666424  
3.2487946899656093  0.6894590619677707  0.15322965821368137  0.4878972668281914  6.14308779357271  1.8733834065418107  
0.8263384894891841  1.642268011580876  1.9835170636005524  0.9220622549577004  1.6105856045433122  1.686395447265329  
4.8506133936289615  4.471396936563268  4.5247838701576875  3.839993733923627  1.1909250808178133E-22  1.8043708102516696  
1.1291635429371785  1.1054688640052868  0.9418109293956191  0.9207813430369404  1.502062509921932  0.9557909558146536  
0.9348271507802474  1.3102255786581334  1.6160650805393706  0.8821896469791972  1.9775190105347162  2.0142777771566163  
1.0427890633711687  1.005981520321915  1.039042699122471  0.9815532191516925  1.4742514267054392  1.5933728339939994  
3.137417409675606E-15  2.9151306829431554  3.7047264257263106  1.796898069696584  0.8334304466969179  3.863689847814187  
1.3645856985282485  0.9098757845871237  1.5868245005805706  0.7724587183705803  2.0627369304463694  1.7659128200819667  
1.1607953640761632  1.0277461447109437  0.8283796268015319  0.8744739060419535  1.6230041558642023  1.4503106706943554  
5.392280603401226  5.920780844991691E-45  4.789819706186606  3.274572981423999  3.7755702041022876  4.797152517406388  
1.9656157117523976  3.599442529520461  1.784933147473732  1.3098050994091353  2.3366946151175774  0.2636821072853347  
0.936002600516803  1.6433327876542514  2.3102344214480164  0.9995762258324041  1.4860192420766867  1.8064338506900837  
1.0920827977519003  1.9198995899964186  2.694307216318342  1.0588646810880618  2.370218429021902  1.90342333598451  
1.219054572570411  1.019273285312679  4.074299350344612  0.7150213248329113  2.9016016514812155  0.481458124095025  
5.152885455812423  8.030030376388742E-7  4.101892074805277  3.113182109072396  1.6300047697353515  4.114235783917247  
6.56628289662216  2.075350920622093  2.933163143439003  2.828200839937083  5.831848648719977E-44  3.0644944597571766  
4.191244523206452  5.496885824165812  2.891913396287578  4.236290629825971  5.680227751280987E-23  2.1620137315235184E-11  
0.27288971860121347  1.580427280957939  2.3637427819192167  1.5911438402659002  1.4680750198049881  2.7042450784042495  
1.0240225208066878  1.1357629796340747  1.3724007578065502  0.9460422164527575  1.5825675282579876  0.9335369027614183  
1.1139851806225536  1.4715490340395199  2.119567598290735  0.8052055194430351  2.219222964802126  1.7456424799440857  
0.9677356797197999  0.9863798652814356  1.9524264573074588  1.0526383085105444  1.3984601956854001  1.7782393618315187  
0.6339226062319272  2.025073164055539  2.6633958058967684  1.2313929729335698  2.6942985882082833  2.074968939822962  
1.0155280349219515  1.1098444095271198  1.3893707256318668  0.9759012487609151  1.500751449373999  0.9233548476953293  
0.454558130189165  1.7648244786341185  2.584823476469493  1.5257120225124832  1.4909308366655154  2.114117599074268  
1.1232755441193236  1.1039199152273678  0.8789151804909741  0.9275834601715506  1.5001155202087315  0.9840647853073821  
0.986517849017823  1.722478595877231  1.813628862470043  1.2244575636425963  1.5051677030944701  2.1804230862218104  
1.2679520714774105E-15  0.9995714733420789  2.2311861256523127  3.910591321029062  0.9096923000542315  4.674307140883139  
0.6265020210609634  0.8608430437447556  7.044782095705801  1.524310713796149  2.9808889841855963  0.6459958158175463  
1.0216582536820658  0.6767550851255839  0.30456600810999235  2.3793739960160822  6.234138862355135  0.8239816683222495  
0.8336438662227688  0.4369632293025343  5.428257059904757  3.942276869629938  2.8290321138042565  3.2406641669416712E-31  
0.6146540667735051  3.990472765427674  1.0345631550241683  4.774077401616234  3.094101595616281  0.9973563689053142  
2.4964267332835737E-26  3.0324310708883995  6.935160984594358  4.242788483897394  4.568956159287085E-21  3.2366874480308723  
4.4937921786880235  0.9860833489738141  4.808987296829986  4.356672681551941  4.124067099998428  2.6829020898403838E-17  
4.773200581076283  2.609988324885997  4.995327760972439  4.994134350790043  9.401819964765651E-11  1.4017507043379502  
3.694164808877326  5.77740353700111  1.3656865612461144  4.315020930057103  1.043707002755762E-25  2.8661869998438503  
0.9838973088497613  0.6807365713844976  1.809726404058401  3.097966182151159  1.6060657746572613  0.9743066992949728  
3.0268044307846253E-5  1.237987598784362  5.289979029145237  1.686885958799884  1.6652231229650014  2.6032028643298326  
4.72727990314645  6.940770428098066E-15  0.030201450167618726  1.1909501514705534  3.872270472799803  4.601099787031611  
1.1678067968583337  1.0960938544793877  0.8494964468464147  0.8855060881901835  1.5324387131519537  1.06509606365269  
0.9018404877853033  1.0648060090299722  1.52257634087518  0.8745900935534305  2.3749343295789718  2.3406940200471125  
1.0760477858023855E-5  1.4831385319591817  4.652539213275045  1.895175406457864  1.0307873155929292  4.463465185690626  
1.3222884904129957  0.8362369122976718  1.7343663861101433  0.965881022562652  1.4333641076357393  2.7372955070275937  
1.423786632621335  1.3660527431645166  1.1244207653714586  0.782978252785524  1.500330037001765  2.2105806872150904  
0.36969972365004505  1.4272491293276681  6.183795186409981  5.409430377231356  1.3811603443102012  6.262883018550961E-30  
5.341637267393426  2.358382628997638  2.1802540350770052E-18  0.10408894097310037  2.7920833285740323  1.8314962519782847  
1.7148820242400653  3.164304914355176  6.354271769892924  3.8963799882488623  2.251773305190136  3.223323930462464  
7.368471178347225  0.17537664439823855  2.3938252184608273  0.801226781454264  3.2161045992216533  0.6650903919301787  
6.248801614315035  5.70935795484522  5.097199078146383  3.678184601078851E-26  0.7479822949422084  9.57463683872896E-10  
0.023108441244965458  4.824943126223603  1.2727505638398398  2.0404730255848835  1.131110071363078  4.423320233737596  
1.0311337108324543  0.9738183062062861  1.1268568713954563  0.8908143562547002  2.056167177702613  1.799004932956443  
3.9265172752211837  1.2627751673084782  1.9111840221238248  0.5342130812827204  1.5789969142947986  1.7119152673682732  
0.4908068682717749  0.961303053208576  1.0917538000261204  1.0101766703449928  2.578366274123298  3.680359441748295  
1.2088647823240125E-4  0.7117615676842936  4.783870626755216  1.9010090920307237  4.940986984800392  1.7453391779145404  
4.696479981900436  4.0825121481916626E-41  1.3347991445020852E-9  4.0718370387052865  2.528366101757032  0.5207540617080072  
2.189443211530596  0.7394079536159613  4.567592916303594  4.466972147669468  1.2789296184426184  1.4802874360426928  
6.726733509189414E-28  4.250349611248997  2.728449483263798  3.7008620922723834  3.1680503636996415  2.0930501073894323  
0.8635817012095486  1.0273420434730014  1.8172936267823545  1.0335353608040958  1.7756662382985589  1.5559426959287685  
0.9900581250983348  0.924484129360508  1.117627577535992  0.9659645626952647  1.5595752748770217  2.18191252481536  
0.898086074656169  1.1941993591864843  1.8780610728903095  0.9314011707988598  2.2047005998439433  2.295321718639932  
0.36386302437932166  4.3100463306771357E-13  1.2106268453103125E-44  3.614352896462757  5.286441349505699  4.348230562743893  
3.089248241509811  4.882669275457942  1.8079773421059357  4.276478159185232  0.21575127457923224  1.2508113534122827  
5.894781871302734E-6  0.6712264909080641  2.369163268625991  5.5520257659661265  0.3517307335637002  4.751929868254883  
0.7728503770735871  1.0575920843733153  1.8648179529836957  1.231392090417813  1.7818069259484492  1.089039207695039  
1.151116362554169E-9  1.5901419695341368  1.85029003276719  5.460388254517319  4.364230642932721  0.9271955466194932  
1.3520860382341633  1.5337191757336692  2.181938132689088  0.7531189251016085  2.415558722566695  1.329447276995042  
3.5718563676578308  1.373642468051471  3.6079694337415043  1.3898745947536781  4.412583424579722  0.6068564052266564  
1.0401665512721756E-17  0.9418687095292332  3.3106296489918177  2.473889182978956  0.5299006763008084  4.413054750135448  
0.20186637682569047  2.3222965420373  5.940966628182601  0.7769354170562263  0.6333811483699207  4.123726418096954  
1.168431724153513  1.4242505091555695  3.2665940608317623  0.7812409730733642  1.769218108000202  0.7648486740827936  
0.832487243416964  1.4411844736059694  2.2548139498770072  0.9180926106753036  2.3199696074819776  1.842996969448263  
0.7035360973114173  0.31809184236014454  2.1671932650381214  5.383562008688816  1.531630753103254  1.3083101718581651  
0.5472485984202315  0.8642124098838724  1.7291779700655674  1.3928814132934408  1.645459119686303  2.31401932200428  
2.3113123089477927  0.47036479504473433  0.2913370563290249  0.5252412809155891  4.313993422673536  4.103607140456447  
0.9829563436789671  1.3685911397848136  1.744232779907554  0.9000350116034863  1.455360334486468  1.7801492081140922  
1.392373799798927  1.3153875038299756  2.3956506383822607  1.0757407609444052  1.5875762165259497  2.4603589708113947  
0.8466761215925808  1.2310709545097447  2.041770449079603  1.011591501212238  2.251453928123748  2.2014943233482303  
1.1075152694034425  1.0962226740370842  0.9229698145417223  0.9167502793547405  1.5250951017541758  1.07134695160815  
1.1051302569728783  0.919298367141228  2.0307114662499646  0.9870129623892023  2.5357785270959265  2.349045320385165  
0.7379541452682299  5.65534919735543  1.6160466402068747  0.8852119568981635  1.7602066932360487  1.7527379550405708  
7.196536346309087  5.338045098485759E-37  3.5167801948821356  3.3565199320055674  2.8506563565131438  2.642532388809568  
7.7502277812337E-40  3.0498495108086954  4.461858624758742  3.192511634099871  3.368394382998012  3.927429633621409  
0.7483298300303439  4.1563434198074365  1.819103994561839  0.8550292451714155  2.288819095406511  1.3987254421411712  
3.024200607341273  2.09645345208183  3.886766765798364  0.6696546813820315  0.6780928655629496  2.804329332265374  
2.3670864817783888  4.411914866675617  3.3809097272739916  0.8095262472596839  2.172575125340932  4.617444109989583  
6.622524599874389  0.11467308910881248  4.560113708632018  0.8845522228386767  1.8645354388929265  2.3652354027899154  
1.1345581018553963  1.3948600305464114  2.290900318959429  1.0872968875254798  1.435927077383632  1.6131707996595748  
1.3664280212184976  1.1015412265510216  4.710166846866964  0.8418046621724938  1.2038733198378102  0.5126890989815345  
0.13310361981312235  0.5621442440749304  3.0927453999667622  1.2768406228602165  1.5917978426540556  4.6646948657559095  
1.422234209902804  1.5392612220694242  1.6521609734394835  0.9904247506294755  2.0596279725590185  2.7086411783122912  
0.47704095867501994  2.666279976914627  1.7714352423431299  4.648836246924241  0.7243836413962624  1.6585411769138463  
0.9781687841546548  0.6318379018870739  2.2457399573104215  2.443253927342294  0.9069143485239475  3.6469325835658655  
0.08622786338686851  1.243586617353123  2.7950781330614687  1.9763502305207141  1.0065388050216917  3.4609980038486015  
6.945298277377119  0.1667571397829419  1.964671022657244  0.7156029141285734  4.834558174400141  2.8818083939444086  
4.721107673869629  2.7967152035894216  4.477805980332578  1.8005424308392635E-5  0.7863332444748441  4.516378149255314  
3.5480089484635964  3.277477965710879  0.7621198527586167  0.8121738628146895  3.254830628544125  3.794644742421344  
6.610105069408441  1.64617099625554  4.046011920436202  6.361991891248197E-10  2.0235475816074424  1.8797548946586058  
1.2151915849626729  1.1584919229306894  5.0054881153345985  0.8919324839460506  1.0831019340136911  0.6313080581678451  
0.743685730037751  1.050098375759655  1.5156405692407253  1.2403941386825879  1.4312986681062496  1.9277283716417515  
3.349268400001596  0.3728804541817965  0.8390791254682647  3.122812104960989  2.517670885435066  1.9098959070523887  
5.403865649492953  0.06321507625715017  4.776335514998266  0.9251074944920685  2.768560833677906  5.845439262017348  
1.0455305363732643  6.145218013805382  5.835420917056473  0.5878196998855916  2.421061720340568  0.8883331242467204  
2.53164523715697  0.3039557710958147  2.4959103937723612  3.8326984581819596  3.8812053298391587  3.881177420477974  
1.049847037439255  1.0811278058793332  2.2992055771009463  0.7183999716919548  3.4886513337714824  3.020320355231191  
2.4148917500886142  0.4339982923668252  0.12539364870156727  0.5319891200389794  3.8697850336798494  4.333847812937462  
5.537128530137355E-12  0.5040323946358808  3.46598821668587  1.1628240733029296  0.8312231654288862  5.7888960376948075  
6.818720082431007  0.42150306350345823  0.8828171151065891  0.9917127653162949  1.9175823282163114  2.934910060257477  
4.510631537214735  5.644840723559425E-22  0.20883944402155233  0.9491724689814771  1.0352082228560537  7.407402823379684  
2.6735100822514346E-5  5.9847054658086645  3.560943044378476  0.7850571418578438  1.1468206043319331  6.158069240682021  
0.6342635336029874  1.5857596461768333  2.0319764082030938  1.009493962599224  2.1920238193163355  1.9751240246280166  
3.3917587243253022  0.960533066864159  2.5062815646882854  5.792140367465634  1.6420058804400604  4.716434290480449  
0.003447815862174052  0.1551793958780974  3.7370591052273605  4.324237118627971  4.5797728953845915  2.3764784510070687  
0.10662789067024511  0.18101057012133204  3.6559640606422934  2.0712018311070977  5.686104594545294  2.627736670498791  
4.025120671792852  2.388187471918188  2.7426430192300266  1.0815636511284024  2.7138430306277773E-4  5.17934080145187  
1.71388002424229  5.556176688065447E-9  0.3872581763860989  1.6594106085802498  1.1493157856141563  7.291031027853272  
3.377145530428698  4.555378424657429E-29  6.022250901608214  1.393543195376883  2.5095294673533863  2.103835517165139E-28  
0.03066403946841365  4.813833767538409  4.385349111360505  3.4281413432060655  4.662108921034259  6.843826659696054E-14  
0.8052675841811664  1.4540213612025268  2.240031723414387  1.0323372016248864  1.5516999236363849  1.3506390696809738  
0.9757108838854465  1.2122199997379286  1.4384476131247346  0.95624309071195  1.6074442861031484  1.0404413552898715  
1.1776402145434413  1.0807646950399628  1.119507678423378  0.8562032470188667  1.4820020936921074  1.1738422260080412  
2.6326617327572697  1.178942127463872  0.7116022651693263  2.9778860975865253  0.8946008537184506  5.4768354997285105  
0.27140052783909574  0.7335557593179743  2.0287537368611694  3.9360462305526345  0.565964396839636  3.799239998958511  
1.066297881763381  1.1519565057332601  1.2673376364177933  0.9223707255837859  1.5060731318028497  0.9306458693305198  
2.9052046420933735  2.0114561262289277  0.8818428195082366  0.34831956929527125  1.1549545477496799  5.257630813598001  
0.012600405512538371  0.4022430376011971  3.3845771653507515  1.2530924801081358  1.1089450727221628  5.845131260945868  
1.1215119223501804  0.9142150762148137  1.8143595949899751  0.8956128866239996  1.3789342146069556  2.383518098149353  
0.7304467457897295  0.7523606102676492  5.380184874236174  0.8848699314850217  6.405572154215071  1.7411847704450032  
2.9694529212985634E-4  1.648633852479476  3.6772266242650384  1.5911664025533652  1.12149855131393  1.9118851412817637  
0.6068536786851558  2.042535277901979  2.1049543906591706  0.8570517215159427  3.16506058024639  2.7405335061892315  
0.9876513293465614  1.1638855720633563  1.3573113984577447  0.9100154850321784  1.8411044233069875  1.6003162149444652  
2.0834318261516094  1.40596284634103  4.253842102688937  0.5461027926295461  2.3140384137835457  0.5578266274164969  
1.0641203881365486  1.056156843936944  5.051722502625407  0.747629727037989  3.5116211939211595  0.001925142809071769  
1.0766126818467165  1.3189589352093278  1.193775948771082  0.896800849858606  1.5728309387872226  1.252392858536572  
2.05896196635895  0.8630636457934462  2.0074304197827817  1.3190050150423223  2.883794424204742  3.020906906998268  
1.1371238921949245  0.9862971485717406  1.042249613408437  0.8960452913410398  1.4215035019064035  1.7934700937724937  
1.194075550045516  1.466632821847766  1.7367514979865752  0.8144298423132179  1.4129191400381511  1.641289958410312  
0.7178508689455183  0.9055499252450787  2.0136666760900583  1.1974980740627432  1.8530453319419127  2.275333080237456  
0.5541198999209622  1.6814706694593313  1.4653231637694886  0.8486025899753233  3.5686285821264923  2.1860721508368433  
1.124306551728942  1.10290987865367  0.858303486311021  0.927968380640214  1.4914647189012882  0.9940221652513428  
5.14619470294326  1.7332702899872023  2.4439711295408233  0.01316073166512925  4.340507737080511  2.2782592611354118  
1.1455789753949857  0.5291547565373281  2.4608758094080962  0.5859485813406343  3.20943922231475  6.61845859086132  
5.101061604599643  2.8849606779393273  0.24878573720913644  0.01558897709028629  0.7165442250624751  4.873277450813493  
1.0469203643005005  1.1101329127050512  1.2730561834377958  0.9204394492082645  1.516873109832461  0.984073920270238  
3.7370605036615347  5.332757737482157  2.281212603686136  3.1472684506278426  4.0101517025311475  3.418591131496773  
4.222116382500332  3.7463708642710003  1.7607979502068776  3.514255669581748  4.8038357976593895  4.838498451127074  
4.909633561262028  6.232264776331197  1.6832140924090684  3.4920856421236155  3.877162462820372  4.585018522232654  
4.565882703217941  1.7306628946259106  2.832136790609965  2.454464066310923  1.996182778096135  2.1997602277379795  
4.749915082501828  1.050866672786065  3.8560253066624446  4.639806124362013  3.410840110756274  0.6507021612495576  
3.5327548328240734  6.6497855112361925  0.9701614637975708  4.444265400465877  3.446297639136097  0.685174988265609  
7.731087125280929  1.3863565255341326  1.6365248181385101  4.2820332319174055  4.727190902266172  0.8993821006901913  
2.990119957431632  1.8026918932315644E-27  2.4537480408179593  3.5176781323661763  4.260738150788277  4.573596090543313  
3.894452218495583  5.077893151432644  0.6838239435521514  4.126995433336296  6.426137519553274  2.5176879731357737  
5.408222974462028  4.377229871748283  1.3268743236623473  9.882735519726276E-8  4.09051730699301  3.340774701417844  
7.221327122306988  2.0188528017439165  1.3788854481412165  1.4920580076578178  5.037015072516609  4.102166800768957  
3.0647945362456595  5.365680364130938  3.622055918949865  3.779454850147825  2.369298533950007  2.665584597658728  
2.4907759717357636  0.3921670167726468  3.2192624580239286  2.4829433461967  4.904339765952311  4.461258002884912  
4.371887273256822  3.7303712808168457  2.303073780440859  3.861635623644116  4.652496527837725  2.9213011555958532  
5.898757280714566  5.586008470301011  3.4065783917648536  3.7097616250518  2.715043052310682  3.706317665282996  
6.870237909652185E-46  3.632566715746287E-26  3.917497138244178  5.518875215838697  4.332176466268843  2.165036338126633  
1.1690251434941676  0.11616946485317613  2.6106503334004256  4.6368785990835795  5.868743452192603  3.57290497627283  
1.9863992379791708  4.465797669925745  1.3815957878868361  3.9553170729654203  4.6665376016667865  3.2722628558507467  
7.284923670480869  3.99416502622053  1.3046873618547956  2.686434294281081  3.763839158979998  0.0036446489969768673  
3.1764177012432118  2.7276931954480723  2.667630481507519  2.7759669457654104  3.8827338384501107  2.928890434025562  
3.397341955008601  2.0990164918292726  2.209857036729824  2.989518900059167  4.2027093125216695  2.5466335444008643  
3.1811190739515705  3.3848916429446576  2.9440180578002266  2.4575501323788145  3.8547333265249373  1.522526162187002  
3.708208547430404  2.866903372739572  2.5114826696253796  5.2413102424165725  3.7762155847184014  1.2268139864895489  
4.369687178525395  4.003313726465062  1.5392874225351134  1.2967611155029675  7.888551689325456  0.37712797142622845  
3.4870452200646174  5.163206211631637  2.825050778431851  4.207050139134571  4.272327611381001  4.8377532760277155  
4.354363839669846  3.302663240049177  1.289157571559643  4.297306269489833  4.778462775701304  1.9017634051916863  
2.5207488703683465  2.738006575507901  4.553472987181224  4.178332698650948  6.736638718151725E-23  1.78771347748683  
3.337199055920557  4.626533192524728  7.518435882115223E-10  3.552501328511755  5.868180297174217  5.012032539401121  
2.7291949134099727  4.083458692547962  1.4719685122128567  3.6028602891845654  5.829366381978829  3.924281829559183  
0.9107520915390237  6.547046994848419  3.202015880939973  1.218582612369926  1.0062034411883496  5.768017769507407  
4.715377925941998  6.215027547992563  3.5430284585817313  1.6893087566568463  1.578782609902442  4.596756479467325  
2.9043031129007013  3.2335752583854287  2.264603763444255  2.492422752575816  3.8671696833750375  3.3963121279430664  
1.7006753720506977  5.0556541634841325  2.4106717458973317  3.7489313142701537  3.8753731484264433  4.517677916725243  
2.48350007946352  5.770565207432394  1.255833149679505  0.895589860167426  4.502413158357652  3.4671339506953998  
7.025690362806713  2.4441456832843635  2.3757754355248166  3.2528307742744347  4.648420878159026  1.8931639945022122E-21  
3.392734067729912  5.952084333330053  4.524119718721729E-25  1.4102345818143176  5.077575374155194  4.503440963971821  
5.877424015590093  0.6781687034840109  2.6085251133213707  1.481802372062631  2.9878916648550935  0.25816536984698346  
7.4445938966494305  2.823945257928691  0.581213582921361  2.92661975174864  2.5316970175430455  0.46347120349167165  
5.4466522948719955  5.578349661562694  2.329905161820491  3.820209951943963  5.693791321724241  1.3206330248945473  
3.6424582305745106  5.527256120505705  1.1530521085686596  2.8727901587443467  6.0503877068972205  2.990580388405902  
6.513307284189878  3.1424041960677798  0.7918138289728596  4.477519502387075  3.1917419879887836  6.412955671733998E-79  
4.654891833169457  3.536093894211651  1.471162209707891  4.202871474778397  4.7598931490792316  0.33195352974815184  
6.4917695023796655  0.014808399394154955  1.5058087188821836E-37  2.418302443234751  5.989652672883972  3.2380937025730465  
5.727542663154589  1.9056351102354456  1.8325283365139774E-24  4.0089990519043  4.6366862863995735  4.62069728881146  
6.218783238743434  2.2802362828256006  0.9917283767447517  0.002328631423910327  8.271619040388758  2.243805104507137  
4.75175141381553  3.1785489360704267  2.37078911019355  0.4763330430073975  5.898637304357157  0.9339547120875649  
2.249019763177843  2.0952808036322943  3.0194109636111404  2.725652296650836  3.7073671621278534  3.324066256855371  
0.40825948663445244  2.7266177020071702  1.4807534033639578  1.9705089049183104  7.292524397548816  0.5200775764991413  
1.1773024441672197  2.9486879955277745  3.3176614399099953  0.46885730553459104  8.321320890515235  2.982472283648057  
2.1170415681935473  3.510754378598279  2.795556145245031  2.761518316066395  3.218054370306726  2.9593564267299115  
5.298083930168484  2.960518666129407  2.6025540085317407  4.6253309683455  2.6014522078394613  4.400235415115452  
4.614642868344678  2.5275314546646586  1.7625383676026978  1.616732312249967  2.029864470816306E-33  3.5373233644514777  
3.8388101798084135  3.6827272820628667  2.80748055694699  2.0771852535708986  3.9861301020896356  5.0762894656885145  
3.3411161789712494  2.456756092355061  2.428569139444317  2.8651036697908734  3.572485562264824  3.0868256572092445  
3.827955704974882  4.042708904700552  2.2395920917984484  4.558274097990064  2.9858096346681373  6.450433930582558E-20  
5.515638652375422  7.291666417053127  3.889403485310456  1.0699901237833425  3.538987823953981  2.8762855075160832E-11  
4.695508054197654  2.0420115445311025  0.7051544904562947  4.758502211924845  6.114706523441185  0.8539895359645383  
3.1891597643336302  3.0727470067519795  3.302241854122868  2.0054211647198468  4.676956274244155  1.0353280308672774  
2.837892177625241  1.1219088504551635  3.6337024220153777  5.091941222618883  4.810837240228383  2.7055702119111626  
5.602550637929089  5.87250975062639  1.411766133467987  3.7700464702121104  5.096838360223691  2.723219599590331  
1.2785278170056942  1.7509368958360554  0.5351283146456791  2.962606976541586  5.378611734527926  2.842935506991914  
1.3107709261666713  3.647862208802352  2.804089686628782  1.9426801188701044  3.6139257163981027  3.3486021577636014  
4.024361944379346  1.53441518974647E-44  1.2298665785843381E-12  3.4569706815365926  3.823795430029517  4.126782252703231  
2.5311205387953226  0.6479763700263953  2.517875839874848  0.4233335875030196  5.58803798084274  1.3743895392393652  
1.2657656265362702  1.1439887124899364  3.110844123311524  0.8205496685211014  2.0036623206976643  0.6170285993500407  
5.269889340891526  1.5346197524726402  4.569950090701537  5.647288161281868  1.5286152437621299  2.5042172193819363  
3.465775262087082  0.6731587771945515  3.2825822452495603  5.2949987273534775  4.652064171414063  3.374524941742278  
5.318059969322364  4.906957112302738  4.34835513758453  3.229733122377497  3.619201929660789  2.9638791778961893  
5.104843651777336  0.8162309269223369  2.642441496385378  3.6734758951461775  2.503530204673237  2.1211041478113035  
2.909644460027982  4.74456000511832  0.8679109744652003  1.0384765805194076  6.719122113403563  2.548935283963173  
4.4613640690446505  2.1912887368521607  0.4315477565274948  0.08358393804027932  1.3816469588425606  4.19065406658919  
5.257271735353973  1.6802971406221585  2.4530713726450815  1.2116072981748762  3.5820134077451544  7.0317527913714475  
4.4221017800185995  1.1128498059098374E-15  4.680049709217353  2.020549177226407  0.5282303305161719  3.6269938368142443  
4.364198836011849  5.925417473601445  4.98339403228966  0.9722640235744143  2.077294012444818  3.971275686794918  
2.4730973212407372  5.328525127968048  9.067871087530783E-22  4.826106654917202  5.703009959098531  4.82180585653889  
2.1468733267585973  1.093097906887577  0.4887870457670892  1.975846988739251  5.979495506405311  0.6875426910529048  
0.02054296304368375  4.398972069235499  5.205443459702819E-19  3.2524771387073272  4.652440079536855  5.017873163410454  
4.532472616048904  3.968236125286062  2.9462434340230894  4.14066390450154  2.1040278197446804  3.1787040773416164  
3.430225400747828  2.2799321324056163  2.348823294098705  2.661762215869189  3.665368447095888  3.1642565181187385  
2.6893616119706945  7.492405401567213  2.8084593298287337  2.0536718004746275  6.0320879869289605  3.6198219150859484E-8  
1.5849346923903516  5.049281574154286  2.9559395518018348  3.3001983439900493  6.557535748834636  0.5524408461180778  
4.4628054642786354  4.338031065346004  1.768603919587886  1.6072043301345824  2.593320156053637  0.06296983780180167  
2.8169672765186555  1.1264569612796806  2.6303631962850083  1.2505185412478326  4.262252977389423  2.689621892788656  
0.6781843436405928  0.22260620752577545  3.347810209968377  3.036515840317395  3.328899248034371  2.528361288625947  
4.9055631664083625  5.08853777913495  3.3935061477520314  3.1511593546275554E-29  5.548706459354291  4.102470146781269  
1.033831121805781  3.5581858104198183  2.4979773805768977  0.5721627919063833  2.979751437934941  4.550732281497709  
0.8256242892288211  0.9953633625690496  2.115561644434703  5.165116374954217  6.213055324666948  5.3560325616320865  
1.0368277157663794  5.469895257496939  3.9902684176462  3.858652074296279  3.5875511907834046  1.4422210811219172  
3.092061951412445  0.26453356867000494  3.9814329908392696  5.084730434701409  1.2627023383731897  1.5296191920535913  
3.9324847981133484  3.3015448062665373  2.9685723606904886  1.78422030541634  0.6999066714114567  3.061159586408163  
1.1319368915908152  0.7988755051735049  3.691671828369249  2.728102535830993  1.1722805993343062  2.7483460393649226  
0.08991848774713862  1.0779572053971118  2.0127497330910877  1.6111596167763171  3.5733789284060853  2.864880724475277  
6.046078142600459  2.5192736148917985  2.9610113435544876  4.975448957534452  2.164098300913619  1.0231808254237766E-31  
5.397898615218993  2.4785463102621312  1.2826186942508817E-8  3.0986302653073694  0.9396516889385543  4.851421635071709  
2.6322819872882848  5.1263692840111625  1.1661278992251194  2.4816806070230584  0.20743144220811743  1.6717894847779122  
5.606412748830342  4.450695081271396  4.094460522733916  1.501284397354439  6.580773565457109  4.170660409833012  
2.4751578384111355  1.0238740550128447  1.420331667381677  4.8129024429197775  2.6446963713109035  1.919334317740303E-40  
2.9656312253361574  6.755222883610744  4.088631518648052  0.6579564887727564  0.4592019992999044  0.46274858429995036  
1.0777368314005913  3.0080186414652172  5.149899682360257  1.1230114800555677  1.3575846139449492  2.890543772116199  
3.1816702930540646  2.009041675954737  2.9614857714481464  1.31186959285946  4.149923446701249  3.1428245072931236  
7.853627977909637  2.5381526538016628  2.5669934487411207E-18  3.8027456894088547  2.4599796506257123E-8  3.5338733619864633  
3.796947634994029  6.154431325238793  2.0964621343156886  0.7504293936046834  0.5153443574723876  6.082614198892503E-7  
1.4404797067322388  0.6037803248319994  0.7634868574785789  2.011945694684039  0.6706712001168257  5.8307238369781444  
3.1087420438746043  2.2342263593126748  1.9595747620787602  2.4054727828016134  4.4475413847063106  1.8013418775374703  
2.591624145498396  4.230444791703449  3.743374248610186  3.5705283439886766  4.108674535578228  3.5920922907924284  
2.017245499521564  4.765040400635637  5.3750718867374E-21  4.264191553384158  6.374851974668209  3.162080721368107  
3.5600458718566133  6.02561249083969  2.047597491350153  3.68868685693133  2.0869798270412123  7.464266992077721E-5  
0.9334261735494691  1.0772649475095923  5.0321559715665085  5.513468228967647  1.6629982768686726  0.05823775111293396  
1.2975920544408206  0.6265595501094101  2.139903362003709  3.0754503274202043  1.7223965583047658  2.007030963136461  
3.2757742851238545  4.610070764351973  2.612021187366704  1.5694192570713752  2.7638525828876115  2.0097341472234405  
3.937110031287425  2.1177068427693664  0.7539906699642198  0.5610880052129186  0.38291615695022524  5.413339355918909  
5.64639167448908  7.1511857435873205  1.3373571451604505  2.9758442446557023  4.649643337221325  0.670959993116869  
3.4643207557963955  2.7319203058296524  2.50131101749052  2.7178962794356227  3.748220224838129  3.0238472639108185  
4.399011301638479  3.1367521489729063E-13  0.31995479131114424  2.712374513854989  3.291343617053353  2.272401034874777  
2.8996561247073167  4.459050696056673  3.480048105612311  4.802165428857535  5.345718790259538  0.3659858279662929  
2.942472257066853  5.474150521999906  1.8723223006216578  3.1915029459659636  5.202737844384353  2.3272877152865945  
4.464178334402101  2.069155479884442  1.6001777904094467  0.17615265521802875  5.320446515927952  2.1138904634074005  
4.535320417398665  1.379581110477079  1.2955634253607073  2.3897523366686624  4.126916024456865  1.468414638852866  
0.45783527226450466  3.713839229512822  3.046307684446115  1.6489766082593522  4.440366426789231  2.814844591920336  
2.6365347198167055  0.647332671347485  3.6755072496195242  1.3543355262498995  7.6461890220461655  1.3537569479174864E-5  
2.8035166875749926  1.7052267645539436  1.1814725013574598  5.553515140086056  0.8552111660720915  2.179474059575713  
4.7134550318368555  3.558641849677437  1.3220484227846923  1.6822576429423128  2.9783904360974103  0.11391972466974068  
0.5908256924905528  3.1006361428578146  4.7327320379485956E-7  4.212811131013874  4.3409938202825264  1.8298801716252011  
2.275303078814624  4.108429471675361  1.7483212048154115  2.0968847503760526  7.393268705022807  1.4591520627375565E-5  
4.405725517982908  1.9660304016069314  3.852516633631409  4.362371949433566  3.4050926065684052E-12  1.0916376883177137  
3.544112052640284  5.559698420114616  2.210767622751756  3.1432745460080462  3.7879482010692183  5.576210622727446  
1.896614133711968  0.8367227371488745  1.2365122830246393  0.4574567296532759  4.567524744782068  4.229323232378186  
1.8391661545512787  2.965116799164449E-34  2.1323938239829564E-4  5.057020528086187  2.452052159788921  3.3225821302573184  
2.120781001968569  0.7154968832031422  2.318480522511453  0.37863299794570565  5.915566020175936  1.030082198273409  
2.4773769660543574  0.048626457883892034  1.1696362646055123  1.679297227301897  3.6541300033585  4.0992377226734416  
1.0095761234441618  1.1114772891784355  1.4167934714790287  0.9497115000290045  1.53141618877218  0.9490220360577581  
0.7208728107529444  4.123732252805176  3.2808007678135973  0.8776266529111071  1.2102477531836227  0.6656058357540839  
3.5789780766198254  3.4719424763014874  2.084030376041084  1.7331582588845866  3.531237394983192  2.7597204966914943  
3.282006010023817E-26  1.5703287461961284  3.0944451905992674  3.618042825068042  4.4576877562372985  2.3453432566035124  
7.4576684388802414  5.493524441492036  1.413986216121739  0.6859533741499967  3.4645772757927085  2.354200386743479E-15  
3.066437730614679  3.9039856539542543  1.7561521093629129  0.6317645915673008  4.725782063251778  2.3865980178718362  
2.732051181642639  1.2717116513037903  5.140923061459432  1.2062910687748365  3.677248353621758  0.09326329544285257  
2.870659708600758  0.11544842490822897  4.244222264031262  0.48746596744647697  2.102457492955307  5.337982529385293  
6.394820728932223E-5  3.4260893822276035  2.0451812546163042E-8  4.6617337635633636  5.453025430034789  4.563728920037124  
4.5553348455985934E-6  7.490324673298318  1.3697570239524866  2.4951438535488766  1.5551334768799838  2.577509120295402  
4.1707404006718685  1.3286286527480016  3.334912671569623  2.3349566647376725  0.3284155911454657  2.7369071285608073  
2.534516961113573  1.6772778138730058  2.877329136982725  1.3473222490452006  1.9084051565495277  5.061261162175055  
7.000784647661585  1.3998684801275643  3.3751056798491232  9.823939641085895E-8  1.15025670103607  1.1583471300710138  
0.9138657221037155  1.2000489135207315  6.743749860323822  1.1845772350669017  0.9935514410945583  0.7003310729567335  
4.554537803497576  4.945393953187112  3.3493927417455933  5.794281101607099E-13  6.830897293153269  2.597311587348722  
4.275180643436296  3.1981434929848858  0.8459402607189019  5.487051943477259  1.4569838680139557  3.7108617794177934  
3.0157603717287214  3.2850107128902777  1.839808804225717  2.80294658309788  4.415510421812737  2.924828594118552  
5.59823337736039  0.5689044301872935  3.2470083327215975  0.5364717414126575  2.1782720006723073  1.0479005299479363  
6.619222054240122  1.519882617519832  4.041874471912389  0.35613120451644636  0.169110869401472  0.9721555802730799  
1.6910104816327203  0.6895922636511015  2.4078822129374373  0.697519011754229  1.098528173262212  3.248979616589804  
3.8361552410764723E-22  6.947272799621181  0.22715829346185543  0.9058099381232536  3.7679810140893855  5.092949240150396  
3.063872964220718E-17  2.820296359474018  2.2396096338808977  0.7721169303534603  3.0236211282801646  4.4680718204282694  
3.084996464990415  2.67143114000594  2.9926020408990053  2.461354193608947  3.4931504133332294  2.7568023951308485  
0.8943663248395554  1.4183377724366153  1.7696847010281085  4.446407262616177  6.568254460940689  5.604636408391  
3.565310693122701  0.5685079300230982  0.8157389820825771  5.088970336098859  3.6536220855952894  4.850955971685599  
3.7111632310425113  1.7678054761566173  2.6621648371018773  0.6453379102075709  4.605382087097958  3.0901809783678407  
3.718917010750343E-7  3.804617812281365  3.5873170803947403  1.8828250003216713  2.9797092255512063  2.0415805159104408  
1.0300452632328154  0.4919636644244507  1.6622793628938781  2.3582811105237407  0.5221234969485524  6.89736904174774  
4.513290793436318  3.4021064667014893  0.8746604869205421  3.0791617751448106  1.329317227576893E-16  5.9831181083445495  
2.4388660064580914  3.709423112447195  2.737340216660528  2.1455401476393265  6.866658381239574E-19  6.2972577100447475  
4.745534624559328  2.1246830746952514  3.231509326912538  5.7556338941875055E-30  4.445014107111789  4.798208619886881  
2.4053459216123727  2.517829758149565  4.805827451820319E-61  0.7602848068669358  5.60960229329201  4.274370214437834  
2.9093082595099626  0.6849200542589201  2.394261983512586  0.3967108946743481  5.225002976884168  1.1144326689026391  
2.942631696830767  0.7697124658944814  3.8424711289585844  0.32142379230091433  5.52523903364448  0.308917158676724  
3.4517080848190234  0.4241630562175736  1.8441335510211987  0.5584152993900845  4.04955692884496  2.504050328301048  
3.8741460673175463  5.424502519510118E-24  2.1412884862704336  0.5802702969311085  3.6718640949748647  4.052043114154289  
6.154401699145147  4.352451240205935  4.328087592445749  7.002216860209734E-26  4.445577432349813  3.5382992993415465  
1.3397347208597339  3.560827875362414  3.104576491023744  1.2259018286156391  2.2254501650256664  4.043718836583235  
2.136921432826307E-4  2.699783426027103  2.7571367592126523  2.447807919092908  2.433408817027435  3.973311667225891  
0.7461031824049027  0.1449775815444918  5.513568210405508  4.096431749642706  3.6669340866119478  0.5081467634180216  
2.109714361797783E-9  1.0080968549306065E-5  4.401108060359773  5.540562983258339  5.732715017256065  6.184303460205333  
2.966557574042953  4.997962801990951  3.6829654219596626  1.7826226907133789  0.513502621985218  2.1561803918069296E-14  
1.8439776682850197  6.855729141606695  5.9776434614039795  2.601356802725266  0.964406536802068  0.04185138745145987  
0.9824453269126973  1.0119022560817366  1.636986530827702  1.0716307355544734  1.3925081694959154  1.6331006785752011  
1.1016597160578545  0.9702034547368805  1.7934795621335  0.8285990023305201  1.9458082149611795  1.913999712899968  
0.7485287836165343  1.1207903227847706  2.1160696243409345  1.052564044713273  1.7013359203520297  1.4598839160587436  
3.9247172041612424  5.506306065875694  4.0592326218997945  3.0472252633784267  0.12004651220681231  2.347757374360704  
2.0304619072696632  6.133883526354562  5.052100866745685E-59  0.863904415702534  0.7726996610485584  5.219918878955219  
0.5416596358519359  0.735563258517755  3.7947217646801397  3.086411835412773  0.9186421236668866  2.03678709295022  
0.23223799535828127  1.4523018760218172  1.677775162425085  2.6935019162250673  3.3850593614556996  3.957532692962826  
6.187616302657631  2.165724548632725  2.774295239724067  0.5313990205550851  1.8632147043906622  2.7691365468544918E-15  
6.417517995589972  4.839220307468101  4.5689181066695665  4.141044591522147  0.6636771089902294  2.7885809469405306E-14  
1.932184042036077  3.9689014962861404  1.9180113337528093  5.1577170581064244  0.757008085229395  1.4974884744910866  
1.1603487966287251  1.1079153594624855  1.033008808209181  0.8935283044237418  1.538110448008373  0.9418481558938375  
1.1392835923915157  1.1102205742828353  0.8787609850614543  0.9110592763376961  1.5328751248674897  0.9924798646701329  
5.438669471914786  2.0345852461264275  3.0638287437376063E-4  0.0434595508857931  2.9591614461200706  5.036254925071186  
4.682465496932947  1.3721727477396928  1.902596254293946E-15  0.2794693417651845  1.2546463543842665  3.854414499122001  
1.7205854402345342  4.3151872852783875  1.4604269665169909  0.6756216869748946  3.565394685412308  2.2565389249100574  
5.26438297862202  4.0395653453514235  3.391784849133226  0.9055050175249981  7.017551268475408  4.391556573256549  
4.203563935187917  1.4068025528118606  1.2624596045983316  5.1808179343526275  2.558643132553744  2.2301945530033187  
1.1219802029180472  0.9662899916772796  1.0424476825184843  0.8691312667426414  1.5286511662143503  1.8705706204268382  
1.5010245273595149  2.6929050729630357  3.1523780364234857  0.7418383904556078  0.8870390563497044  1.9135392082774816  
1.7697668843907244  0.5490973408210958  2.845296436137775  0.5993260048590507  2.750602383982881  2.9922689014553323  
5.099782255427954  0.35363161606981414  1.69081289295104  2.5846799032565646  3.7181156428377595  4.15304553769021  
7.071620573700096  3.064821828103299E-10  0.11048130848360008  4.0735145785159  5.183040321935562  2.5996728203063304  
1.8518929697132154  3.1937748215362047  3.0550500718195086  2.705061799809666  0.38008656000602403  1.8482306664165022  
1.5118322762856429  0.6279191716285957  1.1038750068947825  2.0271823460867737  1.9396377772453972  5.634341565657139  
1.0356904556643685  0.15174639356599756  0.5725938878784632  2.0003331120573615  1.2216649892461884  5.70781470038799  
0.8026906287472034  0.521901784158034  1.1866488041800094  1.1970038419662496  1.9643215018263533  4.387517256235563  
1.029360192294509  0.11221834131650366  0.485444790279384  1.7657342122619903  1.484833241334585  5.795973396537119  
1.1391673611674908  1.2116815455667338  1.3244949269590143  0.8817846979853788  1.603175804246022  0.92916397291771  
0.5650350161611796  1.567442572687482  2.3405742081984777  1.0897165145312704  2.064245643793896  1.7740530482840224  
1.1243375193097407  1.1029535685712515  0.8584461524061074  0.9279387817032576  1.4913190642686225  0.9939504706223534  
1.0389266227549703  0.8626290822187576  2.2577506004137646  1.177599963281468  1.6450815812471848  2.4536907903731873  
0.6892211071570487  0.9751524126176615  2.7158820542419986  1.361342171870721  2.702359361541215  2.676551089085729  
1.8067197757293674  0.8137484018245082  2.1489624433372336  0.9615750156560405  5.843715585542366  1.3336456872498723  
2.7603162463086077  4.372253800780228  3.303731695943296E-23  4.727642736355356  5.89761701432745  0.6659794512219517  
2.8942319612309917  2.4216528349015443E-35  3.7034840594464664  3.1232778632685543  5.931365384984396  9.664122951673998E-25  
2.960683239656232  2.8547251151679993  3.3749700852818947  3.7326191460902955  4.139805908372379  5.4303927869223E-102  
0.443102738583074  2.3127199586276856  6.389710199883874E-15  5.081523112579103  5.08526325232854  3.8883365798677016  
0.10117146162756369  4.420265760270923  3.083328334573499  4.745100918227585  5.837187185675621  5.0481745259206446E-36  
3.9533449734579  3.552156093188861  0.14708542202569208  1.5200130546905497  3.8097278403230117  1.9914703529285975  
4.061583646011159  4.595002259963079  4.171785129056339  4.465222960277698  1.44450492290096  0.6915600486570151  
1.0626872959746851  5.0334400163834445  5.028590800183603  4.784474938026103  2.439451122849378E-54  3.5056151577078884E-24  
0.9206969278607778  0.9004940872983509  0.6276694159330372  3.0797121563766043  1.2984771775992436  0.9119084975878917  
0.04986906276051077  1.3392085602906472  3.6573826643321805  1.5524125063401888  1.015565499205542  1.9084015417133247  
2.0351138318726445  1.3303773443866365  2.7399641791361335  3.1589683999043916  1.212079910421429  5.055058038081871  
5.062793847948935  2.6877494916957123  1.9302255438100295E-14  2.6223158441201156E-7  1.2868501064395022  4.99937849757323  
0.8311723986404519  1.7521771752555935  2.0884278186831784  1.1092591649564998  1.306669934625417  1.842538914250721  
2.0558532902626233E-6  1.4242395422419103  5.375312011363466  1.3868579338081952  0.8535765270434248  1.8723822116133573  
0.612027163399112  0.8368491112337086  2.0061215393270087  1.1800083835810313  1.292282988917429  2.69991338364139  
0.5577582244264636  0.8335512402413293  2.038893814070162  1.287923376765762  1.4780116975561985  2.6621591063248364  
1.1987492322372149  2.97150701231557  2.1742118582500924  4.344254609505467  6.877723476807509  1.3017228645459577E-23  
2.8471628311455577  2.39068459708447  6.28522239645131E-18  4.821221758926689  4.289668292516176  1.5692847035303967  
3.062846785826251  2.8228100764065083  2.580834781588312  2.93006171400109  3.845851277393361  2.9762689760501644  
5.02205908926245  0.040026239839278485  0.18702925600217285  2.2325897908028876  3.382551744665552  1.983867150598228  
4.558681664304792  3.378574174060278  1.8630344407948616  1.9159555613868555  2.273330404290299  2.072830267055333  
0.0019245627253213443  2.008883538074252  2.8200484287487306  2.3893800320268146  1.2674914865044715  3.7874682406405102  
2.320466028831398  0.6610287437420221  1.8751614119415465  0.7223162019299927  2.7491127223104947  1.9566083149615987  
6.395215929746738  1.3323415330030655  1.42389637443418  1.1370155014449223E-12  3.997629244980533  3.996379396398196  
0.05200487338484659  0.6588270366177341  1.0769666655302952E-11  0.8804660048721415  5.807183948281289  4.267107961844328  
4.942530350712899  0.8963272032486188  2.184756647470929  0.10818439424311904  7.218774111175782  2.532142942393408  
6.2882934331914635  2.56450121006569  3.8212510587593362  4.266944694794116  3.6652399015212183  5.405839070181856E-29  
3.021414441947476  3.34877565514217  3.1372406068254035  2.530602813545708  4.254675343211845  1.7457740745629204  
0.02057780219834175  2.2180006046850123  2.6203438012757694  2.33231003852283  3.9567026769842135  2.150310006784394  
2.2431077190163164  4.3435159638912956E-10  8.570390960407238E-6  2.6303182199429287  4.2872195848915275  4.535686854166942  
0.5863273455865797  0.31565470953494507  6.59397598003072E-25  2.194396556248035  4.720293183772569  3.3674980168499418  
4.350427940289721  0.3241180884568803  1.415767001190685  1.7284239881362564  3.108063340454938  0.9718841219700337  
0.9966852974012119  0.6232628416325906  0.33407156966683244  2.760350008790032  5.858452284102575  0.749702853569676  
0.053861929561648356  4.3976394791540345  2.8295637859318337  1.623412279902944  4.485679343634285  1.2728658478469996  
0.735315135259092  0.5463521943685288  2.7856517255839317  3.7954048274906134  0.6907369485796918  4.345748316576481  
8.120762426494042E-9  0.3263965785193833  1.454565751248164  3.248916473297685  1.6115964699170902  3.9787778838235592  
0.7743597590093312  3.0036524028327456  2.6982721646125927  1.6023893567712262  5.184200643765164  2.3480065203927243  
0.885107777329537  0.8904091387227172  1.2202044575702051  0.9124260455242125  1.6628535893630327  2.2149620794611793  
2.0720225420102487  0.3339802288727567  5.194266493922697  2.6119353694642133  6.111616566150924  0.41803231168573945  
4.891031753192604  5.903387104943395  1.5573915880397755  0.9605707388152469  6.387229325760697E-4  6.077710882673096  
1.5656114606269997E-25  6.4062652493068315  4.673698573831823  2.1586164175470954  1.7702305992074248E-15  4.839345720290817  
1.088156863831951  1.1231390474916105  2.8179099745006018  0.7797664366431772  2.6823588701460896  1.1849742388583346  
0.40454918975551246  0.15557369178975033  2.3443119769667056  5.44411189827983  1.6689032753267719  1.9721086968322148  
0.6401221375571139  0.696951665641087  1.0194787764229125  5.374223139143006  1.0988088210154512  1.2282436278519109  
1.6919409602846804  0.6350128726024333  1.188851510882841  0.6112187290394027  2.914970198552635  3.205238039983012  
2.159063394598097  0.497099766021153  0.6835960766309092  0.5104264425467201  4.3739629524904675  4.026569441606605  
1.1786206154287384  1.078829460326566  0.8354262370247367  0.8707586825116961  1.6169853614302605  1.1755581335385394  
2.980791845028276  0.3538893734014586  1.7051054374536347  1.15485488139939  4.211237071615077  3.4309667057811115  
3.581483967226663  0.28518413249254865  1.3469881477230412  0.9953096673971392  4.086974824458132  2.8245375583416625  
2.7696510680415924  0.21528132175566117  0.760918832306501  1.0463468287752018  4.211056673707016  3.6609492078525947  
1.3431976034633863  1.2832217544646227  3.29576490608843  0.814010018858427  1.5363408878139193  0.7666285630790278  
0.6718624594853384  5.678047341456544  4.53883847102134  0.808550013337882  1.4538945363569094  0.5892012287383518  
3.5408499516435317  2.9573156373220653  1.990989207509895  2.737820203532042  2.9942413432103603  2.8347588288897367  
0.5660938609401841  6.071915570795143  3.5253779765472384  0.7268739044367294  7.363884383091991  0.8735505423657801  
2.5264751281382285  1.0996492918425123  3.789726329792695  0.9489307080201889  1.1501021943401453  1.1864124226599213  
2.8616865595194443  4.287343593112748  2.7832849139462694  0.5008269322738645  4.698499382274136  1.0422105324975504  
3.2868270812526963  7.228383446751407  2.486020927535025  2.0422200786293203  0.5306123863307388  4.266136973257732  
4.853140935701204  1.1794494166205685  3.157959196104675  5.448048853004026  2.792930575425682  2.0243610240259957  
1.7686012749361182  0.9971172799924873  4.53468646291893  0.6173486495587186  1.5238667909942434  0.5096181616520505  
1.4952307308396355  1.530622545066971  6.214017877327961  1.2276896928139345  1.332455273726919  0.501028984491264  
0.799702875661787  0.07569924135594876  2.168718129216022  0.7384596345444995  3.363422224566293  7.1075675044383235  
2.246653325990408  0.30318433280380247  1.3288032800108043  1.4329957272358012  4.954241816400939  2.5618237947544893  
1.5457131952360412  2.345363524102461  1.1713303172530134  2.2419157807720125  5.915113411263287  1.358862322660341  
5.666407504034822E-5  0.6327925913077581  1.5383573273533835  4.040256620610297  0.6342843263981587  4.481205087336123  
4.869493624165762E-7  2.6771145423223883  3.673700987473228  2.0112546103163185  1.505485588603692  4.3412737408290925  
4.607863116630133  1.1474191040789588  2.9059946342605483  1.6895653377262376  1.85174076275017  2.423794616251031  
2.933584023055653  3.191494357666478  1.4350027321946166  1.0307772549695902  1.9372210605767386  7.886919961086091  
4.677691468392743  3.9257556011136083  1.7798676046461432  2.449499739138495  2.498999643168409  2.2596612161271534  
3.811929033087737  1.0252778380023007  1.378625686248938  0.437517477117238  1.833419767246913  2.3894095193692486  
0.4295836887040923  1.572233427519259  5.85384458210876  1.2235009677916056  0.8876590631781844  1.0941460332382045  
1.606680446191451  1.6285344972225337  4.323004606136659  1.1233344016833808  2.6068984366995585  1.208797313801793  
1.7074752091331946  0.8728303567312882  3.316062995872271  4.0862537265763335  2.6395170442662894  0.3181170197676097  
4.537586516141341  2.896728470592507  3.9102910303950176  1.0556826037074651  5.401919570142969  5.206793272820231  
0.17313842787235345  3.8666137723712843  1.4792756859543508  1.4513252481731158  3.0723891414598428  2.475122957431725  
3.5654396123635665  2.983978053802809  2.652775346630728  2.647740314847096  2.716343105296587  3.2423645172046274  
4.686708503277429  0.5045160309723103  2.6238780356031923  0.6920629152811505  3.4854044733533707  0.8555804347686499  
5.682565784982588  1.5627453996017795  1.3765149353640482  0.0013971332138176921  5.094751468605661  1.0184645289621284  
1.0519537537918833  0.17006989287424662  4.315158898978412  0.5430951337946112  3.251680063388502  5.571741982720326  
6.9414542193301525  0.6188721982225849  4.2652554542417755  0.22103663948920632  0.9554912460789925  1.5243484350658807  
4.233495222657746  0.28444998344314615  1.3795840537616628  2.0286068059819393  1.6708455572910343  3.5165669860344932  
0.6520538211476086  4.035537517255908  1.732697793465669  0.8689613699921352  2.098611098980918  3.5751727141450798  
1.2015936833965353  1.1083275180683605  1.4093029159820263  0.827055179763692  1.5161867336191608  1.4177053335715017  
3.341182755859207  2.0543458796349094  2.7842232172585573  2.6804842380840137  3.4535650947769745  2.1385827978895984  
0.022378641383243768  2.758724366667194  0.5873591732692984  5.372359798475499  5.321058377872963  4.332971635180514  
4.000433755634464  2.3516363793767185  0.7507569598946199  4.623654546357518  5.557266403191687  3.705109439333938  
5.876761120754788  0.6219203727776071  2.559047795259847  2.3156084114446256  1.2090377244509176E-27  5.84328609876202  
5.071427385006785  0.3482974577555467  0.23821437146447816  0.8662501898135967  0.4585971235487089  5.0469077001457086  
5.005094814397136  2.1915066751303085  3.650638544434615  0.17570104304464268  1.555046778119986  0.6172676390605643  
0.648410473640338  0.9909918898549085  3.0771750224187304  2.7972545601505283  3.7977279044282994  2.5424385036768227  
0.8589233331051357  1.103068260923407  1.765257013612802  1.1174247427556085  1.6452288886102309  0.9533894616998618  
1.1242476644906154  1.1028904434070046  0.8582130615880547  0.9280095071543887  1.4917448115054461  0.9940627961641072  
1.0670555607359962  1.0961250094528912  1.005645028553039  1.0150212541264916  1.5153087157325655  0.976037153241931  
4.132073084365138  4.237171835628263  3.527588642459826  4.402958465009709  0.7551585829089031  3.4311723008362462  
2.713559254042815  2.6103907709065637  2.9068667766106915E-4  1.0035281628077948  3.405436326105591  5.334530048035444  
5.526899482249775E-5  0.8567275684389274  2.1879910135641136  2.009857154906898  1.5113788021736463  4.703707249760482  
1.7063504663695133  4.690067752261563  0.21659594987092334  0.769694496475693  0.9611105865699638  6.171617230563773  
3.8227813369054524  2.1837891424945144  0.005762112239671224  0.2780437930556219  1.799433583597423  4.217000302134042  
2.5295484593786073  0.8320396844909838  0.2713887116304482  0.6348262431370549  1.1910234002255813  4.280810391042258  
5.497154447617683  0.5740763559982895  3.11499736082107  1.482848996083822  7.047320909053623  1.5056592203931893  
3.4110841272914683  2.8040082912594397  3.0105887730259404  2.0599568344087666E-32  2.2204686251754984  5.1146971276182  
1.1023138106402788  1.5873621298359726  1.7571195784126175  1.1440753894550344  1.5618659107227133  1.5817570231913285  
1.1243760372676623  1.0965429744675166  0.9425571802757844  0.9144627824769719  1.7944304877169843  0.9551390711036787  
1.3394473460454337  1.2523117771313623  4.688750040444139  0.8120322179158642  1.494183508010562  0.5777783252248654  
1.8099249766461394  1.074395017773795  4.425598556363307  0.5753677261690815  1.1862622909925455  0.4776406715801247  
2.793009650071004  0.11010972969780089  0.6938384399681832  1.3662562603709463  3.7977227149708903  3.7551657257159503  
0.7150755596721572  0.9317936206851323  2.2460766645059613  1.5392973419935856  1.9279064750149633  2.524419682234231  
1.1509546323867163E-4  2.3876390644656795  0.31649938620023305  0.8799704484231042  5.276492379535845  4.880022624292475  
0.3553994512869544  0.43608749928546  2.1057372931328115E-25  0.8229662102177145  4.425118376952609  5.038536660436431  
0.5507152886682335  1.761479505061533  0.5032053177811848  0.9638460582783195  3.1625632752077713  3.150675434581382  
1.0273545791732391E-19  1.806244197537817  0.35262999616771495  0.8692596798653054  5.572672347086933  5.005786405271068  
4.146203353512963  2.5455807113574198E-17  4.703816712311855  0.6613301547269985  2.4335145551537263  1.7429518501984602  
4.392672997642486  6.533365548308959E-4  2.865036971277227  1.215584838211238  4.519391200636151  2.0022900451082606  
4.632587462166153  1.4131273437142706  1.0171868718306172  5.180443610054915E-11  1.7579167120541728  6.95488262352458  
5.91404902073606  7.608178391740754  1.9136483577310537  5.896174406007724E-42  4.3018594242441095  0.05389215199244999  
2.9812175911768253  2.6652318544709837  1.5807012370886353  2.101263675429469  1.5572492394677053  0.8013580451713755  
