6.386186927194123  1.795834953239007  5.4883192471419475  1.819234743517112E-24  1.3588627012734955  4.21905956392711  
4.392460501313162  3.5330124815314843  4.319369387007453  1.017937260487991  2.7345308543596203  3.3999335590241127  
3.2116365898585393  4.696669735706114  2.303220305498887  2.2806846429962606  2.781201145089213  1.584403416913094  
4.111481720959302  3.2678198013604525  3.936625675884271  1.22849684419794  3.6307080750049794  4.062371724826135  
4.338942173794565  3.197553486615023  2.7709320513001905  3.2439602420688893  1.0282235612452773  3.9459579468861503  
5.069695198679342  2.626695591041323  3.0506967814476984  2.2338373093055672  3.3193345630312923  3.2173667362767566  
2.9223239737869298  3.320803439781919  4.168725118353494  2.1803071923787094  1.4389478780309954  4.485409027083956  
4.856918939179649  4.597790529567274  5.170692905844524  1.2033173930920074  2.2806897328135705  3.619305275789753  
5.224644764375349  3.282287482205136  5.296545521232719  0.8557825820471676  1.1055585697779786  3.2253645817314784  
4.437953387717496  4.035083974310404  1.0074577546836283  2.7938573152445443  2.1537076256089405  4.105790238763827  
5.5101180329981405  2.2992728000314226  5.810249092877949  2.0134106440451016  0.010491229383084295  3.957737623439304  
1.9640455520160307  4.657878322632552  3.06869821102349  2.6965479853632632E-8  1.1801383715129057  5.299968309715321  
4.247435601771402  2.6891931580595716  4.234358750951737  1.746559616598909  2.700328844163183  3.785101720537472  
4.03346745205733  1.4071726063652785  4.4572517130814076  2.394892047868995  2.8776247932620493  4.398103438446433  
1.8125342644949423  4.876646036970048  5.29535826623339  3.4160557278771586  6.271954059456344E-4  1.0124943671982796  
4.581985715198642  3.2731793607947424  4.040424184187605  4.195756484618469  1.920877885258447  4.007809206999665  
5.852805277344398  2.881525935551783  5.466232745849837  1.5348728355290766  1.7428399524812597  4.0544990841300494  
5.269169620444788  2.4099429214631565  5.0634328704367215  2.2770651249348632  2.576030728349277  3.9342773394659103  
3.3831944858663383  2.482891208589083  5.92034021512575  1.4128359519177167  2.287110239060795  4.313529409102437  
6.042996407914284  1.1453632933857187  5.476239364688793  2.487225086077694  0.21327923760614323  3.486998516013102  
3.205719005907885  3.572799046243083  5.665245181718394  0.8042161914356715  2.1235454838006795  3.5595049876557767  
3.1202958950300173  2.344576251136569  3.5443888588783814  4.016749572332244  2.5274973566129515  4.896903526059322  
6.641321296153249  5.689900576618577E-15  5.597267951637313  1.6535946988905343  1.809145484985066  3.3742212444970687  
3.252749778597324  4.3615084718828845  5.484713398655263  1.4431419143356667  2.0400027551836453  5.325220300535359  
5.175902507899204  4.597419344413114  5.064648134253087  1.0529817131522165E-4  1.5962191245874306  4.240927232423367  
4.463657004892978  2.964771566593743  3.9551610013341745  3.209313587484402  1.2537296865849272  4.310771197542026  
4.964392750139344  2.09723855076559  1.8227842612103955  3.481518705214027  0.23118778522514596  4.871850565927174  
3.601553187473668  3.349315609361056  3.597739660799242  2.4501787424983883  0.43754012454118935  4.892761947334179  
0.7266337218828601  0.31629611252596385  2.0999328653029794  4.007090662787219  3.265371123895431  4.622444474313497  
4.265526583354637  2.771434637446699  5.319499163253984  1.5083165471043125  1.8702983411685352  4.856487708744741  
1.968341566230352E-24  4.269952575449353  4.723088509035162E-29  2.7785648204223476  4.926674298234377  3.435463536216397  
5.11092704068445  1.9080376624011217  1.6414761525417603  4.862568015092516E-17  2.772735888451046  6.680730357675689E-7  
2.5054284774291684  1.0879344308323213  4.297249829347999  2.3277248677635396  2.9070534545336986  4.586812699615396  
3.252676026725481  3.97600298426277  4.984068530799287  2.281479811299151  3.1242748084884115  1.024844487963074  
5.286865947410808  4.021742299948737  2.673080150182889  2.24184263914074  2.8125360043618275  1.0794366307200984  
4.74206425521666  4.821028667872194  2.9914469590534294  1.7450382153834598  3.0483231069446863  1.0077457686707326E-27  
6.553536292035991  2.9775595156055106  4.91998987481174  2.7345712397777984  1.277154427034477  3.474439452185933  
3.363405408061614  2.464792585165816  2.0244868991141756  3.383329940273747  3.8552349260965193  3.752395271890985  
3.4261781347958653  3.9731115557217147  4.9552164218594585  3.5997561250916914  8.938806909714501E-23  5.217710925309248  
2.8256983000442117  2.0383390858168857  4.0496957871242225  3.921761471460504  3.692256689019275  3.438622505514699  
4.835234445884991  3.1173427390624284  5.28590271604303  3.006676159543161  3.261576926966602  1.2105887189804572E-13  
8.625985928929881E-13  3.9114120455506383  2.716732234827676  2.3244781243912658  3.1355038632132546  4.955429254018873  
4.501114123634664  2.6535843420495753  4.2831196815239645  2.49578713659808  1.4095172478204085  3.9184458299070304  
4.303823094307728  3.4875584069415684  2.659186809653152  3.268611103997125  3.2184965939718952  3.7003049781402733  
1.4783256494505987  3.1405852427277736  4.1737648765174  4.575713700790688  1.1040801342855082  5.8624794652671826  
5.298051332175665  7.736620243457465E-12  3.0390318651746315  1.8545318898242231  4.7060229629696355  2.58834299018717  
3.44183339161448  0.10355069577224316  3.9057163705021427  5.147091208547388  2.9056823939048617  3.798497409856456E-13  
2.0406909658227637  3.677107843841736E-5  0.7696668763259099  4.354275053994192  0.21773928732425038  5.024793565385834  
2.7369713492771703  3.447891041390781  2.8679426230980574  4.781786484292859  1.0279013398635861  4.529367706978815  
3.2655840158462017E-19  2.422899784784359  5.017283042937597  1.175852854608873  4.078304794294841  4.523105848498384  
1.1146073361210465  0.46215614355534385  4.479176936401978  4.162007287173891  1.7686309208236153  3.3210378353580263  
2.139543208790957  4.705521996559316  4.586449059604747  1.6083770669408857E-13  2.858028427556492  4.151257210965043  
4.603694822128108  0.21888404527321453  3.4997255907719094  4.117766240211643  1.3798984082297452  0.7817268443278235  
0.46673949595584757  2.6692958318503726  3.123561800156723  3.920032677598326  0.6278123114660723  4.419903928858609  
4.157234874601687  4.397927111759219  4.794467426585267  2.422659196486168  0.41924362340397026  4.27652870788106  
4.6288809734018805  3.237048396361635  5.377794437173067  1.4486100639726527  2.016191491165932  4.2945942947595235  
2.0754504792584347E-10  0.4934535012899948  3.880617528422304  1.7239208858935684  5.308205254644121  2.047881308767088  
0.6766919665755211  1.7369546448047029  5.631636786983284  2.9593505867575685  2.079033253724905  5.231528762278693  
4.5779461198572  3.104203571241502  4.536781546885612  1.111258270081404  1.1126410053422342  4.305830656368883  
2.16708471055213  3.561130087190494  4.396553102032777  1.681733835562208  0.004377630908831997  5.672459567590774  
4.416375992611631  3.5405936587772175  3.722332063535424  3.846593991846275  4.145974101773285E-35  3.055119340834709  
2.4092799512965763  2.052525759925205  3.6234354515825333  5.616582978375861  7.689047011704639E-11  3.4728873025261615  
5.60331185319455  3.0740396625163986  0.6289501857920357  1.7929921710921632  0.5721055039046126  4.803395436985946  
1.9837309942194374  3.4073159205327674  1.8560377671801036  1.7301395121415293  1.9177589471684942  5.725739115814228  
5.14918022412151  2.995918845060318  1.4428987301985075  3.760059436693019  9.632119985190368E-83  4.150022418103295  
0.5865053332144269  0.6130942980549392  3.3497371359897303  3.3522649485619245  2.117584583481985  5.408932389248759  
4.628362616838578  2.9724534164422645  5.283984561058116  8.126808371717019E-12  2.684927058476042  4.084811156141894  
4.226780626492955E-5  0.8863534350691902  2.268722117081926  4.2222958508188695  5.203007886453863  1.930245483595779  
1.0115023657185023  0.8986369257252006  1.5451132062174775  2.3826999637451647  1.1637896778624732  0.5337864947016236  
3.625927829196858  4.7268996126202  2.660088094466308  0.4533997500834003  3.6052167804213022  0.9239416674597971  
2.5969156791210817  4.738885246154851  4.91109915814278  1.8574343768271073  2.3468420214669967  4.048237780855878  
1.4301884160721112  6.417111765056343  2.022305667489381  3.423188437693819  2.6526362243502  4.597315390877595E-6  
6.003778882985177  1.1884995582634796  5.147864987858676  7.859838398584948E-33  3.420004932917722  2.87150216365801  
1.5969316720276348  4.574489357526383  5.14020597966483  2.579257797479341  2.297529426732807  1.9835007749299434  
5.360252674425624  2.3257769769032097E-21  3.850785290487836  1.4260642328413045  1.3123596710453942  4.651077116547446  
3.1731949201072376  5.119466559712819  4.807302817183822  3.5144978276157417  1.0353036387523564  0.3801334579001372  
3.4124165393440187  5.27551706966948  3.2850569591229655  2.477095240595662  2.1873607719002273  1.0010399567554324E-13  
3.952807240008346E-5  4.639222714271309  4.35678473616437  2.3119633519854106  4.013651909010392  0.8031625258641569  
4.256092731227709  3.453983454403701  5.237515809484447  3.4121138823371204  8.040224055470708E-27  3.7569668624227033  
3.841466189298975  2.835421779352277  3.819119492997505  4.54945562984038  3.784577046203188  4.390817311211664  
4.3859338883843056E-4  3.446026315925101  5.754276222403045  1.1111303421126275  1.7431713973495875  4.00110423661323  
4.62638300222534  2.3323797850853327  1.4750694179495787  1.8661947535609003  3.9925872925705015  0.7474758896702923  
3.4835793366477787  7.675698401966397E-13  5.365532918169132  2.120090253745121  3.0424976012726197  4.028496262541607  
2.886163287993342  3.599872890728301  4.074416896385059  2.640959964690821  1.4232560009133859  5.530888993693784  
4.8897581378648844  4.293009755898379E-36  6.045495005417968  4.770687891361355  1.7083384860313477E-19  1.5697020037927223  
3.074802731854753  4.817028005139602  0.8659104664645468  2.99177151660062  2.5607739737091437  4.212180643987075  
5.140082432229703  3.3176656148119488  4.180306382405391  3.3281216919566927  2.6674741473724553E-7  1.184125703000069  
1.304819512420751  3.334554404492585  4.789210699414084  1.5118077710128806  3.138051402416471  4.589764453824677  
1.2315754628574955  2.5883711540391237  2.2543063625319406  3.649818510935197  3.4003081423042505  1.5151075834242034  
3.673607903886054  3.382455980601091  5.016330466762465  2.353569960838507  5.842042463297376E-44  5.239833948500526  
6.7142266790886  2.65385191077722  5.234294638662076  2.159285395267699  0.41116958995261554  3.5192787512264085  
4.704823120508747  4.485555324140581  4.919852816341884  1.2653242100624946  1.33381572038889  5.017693061134066  
1.7426555147763916  6.392985935214105  3.325040539071935  0.028419949859264798  2.7466203191039664  0.6937487590389336  
0.7944584090992876  1.125458447324064  1.8076090430792238  3.338030229555039  1.4345782906865792  1.54938541484959  
0.4352086570264823  4.0640048266237905  3.9881235878031815  0.01811350174647941  5.70666846733287  3.3878552729354605  
0.7469139832885803  1.4585214389371222  5.018557384389491  1.8828324913027275  3.3664213477522678  1.100444740673716  
2.061727571415457  0.032616572247673815  3.356672694172272  4.184415730860734  2.87293106698608E-5  4.864973605610727  
2.7835374575556417  2.576250310283587  2.5449289402283313  0.5378395941731791  7.941300216787884  0.26703301173453853  
0.591127907321599  1.9496237192034265  2.2246074186066647  2.562701502994234  2.347112907265378  1.1392601287186  
4.450795917107366  4.148717083436303  1.3109702256996107  2.7200963976221506  0.7439727138374738  0.6037380224985166  
1.5665140631120582  2.691671846595629  6.027470149372389  1.2901301201726034  1.297559071779874  5.196244139770645  
0.6133443062580157  1.2521106329298997  2.313546477588895  3.6401097710757337  2.181167458266451  1.4663214622981195  
6.412702441286015  0.29255208912335573  2.4823499793032258  3.981062923464722  1.6175710502668739  0.14115289322120728  
1.4474337511805977  0.9126881453099224  5.865351058525326  3.4650736989093294  0.25585899264459383  3.2597487747985006  
3.0809366639824454  4.043021797338555  5.463849554538733  0.9540020385476464  1.5552120405817256  4.259705021291905  
2.7322926027843457  1.166972191732497  2.644971646048385  2.7511343455112893  5.85003378505257  0.34371571962052816  
2.2690245641494613  4.834363781377426E-15  3.576135008233121  4.134674926717281  2.369332333651051E-13  1.79304550310639  
1.321538705718033  1.1798718514812918  2.5945604570194845  3.21533777899955  2.468909850620657  0.6832020759024567  
2.1917640690607874  2.731046169995272  0.32996290649162313  4.615477498271983  1.843834457324667  4.436600279127599  
5.427875295487477  1.49418052892951  5.216379209962  1.3162340547771232E-7  4.212692147173339  3.7401739568947385  
2.770599513518486  4.04888727066719  5.348560897766609  1.5511518208082017E-16  2.7999381380053032  4.769147125660716  
3.5397377751104915  0.26316731303548424  5.255886508677208  2.4079688914787454  2.6620926213200904  4.320889651805531  
1.0392171002538646  1.2771934912983127  1.3986470173499015  2.737197788011791  1.6948710538619682  0.302912814108328  
0.35790227851668555  1.22489213603237  4.79254096240637  2.055084569043933  3.5585040235398466  0.012265825092882635  
2.7293089551382512  2.6526599022679  4.133374063503433  6.00226957842514  1.3813754966292995  0.27169569482958794  
1.9723149173718526  5.40673751953235E-12  6.098180069806545  4.810718389060142  0.7069992400431558  1.843533468931029  
4.542662951732564  2.4633459230138657  5.213247688441752  2.069971962944122  0.9735853254628055  5.508192245006768  
3.2509284767836415  2.5674656222614116  4.969065452207781  1.1566445161408809E-29  1.23422451867352  4.180566387684355  
0.689076256969498  1.5948471222926197  3.632909742371962  4.841380637352295  1.0913779840313644  3.172189650428471  
3.7183651844726495  1.0657387306214865  3.3017730915097245  4.353769281709828  0.9655834344511338  4.715256542241841  
2.6131454893106136  1.4338895259448374  0.03932932122372973  2.5586091083964244  3.963605029870028  2.374153514770614E-6  
0.8535835128554612  1.9429727212191283  1.506190986065143  3.6159502728945876  2.3875548830562408  1.3242449597141872  
0.6481602451458108  2.587208892262033  2.1568168027542143  3.968572724132728  1.096718158303309  4.841373398454852  
5.011219926249799  4.018836633317094  4.795402556280534  1.8711635529780097E-9  2.3545776471004984  3.8535804213066167  
3.7483453516244905  3.631008614841524  1.102670570183536  1.2703624314250903  4.278247384636444  3.5371842470119668  
1.6570101306867122  0.0024801936189544948  4.182868833759941  2.6887865375825557  0.3627574814898075  5.97913112489785  
4.530836511788485  3.3199095229689943  0.5033362911276484  4.168720483998193  2.9230651844381802E-6  3.9590351288854637  
1.7620205191922025  1.0917101593725267  1.890159108305219  4.001215984319005  0.3441344142343843  3.273725303424731  
3.6603102368702145  1.686908327782575E-5  2.585125468169141  5.5754187156190484  0.740649010634602  4.56976519882921  
0.1587014984058616  1.3250093557389997  6.253470378034525  1.6962695486433752  4.259191056371868  0.31621168054458504  
3.108778629300359  1.457932804985469  5.798492904911008  1.189036374104684  2.444500706930947  8.568973991292703E-29  
1.2927680455826414  1.8198189677573748  1.239794937667065  4.05964923485859  0.9951653836301377  0.9969100249767064  
0.792863576589625  2.0134599157626276  1.1256957171261217  3.853959687510038  2.604489159007267  1.4235751269134116  
1.345811381204188  1.4772646776379734  1.628519591722787  3.8440727734538696  2.404111777005699  1.1360343130388746  
1.2852730649195026  1.6369836505199764  0.9183047829824561  2.8970753840542587  2.290614237506435  0.4518101281555795  
1.4563547265489236  2.82258858965747  1.2772199160081883  3.8650496882879373  1.5160739534031977  0.8562948289379246  
2.4644721316378786  3.5796741951152775  1.3417303211925473  2.1850046496277225  3.802585450672691  0.819280590139327  
1.3916055875014315  4.247798155515704  3.5479630867338963  3.954477313408657  2.3990817699380047  5.117167311266485  
7.300716036569661E-18  2.3327035547068973  5.4509853322271224  2.029279609940165  4.648592841480443  0.5044972628177772  
3.8959220112689548  4.28819583926011  2.4814183903805676  1.603836125780469  1.884135577553621E-5  2.004776039173082  
3.431516710590882  4.092605240235955  3.907992099803622  0.001514590900802207  3.544117907813835  0.8536071526079523  
1.0624247355584948  5.24593867233227  0.9803408212582131  0.604124041305486  0.9392032622652606  1.203018262392171  
0.2203652774234282  1.8597814489184004  4.733365430625391  1.5982095835358274  1.7543964911809873  0.8508581298184966  
4.547592460611203  1.73616773535409  0.6700656733237647  0.017109435382085997  3.124332975389921  3.957516648571989  
4.569434521779762  0.9251238721553716  2.6607973763496884  3.140364359383365  3.2452327472442897  0.0015035804171063556  
4.648126949548677  5.050162807256023  3.8572392083588762  0.44267065628210533  1.8314044514959236  0.7580728913152246  
4.619779385457509  5.17204520583458  2.393669096658364  1.3008787549835354  4.130957684669274  0.39843933096229167  
4.5795263665022394E-4  5.363401745651799  2.60600350764746  3.049663256605063  3.661701717543606  1.6458017153828642E-9  
2.5745416277080696E-6  4.816660803365292  3.597490369670172  1.0273392383748667  2.105114311547745  0.8887207774669234  
4.682012135545285  3.5031513848500095  5.258211904675451  4.073590934886776  0.2623357060146034  2.4429163719482685  
0.8751811975095536  3.796800057921817  5.0364387766532746  3.154536684826994  0.3344040586621986  4.315330274771499  
2.3949526498680687  3.1669027754333525  3.917712312802658  3.293654926642652  3.335844605041559  4.792154360560944  
2.5377510034622143E-5  3.01128104686108  3.306000300376304  2.450424016490103  1.721603840293276  2.8067535322611907  
1.2529082445987842  3.5506374260985263  5.947039462861272  0.6093088449591044  0.6570030761166977  0.7007909274776203  
3.0621489607897687  1.0281708999097432  6.239207760067464  1.8213368951272226  2.910783537168477E-4  1.3315360344646445  
6.15196832171573  2.9652462109812223  1.9427098871230202  3.4102056654161332  2.258506892126288  0.07527438934871634  
1.2078292919703484  1.6884324203025496  1.4860371163724917  3.0545840063385565  2.6917469818800424  1.2417762989377612  
3.7688172686935055  2.610467481521208  4.02290091412152  1.9693218810570232  3.584434692448372  4.032872586130434  
0.6101856448523583  0.9900611142200506  4.719911481720929  3.4579555642161752  3.2572013541347045  4.19440738232518  
3.494776520462946  4.677288092087273  4.327911927292041  3.600200638504488  1.5155740832183318  1.19507775984056  
5.981111481595336  2.1556375577537485  5.122731466196345  4.411882658347544  7.668405152678983E-26  2.157542813270589  
0.592569085042095  5.703177106576962  0.496793805209431  3.2209421255538575  1.4919150510321215  5.904316587091772  
1.7857054289990637  2.0019613954834607  1.254633686155518  2.0497278537804  2.0558820597678817  0.1350504648069856  
1.9987690849938011  4.5408672903694285  3.765275056030975  4.210488810955452  0.10739313568882486  4.024228918871117  
2.0694438196300706  3.4096438268391873  5.836654113602482  1.2162502661663865  2.27684705493932  2.160111869953867E-11  
2.8446401450312027  2.322575163355113  4.872976384329314  3.420950398636827  4.7358480322034566E-20  4.637325212412197  
1.9389401832830604  2.197289542733168  2.776377527252268  3.984513965191646  2.348899719522826  1.5570611958683185  
0.4639581033217878  1.191641447225009  2.1670641181227093  2.8052933442813783  1.746831702560865  1.1330513737994365  
0.4786091323505027  4.798457281376444  1.1971554697622764  5.509775135409488  1.242638596157575  2.9891620177427023  
0.8585479526301292  1.2578326122409484  1.9257844278778407  2.1180931672965193  1.362109479283229  0.48490519501019086  
1.441588766103817  1.853175278454338  0.3153737225497257  2.9121901830626458  3.55727379547476  2.66574250900066E-14  
5.439828394150079  3.695895922365085  5.347806292673851  1.575270026962161  1.851829361438986E-41  3.1354992595819717  
6.3014181711986845  3.3645234155332266  0.9997853903567959  4.077792366547783  0.8774450289987308  0.7253259884067274  
1.5034857642816555  1.9113142068553328  2.4237282347115134  3.5585239403811664  2.8259052799045836  1.3984532435432313  
1.70562853840891  2.3336504197320664  1.6502961401409495  3.859286406100791  2.9801756280292175  1.0460368553795691  
0.6611147114418072  6.22786092370113E-32  5.996904715972353  4.5967140638822395  1.4761558379773672  5.7972658748826955  
0.6732068344105124  1.6010883815972852  2.4670466123062536  3.4720623568899733  2.5594213293229706  0.8726242670216805  
3.5150998348275526  6.027395701406668  4.86285006591586  2.3124518152722994E-8  3.1027815139491652  0.2589156670173433  
1.9138030820435343  1.9996872149942966  1.5814495581996337  3.0801257355918517  3.385977314286359  0.6074587203861808  
0.9692987871398187  1.6749883518946291  0.7152018220703622  2.010659799467999  1.3317087020203964  0.7995023617150109  
1.8806585749716915  2.205949146559048  2.0867643813308714  3.560947919368032  2.6102940333891294  0.5555404526763018  
1.3644646842302959  3.6785749906182486  1.9945339441986143  2.5683168118672035  3.091286556664155  2.2963062856186465  
2.1469900281858476  1.0954567293865936  2.8580246817816137  5.47319031642937  1.3635925234849093  1.9453746181061504  
2.1088429826342487  0.2685030024756243  2.6791286270461505  4.9137227044390155  3.50556447425547  0.7166582156727129  
1.444726601080996E-18  1.095290016412079  2.487378755555792  3.0271406169117063  5.126692553473296  2.456313234318185  
1.1127222525090443  2.1576245842287336  1.5222499706607044  3.2599830429053593  3.4336596852838395  1.0253311235944975  
4.793861585708776  1.993043242785144  4.141690065840328  2.3558149144089118  3.8070931905198453  2.8012625658529453  
0.7044125666093392  1.3445975089830153  1.543020706013312  2.8384518067599633  1.8406794478366433  1.1197414036139681  
1.5994083399405112  1.8546070080040689  0.8291248977290185  3.4891887112775106  2.9695149616490304  1.0233368938649194  
0.8888542814518182  1.8615979029048602  1.846180836800038  3.8181611690257973  3.409217549059074  1.6414170639079413  
4.279579472655506  3.6723747055729645  1.976858725503959  9.432976579954513E-12  1.418040311883733  0.2620666725814186  
1.8961953979181927  1.3820421852642493  2.6854189802837065  2.372365672105637  3.6545733352080734  0.1978630495665636  
1.7768253907414027  2.015355490568743  1.0799896563004023  2.4858580037466287  2.8822299886076337  0.22526850078202318  
1.11617053051864  4.6535882470505205  5.40842580204048  3.2124341640955962  1.2772569417232502  5.053314083681912  
1.0400804955229257  0.7323388621372501  1.881690596083099  2.7890004733879588  3.9462983476443  1.3527535001028697  
1.6828292961517648  1.9415057492288958  1.7354143357247145  3.8982616020495646  2.7880443615363446  0.5545911421201954  
0.8495120345736746  2.562248222437017  1.6871504604913448  4.844371036358467  2.0042177797998613  1.6868508081710967  
0.6131155279343318  0.562749237071882  2.9401837031500797  5.128923482903014  1.9157323702180882  2.513859290802825  
1.0807544324600475  4.810385377147067  4.167176831490581  2.787238414003816  0.68550480801644  4.985543431782963  
3.9527592020727265  4.915746411636097  4.557216793867856  4.894558339984234E-19  0.5979236923793246  4.341523828611474  
3.1212948674303598  1.3706620421437419  3.716018893580789  1.0229426094251342  6.022127926235909  2.1726608937964653  
0.467297468373399  1.4914825012365547  1.3713974519752274  3.271104049540134  1.6661458590986433  0.8844706976083874  
0.4959946776009964  1.9769459545569055  2.583795217175514  3.2990708194243616  2.484353222477414  0.8266094067694351  
1.7524216202724192  1.9080123312296122  1.6874831368870769  3.1861354140408507  2.713979137293626  0.08270851407594501  
0.7625886675521127  2.228247643747072  2.326459983675141  3.851914324796989  2.7571771776574345  0.9752333861827213  
1.2442883562844584  1.3692163517907385  2.0932582024481183  2.974914204785309  3.15442657942521  1.1888367704600131  
1.0514611458915835  0.9233457697782517  1.0078932747386806  3.0685037387115432  2.4351074645034596  0.9332901373148241  
1.642401715427709  2.551986849212135  1.455614858020224  3.1976706372062607  3.8781051354383282  1.0008087440432671  
0.7349420812794835  2.294934995395992  2.4982661000154964  2.6777619875612686  2.8729087803548463  0.7841113472227353  
0.44890693015576966  1.3232584948134594  1.6035123404472267  3.323123136521705  1.6227574234393032  1.559155525322489  
1.446311134012629  1.709741340713431  2.198701343035069  6.580368304835302  1.362669842637026  0.6498974262956847  
9.027584821868241E-7  1.352878668769086  6.6123212664002615  3.076563542524426  1.8546567075241243  1.599746047511627  
0.9482936246905225  0.3841605750031651  1.421021264963186  1.2753003167386516  1.9104194574674265  5.493904218329294  
0.0025334632922552522  1.9090607080414796  0.4852134440539616  6.612027068777072  2.453239793929481  3.788803547076555  
4.58428528234896  0.5272668089356836  2.548863293706194  1.0307660367285004E-16  3.643824557626993  2.9410326690970283  
3.5424444699081445  6.077226205803306E-15  6.486148757896601  1.2586049719268958E-18  1.251967245849139  4.7217623081840046  
0.012462420669575052  4.4833128675416845  4.547869699121379  4.736671434083328E-6  3.675885775509868  4.698568020238023  
3.4976358721106786  4.6160557419320725  3.844758635462897  2.8803786036113577  0.4625151585682325  5.835149938986705  
5.435394595234388  2.9049493436092186  4.372934234016653  2.38181073510956  4.417904133150107  0.0011856570351130823  
0.2943126615949355  1.2174555285484907  1.13761308413594  2.1745165487351414  3.191749388766466  2.0009073211155286  
1.0555272943918754  1.637692031858102  4.213006376914209  2.2544807001304545  4.548813706510045  9.642950647560257E-5  
0.8447088819983921  6.24339276156064  0.08684540626597292  5.029311929702485  1.9350321150445111  0.685647112418633  
0.6031800535187842  1.153479717656804  0.9531638252072577  2.5663580706917046  2.35602963064731  1.206782308809243  
1.0233029637272928  1.5473486535451355  0.9586565315149366  1.9882385574251649  1.4663534433199208  0.5323022622721324  
0.6928619782335795  0.30547225091923935  5.371096504155548  2.0241279481751233  2.5924844900345425  0.27243782157282403  
1.3245997533965155  0.9103696878420312  0.9993357159642269  1.6911965199721175  1.3338042318971663  0.6404855114000619  
1.528628936974941  2.2364865364035724  1.831704279996358  2.8597575480998487  2.9802494191216846  0.5903617045058239  
0.27217185203272404  1.502352254338655  0.20091971691612343  4.113924230449284  1.340484137035123  6.3334434504012584  
1.6916735016128487E-18  2.723745328507054  0.08465025218953039  4.541072312122077  4.974128901012607  0.04225315532400378  
3.9095977865581513  2.8494417164382457  4.995806057868445  6.592151925553372E-8  1.1990858838318827  4.965360864139326  
0.9929887187449467  4.91176831418237  4.059709920027466  3.6027553714532887  0.8327447570138525  2.1104164079732763  
1.9615775441698395  5.169406730624457  0.612597960543471  3.387518745506385  6.067662704832214E-100  3.6729521393483937  
5.209176965857903  2.6349516473160586  1.9587974836466726  1.0396192203979502  1.719541346100853  4.144969400465138E-6  
0.8260973449244471  1.5599795344181893  1.2487695887423327  3.3577379448233624  2.2539224686363686  1.3288574351696536  
0.05611146588673915  2.611559634978301  2.2769792947057965  2.5964067141307767  2.0465007227113707  1.2730602813719174  
2.3252126531350115  3.0349748842745794  2.742610704116223  2.0268119383538603  2.852192009363577  1.0550753714371912  
1.8698123444486354  1.8472727209996465  0.7914770312150554  4.727173066064546  0.009811331828355323  5.367515564415624  
1.852935807276529  1.8104530269477856  3.489839769979215  5.281654721824382  0.053616768227723634  4.892878076569311  
1.2701276014883298  0.9500292225200074  4.566127773410334  3.52407299723527  0.4170153381836075  5.223216477077341  
2.44059216638022  4.413779173450508  1.3063208797782778E-9  5.2715484389673974E-18  2.988599750859734  4.8257712622301945  
1.1536707496129595  1.8651182203561085  1.0625392854011622  2.3579099619774118  2.173978912241196  0.5000887942749043  
1.1505739122669398  2.190614233907631  2.363648095439259  3.950132124006872  2.2690387463938535  1.5397789371593744  
1.1942523507507723  1.0290289623531415  2.325685697564741  3.1747765415858202  2.4585221997388724  0.5681898774933836  
1.518156914157951  0.4481192106344311  3.7663297862564193  3.7654349830593445  2.5175456898870796  4.89160412812957  
5.654496852522548  1.9351168642180376  3.295212271459842  2.152127839431909  0.3153074118988552  4.032405166136483  
3.871128419199821  0.8678813130043638  3.9034832295900266  5.491249965856218  2.1135118152681645  1.756288442670905  
1.6353590918595056  1.8340799186055066  1.867457627095501  3.8478009985601993  2.167161255905853  0.7675607789800082  
1.313683517777452  1.942098416496554  1.1165272526314736  3.1735929013152253  1.550229882987445  5.846905942704293  
1.5795529010427383  1.9522963881415885  1.411184042531196  3.4417009015931956  2.3385244547406416  0.28761350823157167  
0.9277941233220649  2.391643014993078  4.433899663763432  2.5905489123128627  1.216101807747557  4.165242725980797  
1.185746390982258  5.49555644697482  2.0745402293863475  2.521911980433701  0.4468109499666239  0.8357369984127686  
2.675455079464951  2.681190061026333  4.831971119321632  1.7773376215384294E-14  5.095254751317197  4.031069866147463E-5  
2.037856773732847  1.720398770763637  2.326131939276884  3.431346613696709  2.75642115468743  1.3642106516595571  
1.4878862428896436  1.0894159287727267  1.1410649352964333  3.071676403888246  2.2668205570346873  0.7643024341441998  
0.11665624387506889  2.333105733230688  1.3066864878107052  3.358095721886817  5.3893223981634835  3.3863508938119664  
0.9170982077890026  2.2513155611656828  2.235171253282435  3.5534370096048398  3.329399805238259  1.0660260829867598  
0.7752446980114394  0.6816424011279661  2.930024933054987  5.321709578924409  1.333502669866013  0.3433106184284912  
0.8546075886847907  1.3851448167749643  2.2956581854396405  1.9831168232764456  2.118988656000433  0.3652413462653927  
1.0068193767479572  1.224310298933786  1.7739351917612005  3.4188910563573836  3.253431913449777  1.4528420270024134  
1.8756189297062658  1.2706235571984705  2.1730283354543016  2.5412580780381195  3.156438994325288  0.5339208173001675  
1.8007506997717557  1.783883462412251  2.1851002846448124  2.5210946698843077  3.349017482061374  0.5438309056306015  
0.2590532593057707  1.6387440311590245  2.610761111407374  3.4063305409969904  3.0306298406389733  1.0304211369426557  
4.541868676250508  2.5789150095424396  2.2266690633217925  0.9698379011002283  3.758660680053084  0.3622637252268362  
3.214118638538606  5.167634409602334  4.556861322535612  2.423434923487459  3.9453721397844315E-11  5.116770340014402  
3.274721921943927  2.4073719217213583  5.4685029103285245  3.848437969028119  2.550202230422771E-24  4.130520461601844  
3.44030229532439  1.5948272962967844  1.464194450066967  1.3767683407911537  3.198611528794265  0.3721796343245464  
1.500325874968533  2.648419671121728  3.6248201304197383  2.4538364064247973  0.9713107780437032  1.800623047574057  
6.32972816162559  2.2703896877426685E-9  0.9041929118296158  4.73772081611041  0.33597687585686964  3.827761505747781  
3.082375285800612E-17  6.2848650263116035  3.642440695298798  2.2816494954967665  2.588070997634068  1.462073859095402  
1.4385916427301275  2.1405212459522844  1.241665238795664  3.9222715231686616  3.067700317767898  1.405420225954217  
0.744485475410278  4.908009891818763  2.0730228169533316  2.036813782223474  2.5323694558643766  1.750311774204766  
1.5938022442002375  1.4705538140363659  4.657102220200552  1.8823193833530836  1.8670699267105368  1.0539616822189084  
1.0870470808864088  0.8408424751023448  0.8801643429557935  1.7659713782552808  1.028418551422554  1.0455778375710285  
2.6666570733967787  1.4177418480334918  1.234960352360196  2.505818416340965  8.14659568539929E-31  5.502023526622099  
2.1627966567494927  1.03407887834113  1.3184050795422038  4.089539031675768  2.1739547821548544  0.24057208437695893  
3.3141824481245883  2.7093311981902377  0.9073929372213386  0.0090373625030664  1.2734089951491456  0.4594908369165581  
1.3973701130497256  5.231182282564763  3.155773665394405  5.31364745675946  1.0763724440035924  1.7754110835099923  
2.8611182019323205  5.4817554943717415  2.0746887574249246  0.7333146575098175  5.10921323373906  8.183887723723931E-17  
2.7551806354919295  4.776613451491216  0.7282708406066716  2.963365886515485  1.8948638529540063  1.0771553619618062  
0.024651554741301637  5.556271074525672  2.356499115230272  1.6399285920734223  5.700304977960913  0.953728077217646  
2.371069308583528E-9  4.5739572862503355  3.3781532586906264  1.8533788588541635  2.47180148761468  1.9983750416899986  
0.607510407668679  0.9216848790487496  2.40307032832251  2.960676262654867  2.4409949446204178  1.0541699716442106  
2.3675364528986993  1.9238697409993584  2.4605391004524853  4.108127115508595  0.322693068137388  3.0231635067702674  
3.965973205533662  3.921187755916569  4.943208480505661  3.343958036086213  0.5430658795977629  4.666208249582773  
6.004139884945531  1.3279810347679764  1.931945122499275  5.798667312203504  1.806839981170597  1.897620462721759  
2.3693406333737217  2.051007444770938  2.98220213425149  3.838111026366952  0.5401849406999393  4.366429490821796  
1.130851445527359  1.935353226982019  1.236687918270127  3.8828411818685797  2.971176391586893  1.0442878911763303  
1.4437930642331405  1.8114881115745374  2.135003543553153  5.277006347314379  3.1520888884364267  0.08365056243931324  
1.5025293624953333  1.5102329944983448  5.67846822427242  0.4082716251779629  0.7283277558502897  1.8833105115769753  
1.0746827476411076E-4  4.958408344310095  3.5549481219742796  3.9850091605009723  1.8586251250167771  2.809595979127069  
1.561753185484584  2.3623218735062936  5.674049480820039  1.893944332095218  2.9445934196014187  1.398606225432754  
6.483584409559656  2.6292538207144007  0.13494279523715189  3.550614466805274  3.0752176446590354  1.3574002362654233E-19  
1.8552026703772284  1.9516118998655514  1.2845855174512817  3.3421803683203097  3.650557149966334  1.1627747758468667  
2.3593042196773255  2.2751142397263577  5.174022589055442  2.15739354506442E-11  2.0103256379800873  5.3190442232613  
1.1568061356498118E-22  1.5231823830883877  3.096461026846597  4.84005758508225  3.8134822695550143  2.9673390730805136  
3.6043143395110965E-10  2.2110924380833281E-13  4.809521823597475  2.258681435783928  2.3481514701048902  4.843767447979292  
2.831085275412305  5.207086628580745  2.7580347705422548  1.4493732523918022E-11  2.3435168627045795  6.591596417729049E-18  
3.2341133084074483  3.152864401634198E-11  4.434877738719824  5.15674464701598  1.1229843010759715E-15  1.9430597195840635  
6.528902425171667E-41  1.6429610557751306  5.661100558239707  5.021147996597293  0.18085896609177207  2.052779852879644  
2.6514035812563  0.9166686879506243  0.005581056820585974  5.142157413930555  3.1500478600257162  4.991975119089561  
1.7245065034024776  1.9622917349142437  1.171845343513826  3.331243120095656  2.331414796139113  0.21448093653122294  
1.369498869937888  1.8905127199706173  2.6034427800917452  3.8659973086007406  2.7256433143966  1.3466225685822224  
0.6017246054038834  1.4585829099008478  0.9646517665597663  2.517914965030128  1.6306478491979537  1.262664952204916  
3.918320727151056  1.6720838881389326  3.029778047614517  4.206193208963103  2.465534800581912  0.832081557551531  
2.0079602426670524  0.5543987288307672  2.842231768200075  4.563771049172176  3.8154051162856097  0.39379111163777936  
1.0243280817510254  1.7668133681591365  1.2452309407367563  3.0127080836427744  1.8779034594945594  1.2437350168578287  
3.2943264114509465  2.827653745880374  1.8919205708056916  3.317851874546448  1.9773501302094085  0.7276801321749583  
1.0700878861824044  1.8625542845530105  6.049546006804224  1.4608356918404009  1.227548244935857  0.9550171446032162  
1.2369411335516203  2.1572010773665484  1.8706720996527113  2.947185850029318  3.414266505653966  0.27656455153354154  
7.75713756988521E-18  5.319857691938297  4.4961310852432055  1.3749223907261798  3.644979551651954  3.375993103073345  
0.7500331954220035  1.9077893654977884  3.2040267545040133  3.487237832253957  2.700651853770637  1.0174277411899353  
0.8439422043053041  2.034249270770302  0.8997164170168096  2.6106443558020778  3.5214575868444977  0.39288175376259993  
1.3139090093107975  1.36775737883567  1.7652407422040017  3.2088949425893327  3.4183806328363464  0.6838888029225785  
0.7947756486527913  4.721783645727308  2.8126819428677843  2.8557903459530865  2.5925034390533885  1.8451732932847162  
0.7757535980891713  1.9902435893417358  2.084480351725146  6.468087482420493  1.4435027846274406  3.1888046637738134  
1.5807478186517778  1.3783321166083102  2.2353107544019437  4.086516365658191  2.4893969617215275  1.4178679114017378  
1.638385265225172  2.7522628885884117  1.4059724406977685  3.207648945757577  3.4201112233193944  1.1774977041194046  
0.0016794269124321786  1.808125581628519  1.1315419446303485  2.86773674802373  2.37259803029639  1.3696708112322922  
0.9522342129276766  0.8141044549057647  1.1221056825560283  2.4379694217744947  1.6868726512535528  1.1448802704642753  
0.6604597789461727  1.7975904529878681  1.202073769472238  2.3182504421789463  2.3905562680947328  0.4067298569611004  
0.891886594906651  1.8541006525142913  1.318555959159793  2.682526210060867  3.0601885179882213  0.7350159746567415  
0.6132944254594077  1.166693128611111  1.3292360918196713  2.9284888014109  1.7949353852455077  0.7373628227502823  
1.877403769774039  4.01337855960137  0.6653003063862283  4.876260474890957  0.4792016498428407  2.5416424589195428  
1.6277959793123493  1.708748142320716  5.836303393416982  2.0081102286151586  2.7943472323569964  0.8495305434737891  
3.704106164361953  3.5556504276336773  0.9894958557295184  4.667383837849696  0.8116547549363335  0.4639907525159261  
1.7612065182571586  2.167420344275717  2.37274009605694  3.4245635182910683  3.2826237140853407  0.29981738328091284  
5.163014381382721  1.771629863251269  2.865226477452318  3.8315602324623064  3.07636174875517  2.8380594817135827  
4.157029955659498  3.542494982630898  2.807232172902506  2.618532971251324  3.6107809998556557  3.588965788702167  
5.845772594637305  0.8570751087263367  5.111314194116112  2.546696380045997  4.4247267089620985  2.662284749894897  
2.971038387926532  4.235486688496094  3.172457618774875  0.12438630759070886  0.6519585577437483  3.519960217554011  
0.44921646733566883  5.099865168713976  2.7187027854428716  0.8789229518338473  1.8470061788461094  5.861981192041839  
5.795910561421645  3.6230481550250047  2.8926690925361787E-43  3.989628081520755E-67  4.164434394577984  3.7049274958745446  
0.9715272976463465  3.98341061609251  2.122769550334512  5.220061152741144  2.5568707488043043  5.0880118524155025  
1.8867271522037214  1.9269152779726393  3.523185269694011  3.320685669814946  1.6061747963339326  4.6452124085440145  
5.251351944720148  1.7743438174844048  0.7926580813087645  5.48218795475648  3.832238982422592  3.7679604376902356  
3.930185800008758  3.0337268879884367  3.1775424599848385  2.2862288488865428  2.0757597141349753  1.564071925240387  
3.390317439321696  4.21755525942694  4.024586854529221  2.810147633792079  8.85575451837943E-11  4.66980188045154  
4.047306368473879  2.010230204000461  3.0222544457401237  1.983418374204631  5.432639697679715  2.7769071619140138  
0.963218387395294  3.548604516219686  2.6954443603875107  3.588882324438166  2.6548691590484523  4.218491019938035  
3.6702945122214867  3.534585184088733  2.1549835869648915  3.7353482502931974  1.7021998714713578  4.395186089504824  
4.718756255704615  3.6478009555834014  4.771689429652373  0.5037735272957885  4.32752736566525  3.4792501089380456  
8.655733722844479E-60  4.482442721587787  2.0243632613759344  2.1943536376225947  3.158885501550877  3.7794353739911393  
0.6149821845550706  4.944319339407105  0.3550008255735895  3.6533818901652997  2.3059461984762835  5.026647166623213  
2.6124381451382024  5.243827371929779  1.4406663880117543  2.631665727654482E-32  5.306792238172361  3.798401395165495  
4.172533848696166  4.108099220783189  0.49553354067713307  2.2356459843961125  1.6701337632388797  4.5944194793858575  
2.86716006327352  2.861311717812666  2.8193648881402122  2.4289660014198624  2.9881500672594434  2.5734096895857257  
2.454773790178983  2.9768968250209897  2.8275565388298363  2.45904134050986  2.825090160957893  2.767616230782862  
2.8084654778080744  3.114863314362519  2.5486821850182966  2.6845199456638382  3.039844685669492  2.2616548258645612  
2.8866510187290273  4.188377435512248  1.7660400776977843  1.9538470012599214  2.2227390736000534  5.105726110967345  
3.3989775912325664  3.409589563085975  1.3125720582460794  2.7657784687783  4.992633457118195  4.022511430905962  
4.915498344128685  3.4312470706649028  3.8452623379877475  1.8590669401567264  4.174976518673639  3.806028422624434  
2.656749357707228  2.419047260389766  1.114344670040969  4.302439724595917  3.184401591446853  4.294520789478229  
3.7289108372295185  5.116240271071391  2.0322537402809444  3.304329256299319E-28  0.9468595024568078  4.230666653579449  
5.556947010557648  0.9022732462202477  1.6910512223200445  5.011641500279508  2.933028895836765  3.9276894379417344  
4.562369050105594  2.907422562875536  1.0051176274907174  4.325097629454274  3.3275725049057554  3.8811900758663165  
6.508908547560968  0.7643139763067032  4.6179465126554895  1.1064805625326608  2.3840975107874027  3.933004582372444  
4.86460343638336  3.8941268179541693  3.688727198817868  1.908260298995745  4.327944138730626  1.8707075369501314  
3.2061942203213056  2.619486451716167  2.586032978719062  2.956366694737268  2.712843460326289  2.3078242174113432  
4.544647766024849  0.8904997866309418  3.52898169443956  2.140198564255395  4.252010000818106  3.407336145915229  
3.2953938191256578  3.5773425526275746  0.37700893133528546  1.553006990790995  6.575780416765941  0.7748599221199882  
0.8418315880770907  5.494749329181031  2.6554279862579877  0.7805953873828133  4.956469751548075  2.84583264233385  
6.84244518385699  0.8630070628385765  1.778394090762479  3.9899976805080555  3.774854184187216  0.32794417288293  
1.2431926068623977  4.007001104363688  3.296779447712533  1.2052818398141536  1.7217185510193718  1.5514283017562034  
1.7193886413515753  5.479163944371392  1.1527358712855107  2.28583588079929  2.301414180227204  3.0619270933489022  
4.286498729570211  4.132023679360706  2.5670873891536865  3.1985028212868705  2.714480963518129  4.814634515313043  
4.608641937900666  2.2212017013593397  1.5630694188030435E-5  5.288440164428124  3.057789124514764  4.053481174117742  
0.774749119165919  4.222266899695337  1.0078815999399708  2.042478531518566  5.60539191406174  4.2847312977131615  
2.34353649366182  5.099695715621395  1.4816312012985033  1.3115198367022958  3.5082742370223343  4.830466311549608  
9.460331808956266E-30  3.3788217653143264  1.490941454174887  5.7334531652295  2.6991966846146025  5.163599537215005  
2.0607461906643247  3.9933316124001093  2.803213765101083  4.946614590024089  2.647525034166771  4.525914146662153  
1.8428165668331327  5.197987346787809  1.6958478814638025  3.522691519367872  5.974653013068915  2.553384915206833  
2.0252141620372046  3.5375419716568426  0.8202930160113707  3.854742545022829  3.944375219948498  2.671444963383105  
2.4286766264420083  2.963015619146223  3.1099940891175373  2.1054973843443476  3.1924724004872997  2.5375544123765144  
1.739579730816748  2.169743787075417  2.253727189141319E-15  2.633267083243771  6.117730575726752  3.5286562816040545  
3.0103424458995183  3.610085058509812  3.3052060060380373  2.0144376340237575  6.178830962217866  3.105746954236877  
2.50083219412551  3.1016794848232445  2.8131543742812912  1.5675284352942471  3.6911486218027387  1.7132591959256473  
2.414182220014694  4.243140791704839  5.548581050656824  2.365352419570245  2.284606614543204  4.896739125923069  
2.3891235215379  3.688393099247016  4.5328615528757705  0.20981089363949665  1.1560202018521673  1.370752637905693  
3.5859230266312796  4.594328735705598  4.862278027724032E-50  3.7213391992644644  6.398891087199644  1.0460866966704927  
2.684955317032666  2.7639894697682443  2.7721585475790365  2.571974696084732  2.775773220835254  2.6421561776747247  
2.0772169659418944  1.1263798528835973  5.035011807372279  3.5754550588077663E-19  5.047724171038046  2.6836729463055424  
6.371634314411143  4.1546867192153885  5.010562581164103  1.2341405712696516  3.590683986458988E-66  3.0708574080769493  
0.8752122340262991  2.0719886693561227  0.6919826082101723  4.588730962721798  4.245544563645844  4.734411838777343  
2.029969688999503  3.1815622582572605  2.9691871955636238  1.7195012711980284  3.9925229220950555  2.08731483377562  
0.02981125369902097  4.066082122069287  1.1255427478281161  5.235049580560838  2.515992257656184  5.568996552445464  
5.624274395954405  2.6736213445759827  3.699959494612385  3.891143244778373  3.0956652217059624  4.424962771063313  
2.476125884474535  0.724687438543814  1.8302377970909962  3.569061837601453  3.601982841320162  1.8969885566122944  
2.6254631914786386  2.655900196691148  2.762668970883428  2.4503026989417838  3.3728534868045  1.9137278611602468  
4.758871511852071E-16  3.389937212704635  0.09051417449309614  5.872962836178105  4.791000922058541  2.032663014360916  
1.0932690409105026  3.727557652522907  0.077546139712582  5.271833573268161  3.317809051736517  1.626722195812916  
0.33043761715592973  3.6581815771605126  1.8032219721645122  2.1654079040293683  2.7943282619390515  0.9838019158070389  
1.728295121817616  2.915146024462264  6.015644396914845  6.367621730037546E-56  3.114969906656047  5.20701732703613  
4.724444239091194E-8  3.5645265221593867  3.038754590380646  3.6058702693012497  4.048986718706125  4.759543349388819  
3.1422978582631216  4.046832805624262  4.710428628565844  0.7997452417408684  5.274614383919036  3.419398606231044  
1.1637705926436455  3.8690046308980617  1.7319649910886654  5.091688299940863  0.9066819175411829  3.044981081472082  
3.76357021055433  3.705692334271266  0.06335671213453958  1.193965813763483  4.783152984586537  3.344449695791424  
2.4882141516875045  2.2536854452191726  2.8309091659945604  3.3643141201530793  2.1257569377079073  2.0090399559778787  
2.269646921268722  5.406927721180859  0.6656336780170471  4.393724108181278  5.287632951685188  0.060018934859768856  
0.6795060251341286  6.423515101476206  3.5249270403486666  2.888093684021841E-17  1.5525246257902086  0.37776881317037214  
4.894500649603607  4.46793787318721  3.0824570580128117  1.8062842532025094  1.6136260797697382  4.4504427308368335  
5.5577893571529575  0.04993169404553917  2.355663504739902  5.108776711447094  4.049494971366635  3.98724587955116  
2.2641093956299536  1.6162831135963356  0.9287749656585252  3.3118464814329234  1.8708545057743324  1.8810746492285546  
5.608110498794229  0.16417631820008655  2.2975309190224196  4.039810892421729  1.627477686671387  3.8355668931561837  
4.007008923894022  2.315602419279536  5.037128714575308  1.1535617462467516  2.009344238804301  4.631512369783666  
3.1042490192001275  2.4141236657461222  2.910855041457192  2.0426084268383398  3.2470568376271305  2.086004845484904  
6.035816231421353  0.7033441759106506  1.903558825267519  4.456754618722994  4.392894508669544  2.6536183253558336  
2.2944082346226304  1.8459402376154734  0.5265983856656976  5.067341644647349  5.932239075677463  3.6278856065884737  
3.6910408690616614  2.4300920900309033  2.597470918829444  1.1221277178311  2.427868898519763  2.002638530596048  
0.5283635853267006  3.1692707266166087  2.9585946951888844  3.0131880202896073  1.6601231604240076  3.306905696170682  
0.8992964793067176  4.269816279719087  2.5239983228391174  1.435031668819988  2.0957828476318094  3.2502307026468266E-6  
3.9018088393499233  5.5072815133019  3.1214332006283065  2.4994247432250623  6.0215353975570425  0.27783803846920474  
2.6725665454415766  2.7899794506313893  2.9762174055686375  2.0156709530513552  2.6782332387999883  2.1732405371381014  
1.0777814307016744  2.742497923036016  3.6936706601346603  4.203936131969815  3.1879613138123686  5.177717290001912  
1.708329021180385  5.323612284193536  3.5375304755184303  1.3144285208378322E-20  5.0062030254981735  3.6074783660166845  
2.041076716509613  3.9750038405853156  2.3948649084381795  1.0191460030075315E-11  1.5527638440471558  4.618118923214841  
2.7365347225336376  3.358954019819449  4.357820804128822  1.1021213192183017  1.3383850710076766  1.6726966212671306  
1.2708360653938422  0.6361226378198834  3.9650649209568174  2.349418507358586  2.286221811987763  0.47111099735551104  
1.6652951647231578  0.053323800959357674  1.7917961012951358  3.5512745738407205  0.39113448369175857  3.5338760803212703  
3.5798072962462504  1.3332881096846303  5.407756117564186  0.8983494257394964  2.4380973607724274  4.885971876830994  
2.0763355862876187  5.0737254445577245  1.4214151240959605  2.776449513333919  1.8823904537307135  4.018171999312271  
3.929463585383947  2.269340393660168  2.9500675507790635  0.5095788018888462  2.718684569173515  1.2631413702406078  
3.6372870023446797  4.34271414310695  4.394676241611038  2.944584699798993  5.852124596152098  3.3360249331948304  
1.098320006667696E-15  2.089108563470033  0.9199699057586532  0.716406172820592  2.988565485485836  4.377162419068779  
5.860332832413956  0.24641717863828644  1.4028037186029654  1.7245341810631072  5.191213321983643  0.14613851799199074  
1.6789134818923024  2.0119396191183756  4.234574381188154  4.000813086148125  2.175289330652689  2.6291828739872427  
2.4680752581107166  2.1010342690695967  2.733307112506451  2.243658293303565  3.571082359574499  3.0405486036387264  
4.258479875221636  8.564339668056157E-11  6.192900373488266  5.664028948069468E-15  2.195759883854704  5.283368059289214  
3.8839020017450996  1.1368233100882874  2.1542474471954125  1.0515582423695133  5.292645820725127  0.7481373639276055  
0.9502388111101225  0.6359043019357169  4.0702863218186724  4.393582350826343  1.0160265347458235  2.7051034438648185  
3.156480755776918  2.8698345310854383  1.903705253211449  2.8483053674097274  3.0928882879339974  2.293023822336201  
3.1894728433048822  1.63611435872153  4.4987465429044216  3.5392468906132514E-33  5.941057644932617  1.6341063788128087  
5.029917383220433  0.1373019009358442  1.059700965137272  4.718491425601933  4.478876509196653  3.4835166397232946  
6.228032824797079  0.26876037590059854  4.130984654877887  0.055624918375933835  2.0368761212826842  3.538719047126481  
0.2645655327054492  5.877843750886924  2.1977733820198405E-8  0.4310361311079057  1.8692872076363474  5.894550099307576  
0.5088261744913603  1.0260264690896668  1.3255172893831981  3.668030284597643  3.130159351109733  2.0389229054156517  
2.405672403531601  2.4792280152632356  1.0948607013153393  4.672802677448012  4.3432940117091325  8.109746880520799E-13  
1.5215296392325084  2.5066531900219116  3.710602039454281  1.7108225614179153  2.38546783969365  3.581339773357297E-122  
5.698760966926352  3.3924379354565626  2.376519966631057E-14  2.4962171529121173  4.950643204021283  3.0357359600141307  
2.7444837832608178  3.1101318188994864  2.839759831548899  2.338499724162295  3.056733028213408  2.305975712254656  
0.9324595303307671  2.157722034659712  2.763196685078144  3.1948574497311792  0.8523947177117656  3.768175396122416  
5.202725459711448  3.298547124428714  0.6069813238431495  3.700382271516823  3.1627184037591807  3.7892154611951043  
4.588142857762237  2.3480045222742385  0.2779586525032345  3.620718081778715  4.300346400746575  3.2106581370341942  
0.08097627948634506  4.441604501720427  9.685460135117542E-28  4.131416433025094  3.552874825986301  2.2051949054901545  
2.2119939301718006  3.3634805569939825  2.889311011795384  2.3678948621791305  2.593988449613712  2.6296815848744863  
2.6542227462133225  2.411375643773049  2.6872682529968146  3.5082655903284263  3.6580292089687902  2.032259344945425  
0.8557833418317798  4.694661925959578  1.8459830857776203  0.5602126650824575  6.259591084918673  3.5236268583241475  
4.002432157912291  2.2046731178694436  1.6240882094695088  1.4533019036284711  3.65788327114757E-8  4.762721398674123  
2.9782246269236117  2.8739898976970357  2.7538724340389567  1.9613796003191302  2.497042144708604  2.388133252126576  
4.551728460450916  4.0420959388852787E-7  3.163886795285944  0.46757492770539866  2.606553385877067  3.7330863542583117  
4.12989604200997  3.6209713806611594E-14  6.82821703261188E-36  4.193458404309086  5.127681158258143  3.985614503312776  
0.773532753295031  5.181324919402983  2.1872456023347553  2.253197406618835  0.9534943310648087  5.929134374601385  
5.0722300757718655  3.9155662198352403  3.877264854900452  6.507794163200102E-19  4.498372296779752  2.8692132174657243  
0.6308227282841401  1.361867572443024  2.796618666980877  5.077636199576006  2.883477660014577  0.32775853191941784  
2.2262834047275777E-14  0.941595261643976  1.4478459255907274  2.513525415735867  5.654902963320135  3.2101141156790405  
1.563904841072939  1.9324728214626044  2.3069760140851256  5.4227852561096395  2.5375729737184525  1.7216779817841605  
0.8994949873403618  5.2302069592980684  0.1908527875024983  3.421702142447252  1.2647598192079674  0.5571625615060359  
0.8566851916726393  0.9424291552745935  1.1436238418283327  2.083874104289451  1.5267451039093891  1.2014263543907366  
2.9450562713766812  3.626660089790313  0.9571592939535857  0.022289965529323465  2.3235210863911795  1.1374996085574784  
2.724669515553401  2.568215002197628  2.5206038301589895  2.5632423657339367  3.297615201518562  2.0080235228185086  
0.5747119813525627  2.5393779657294464E-118  3.6589859128572786  3.1853323979871426  2.9474318693287684  3.5471341118966584  
1.6094359968229708  6.250330728449129  8.266446599437667E-46  4.701084915160727E-4  4.754769297120114  4.500919845624794  
3.1972964726954882  2.3237926868201986  2.406814438756406  2.736674504678016  2.3051089181376883  2.937374232635026  
0.3574153479785484  6.334430370469738  1.5341878940316114  0.5017219626306336  1.518017694817364  1.4537818093471078  
2.0001678256426088  5.4520854335803675  5.208525322714459  0.46530497119711184  0.2156471435979887  0.8714839104953058  
4.361761675691173  2.0819666647701707E-9  2.7774941075901625  3.285511238637455  3.9453156482655847  4.030360177846526  
7.218289515689696  0.6144117947498725  1.9892121237831333  0.17139350817028964  1.6086819939966506  3.1607649443844745  
2.7181041692193313  3.1801380311479424  3.2672052074000626  1.351709788082603  0.9504807566028518  2.8438846817813017  
2.666584480549323  2.764648581263078  1.9366143162409208  2.240874365768303  3.665056825448416  1.538667813071443  
1.7920138429314252E-9  6.083799183738396  1.4068196426895065  2.487449369934057  3.357281856133101  0.0015522543184809897  
0.0017043257096449255  6.018399387401813  4.4363031970503295  0.3875665519275377  3.760926183107987  0.5328631915848796  
4.169879631088661  3.730944578427043  2.7353005758473947  3.960391278769301  4.408750431394552  3.5330882346673773  
3.418353680120261  4.386937083357842  2.255428824164044  1.6281008260358492  0.6842429886340023  5.350270522824913  
3.121449995266465  2.4168887390769647  2.2029309572020104  3.0920925166835556  3.046564687447765  2.489319774353001  
0.007830324056986337  5.156539862588929  1.864539003805259  3.059305300599371  1.9121240769826229  1.8591107772742448  
0.9430856133231598  5.062569167190903  3.8798503243265916  3.4469367276548186  1.874374985322563  0.2639554894217139  
2.322261684991728  0.6025096430089598  3.332045833344503  2.3251559817351435  0.34813790022271224  2.480794753199049  
6.033043840640189  1.9393761182646785  1.0949189272909932  3.9828266363125033  4.994453158343594  9.312428263086201E-13  
2.573555962814163  2.500202440470841  2.156688363310969  4.018493953031308  2.1242177130543896  0.002824749244095783  
2.6147307662242487  1.843641146504438  3.122795707117198  2.297598551704856  3.170845482762621  2.3063529237451568  
4.098578932993639  4.2968438561879526E-83  4.21468140703304  2.204779131799518  5.971998065226184  3.09498486811459  
4.432707442004586  3.0094515592367563  1.2528880891777738  3.405740837443045  4.191244731024473  3.9972847858996574  
2.543595476290806  1.2224401277095478  3.1624847573336288  4.266983951264704  2.719968002512132  2.211423388934416  
2.307019346185508  3.20846530444747  2.8922422997429544  2.1143335055538377  2.826483880555522  2.2643740997353805  
1.8125237329903348  3.3765837659079097  3.6216856181839545  3.092196879489783  7.674123981387497E-19  0.9825035564308988  
4.819943293216818  2.78352840710158  3.03944630081856  4.737436301210301  4.480988111121418E-6  1.0338536210127485  
2.452875020087791  5.806288712771618  5.479740132113965  0.7900119744428483  1.003626653596932  1.1575088912980525  
1.5554476967027508  5.272058496655817  0.6294518803988658  4.419477887959016  5.3989490118054615  2.753510485458662  
2.8522866078890803  1.40610369420909  1.431626937773433E-59  5.094985933767422  3.282695362081485  3.0435580480424536  
0.2975651699623285  4.0584178389596754  0.14258041437368146  5.163456566577801  1.745406493834852  1.9891226336249754  
0.49376132337396056  4.670732659728122  0.015768425980086587  5.016401045274551  1.1867562945863852  3.8160398153717834  
0.6733365125741146  4.389235152928708  0.11991553928123992  4.038964113266106  1.40201931662657  1.42583848802098  
0.40989128460857027  4.276124183516171  1.7981437223066872  4.709395596332263  0.6234634122828622  1.6876417653783502  
4.235158295555399  5.480543878356498  3.9944495306944656  1.0544240453367422  4.866017728044719  3.9216910217231  
2.8892734716699966  2.355520534063197  3.2394261284938493  2.3143650166038676  3.2136316299715126  0.4643702643638576  
4.876989001381707  5.471076951208366  2.7744976624440634  0.38595637958585294  1.5256492247101194  1.5217273472966235  
1.3486017805883181  5.149496018867154  1.935757371824915  2.268025607554266  0.23153386421907327  5.2577126627156385  
4.5460140497259545  3.947072133725592  4.64036232832424  3.7483471151960783  4.187480878212145  3.919199244194156  
1.5926330837679388  4.573446992466559  0.7419004264257247  1.2975529275621806E-8  4.982465366354345  1.9556093594757897  
1.9396046850944113  5.862472407031594  1.8833965709256482  2.5611964147823887E-6  6.602354783080636  1.7769530819184607  
0.9306615136499145  0.8052145880781532  2.0686427048233744  1.9676103056486258  1.1830949613070176  0.5593368090022758  
1.5516079920676655  2.00886441543607  2.5133257091834262  2.9486247464500663  2.8180636254835028  0.6018311038304538  
1.4624426255458594  2.002015914736635  2.035857384929358  3.0249401903251543  3.0526847759281646  1.0635476086831057  
3.581632114853771  2.3380700884075836  3.965712207560462  0.6194195480957011  5.9986582808038955  1.8415542498710367  
7.9854730807851055  1.4604434521116914  1.4506351075846757  2.830870197838946  1.3076798795443045E-4  1.3879617460423934  
1.1521031330434468  0.2922154848931432  4.309031421588968  2.8918689141841982  1.2118582007991077  0.5039625971098282  
3.2516385753107935  2.5499923556783872  1.4791966034968143  3.310623985043791  1.6473651731148973  2.79403771911769  
1.5443164549315602  4.633221881512801E-12  4.398227011869912  2.2908312618426767  3.9122873624541876  8.426562983439566E-12  
3.6711388088368415  4.01699524789347  3.5789875453526077  0.04201786024073658  6.365378688847913  2.4106513279193007  
2.210472026583695  3.858555625243322E-5  1.0812013731257324E-9  2.7815902502244905  6.251615221729567  2.617131570122622  
1.5083896529329717  1.294463891007592  2.0489674688715307  3.7267824129281277  2.6709109025522015  0.8821118678519076  
2.0845759859424615  2.302412366971518  2.234465703740299  3.2462263690813575  2.8836516191169195  0.7459846788365895  
2.9674805305533547  4.752363905642049  0.3673593959721296  3.8702902491601714  0.48647965566196155  0.7229301706259498  
2.2432015905532294  2.70894863866292  2.42474631208061  4.313402848377834  1.9402546467856543  1.453947788245752  
3.7883613032002326  7.926580838094287E-8  1.9208093775584252  2.8760472184146484  1.7910439503154025  2.711549202020247  
3.9786453584459083  3.897079585812063  3.836782190829289  3.2288786667731877  5.79441487672218  2.463218157338632  
0.9741138061199325  1.99007769723924  2.099284753486269  2.5823028706683218  3.081392761389654  4.477846580144019  
1.4772002966931426  1.3043984485294946  0.8702760675328032  2.3094769805794226  2.0353896823782294  0.25275917366360645  
2.0095933978874334  2.541418278400892  2.933278870615251  3.2182176303220893  3.20647262918934  1.5958391763017719  
1.0505206785659131  3.3486969916935543  3.037661004699973  3.126567040861628  1.260587466864678  1.209803249018549  
1.680302605790869  5.138594939363865  1.5216963995386257  3.590413159906729  0.3602261375854772  3.8583211772686576  
3.705713127276291  3.6844391583001688  2.1420961202431017  2.701157136584257  4.226221506023954  4.11030649526185  
2.7045937214223383  0.285939102056625  2.3079787248527106  1.8218369518975794  4.019374310778687  0.4166630451816581  
2.6822699150967084  8.860565324821457E-10  3.9520063749370578  3.4115229562515244  3.325534066788198E-28  1.3692487202888848  
2.5221324299660823  0.0070259420530878886  3.409960089266372  4.577962327808974  0.8962753118400911  1.9380917384623908  
1.0127232098614245  2.3610407431358142  2.816506965368934  3.6276137924097283  3.2725044337859144  1.9643133197505536  
2.2893941665944557  1.3481594608203694E-18  3.862561073139938  3.8390610251199058  6.5137349164673565E-9  1.7765976154868226  
1.410324716921204  1.6058110475773806  1.672078280854679  3.4300290499065498  2.1714431092872974  0.9105261714942792  
1.3450891429377336  2.043532240796834  2.2546655301012755  3.379982335687894  3.3700582172665983  1.1512207061876483  
0.9061201268503224  0.8950892440989235  1.324687165950335  2.0906210276732136  1.2402904178193934  0.9247865403700347  
0.6218066112272664  1.9072615441752518  2.2598147143012546  3.8283180328944604  2.9097739044143123  1.666749692824116  
0.25476773031334315  1.707582535052918  2.3904823869920904  2.5507148189719357  2.245847237971201  0.8641650838559349  
2.4817783639151996  0.9952593033421131  2.2052753094159234  5.307370366121199  3.043670705067341E-34  3.073220037097298  
3.935419077908464  4.419078307833124  1.031889308324746E-14  0.008052909765065218  6.286555460992733  3.3259804851915677  
7.779149784148582E-35  3.548232942095024  1.3904994376431148  4.469893583302976  3.0007641995811456  4.82880474855347  
4.151291727048314  5.811446522479816  1.9546199684087368E-57  0.10025187531754345  2.155206479686223  4.881770138338148  
1.9714238083086753  4.611297678643454  0.6309341949116843  2.5226039752925233  2.9032099252442305  5.003407103785476  
2.753571728263908  2.8409887975743224  2.713283138074462  1.95141942815687E-4  5.48400207692337  3.6707967284752008  
1.968887973925805  2.0059523039123577  2.2387687900533177  1.953478103631063  4.107998127423228  1.8750479280548495  
3.3089463371448047  3.391765221159858  4.463316311350923  0.018378480190747348  3.9745827138229126  3.9257991424381093  
4.115839774471534  3.913717879679153  0.0660159350296292  0.8086574048619309  1.6825054112047582  5.270270879563059  
1.113723282317602  1.6774473872136313  0.6974998177869072  2.656252855676999  3.5257347554125262  1.814317609564691  
0.36317919777043  1.404596892297029  3.424088660452245  3.005333103802653  2.537222852587825  0.617163398857818  
0.8290923840695203  1.8891659836100774  2.8773200993078234  5.3204950300320135  3.2681283356716686  0.8225134122100267  
3.9079804891662477  3.4302731368850776  0.5651977726723677  3.605703143878579  0.2692321685437252  0.794525661602457  
1.3270842005500496  0.7629482112102391  2.018740365420354  2.7802750648574523  2.207882566471314  0.8384937413568719  
0.49897441318992924  1.630217630114018  4.344068564044973  3.413403505487205  3.9633779443165547  0.6267332853397691  
0.7516124054441385  1.3284564001859285  1.745041574723919  2.8051517528281664  2.427307903491903  0.7244119232661403  
0.7778070246840438  1.2644801210745953  2.219897155555039  2.38229736182571  1.7095685157355371  0.45728399561628746  
0.7403229097174746  2.1905660027128553  3.035071671275806E-26  4.176707042569143  4.73652330939238  4.672502370136765  
4.507631596421253E-19  2.117356300955931  5.1121343128674544E-24  4.370869083590352  5.739014912863592  2.379608007453844  
2.7857596398921047  2.637722912450922  2.8811051825404363  2.306576197480407  3.0964556620209263  2.5453423593086755  
1.878446109904748  2.582478051849788  3.1985667543686898  2.971126719866096  0.11552575403310394  3.5478700097509797  
3.0061427095734095  3.759083324486325  3.253917831637001  2.097092811051473  0.6057811809262064  2.3757766116661676  
2.0519709867668428  1.266445017709526  0.27221768598952056  4.7222758981296185  3.8827399165303347  0.2961632482970291  
0.8409900939158381  0.5168328859794185  1.6417004667513893  4.325924955076306  2.7105877937691165  2.528294229674241  
1.3959485218792453  4.588843133555362  3.6577688375696122  3.0293875459464115  3.7796093908818382  0.5994492859846986  
0.3116590015430447  1.0341037101473132  0.38865189104983444  5.408507565516486  4.506155124102004  2.6017545149018564E-11  
5.570655755388279E-5  3.3359624031283137  1.340301705446581  6.823702317482876  2.1646859473458178  3.3931632225547212  
3.5176882071668376  2.6508395502277664  1.3899532206349536  4.828228739044906  4.812888631455465  3.3837222492953107  
2.741507403482407  2.619939724072356  3.1925218387016625  2.463816836902392  3.3876573515036914  2.234999526360353  
0.7985675600281817  3.470919537401576  1.0169662136952486  2.7261182358154215  1.9019268643399505  3.2877636185606356  
2.1141212140347276  2.383269013517563E-44  3.246494182337753  3.237798990791596  0.024316793531891888  4.582819894708078  
1.1691246973586713  0.12065201397674323  2.852851491907909  2.4705414196898796  0.9558958445155914  4.389694682203247  
0.13965438064843372  4.159088831826433  1.8202301938546805  2.5410082785580967  3.5016747623311697  2.2701745566615763  
0.8089302229840918  0.36483774381959005  1.7797193144721322  1.811967866269087  3.084451578062775  4.923309274566459  
3.161236332222809  3.2333894175343554  0.8467951636616927  3.3292311712951665  2.6469366179776044  2.569356086603113  
1.7019488414024828  0.3296480743012011  3.76022768607388  4.76886129783127  1.8332417122910547  4.6130680730419205E-5  
1.7410861199068277  3.852259473211312E-16  2.5798180098280565  4.171211809511299  0.4332113980161985  3.1650919746790747  
3.454999291528436  0.06156991622881096  1.5026789692295979  5.155723457339832  2.934154603914625  1.8839908534721355  
0.5387393456289093  1.348174181104994  0.8602883180154096  2.471122274523696  1.7848213011382528  0.5450963807076964  
8.715230922781027E-18  1.5310563624616795  5.987648653771549  2.813670997964184  5.205503876096756  2.471243650248855E-8  
4.8613529040025165  5.563164119491252  5.0491034306770946  0.5255771255201277  1.3676123457100477  0.5361652289204989  
5.647171022241456  2.0521836602165267  5.652026544569642  1.0977162299291162E-4  1.042060222042366  3.7838491356000983  
0.8023412322374501  2.1264860813087867  1.0690156681515417  3.638897983131005  2.7463501504759233  1.6282731211252113  
6.322882451167083E-14  1.313959587167045  2.4019466518308136E-4  2.2439796385591935  5.347668664256455  3.457031684372966  
2.131776565349855E-8  1.0835928755734896  6.758128583034785E-6  1.6433761310313229  4.987880880839594  3.6961412888765413  
1.0623787182088644  2.230249169168956  1.950243858891878  2.854959908854776  3.513766819524849  1.5519869927640064  
0.5843677496958515  0.7789283301495216  3.314142604215215  5.145166615087873  1.582245305108262  0.4348041616816146  
1.5090716432002445  1.8484704290882281  2.09157033350601  2.85327259098371  2.9182397267317044  0.8698489688154388  
0.48139279885770164  4.518229484046027  0.1393162958502266  4.447118211365809  1.528008427763881  1.6399422703072848  
0.49362740437639424  4.600055604442094  0.765541513148197  4.186653166114787  2.811595832134554  1.5063891817486432  
1.1480503509217597  5.5234672953800885  0.2334325658795652  2.4634003839534224  1.004884287322575  0.64466418998855  
0.6232262133118847  3.6590856520230592  1.1790981765007593  1.753076799504431  1.989629698362745  1.5028432684505926  
3.670544262331562  4.671956631321803  2.3197127504069845  0.2946395857691874  3.607288726223046  1.3176361539670498  
2.821413198062864  2.463400340530077  2.7079910601211763  2.3521055421669486  2.8347032122295373  2.386716712106806  
3.1661090746675162  2.860543356381271  2.8461634175547985  2.602755814076948  6.353582474964343  0.004711792431569626  
1.9563028812652858  5.008780209901469  2.741391651576089  4.15346844315478E-24  0.6726797473238976  3.4502846661109783  
1.8370552520779593  3.4613407527656324  2.7830774825855378  1.9624669315617707  4.772685609656195  0.2613784934485153  
6.968781577455655  2.688398393632155  3.2369152831518395  0.08922355694245297  1.9488889244816527  3.287422057188526  
0.168047889542729  2.2910865689891313  2.4630629354038  3.477645848007437  5.256621176747826  4.226460701694173  
0.8303012545916356  4.776730255708629  2.138582808789727  3.283319590070533  1.9447720178770862  2.330411436114258  
0.352914197473727  6.567942323452972  2.039642136641415  1.4837223940566144  1.5663575044697315  1.5628047220441224  
0.6618879727348105  6.329487218191496  5.29773817275935  1.3513866814097528  1.2400293863593121  0.3443302014555118  
1.2921097048981172  4.6682014451579565  1.44199838049937  3.6125166257745858  0.799935597614535  1.9651974326679398  
2.2784872065408868  2.615941233493639  3.587029442647085  1.9230421532346518  3.860307284562517  1.8996483149138956  
4.1321095432447965  1.41495676783114  2.55584307799327  3.40173156223217  3.4614763077145922  0.12658606780254955  
4.221114778077949  3.804075925632719  1.326742237923152  1.2735013318043282  3.0294522905741625  0.4949464216121854  
2.206452340547886  2.3825544556339633  3.3007313917050043  3.3829969770088657  1.287725294939249  2.401020193102025  
2.473872380595226  4.963503133802708  2.563003284759455  4.286984303231193  2.7465831700797154  9.874194264684209E-7  
2.583368314556956  5.685139845433286  6.095570129880427E-4  0.6422214878229575  5.468829531625379  2.72501496517795E-4  
1.7987461751659226  2.1211737044083976  1.9654324886347943  2.934056542998774  3.0545974125999407  0.9139683916562474  
4.042638079732421E-5  4.467945361472796  4.174533929185444  1.6107300694269544  4.363062759079055  1.1560380076247303  
0.28909394521973303  4.968811660151491  1.6069042545468253  2.3977635075738157  1.6491320781052063  2.2034644845760174  
1.59432157211848  4.2973449406543605  0.9114929802754681  2.3667607522248417  4.516370066506208E-16  4.3795387214580375  
2.978102678575613  4.248454080751955  3.601978860021879  3.5713772300294773  5.384166122801085  2.4055489243728165  
3.5377767391971147  2.098158241458967  1.2065110238896617  3.1471096891367893  1.7694421240395823  2.962978303523344  
2.782066182300697  2.9153740448535825  3.109338833714712  2.2433208304881695  2.640520309635943  2.5465382374944743  
0.16724519391104353  3.9434786039260046  2.921530503780613  2.6819001179225  2.2916636873067437  2.2107183919647073  
2.2274765484653823E-8  3.7349788870848717  0.6867778160548001  6.9819147805930255  2.1802042331673324  2.255102832889608  
2.0587138645331797  2.394418297848255  5.5441236752808285  1.1035933799510191  3.0469199235427953E-5  4.107447197267177  
1.9030301187507723E-5  6.774938585803271  2.4822201648989726  1.9819510492455936  1.8806944342873098  1.6532032963639773  
2.302977901622058  1.7128184731086298  3.2724483106418165  2.8435529485625355  1.0953743366309983  2.3065342918541445  
3.4303226798634454  2.1685228546589665  2.0482130960378253  1.8436783914423767  3.0500280449511092  2.4440621814611984E-5  
0.9226595710922444  2.022101033630356  1.8688744320108688  2.5657324007715805  2.1888381684592195  0.8781014269231212  
1.33272997866569  2.015260707254995  3.2309417885633467  2.2048354673876385  3.101300051884236  2.4168217489741353  
3.7512195950856126  1.0835588887977484E-17  1.5819006051587157  3.9604018818647453  4.55921702280897  4.113220867657032  
4.0203297334159735  3.338995595902664E-47  3.8949599883752843  3.014107176889046  4.3343866397918625  4.094033068414018  
3.4364185086125163  4.457114413150454  5.552488191423023  2.251188129634385  1.6859585513006574  1.5540953121133776  
0.9532302872489425  1.7618960100112244  5.9009596484881115  3.2871444000417607  0.9699666307750208  0.47593218264543885  
1.9811129892801427  2.628311792728889  3.839186561863153  2.937350369746096  2.0585072277908365  1.6287298495468003  
0.7794970780102192  3.2564987931899405  1.654100933812023  2.6751806977753283  3.405250144542158  2.671881462622043  
1.5148136748896708  1.674908855298675  2.1995615352317466  3.678062401730026  3.2211556838765576  1.0695034843110571  
0.9244975000913559  1.5003222310621869  1.9536155950980412  3.070519423495182  1.770834894881903  1.295035164505081  
1.4468131051427913  1.2890357228926015  1.704302205230257  2.682440697427483  2.9595654905129183  1.220767536965404  
3.924596211971293  3.794068469437897  5.174250650216276  3.726920473098659  2.4142290512144293  2.104763880628379  
2.7223133435342555  0.32687529230663254  1.893685051031976  5.256706976892247  3.4652290714944667  0.974366982161547  
0.14705118597294886  2.957557273235436  1.2465988324804782  6.0570149197623016  2.1824545770733037  1.937406569887963  
6.0095611293189695  3.470250432399263E-5  4.659256885828797  0.9400269217036323  1.1787522618859736  0.6228237122722293  
2.9973075726955956  1.9097060992419281  0.7512266396478395  4.842441972651457  2.537823788584875E-12  1.107056107560247  
2.208554768079966  1.3751206135668383  2.162988040234237  3.819954589214756  0.06927666934573277  1.1039268241809679  
0.0026179930624194883  5.345957812989984  2.963772393141143  3.292627499528976  1.675662864572784  5.741309130448625  
0.4687175005708784  5.73229079346531  8.885456685291582E-11  4.176423133920717  1.4660300537500084  2.6119468492586604  
0.9195981536680385  1.6961428659952955  2.1675940338143396  4.125308720733244  2.0903324434354764  1.2339836560706832  
0.34071450723953606  2.08395763869511  2.201005156228311  3.172658859074641  2.2047875634122414  0.7689163778875967  
1.2062840907058574  4.664418746476544  2.473180087847247  2.5911811712606707  3.198887915114814  1.9729330907112517  
0.37490012300717424  5.225467967597592  0.5602658931437937  2.274226041940367  1.4182834468808603  1.9909745316280434  
0.8999408589891581  4.835386407969344  0.09034890377813681  3.859112924596934  2.173516161670324  1.0557375060208372  
1.3535405389009927  2.035119711992841  2.6524381018043446  3.8485367417818916  2.5727937839129513  0.9851503827553338  
1.3135767624179724  1.6250031118373796  1.6863607067740418  5.3599524320505525  4.048236804012102  0.7937255416324416  
5.237293497781174E-13  1.4018858690836278  1.8496454343024744  4.700180892746502  4.781858231695556  0.33980581599646503  
1.5933332044045898  1.9444370997780667  0.19539677913387712  2.6199039396674726  4.158009854110058  5.813066900557649E-6  
0.6545648727215707  1.1012731865931202  0.4476938537189355  6.037306811532147  3.865100848636358  6.43964692301048E-15  
0.8990788433949941  6.289398468738034  2.646854469595965  2.2952624782780374E-25  0.9104595838972265  1.1074867035372977  
6.895481174127084E-24  5.1246209759665176  2.467911351081211  1.621405717405802  4.318079175327939  8.799874527672998E-11  
0.09128400178598427  1.6740891341127988  5.806294078530802  2.9878094283215906  5.650199547938159  6.423547806677214E-36  
5.9030796254831435  4.53695843736446  2.1396976662060063  0.32823771945980695  4.230612632932875  0.459317164680266  
3.3022920171080554  1.2480057938402351  0.8313458418107947  2.9356909287470425  1.0767959323813913E-21  2.4543689525691588  
