2.060762720824743  2.675146615560531  3.594205438641977  2.3431907097129048  4.186886722771108  6.7444483434630245  
3.1139123609302883  2.6865454925436763  2.920125613041967  3.1929005578284926  4.989596427576951  4.555124202747545  
4.111227319173531  0.7384330832654018  2.606362050366526  3.7322153805820686  0.001486329975468901  5.354493320477655  
3.8456351681176706  2.6576837902769874  4.589873951102033  0.6965135087461639  4.905606079628675  4.578963629124061  
3.966786206843063  3.2591669978317475  3.5892287170878507  2.413148961088776  1.7283973670380122  4.209815250682348  
2.7235961447712356  2.5945710606012296  3.8853113638303447  3.770055367518404  4.012974032335702  4.835966379273532  
3.8247914808304775  3.787932783239261  0.10078785384530467  2.574869945840786  3.6106637664750427  3.6672717550541853  
3.8130914589883513  3.042958323018423  2.8548131914153934  3.2811798973513726  4.72236694535824  6.3375757645774495  
3.418133630809617  1.912253202752717  2.4139905529302346  2.251714719059819  5.245155952275705  5.51231200283385  
3.219208926731712  3.0692267899241785  4.096462074279934  3.3826648591506228  0.942975373975768  5.526284764228466  
4.2459978976210895  0.23976015948058055  3.27492633672748  1.5005331411826892  3.6528189157486946  6.538857725723988  
2.8878938186849807  3.7692475234711496  6.711352603435263  0.9364513836202563  0.42745011547812384  1.8047781893113053  
1.9259506813352496  2.6467879323428636  4.6155535799680205  2.839461836860246  4.082712933516869  5.342503657035235  
2.7694009478249533  3.4781509540607303  3.479737226611341  3.515509336121278  5.219723242815011  2.693249110503741  
4.552230170701579  3.04739791782618  2.1068344153764214  1.2744530368233844  5.40636063497579  3.6125469678658093  
3.8573182808882582  4.102807178209443  4.224936541538913  2.4950237248131546  4.838041697676884  4.295497467791889  
3.261501378078995  1.9488097882156268  3.557449860052676  2.830875066750528  5.5192058689860755  6.202051632859225  
3.375636320623594  2.742329169710086  4.2585796048040825  2.057222792876137  5.583276013279944  5.287287381814003  
2.948154340873801  3.3622508296985867  3.8684857408639255  0.8392823830101386  5.741015621963126  4.426864606924872  
3.8105009001401347  1.1146173028657052  2.256798934361117E-68  3.226781950870768  5.763483789557561  3.6446486446822774  
4.078829847433503  1.8370971644687357  3.597093662512528  0.4215844502436808  5.542848059780323  4.612220601906322  
3.5050860715342735  4.417420443652445  4.965946610796142  2.352496282630528  4.516097962634887  1.5020410513659315  
0.0015987007134814566  2.352261020053364  4.132298695156874  5.011290966434805E-19  6.038080154827842  5.923694995834729  
4.220222279133505  2.79408356982965  4.382675529878678  1.1460392168137397  5.085035395277113  5.143126490358  
4.181208390640712  3.207788083453413E-19  3.8421313467204725  2.837800214297924  4.950645385641458  6.069483399652696  
3.8180005010001548  2.718548933380912  4.691334691920544  3.0874357542580095  3.574474564129195  4.1357196134131735  
3.3515576608450806  2.1486588547578065  4.553799967470016  1.5793859842905553  1.1071270663037411  5.520001515624383  
2.837344446955438  2.2753589827714746  5.293883830164197  3.9087303627720176  0.9669749540133759  4.244286664242422  
1.2368086647884164  7.259052517146003  2.9361707627862565  2.010691951757631  0.6179721647974603  0.5810813540988752  
3.6878865860329233  1.6690474735140315  5.134797796659271  1.9335609756662844  4.796740540767168  4.534844074154823  
2.3382499331490236  3.2963970368102915  5.542757641683519  4.3261175441052595  0.9566182204233795  9.094381788401088E-53  
0.9328059331907037  0.21368205854465316  0.6528994316925901  1.4982455046484981  1.535860268288685  6.367652745320878  
0.9646414579818673  4.337489903897547  4.687449902266654  2.2005939007467528  4.949857973512666  2.5014327291916825  
2.5876264281074457  3.570962417686724  2.9120199543392595  3.4450532206477202  3.171322895499819  4.957407073764632  
4.0320112865301185  0.08158629863824217  1.8903427608660926E-9  5.370721629470507  2.442649351938509  6.18439393833447  
4.1074774735705555  3.380642235215599  3.7002365954336267  1.7208446291011579  0.0017802883784244809  6.411467981781938  
2.4643789609793294  2.892224534927852  3.3612010999713178  4.421810605455573  4.97449688545302  5.95442571562352  
3.5959967071391894  3.7542455934170524  3.789838966497416  0.06068190213463393  3.5539713682520113  3.745776255672285  
2.6286880969381814  3.70869276164432  4.074761651927796  2.2618246905934148E-54  6.01753078240009  5.290296943774129  
4.602709294897442  3.285795504987751  1.6433119516558874  0.09143248821893835  4.871365409250398  5.444684011270161  
2.235251529375273  2.8621408789870393  4.8952358367340505  4.053725374386562  4.675176774058407  5.268426307338164  
3.853566762867072  5.157522457603765  2.871481717069283  2.637136740563001  7.83538140920895E-17  3.3534692035047664  
3.878979080496286  3.02465632897359  1.9393719202624645E-63  2.3693758346566525  4.787944171543104  4.561003536091916  
2.707505705613755  4.920420405831191  2.041054564534378  3.7123331440410716  1.8667413040873715  5.999509116115433  
2.1179555258854625  4.375589033163143  5.275410610333258  5.658569122349833  3.074537067898003  3.760944286729317  
3.2037332547359276  1.2759572549003912  2.6023222581561263  4.01912276669036E-6  6.576340760312289  3.0545430447223008  
0.45057345043977354  1.5578612433065329  7.161900269714901  0.21219238731996587  0.5896796517375437  2.8101448107364546  
1.4036196115780168  4.843202796169645  1.754739947194026  2.744651430669188  0.34412746006630196  2.69996297655142  
4.2317470049177555  0.8144113688260382  4.576571826418261  3.1168384390865427  1.0941047309634806  4.899860513874703  
3.218790615408846  3.3554711533927417  1.4456342773124784  1.7308585419261913  5.289659389865925  4.971681882425649  
2.9691601479239114  2.715686770771975  0.5646625765405023  0.6629689580434314  4.831830380316653  3.372308783277932E-14  
4.818140992162077  2.5513079880755853  3.897686398266156  2.1613507979847574E-8  3.66319699104061  6.033777207961142  
1.1848058587190941E-8  4.204505510794999  3.5135118103870555  2.543721979854845  3.435244201976678  4.386102150175026  
3.8309061926221113  4.188197025726251  4.506610235258246  5.312574709903955E-52  3.2784127745203215  4.962358619420475E-24  
4.388471343488477  2.6805749973905564  3.0065733959226524  1.105375062272955  4.917900470601017  5.464890462918757  
2.1591905865363246  0.5573196599626712  6.460698433243625  1.242079988628048  3.7989752183074863  5.617710344733703  
1.364615954063613E-13  3.423832828139959E-17  4.575885710811853  1.1701040282097928  3.3128869000014904  5.621028275076574  
2.6797610927348283  3.2385379876741758  4.68084914061264  9.95833113459857E-43  5.031595961482277  4.361947185892439  
2.243910628592269  1.618064906915297  3.817572124287374  2.8987827604131895  4.640699226345402  5.308625652064414  
4.281957686955087  5.376644323185211E-12  3.932931340356622  4.498958367103198  3.664683225904963  2.2390745031603983E-21  
4.135334350494499  3.2015868439824193  4.253232791494947  1.7913341593882544  3.7416430108182768  3.9490076557195377  
4.872355851420299  3.33570850811797  1.4058094226692655  4.282794934750503  1.4086353390420838  1.3418340363284219E-34  
3.5087188935108298  1.7782058339350418E-16  4.280687053078936  3.6028382663695706  1.1669507783783029  5.665178439260642  
3.6727939421171216  4.821344765874729  3.8181388158641  1.0259844930745243  0.009309449898590956  5.06965340647615  
1.0976160713712682  1.9547754664756518  4.000621025566984  6.318370678369743  9.400129594598395E-43  6.2029362079130905  
1.378376463416257  6.435413497238403  4.5491177650206645  1.2341370475044829E-42  0.7803469299862712  2.8260443379877294  
4.960238844175616E-36  1.1654174993819353  6.058115123871827  2.3785105328673826  5.2019091762272  5.984513895272585  
0.5746267692221733  4.45512808044551  4.365647370284667  2.5403839034544524  3.5724024336384526  2.44779718936256E-32  
0.8114153759923126  1.015543416967356  0.9582099669596655  1.6057141427336377  1.0391872715330785  1.1553054083815384  
3.236477349272512  0.24831806790282418  0.33058481251776684  1.4170193987452206  0.5993407899964507  6.622339299082307  
3.892998978909776  2.2843964688029295  3.818195886036466  3.221308905042801  4.831831443766439  4.850150843493498  
5.837902419762866  3.405250833701553  0.3851069328376836  2.862607928075002  1.1936304007430247  2.7552290832233695  
1.9033106759161613  0.0010703829504164436  4.031770430235721  1.9094209780142397  5.398738609436142  6.666582208587907  
3.77818213925577  1.1985055603882226E-35  0.5756671133083721  5.101708652692553  4.970181983534427  0.6031736015771514  
0.31541864489637617  5.001762731301847  5.2443786734050555  2.870545256535197E-91  1.5229642483126244  3.047269647128361  
4.6094707967060184  8.503168982518111E-9  1.3401336474403223  4.301740382309383  4.790177366284101  5.624266162875041  
4.536871108623266  2.77909032964873  1.5301489587445527  2.481095125048352  3.380820446977868  5.513270863187004  
4.562262568867647  2.7263882049534103E-5  0.03940907322019281  0.6533904286922635  3.8295938754312187  5.6656166942954815  
4.673106659891451  3.4616569966433155  0.9185321426503142  0.7459851228965629  5.72960928929103  5.5529164505014394  
4.073476600229126  4.028757226368245  5.371439578312283  4.543177543526738  4.573522558751815  2.213756605017509  
3.7811009954246217  1.3127010792338134  0.9092196406906105  1.427455849045918  5.797102771918695  4.645453351942535  
0.7214158243762192  8.520393003056478E-10  0.4572675215057511  2.059517197507468  2.2679672537431426  6.55022436669818  
0.0037516604076821775  2.9597406396583765  5.267318401054308  0.0032831080336376064  6.106356710171672  3.2357551685194843  
0.004122100165449981  4.887422654145143  5.854702737285353  0.6496084787718525  4.70621881902466  3.4906723367680774  
0.36512315372769844  4.1562187877592645E-62  9.367424296441973E-14  6.056452687195601  5.399118508858525  4.077864205022841  
4.563632712471869  4.3022721898634355  4.425055902312961  0.9229578251830007  0.00601023942153614  4.4928434902833105  
2.3536036781314134  0.3447043723019436  6.109077174372994  1.8812387490439748  3.1126235136029172  4.424155893562657  
5.5108477511237227E-14  6.7377326591810185  1.5875359487879241  0.07325542088403314  2.1880002816620157  5.691727482670926  
2.219509549322757  1.3081414723189297  0.5470835754778842  3.8090380348105475  0.39971114759498455  0.99740035525325  
4.665328124500468  2.2169991926347925  1.323048291261798E-8  0.7397010667355012  5.950398616963731  3.165296358588797  
2.3310228566592226  4.9162264495357  0.8766831078738118  1.7683334731522502  3.0849644215118635  8.045737746000903  
2.6594457350079512  2.7731343127385872  5.054437489146219  1.6516742870470662  5.296852418275792  5.5405432064451805  
4.543735012157701  0.5107157564580974  0.18976234129440506  1.1763288661392663  3.3925367524132826E-23  6.911393629876836  
0.8215873658964853  1.0200047285229907  0.9624434405193131  1.5940027143750628  1.011305020486317  1.1639012631622925  
4.0115433508374725  4.3245691622450455E-81  2.699617289347371  0.5661024655268058  6.126501820931149  2.916614842186377  
1.323493520928134E-21  2.931653480576592  0.7438740963623983  0.6675733241241637  2.852445223077864  4.9047717453576345  
0.6995106452598231  4.927499147664989  0.9566438378701052  4.7841520048210935  1.6043226497557395  1.4941090293880648  
3.001979281449843  0.18550092535709295  5.237045858693076  0.3207236639690241  4.76441060017615  4.323362437315514  
0.7770501963924145  1.0147968779869991  0.938612384358407  1.62603217058346  1.1070192831018033  1.446658743599436  
3.6114045632748746  0.7193304149072693  0.37346625193030963  1.0166464411746978  1.054551016243496E-17  7.246840340854634  
3.3654364930928  3.539140168165176  1.2826284726244046  9.88408879862203E-18  5.323609505906044  5.1745645460136265  
0.811398580719725  1.0042112713379578  0.9535383185619675  1.6332844005319127  1.0449216619674453  1.1565508001694471  
0.5706228808829954  1.6226116164845505E-18  0.17094871129327507  4.186253170127358  4.213536352111834  4.718631077990075  
2.5862715324028898  2.732392669660007  0.44385310131801164  0.5932119897956463  6.094524030573631  0.003340213120812408  
4.325698922213785  1.9801528552084497  3.6569465219025443  1.7710239689090397  4.788563257975761  3.395467523932484  
0.9550858119319965  0.2223052036803456  6.951626077320385  0.38670239331134665  2.293735673611871  0.42184362888737226  
1.0977891769637693  4.915841974249434  0.7159888704875548  0.8899169647164136  2.9517475435680436  0.06536557754085877  
0.7855543584754776  1.0503275221307777  0.941096828819826  1.6276032656056327  1.1053524487403166  1.264067386899928  
4.010694753945424  5.171295209759172  4.522509782762924  1.5951980855031314  0.969140878899202  1.1040498977000432E-52  
0.4884569915206099  3.9998160387789383  3.886181618734168  0.3478834085745302  5.988517761968813  6.0076137292254845  
2.9484463525341966  4.943601894880411  0.9872324229894717  3.654559613444009  1.1572294286626064E-15  7.955976199472495  
2.032244066666721  0.036317433216100675  5.085926938421886  2.781004279945395  3.8178763189418206  4.578619534270601  
0.8372831891587506  1.0329348419832036  0.9683610388806982  1.571794230832132  0.9744217574444991  1.1736582010077172  
0.529105566862929  0.31837380842485324  0.4807880542321262  1.7180802317065504  2.3928741693986058  6.359991561568479  
2.9996521272071917  1.028243928371486  5.305095115901067  2.0605248813065495  6.4862819299960035E-22  6.386339558661402  
0.011393079531357361  4.670209098862197  0.45365999523281936  0.3320720809586899  5.76817289407706  4.155949787567418  
4.738512818735645  1.6079143746787397  4.0771051179397215  1.1602032404752682  5.740420993721302  4.865649809718487  
1.7771043477812005  2.5438597792366145E-15  3.7428190141486386  1.9218756426337342  4.401549990662511  5.912350385892211  
2.1914698911513484  3.8400079959675315  0.26020790250738324  3.5866128288917083  4.074531372459115  1.2301822975541465E-12  
1.5062633523165299  3.633423903722223  3.9659444788764286  1.7226375578572422  3.5570742492251615  4.204438452001785  
0.5013483045677772  3.4141388403169564  1.2892605452575208  4.233284900036807  0.8872831620804914  1.1396172795118893  
1.4468232142520983  1.866034172184991  0.8442537455268166  1.401216007927446  0.6701909934638992  2.2362487049702864  
4.386723042641423  4.205215141882487  4.287009695527196  0.7334703358465924  1.4620104502484332  1.7174535560266222E-10  
3.638912287991392  0.8235846540811478  4.129542218247263  3.9964302094266646  0.7755425441854487  6.8024505094473975  
1.6862963197438874  3.981748981059452  2.402233304598594  0.18117758136571308  0.156297100859933  7.231486880418899  
2.902987855004895  6.778820288532442  1.752931334957223  1.1969681952503357  0.7539859335154337  0.5663200460025192  
1.920378453586789  2.152433623363706  5.237465556129665  4.876875140855247  1.0800386060747533E-32  3.7749973186089614  
1.4385169708445422  2.6341672272762002  0.8099786964800805  3.106587553840709  1.5601202193242234  2.250054893686306  
9.730906070432914E-21  4.575572593250978  2.84659939834688  1.250012232355609  2.8192386765314414  5.636843916872845  
1.1978030266247386E-59  6.5409554928908396  0.5497151825704504  1.2658471423079032  2.3677092392679455  4.877207243280487  
1.5438766467456162E-104  2.052435114968545  2.6555315144936475  3.2089636303456874  4.902902667725459  3.732273496439816  
2.463179280566832  2.942496777097724  0.6815020613025431  1.1413969346954063  0.8021635157671478  0.9024518293825585  
0.9442567228158248  1.047085498483931  0.9455197771942955  1.6154675330153816  0.8923772623454554  1.2185866672358798  
1.3144401576332447  0.9874284141698696  0.8797714524147978  1.5841330595870462  0.9769160889489494  1.3424281205866901  
1.3997566434761468  1.3523099821191042  0.6795021996738808  1.9856764376715055  1.78080447793222  2.2766903447717928  
2.3101415725633268  1.3202122929802806  0.5631419066215666  3.5563179071138853  0.375373756022393  1.0234151186230065  
2.3241735828823953  0.5050401820503577  0.5319730943441726  1.490047133424751  0.5442692918716864  4.811263831398726  
4.6628927032693985  4.5491139892758214  3.8320687061277696  1.7908662220168807  3.9323484048008104  2.5974219101821867  
0.09281159306899447  3.8936446671887652  0.5612147247973149  1.4084667953816725  5.363329122372365  5.463131492536103  
3.0405301749122233  1.4591470682213192  1.5423169906428351  0.41761879538603147  1.540730676129355  5.806385383943212  
2.733560928663605  0.9330699130341281  1.344982673398433  2.120384713970573  3.053906403176969  6.1597369683294945  
3.985495819227533  0.8736281199541719  0.337209177109161  2.2146535699009626  0.24873760720302968  2.4825103086964  
0.29667563372344646  2.121023352147429  2.5838863290392036  1.1536950016042296  4.739333030310056  1.7927528406209607  
1.3161782655355219  2.7500504612086654  3.71375939342089  1.7458444561547983  0.05178647307004807  5.834581661230157  
0.4226511014287917  1.3670260496584177  5.470916695115576  0.2799331139712667  0.5713302517388824  3.755109624953607  
4.068977606122126  1.4118979736403592  0.7755366489875438  1.8568589900260175  3.585512442042892  7.1335155228839815  
1.5920559077399348  3.8846475900651796  0.25962169812437763  4.8729706900233305  1.0791490801373482  8.001484270134945  
5.5274202196575635  0.38365456898170364  1.0103266209346475  0.9532826979758074  2.145023309508075  0.7788148217277263  
3.408575757702863  0.041954296416372744  0.16951023637485824  1.7407217061643652  1.432601244689432  5.134242155910888  
3.365964671359301  4.687438664009301  1.9763857184515756  3.2300117960571373  5.233375927723471  4.453237956527329  
4.316208764066608  3.185078510764677  1.4252663841136683  1.0498815237888167E-22  5.585414216594471  0.26614398097297115  
3.7974643188534474  3.97908038030919  4.688487183053243  2.4834322532980004  4.948627026460978  2.5470668948218247  
3.4040290742390646  3.4962961139983695  1.555468559509629  0.9045179837298776  2.509118711968272  7.856987559181382E-14  
2.720600068764856  5.643412487725615E-60  9.146975057653044E-63  4.609917349132241  5.361642936049006  1.230508097312452  
0.2962796668841061  4.735573503300201E-40  2.913848055018365  4.300342573910229  5.761567515833195  0.31005974942106984  
3.1849430972172226E-33  3.9090401896171647  0.2945134587952492  2.3614160546103213  2.7583664783327944  7.793941986371204  
0.7999172579731955  1.2933260618459914  0.8941470365162368  1.8022920872402155  1.0697202500730043  1.848006320248782  
2.803227611704078  3.9010373850422932  5.398927687966259  5.752676821873922E-35  5.600353620517667  1.6516546963082395  
2.0324335121741777E-6  5.364907246952676  4.861975419940258  1.9535228229031198  3.4408364119999675  2.7647880462186984  
4.609631349323813  1.9567069165955875  1.6544235922449784  2.0494327820672753  4.346534719499011  5.288823011552766  
4.31766003668745  1.7773876405007366E-59  8.317766167283153E-24  5.419447588555956  3.1926877316364486  4.953143824179998  
6.113941790258033  3.3079836040039354  4.223437077775729  0.22440387943988843  1.707922556814822E-9  3.7146443984768656  
0.801293875773669  0.993988391261208  0.948154377602987  1.6569002889897322  1.0711948187497697  1.1501134050014368  
4.214797677666129  3.641501798395534  4.473870277724193  0.7028783225680212  3.810451158811951  2.086282784381389  
1.7442175676354998  2.3327426089991343  2.9728595599441214  1.8477432139806937  5.534907145464114  3.212406555737023  
1.983715384199856  2.9318054124072974  3.6165092599920654  3.5003627504832906  3.3653898420921338  4.767109160087681  
0.8161577659079358  1.0194553781680302  0.9630572982736604  1.5899159406478458  1.0189990955086716  1.161527545554544  
0.8156650052820221  1.0187675172688486  0.9626998946225591  1.5914644182263442  1.0204858362497127  1.1612114693028155  
5.425091812241335  3.250312123423187  0.29773173903090205  1.1028325949089144  0.8758858561988649  0.5759424094699317  
0.8100409577570238  1.0128133777818487  0.9598369670857324  1.6034641694460294  1.0351497242618906  1.1578900304203583  
0.3366278227830902  4.14002966040485  0.8352641443984195  2.455843281981584  1.4674708291124559  1.3431351188341591  
4.297420128639479  0.3672096250622934  1.6038463231645575E-47  1.7423363148618995  5.48379341581032  5.73392366728056  
4.047417298486373  1.7683370487730412  0.04683694198888791  5.688808471607459  1.3902833431306946E-40  6.6303257203390675  
0.8261744139487288  1.0268406126669407  0.9660585352654051  1.5783252539808543  0.9969268775884117  1.1669274726617431  
1.2830759141389982  1.0111680268911605  0.8903304080770107  1.5824883433299268  0.9383985250733953  1.2417115858964265  
0.7880810784265319  5.597096796901854  5.873051050875321  2.3353019575733254  5.97573337777082  8.510702153374407E-24  
0.7602943690595246  1.111742323094445  0.8319819733375581  1.8596792331220438  1.4768210673671156  1.5450394586579113  
4.4514216075267115  6.108418450237447E-10  1.8205001453461214  0.5055038645142998  1.5357536979222677  8.305615745780559  
1.2409841383490325  1.2529190486840147  0.7482114149473805  2.1295041112490742  1.0015584976540086  2.1590477850946628  
1.1092518570194119  1.0349170632338127  0.9094079165148112  1.673160480381142  0.8371852422849977  1.3001253160997233  
0.7883183470347034  0.9269832092273063  0.9128580613178838  1.7144115029529696  1.1530154203730245  1.3239989456155628  
3.893480794650653  0.3661921270880459  2.1692484626535244  0.9539584488942456  2.527689131570854  0.2686555967146548  
1.2231130361350653  4.26163201952368  0.6268036938974274  0.7063540003227824  3.3698486286244096  1.8458800315512591  
0.6620719542479976  1.0573018424626557  6.139466932858733  0.5074994865642227  0.7437589742541253  1.5975925108262305  
3.5699675956661834E-6  4.588666454911428  1.1529905889309937  3.7386651971993468  1.6132434060050107  0.7672565634662641  
0.8208216190626062  1.023459694048542  0.9648309328524423  1.5827647008159578  1.0079798646775395  1.164139004405345  
2.8399808948014242  0.04281526225561764  4.384506741259907  3.6431111174865385  4.493883652280131  5.329523460222415  
1.000852602467943  1.4612068338351343  0.804918130725339  1.7171240421475018  1.388857697643299  2.171184538775928  
1.3598914933015729  1.2153518559777419  0.7763152579112338  1.8008709076101022  1.3077549487596176  1.436828097847511  
0.819321811575672  1.2427564360620968  0.971627083272862  1.551568559066886  0.9688687372948566  1.4680942889914963  
0.9922581183652037  1.6879811768554787  1.031630165022332  1.1820742876787558  0.4726570188589991  6.262290185702066  
1.3941036167039953  1.1158284013024309  0.7960730321942258  2.468694404164407  0.6942897094790111  1.1619571314629609  
0.8518942909932541  1.0368488275847216  0.979941304229763  1.5664700192217096  0.9250862273632241  1.2165258025223686  
4.3334887828758255  4.296584858024157  0.560581264407385  1.2330760060972025E-14  5.71126692840522  5.656014115514088  
2.314872228303798  0.5212750257600198  2.3843943455886483  0.909402064781838  3.1685881783294443  0.9928059669319248  
0.7200125762511415  1.1822828331373236  0.8873916420368466  1.770364313779125  1.2466056666712035  1.3467165580108102  
1.2340606890103925  0.8482037534959975  1.5705354013326633  1.2930559422671228  2.376016306171858  0.9881291169945  
2.9605915561083873  3.6251629986860303  0.5464191081493854  0.8373223398276034  2.022406569025913  0.1267584458158122  
5.795884532790288  2.730250560672696  3.7706782867204276  1.3819819753350233  4.118192013397426  0.5574500952847887  
4.808473246195205  0.6265560070679678  3.8766445590460044  0.10982013895326673  3.4509701575207496  6.087200569066669  
1.4792776906644307  4.446616948077691E-32  5.941217136970377  1.262293858877796  5.804570208956978  2.831500414657101  
0.7157380662113974  2.2066676447544236  0.8543088792674487  1.2827517040838219  1.370866455221457  0.9150403613141231  
0.8513302792148951  1.0319127911236967  1.0020584405446402  1.5647759572260136  0.9140630965212933  1.2898084589511576  
0.9044479269769127  0.8187967903479406  0.8351221890055786  1.7744705648996264  1.2630969702306334  1.8182551723369564  
0.8675991163384537  1.0467396015267407  0.9434302768210422  1.642865770064582  0.9995903225429348  1.1598769468948047  
0.8176481156963701  1.020816704165663  0.9636760276923111  1.5873861964064546  1.0153796126163164  1.1623737789643074  
1.017597858397475  0.9416560352512968  0.9009757948829392  1.6136352330039052  0.9033458555332438  1.6740103987720618  
1.0327388898822962  0.9519730094917188  0.891544659862365  1.662342604812102  0.8999139821389226  1.974132515197512  
0.9111055404599112  1.2593046637404952  0.8918017050113778  1.684180543362002  1.0038098668151774  1.9342846661611148  
0.8129910828335905  1.0148691123482514  0.9606595452451726  1.6003508484211846  1.028739270150977  1.159477618152727  
0.3532752680770119  3.637418686215038  5.197366267979489  0.6312118203831265  0.6202571819451959  2.905520340590333  
8.38029682462001E-25  6.034754080135966  1.1734624844272856  0.16174457966576616  1.810960551474334  6.858210486940984  
0.6757516237881004  6.836289808545969  2.006049911105538  0.7966490685091733  0.7854279399825976  1.1291215071102427  
4.27805593377719  3.952444046767479  4.427783612957322  4.468688067513916E-4  2.0274250860294614  4.997779169039886E-54  
1.7062934601064381  2.646640281397925  4.885156630075272  7.149756909790883E-29  2.835912933598708  2.7495358750501477  
5.667235529291324E-55  2.8366811548443795  3.053010370928094  6.699931794038651E-62  5.629557491041973  5.430584970193507  
4.29209940577078  4.235233509460997  1.0442997554481033  2.194728358709459  1.2435040923099254  6.58989174073027  
4.81536303960665  1.5388811542016231E-34  5.697486315827586  2.520505187807672  0.28664323055753416  5.133198408767484  
2.3391637163060843  2.1665126602766844E-15  6.11922274416858  0.8037647727255455  2.14811843894912  6.0953561292722  
0.76450389459507  0.8248342040228247  3.5765421141594285  1.0649857059704768  1.1113775286325775  0.9198658181712461  
0.38955410931632733  0.3899001996818043  0.47749391479712633  1.7801326252116634  2.790445806283174  6.120855288865288  
3.9332172899156608  1.9232435301491884  0.4707975730306213  6.179914435894342  3.0176254560409807E-25  0.4114226242011226  
0.8165242741672073  1.0216003806574032  0.9637838277901237  1.5852731708944103  1.0176445466111808  1.161326072871069  
0.8220972925067136  1.0229796537973808  0.9640577777113694  1.5860638454891127  1.0076232375627985  1.1643262985387894  
0.26842963745828263  1.8466273534091049  0.48720367478859655  1.0133135370935484  4.032577872970888  5.462626419532567  
0.8104205012437474  1.0130468763529275  0.9599262484708434  1.6031490118806235  1.0343526959789542  1.1580934775120537  
0.8734563556383989  1.0180398300422766  0.956733192201003  1.6387319908296678  0.9313328641206329  1.2512287314599548  
3.8264270561329514  5.074660193822536  6.141832356878695  1.440404416092031E-72  0.6973691717481729  1.1487726289307703  
1.5670825759129137  1.487220299056886  1.3886181382677159  3.384617896394828  3.853129457957673  5.051937517796073E-26  
1.5004079910152108  1.3115206211225208  4.017769099972769  1.8629665261819375  4.992806439273214  6.669016627217164  
4.258995563658269  2.0308951230967898  1.031692807565387  4.574589519817902  4.029237900814507  1.21094597585209E-15  
6.93691098904492  1.5600553405215387  1.9692727952524  0.5186905384964817  0.12113856385112062  2.557985219891273  
0.517579963515778  1.2452376829833034  2.423457312454111  3.424619807193499  5.162792534934478E-4  5.924709579784958  
0.8123965599657684  1.0151539385665258  0.9609375749940491  1.5988971724864676  1.0291947741113832  1.1592578338869284  
3.323368017020677  1.9844160877000365  0.7552790667705865  1.112538365632174  1.3555224803176378  0.8256413025363332  
0.6450336026706113  3.7422755867388204  0.891558760514784  1.1488537881177447  1.2865363773333012  0.9748757576789294  
4.542652585757583  4.534793426157272  0.6927379223253729  1.028494542884637  1.732238659412039  0.6204041502256035  
1.8230561532574374  3.2862997416877007  4.610149046739545  5.8261543617252345  0.5015190649696772  0.13728983643447262  
2.557127893765935  3.242864293021156  5.059809871323399  2.1051864282590936E-34  3.388483864242872  1.3849023710663826  
2.7582004170704986  3.062315873256954  2.27750149372891  0.2846423251043868  0.0358856532457529  7.686605916169223  
1.0575850862331118  1.037634484409952  0.9206873718772313  1.590175099438112  0.9004870115974974  1.2295121657041943  
1.3101632180492038  1.377930218414571  0.8130228559914868  1.684002737617704  1.0209063416467048  1.6972752496129677  
1.2030323997291323  0.9679048634768699  0.8468483478703435  1.7709866529550562  0.85851797744588  1.627133627839929  
0.6796209970258317  7.247799571323194  1.5479980735783079  0.9491908322030117  0.8015122229750905  1.1025290378221244  
0.9488605271432743  6.964883289881642E-41  6.148600781679679  2.12103991606602  2.243814893189498  4.895750962387165  
0.3755434135987463  2.832082929916174  7.005057193751269  1.025819106635815  0.520691270621014  2.6848680449050173  
0.7738671574000329  1.2601573193305586  0.9548869818286777  1.5563453062934396  1.0911939888046363  1.1962280081708603  
0.6499680468261301  5.2300830376720056  4.676851412927894  0.04772392968578616  0.5658480119747861  3.885109253592916  
0.8372519693029478  1.018497311878784  0.9544099289470467  1.6207520137157263  1.006282833432808  1.1652010711631826  
0.1714093487385994  5.275185830967627  0.9550479460668482  0.554009804693846  1.2984245699759491  5.363418417899876  
0.4282479491159196  4.48024175105574  1.3590828796982934  0.9255030926000418  0.4505677016809555  3.551263126512104  
8.582862079296244E-43  8.00285593433293E-64  3.272740986024878E-10  2.3634828395153566  5.847195713256982  3.9231888598711544  
2.44622126802177  2.692439333049734  0.6738194721608307  1.1124632217317694  1.2847605266919326  0.5951882682474998  
1.106197033888713  1.3945972126780726  0.8182983349085783  1.9282162551313524  0.9997097534792229  1.5946217132861351  
0.8452843867738135  0.5143799545072084  6.240737497387893  0.7576499593152103  1.5427167662091283  0.5759215063180106  
0.8701008563617709  1.0178349253977963  0.951753013810851  1.630848044566674  0.9609264565389013  1.20556799112015  
1.4735397245061897E-10  3.528386012688358  0.38996831656549247  3.619811832992729  3.7672660400609774  0.8026207420557947  
0.840439946689727  1.032116835323468  0.9673927031796001  1.5776784241336912  0.9705756664399381  1.176507973552861  
1.1476977527740693  1.3792328901228237  0.760289671671006  2.0546249759976063  1.1074155813490827  2.1041102861013936  
1.5258745475904254  1.6819947954079189  0.7229954789363645  2.199317844097142  1.0344318079112054  1.7043482504536283  
0.8146583791805987  1.0177633808654278  0.9622286856828014  1.5934242165805257  1.023030481317412  1.1606282851231196  
1.224452369590242  0.9751551154893212  0.8338256787624464  1.6211875405835516  0.9754531812447366  2.0446681464713863  
0.9467764613713227  0.16718453942338538  0.6261548850663514  1.5863495278863962  1.6488414046566169  6.4078279990192595  
4.887141621083379  4.080651938822723  2.45548005017537  1.0822100157562256  1.0614729183350435  6.91511745323827  
1.9782446441209249E-25  5.072651100094571  2.3501632807135535  2.212954981504512  1.3335710025355254  6.431730144521136  
0.9230368498057384  0.47145591221628974  0.7384129685455378  1.568904508898053  1.2721830569969423  4.640899892886925  
1.6271272891962065  4.161893156471233  2.232992128017224  0.6244655973601494  1.582777345159531  3.149866364757394  
0.5303771902996762  1.4855993304883701  2.067010103931103E-9  7.204865278691993  2.2862304301828638  4.885821925990686  
5.294813361679811  1.467121823638536  4.567322856042629  0.7668982738349432  1.814325511729266  4.4377117165343245  
0.8366820549151224  0.9871049310306478  0.9605851687405531  1.6307982876003346  0.9791065031500438  1.2856607979491756  
4.120963527582365  0.8843453529809829  0.3838451216466689  1.949615331612032  0.2893890763350851  2.2869991329797745  
0.5419678191755145  1.7214536874212858  3.1590197146919525  0.925749203725975  4.767162075890643  0.9940955265628142  
0.8537171125627411  1.0344347778137761  0.9694250345170317  1.5801606581900074  0.9386169013039457  1.2017560723474352  
1.1488667638038106  0.9612434524757929  5.072258256990899  0.4742276577634297  0.518485771107671  4.756681836157123  
0.645290713923057  1.165850590095976  4.2222228256498  0.7373076476654006  0.7413015764921118  1.8739580474389725  
0.8368768369739169  0.9579601867138784  1.1732759416224376  1.3191367827370102  0.5724988931271007  4.538728372369258  
4.370568668623516  4.876741587862504  7.834647684972089E-8  5.059951166187399  2.186551323290519  3.80709919136097  
4.373595128870559  2.4031749150023787  2.302534998641288  1.3280221596523838  3.417886721987215  4.731128438921486  
3.277768938753334  0.8371272558804144  0.5147855851297711  4.771464878416039  3.0344705135737255E-19  4.092363115505052  
6.212576256710503  2.8048168139891754  0.1762400482162745  0.9148573571767626  0.44891534254278287  2.564537669982747  
3.328825998377343  0.09929490744918307  0.14611154387212846  2.11239282811254  1.4379792908737201  5.100248241464691  
0.8424806867399072  1.0452508795265527  0.9727782560579926  1.5574521337489982  0.9589741129968812  1.184631444515462  
0.6679353059058388  1.2200078509602859  2.625931897223584  4.591765814069806  2.688849129161226  0.7258435284191165  
4.543002750608383  4.277808971938095  1.2072486419574606  1.7414861886059079  5.58620842007966  3.3397123369474473  
4.517626962012742  1.9196696039058663  6.454561114705618E-39  1.0046256483708185  5.790140797145622  4.999486240875517  
2.797204320157542  4.034684721874222  3.9256528598529417  2.3568672384954232  1.840020001024536  2.2576071266399635  
0.2500603745134139  2.4184594680881495  0.5491165707372162  3.089342276478101  2.7364280871036106  1.09754412699356  
3.1257431388993187E-9  3.291736832629391  0.4434902608720779  3.750637233371522  3.9788316221764104  0.15377237731520169  
4.273673646568383E-18  8.876931808736734E-16  0.42619784122193216  2.320794872032856  6.050252795124211  2.077707931006752  
5.6338271055373665  1.284987053009591  1.0333082312231983  1.0705827575641005  2.3508265593510713  0.731016998796109  
7.098465819781441E-11  1.1143380116108224  0.7025007886485922  4.241165874079753  6.0271830912978865  0.6715473107312903  
8.53035602000858E-30  3.949135982085406  0.28309195453143343  2.5194326391449655  2.6654523886127617  7.785530129051884  
1.3476740454216423  1.0948432140407036  0.7330037923823498  2.010186596173491  1.3820002882025062  1.6519185523977618  
2.256097381160443  2.6761088573547474  5.484853299099068  8.163736917637087E-39  5.241490363595268  3.217192115307006  
0.7201593274295174  6.354252066091832  5.150537154617761  1.6163708195887836  0.9216744535157766  0.7522752753013854  
3.1532074015683465E-46  4.586654288403301  1.9870844724951873  0.4090124265700965  2.438217196512241  5.052807270286029  
4.370475722772097  0.7026732234145597  0.3751165359539302  0.7989330988220715  0.14382518387349927  6.493955799059946  
1.0025785397423443  6.405002447181972  0.6483940142652085  0.7560989058457718  3.5367286787502277  5.6728606670006345E-6  
4.8646316045205165  3.3348821175581325  0.20768538401079642  1.1041297709124568E-8  1.2466673204527052  4.328249362341847  
4.763869552846601  3.1473695491153113  4.983210941416104  2.9013504671032883E-41  1.8166586415907438  2.711268569925117  
0.8207801423748419  1.0232084946694793  0.9646820417421321  1.5834631184860253  1.0083248642947404  1.1640893286557699  
1.2581528741158825  0.9298847841314914  0.8014964868003794  1.7686904820942633  1.566932317684392  1.414165467880659  
0.8202317877019012  1.0231915935748088  0.9647581494648078  1.58295769166977  1.0090873057763161  1.1638430725705882  
0.49734993886585144  4.824208163107907  1.419575617832253  4.323646089208973  2.6498891624092837  2.72676847558306  
0.6442295513942516  1.144796992536289  6.089143788588493  0.44250369153171804  0.7154485692231422  1.7430985398993482  
1.0551370804859685  1.2635548971921349  0.8799639677279576  1.4913409851265826  0.9817269081599932  2.078763920243067  
3.1110277954198207  2.751345144314439  1.0789277339564378  1.111929335062763  0.16780107747264758  4.491192706154708  
0.28294244313856914  1.2003747652148552E-10  0.6060262169300884  2.1078612130430345  5.9201193118652204  1.4132920406929785  
0.8335921622034386  1.0137586973620094  0.945646164985747  1.6661875621599898  1.0230282260428913  1.1572249783852082  
3.4842841113516405  4.236167306660984  6.5728498708556395E-6  3.7672186907553544  1.695730701259147  7.145052227857039  
0.5471321525296106  0.32900906496958787  0.5704013489525387  1.776805105069996  2.368737528764294  4.208560504277382  
0.6355050664483649  3.5649228767343173  0.8429429328058395  1.2056305272997065  1.6963356096216369  0.700735863334222  
0.8136109641910091  1.016676556176553  0.9617105662034365  1.595591002828859  1.0257319114726084  1.160014104088985  
3.996345404793141  0.8137245180551477  0.33467221382316137  1.8853499782933067  0.29237713055889725  2.9144143444963997  
4.121616474666772  4.570571126857726  0.34720676091098485  0.9424307968006717  1.6874142699700712  1.5341126025719744E-21  
0.8845260369636878  0.9972460165129781  0.9438021031557378  1.649201296756377  0.9671322629525566  1.2456944881515473  
2.2322528552494276  1.7414681306044733  0.7432371359482076  3.70125931280595  0.2910612795937329  1.1337342938626844  
0.8178744238387325  1.0208311706470339  0.963647150853818  1.587576320202175  1.0150623006364752  1.1624738194213622  
0.8107084228286962  1.0123220399633184  0.9593975695757164  1.6056519160950415  1.0349103254932919  1.1580921790016587  
0.706582696563501  0.8692246408382023  0.8575105226909726  1.8033735568375764  1.4226915558936197  1.5067112849606628  
0.6537258876486975  3.7073816656652205  0.8745657089106375  1.146545771793333  1.3274354876377397  0.8985394867964821  
0.8375058645008209  1.013652064848605  0.9421261106040784  1.6984303848602968  1.0138791252377386  1.1573712105103315  
4.932479629194443  1.4942462752923156  0.9353299637483679  3.7664429120587193  2.4147899882494843  1.9375567222148249E-38  
1.037556502836369E-28  1.43012897327169  0.3626425206002363  3.4691090942531817  6.075823128042273  0.8553772821913723  
4.331715678541665  0.8205097074707078  0.11496736631771509  2.4258490559929275  9.78141187808459E-26  5.375856874889819  
1.355282149348401  1.1887888172220509  0.805048554970587  1.6760809662199696  0.9158630482438782  2.100748211029061  
2.690230873602097  3.9052780819115473  4.0767954710501995  2.27163360530948  2.360388163139363  5.961313299420857  
3.4922479689262858  3.12521525933135  4.635134006073151  4.517171078407448  4.30912075172161  1.5850907119141202  
2.221867726893831  2.8780595495856502  3.8731005126387585  4.465340214440103  6.068940881059308  4.979520494982622  
2.542587448613431  2.3547257900923864  1.4897237515005433  2.1719325172843016  2.7848184117188546  4.111759892284223  
3.7922776460973173  2.659351788403312  4.920760166243292  2.479653046432838  2.087602222515935  3.3244011234689412  
2.1496501553068255  1.3522956050111326  4.729375491961698  4.292274656821757  1.6729693978744246E-69  7.088529875940078  
4.985357744362499  3.469995120824755  5.937877409926187  2.3686041301608007  4.011644130147039  0.7897205265526264  
2.7224231630807534  4.076945914958504  3.235270926191643  2.2913077836190414  5.192890275514347  2.380591929274516E-6  
1.5231242835410335  4.497579647409768  4.984830317386097  6.223384524169905  0.6873998053699284  5.560724498954266  
3.4366668925914463  2.59186139520368  8.538775575029732E-19  3.982790409105188  3.7979502188061254  3.922403539069886  
4.587612451476599  2.48302724681982  2.5580021723715394  5.355479588888481  4.877778550793163  1.886523670059872E-74  
2.7048273512048016  4.034544085398279  4.555983043471823  4.8812485315389095E-77  3.6308598187857197  5.243561608702869  
3.312912180477727  4.438081886281698  2.3705285045206943  2.0899863470064113  2.9657721627997926  3.1369673252295973  
3.3625110648494227  4.659724045249714  3.8935024960164517  2.7463907706588775  1.569903508300232  4.635620774636263  
3.63330093233781  1.2482952990587095  4.701963786852609  4.800679571103603  5.593000475368838  4.285185093024432  
3.5665413835091835  4.0974190291774795  5.081686977389423  0.6148998282379147  6.869523522769905E-33  4.674699557125643  
3.575599549374274  5.790883796662304  4.4982433573124165  1.4972429186881426  2.3726331205140636E-52  2.6246934755815063  
1.6153842600176593  3.6672720585826175  4.128602598058527  4.679479473958066  1.5485376221653337E-107  5.466369205918806  
4.820869513246487  1.9396636015789477  4.155597427361316  2.543472724532492  1.627762811415758  3.398694649091868  
2.4471709669664254  3.248608667923669  3.0218335974462627  3.4648492265531456  2.8730539054123594  3.2929525273821127  
2.4947786009764634  3.805455387261817  3.3682909560527983  3.3393742291386346  2.204220939122129  2.4887466662340723  
2.699263975339642  2.635304479913167  2.7887647785730554  3.9039328238171453  1.7676328582041128  3.31618631549964  
3.827313557789706  3.045667741514001  5.056297778094004  1.6385432371391295  2.0621363191492206  4.229078470854335  
3.0690484551686117  3.9232610076478283  3.390398603621224  6.629170755438412  0.11047395279690093  3.5647437455541526  
3.4567831384161853  2.4856341568063307  5.934601325505206  4.6269161978069  4.368828528680795  3.824402523585174  
3.1172079108369823  3.417065625407375  5.528680380036464  4.106768688972604  1.8174645059819814  2.137463209847374  
3.394433551900434  0.15660552015946919  3.9176011256147483  5.809133833167896  0.6345310916028976  4.823136334302653  
3.1064308624017847  4.91069442278411  4.063744975211875  3.2486258194158886  3.723031327816868  3.899840942391841  
2.5421959300155503  4.549659547554066  4.551221347841228  5.77660373363519  1.7342092157271625  2.8527564201591593  
0.0031426629978764664  2.0022438732902477  3.3796154208204263  4.931959095882736  4.678215199382262  6.271926892999273  
3.4451450252449827  0.2773018289374409  4.484373516585709  4.431364619432767  2.96999729031194  6.408274289769426  
2.3862373896949864  2.9593445536174  2.9923288242385637  3.7131001495846405  2.85265582049131  3.1659883331746586  
1.296720700225995  2.609358341596489  4.592758203810721  4.3961708724262065  4.503436563051028  3.8065233874025233  
1.8587270653995425  1.7348840083412118  4.092119655364951  5.418212594507514  1.9209095977237405  3.8688781870295923  
5.119249662940669  1.930834816810491  4.03354426668017  5.208353727293823  2.623681559487261  1.4625563577165326  
1.689491397071722  4.05900378516427  2.1727102590188583  6.370848827992333  1.8926099142017256  4.1830662601004995  
2.3312102472696457  2.785192342625101  1.1398253214853626  2.8966578939674523  1.6409912426465127  3.6817323648806295  
5.224486200065239  2.5604839840659723  3.444672088573348  1.2031378738391985  1.1370892360813432  3.1358966811494127  
4.310865786595173  4.18388180206159  4.59890994990165  2.271416878288761  3.5302442733671326  4.383144605230301  
4.76503843724157  3.62906615395074  3.2752982853575503  4.702028252374749  1.445958401355122  4.009376794036998  
4.2190496635435295  1.2257001590725204E-53  5.401091571124954  1.9432099970139451  4.592756193928508  1.7747498508782265  
4.345576205119666  2.8303951567943186  5.193521526882593  0.335479579585588  1.7821211433058048  4.197930151702162  
4.552240221791285  5.504173598896521  3.4145405034478964  0.32141972646691935  3.8199913237794987  3.5645413673529366E-102  
4.7962371887579245  5.458403626286725  5.155101038631401  1.4978671530115408  1.1680688867605409  3.0392204584299805  
3.427788329731528  7.322104717774007  0.31314961914918743  5.790289319222079  7.571986099882727E-12  2.995020623199833  
3.7267860301055418  5.0042125474908365  0.04323413148389833  2.9601593180153025  0.6380191023989  4.3683185931219946  
1.0474495906689028  3.909673044183292  2.942959605498764  4.080891330344351  1.3424962274484156  3.780557202448  
0.4981855650530166  4.83168812972688  5.555792034738864  4.289732815327154  7.089902772741377E-57  1.666606273912976  
0.34101104438514446  5.598744526492399  2.9622569102168006  6.1843507360324095  0.24553987017566278  5.3232385875681025  
1.766467172785825  1.4915263260357474  3.144893987448448  3.4622407329153315  3.0950142781139607  4.049878884851329  
5.153949923632601  4.15784508443438  4.990404575948051  0.04532434411888333  3.836139871314269  3.645458400239109  
2.811282638859141  1.04647679888988  0.6893570846126782  2.8666300204251405  2.048848963734353  4.194753226009438  
3.377532013423421  5.337278134073675  3.1439612610318597  2.108386744751874  1.790670143966933  5.384820105438877  
2.3367216541737585  3.0939351291631088  3.0733874189749475  3.557273687259476  2.884636414214719  3.0166925902136823  
0.7534538506875869  0.8008698379751013  6.025109592058777  4.132307286059847  4.05356990233626  1.5923348231041285  
4.301768879395648  2.3706880543340008  0.966776978850144  2.765995762442416  2.5362775836770974  7.411884813714452  
2.820100896599306  4.8445146900036145  5.710771284674362  2.320291200848417  3.959369699916482  4.9014036951628056E-14  
1.864805369527817  4.44078138576393  1.6250088362637425  3.721888340429201  2.6437732341843505  3.2346374050337183  
4.657039807345634  4.519136041286179  6.190372631363733  2.7873946438853503  0.5262094595719856  0.5039653319978429  
2.7135480639135507  1.1271645467741147  5.609408653059063  5.345119314301339  5.1295413234979135  4.961606961173908  
0.3691848356423241  4.769004915125462  3.233916811230513  3.666547773112958  1.0167932626825076  1.2576687465272516  
2.102827215401019  2.858630641971856  2.183525603987589  1.6566043316814956  3.2844143048483794  3.6986216712190294  
0.5315226590474751  3.114204641743485  4.042329394402287  7.136869073000902  1.5613846505834361  1.0176102881288506E-30  
4.429905120603929  3.1404995401943094  0.2508898957110038  3.0766707125489106  0.2358831963740727  0.5444336960383903  
2.895911378645264  0.9231731807851935  0.5659232531033105  1.9463229950194865  0.4787668034487815  1.8594548508482966  
3.244513907796314  0.3520871213169636  6.018786200162245  0.9414056660036098  6.820867019189851  3.432374992575447  
3.2228575056063455  4.232075206320255  5.509347376654777  0.9472749964921088  3.1992122711369855  4.652124221882642  
4.268624078350229  0.9977349462457624  5.315037764643441  4.932789256912825  4.787094231745348  3.6493473522107087  
4.8775317005745  2.2465965703195945  5.086209957462657  1.3289669630314283  1.7624465458966811  0.651091642319889  
2.2277758077781997  3.2504522710796624  3.455556052487116  6.0855106105908705  1.137525691959825  4.063535506324152  
2.8282025679034932  0.04355358702939653  0.7306109519136046  4.388542904338851  3.0621135103571104  0.9071167702383044  
4.999745418364977  6.207271552934071  3.842704317541339  0.27584822772022694  0.5829962108153552  3.821488013802954  
4.620253709950752  1.7951706733697317  1.591953603971025  0.9762671799384117  0.005943320040248175  5.616265444068985  
4.726803370937709  2.5725043930355067  1.5312101739625017  2.145738152321855  4.188394370469667  6.54977854889643  
1.3299715630269644E-22  4.53075454522347  6.5336087613192815  5.560565605296504  3.454046892832273  3.4946506479691646  
0.7652975623825305  3.526338500456154  1.0303495857446616  6.613247227057999  0.8964994696902844  1.5299748158308832  
1.648995373102814  4.87630576227049  2.0944449889269054  1.2128204855489377  2.4148023811517487  4.5212820685172685  
2.979733632816081  2.980441564665018  4.4889345335982735  1.145700131944877E-13  4.641947190108114  4.289192065911799  
2.2385926723375587  3.0021089704725603  2.9398356278816022  3.5402157816249575  2.8951290991976055  3.160061014750507  
1.9767131136652591  2.006033235468575  3.675095585176082  7.278642849404099  1.0243282827715953E-12  6.12240912306447  
3.400374643150105  2.433689461707246  6.38055077946864  3.172682924866394  1.8664847076052484  2.3971605706513075  
2.535979113369179  1.0285672670702073  2.517814874079722  3.9267525012811233  2.4542347599323353  3.1561839267499012  
2.820286097357475  3.731483571886404  0.37308705496839517  1.6703891115025709  2.815096383782486  2.963884944986074  
3.126302926051122  3.5923034559149474  0.26495038931509696  1.7350430443662532  2.3042404286386153  1.4455814938821434  
3.8122378131454835  4.957164619125493  1.4958825943519295E-52  6.314326372169747  3.925659919372796  2.787254688989644  
1.6264229224439857  3.8818844500827123  0.570793684355782  1.3751761400762321  2.2428122769841004  4.501316659947096  
1.7451243883812104  5.553124186242951  5.372926848250973  4.766350946931673  4.821361243081534  0.008143051779958846  
3.5616268690940696  1.1245568772445544  3.002169496568798  1.9082673591923125  5.418212895219232  6.161942487043722  
4.34829628070264  1.6883864246163072  5.246416162681441  1.5995628048543775  0.15194127709982266  2.6834215936537853  
3.4264984663310183  1.3200362066102553  0.35071426961588326  0.7059587118585497  4.131437967256648  3.483150417386018  
0.11212433505364042  2.36435465053139  2.9491869175330025  0.44272381508439534  1.3940175857568868  4.464756558129046  
0.7014873906647746  3.303645182085581  0.8493681777756743  2.929409610673642  1.2315617407348856  1.603202348725544  
2.4000670974734066  1.1816738318242  5.78144670453663  1.6327396002059005  5.91408376441134  2.4560304959848764  
5.1162793859149165  0.7602803096056578  4.277732104993235  2.2733009345054382  3.7091628934707214E-20  3.9496877401666697  
1.5655686183884254  2.0581326903952817E-30  3.6439278443982337  1.1841629647738965  2.8467070175141447  4.93621262614029  
4.065077900008064  4.798106274382796  2.7287282067572534  5.259248793045868  5.581824038622061  4.059224234858613  
1.8598118213229498  1.9660434101848883  6.710820610352308  0.5755090018044231  0.9804791340916503  2.411538251597726  
2.6255780108148814  6.235978823387089E-59  2.9909385156754538  1.6710423631977505  2.7431295976583905  6.447473486237159  
2.891118937184024  2.8017549247513363  0.5619405180905848  0.650146239960989  4.854081089849154  6.604259847636381E-21  
2.39029508402967  3.35039816249394  0.13611053410409188  4.493197323189921  2.8750774921602913  2.584357746528755  
3.740862279236171  4.211056416462761  4.120564319372302  1.4195781780754337E-12  5.670482524974931  9.279483548154371E-30  
1.17142532537063  1.4221881800921274E-41  1.7178407948490642  1.6972343686787204  6.53927093076534  1.674645362441548  
0.24247791563633808  5.3154243576614295  2.5094618288714696  0.9272368387742509  2.183834368282178  2.0921153321809953  
2.3028775400652015  3.6930270392455786  3.15092074218347  4.141121114992325  1.7214980697795632  0.17675497126424988  
1.5439261154457262  2.1297099029914954  3.7750552868725338  5.169136540438528  5.155837200310273  3.958106297561083  
2.523800585534416  5.257271745020241  5.316646115126554  4.056305472098275  2.11263343738763  2.526090579208276  
1.0231838191560105  1.3061547385910877E-19  4.498996444501975  4.694540227590367  1.5609849938682172  5.59415636757225  
3.8217852064657225  1.8071394880352183  5.908337591628202  2.6492341824980212E-77  4.989837082374444E-4  2.9254134057966312  
0.7541761529419556  0.7784354774848398  3.5675663719586943  1.151358099818267  1.228263265994999  0.8647427794112115  
1.8409588562202504  5.071558607299505  2.3724782819218775  0.6965009484718307  4.937382206028442  1.9776461089032091  
0.010761075751762217  2.5224255134774585  1.4263272973014025  2.313913048698184  3.8830459005006013  1.5079885041906422  
4.299663940436413  0.7094112092141734  4.438689938854563  5.488082531329672  3.5375935744167926  3.782413709867811  
2.236804989123031  3.139996328325136  2.962110305276302  3.6416168310138954  2.8856742622752245  3.1261441867238062  
2.343324130209832  2.2548072647243953  3.053501634614215  3.5204090321368717  3.1058394187434573  4.799128942254914E-5  
4.116524644941233  4.446249978362594  4.659394653590763  4.853212228032565  8.665532189646655E-10  3.3898230823251154  
2.753274442610925  4.637686187545565  3.618324591432708  4.720647937558492  5.187038081046246E-11  4.1110615212775405  
3.7720915280924006  6.224267435223486  0.3284636222353065  1.9208098501778057  0.43606508759448204  2.113140387331647  
2.1680699915354347  3.191845090966379  3.102518327166203  3.753964213662098  2.952748757457882  3.7038843898445306E-34  
1.8773114350538913  3.5811207288901876  0.548027832602019  3.9811601736262596  1.1561963551668835  5.083403371145335  
4.307390902975265  7.093962428266073  0.6398620543309242  0.7653983112711562  0.23044861641379122  2.8497502052995496  
3.1640509531630925  3.2744078852241705  4.535211437845563  3.396814507581795E-8  1.1098314524981998  4.097131183430539  
2.5589906450085738  0.97427615986236  3.2618514783045596  2.691663295893221  2.8731889149655596  2.9257236452028357  
0.1447731870674375  3.933379164897932  2.764829427172698  1.0524400837949295  0.9533248705032606  5.795939480627164  
2.4318654463404124  6.79309274679352  1.833669036514326  5.8092407193216875  0.2210267221855402  1.6435720665083846E-27  
3.5664808114358983  3.4627149726140662  3.08280140586997  3.923151503501122E-69  2.077216195481563  3.820646037787669  
4.148211261582149  1.8654945906864995  4.201816846074628  5.157516294078232  4.045236251386175  4.6518738547768  
1.0187371734997142E-12  3.216224145051919  0.3502286889970242  3.9198009446774447  3.8758857319321396  0.5487434337041214  
0.10660099746728105  1.9000667159966087  5.855358220124617  3.572741507170694  2.680842132467676  6.39631175657864E-7  
1.6981395566979682  5.2169723868967095  0.31093644510152313  1.608326726436566  3.8244263102076332  1.626711677401939E-13  
3.056771606304905  1.5160979659062492  0.3810030662775836  4.9924272764908695  8.793768428070375E-29  0.9209711207389251  
0.8577012882618656  1.0228706621273456  0.9370540385226444  1.6828186876625457  1.0102386229425728  1.1564103179194645  
2.2297132642854005  0.34882432163380295  0.4520999075937044  2.1291203649550132  1.3058035332803377  4.629548568411426  
2.6927395624819495  2.42507952582367  2.1799031555700292  3.1522162199323875  3.2311640812875804  3.1804873583058786  
4.708966615773752E-97  4.571709118120921  2.4073880114326958  4.4174980359356064E-15  6.16040803042706  1.0177763460022227  
4.748804531802471  0.802804406732521  6.056816962591637  4.510847364787141  2.640072854682268  1.4004986507896757E-19  
2.555235197269477  1.9474842098050402  3.046015158527379  3.965648692056696  2.9062893524518665  2.7572004980643454  
5.121397688966834  0.6799594514762815  0.9892028146754333  1.4937981744480124  1.3720643073968517  4.013275324867884  
3.732413781102447  7.705296737580986E-34  0.5562152370857095  5.193274308607041  4.959083790006427  0.6226932023308055  
0.22818814125988324  6.158802593541672  4.071192140062464  4.491897950666079  0.05937860354462832  4.014255403202735  
0.6535609158578802  0.2051032589130157  3.8226555453271884  3.8836723340314547  0.7587706170016267  6.7419630060419955  
2.782480010437874  1.9204153116168245  2.217492045806565  2.567247601508923  3.0436924630690525  3.4070668041870293  
2.2737152377754635  3.4737567492623866  2.8014357585380893  2.971427866460764  2.171170976516654  3.2057806294667777  
5.3890863229827835  0.8043189763622275  0.3254267152001693  0.7874591227642667  2.045282959470927  2.642903510674977  
4.0582697942992  3.8231120842213826E-11  3.579069894561572E-5  2.0666104696844725  1.1923717025266631  7.373551644479017  
3.3849777524113036  5.617437166862995  4.4087590373318935E-26  6.316072614319959  2.2425005190740666  4.7489281816150175  
4.419970555674004  2.5962072452363305  3.8720133445274305  1.425437303966532  2.359205394687098  4.291784942171889  
2.3713403690459667  3.2641340259016767  3.2211715410343364  3.8014662950810223  2.446335095134878  3.0814650015657707  
4.199141382312713  0.6923339505426211  0.08494290682032968  3.0306326998348134  3.643870775884397  1.2955971629306846  
4.763716085984482  1.0176396066235639E-21  0.4104794130803851  1.3320664046528872  4.625345285229509  2.8251418642825823  
1.283950062086732  1.1010430106480569  0.653792956334006  1.3492318314927128  3.598368453747507  1.6003012965868462  
8.975000773849755E-20  4.548033167793395  0.6464690022366029  0.10255284643341354  4.49699490484095  6.96540666985061  
3.164903469922326E-49  4.493442091317023  0.6286215698598198  1.342542635392601  2.528664270505164  3.580531726691123  
2.1892669631558106  2.673496377525029  2.6758842390471558  3.2893389569021223  3.3299325698228963  3.1737134261518474  
3.437937186978699E-79  5.414698391978713  4.761581895409939  4.678769094211084  4.891663446135477  1.447176510311169  
4.327646560851119  4.8455487174995  5.74665174674549  1.0081004216483973  0.23342361553414034  2.809388872615353  
3.0159245153014576  2.1264525381357116  0.28765929270815854  5.655529049430914  2.5374949258761736  2.311061001975988  
3.055325246014633  2.912590538238524  2.432848582815148  0.4400412062145903  2.4044767005573306  3.559065837455457  
1.2739808581540695  6.300902133984057  2.0526768412426417  0.8313649814840129  0.529073576082341  2.9418364998979984  
3.4977064168582164  4.30189043422637  4.1623762054687266  3.7047976064286017  0.7987071423810164  4.221981774509896  
2.44721598606691  2.8803102647895464  2.997661653635857  0.1651982860080885  5.611009069980765  5.212771417044915  
3.987643077786313  6.823535775554353  0.007439957431195738  2.507438020167601  0.1124682342272946  4.480062041961542  
2.858358603460802  6.573028984700931  0.5209323168027917  2.733590196232461  0.2457627857531921  0.4936797999695997  
4.00998182545042  3.4645072590247983  0.37047513653187303  2.940654590526347  0.5976603119536672  2.2127630687239703E-4  
5.444387935132588  3.7423873833034698  0.2369759022423338  1.673230923960697  0.4519522047219014  0.5221341838589811  
3.0137280894047866  1.6744076063613227  0.3946850922441627  4.779705658343375  3.692397372752067E-21  0.8638152683997989  
4.870648153673941  5.114418502453054  0.29814710448123244  1.345911446695598  1.6888210660717604  0.6122582197136344  
4.469421922367011  2.71354167602063  1.4383924447038508E-63  6.266977211786321  5.097130745237203  0.9163106732229126  
0.6094334410824676  3.895320716843478  1.5054583397152081  2.6231704443518464  1.6770909422343043  4.53161271048618  
1.07406700346132  1.7179558383751619  0.7127884835936436  5.038126584747376  2.042674531427608  8.072879818360649  
5.447626158470219  2.022935549930519  2.2557306054887594  4.296437863219464  1.9930443205891317  2.7125458894276653  
2.629518977464572  7.539429023381516  5.4967604460617885  1.832851939665806  0.13188239587712938  3.5959338652446866  
4.469205064044267  3.724369359038377E-13  3.6181061349032415  0.37585852631856065  2.2061880095174993  3.584874081330298  
5.463733584311257  2.99501845427795E-29  4.394166979449801  3.203648226897982E-8  2.928615601275784  5.337175393310111  
0.7871250378979763  1.0274741424398735  0.9436214570867835  1.615616504343173  1.0984398104355548  1.2944581476357093  
1.0017515587867807  0.9553369703631313  0.9205607958120969  1.6463956496351904  0.8539125912530611  1.853768814219466  
0.8085486552255654  0.9851284608642511  0.9490519424595572  1.659899214039155  1.0638360858805722  1.1698715817279814  
3.106767848668426  7.253319368147218E-16  2.8393941214106633  0.1768514842957826  6.46735285805151  4.089255615025302  
3.031858680587108  3.4167669324944967  1.2193154419446328  0.16100306434727948  1.906045362147814  4.817097543810947  
0.089280815881392  2.00743168021147  3.0660841066910476  0.4585324028769246  1.594346008667688  4.433033912311088  
0.3456866536854258  4.306886559392723  0.6606093675090228  4.358287271320971  1.630031433405903  1.5972507580849153  
0.8787320619047614  1.9075127491111017  1.1630589259755741  1.5922516483735254  6.78112600297365  1.2660192882268884E-5  
3.817558028492491  1.269412887839462E-15  4.767974370421732  2.2725841416447303  5.849955694539006  4.863642592307624  
0.7191985975712508  0.10578338921519655  5.889859592857884  3.3244138890643287  4.191290109409657  1.1276527542906083  
0.787402866958902  1.0893937240019107  0.930676199735131  1.6921302389455266  1.1163097924059766  1.0974136638889194  
0.8396748551990355  1.036508188730387  0.9696586783845981  1.565424370769863  0.968224327350237  1.1756437933325816  
5.776941761125897  1.086523170763687  0.02404678476755841  2.496037839550258  9.534396906186535E-39  3.586864452290948  
4.299377494391269  1.0698188679616174  0.2995098509266617  1.9011287743413106  5.356702440959269E-12  3.1351180420398657  
0.7400554715474954  3.1708442199236972  3.184308868041634  2.087549313301287  2.3560719516812956  3.1528818076089804  
4.28147290381009  4.176526889784287  1.9634397258954472  6.4529564767189145  4.544523243015883  3.6284604201458923  
2.8637798472898193  2.6627265980335486  5.826420314616759  1.6360634930706741  3.96578058800554  4.435314542624185E-54  
1.1177793958618432  0.7679540295448437  0.8065614305881845  1.7204393251866907  1.325531462559357  1.797775132755191  
0.5199387777253112  0.18225417995513996  0.5277573402753306  2.354404515288785  2.598148273173815  2.7365761789451457  
3.2668187262873762  1.342601932838145  0.7857652912280927  2.4157299917849566  2.964945844897533  0.21879771317260488  
4.720011769929753  3.7884299675920587  2.44575582137776  1.4059540485802047  1.106532031057954E-50  3.830501442928447  
4.921156084317039  5.517810071090768  5.609116150531352  3.2636761080558983  0.0010307665628299567  0.0025560075415976373  
0.5102921609518214  0.036463450914359145  4.046286283729836  1.6554742296344622  3.266147165582409  2.843575833491408  
1.2801014446498746  4.986734903831996  0.7095901086800612  0.8792337409897418  2.6206813870991574  0.10888227860209618  
0.9087138032975156  5.085709948139009  0.7448261028585997  0.8825395748250465  2.5909743417717155  0.2761978784881467  
0.8762095071859275  3.3781176995904345  0.7821857510903255  1.020291972726393  2.407620539524574  0.3503382030353619  
0.9033774011391865  5.095169782959401  0.7451736541065155  0.8851932233459849  2.6063493578283135  0.2820015929517727  
0.8722267688512143  1.0518130524034974  0.9660650453775853  1.5787233931043245  0.9244126959940124  1.1971499929946567  
0.8077415079792307  1.0033780348930945  0.9545520609097424  1.6282806928519566  1.0489293936323292  1.1559597956793335  
0.7964915099262081  1.2248295355301992  0.9588440807575244  1.5873184726625396  1.0359399797522686  1.316108281853447  
0.7798457267995946  0.9330105970639033  0.916462354801044  1.721485751285705  1.1819628222674134  1.2293998632383552  
1.0917992472211528  1.0619319136296048  0.9202366792190807  1.6105272008176978  0.8492747721460555  1.2618159821642694  
2.7050226761745124  5.985676407153038  0.8309754720306791  1.1410123196747866  1.5175641265488746  0.42214546685468074  
1.2732775138569128  3.806123211290178  5.730963412177996  6.317402995386427  6.702223327008632E-52  1.1856547085032304E-35  
3.345306460809356  7.736483801158034  2.1999981174154  1.223890399912534  0.6451979437285683  0.7846910440509541  
5.949336311105023  1.5361881640904569  4.456508933483101  3.629819363108098  0.5544438603309522  7.923780385434143E-74  
0.584663271321679  4.6687356639114  5.532693529587455  3.9684162356530757  7.072765844543022E-8  3.3044692774572724  
1.7496180303103286  3.0264848507921114  4.538266122439442  4.980905077544852  4.013048610336959  4.302871305374515  
2.414965219119083  2.905310560962636  2.3053963548543592  3.4224266949162887  2.6955444091276495  1.955291881779891  
3.314467633851211  8.29314431368868E-16  4.8029528672177655  4.390345823870174  3.033169672580159  4.664712276885215  
2.801423323508633  1.1382345178453784E-78  5.373542149901073  3.890281494997046E-16  1.156644348244895  6.491950394608668  
0.7642880441829727  0.7899616450705884  3.5697239573614903  1.0916915137806504  1.1984711366246021  0.8638916729254266  
0.5524712802924099  0.5968477663669414  0.6377448835356009  1.620884580655006  2.308431497027987  4.512502623645729  
1.9339943947630616  1.6449354409754002  5.382132269906462  2.709528299627593  2.6441367048808794E-16  2.650319304948195  
3.3591756318925015  3.722898870450707  0.25289386743229364  2.0717574947144723  0.09204239951135476  5.94156582290157  
0.6485389278049848  0.6724088657430849  0.7730736114583726  1.9423174678133817  1.696321237841395  1.5877114235002219  
0.4121859412550906  0.3843933486218069  0.4856192621049728  1.7506636661815733  2.839643646451207  6.1763816990590525  
0.6118378684801132  1.754182723799005  0.7126133673942442  1.5262589433612257  1.862144810637656  2.596342133924881  
0.9706413183030816  1.458157635277884  0.6827019692857227  1.2876054917785507  2.1475829237839537  2.4473461040209705  
3.1165968458318614  5.7017278507258755  6.316066840037159  2.9797756149671417  0.8717292996024739  2.5029671676676034E-5  
0.2204092860423573  2.3487000977947643  6.008596783437466  3.399004063041465  2.6122208918901464  1.7329716051707547E-36  
2.2281055593879704  3.2314027741097124  3.1136168035745637  3.495256288944131  2.9318834213818943  3.2241157839364  
2.555484598191168  1.89726177659397  2.1165633287832732  3.606723684510053  3.695272112035388  4.177752693391E-14  
2.442377162370972  1.630777149938866  2.86678746408019  2.7834438763247933  3.48503310146393  2.9034527033612565  
0.40665495381943184  3.214412102859211  3.33393642703034  3.006394167720014  0.40011932090456115  2.378947050929362  
1.7770820950071502  4.115912097672436  1.3857798019879897  0.9222434186827808  1.9763243775887502  0.448051093969814  
4.9486915274469165  4.478928810739021  0.2237743064445906  0.6731866199126343  3.6875905170447645  2.997276484745424E-29  
0.5625842046170556  6.227086027625014  0.7714585504897925  0.8983084734242612  2.0171135911150233  0.5021220168183933  
2.984492678833666  6.278549513502699  0.025472354675311927  4.951204912430956  3.1810318498225323  5.413682355211308E-72  
5.415696525042702  2.3978722110211037  5.785337636495446  1.3524050627319706  3.4820342761744594  5.413846868963898E-59  
1.8263889717814077  3.3095097858864504  2.7647099592195024  3.8278645507843807  3.0621387660686814  3.2886198590953466  
2.261711121206736  3.586072148299913  1.1479993144135532  1.1108020629626014  0.41408683287359066  4.151637825012694  
1.4330904062480492  6.144539129464433  0.9364928605381229  0.8844955997758442  1.4767894632869423  0.5540576422404905  
0.7158908661645281  5.326498983700069  1.510013963305925  0.9702928141490074  0.7999447386535123  1.1299781086826983  
3.483134221020926  2.6113833871702425  2.125482640118624  1.0218837302175057  0.9952789321134603  0.6023261140278721  
0.7747239352680109  6.6213337622716315  2.1953895536457386  1.5039336865191564  0.6055024847775026  1.5239175910253662  
2.2563622517592568  2.0046568872251123  3.337577700724247  2.9128083421738915  2.3361066157007957  3.6730845995802093  
0.4783661002381591  1.5399472070858136  5.742639072039199  0.9022133734237054  0.6172519230933438  2.4730301159852597  
0.6490846302832914  2.8747403853812354  3.896676297496917  2.181790245611385  0.5502545017852425  1.8595034522658926  
1.02465028009931  3.5752176799867184  2.5542289922908514  4.484636947088704  1.0881822936168801  2.0695255025391384  
0.7630982395413974  2.1680486526421485  1.51094054798792  1.3345270624604515  0.8119195192204185  1.3849907036088251  
4.1184422483435404E-21  7.2993299785318335  0.6000599838006387  3.1843407962524557  1.6583083183261356  5.565203832641535  
4.212942024889122  2.576013240008526  1.6680042304348632  2.6678175159942517  2.790180980188674  7.11046745031201  
0.5667041564747723  0.002864004522197302  3.333916189874493  2.6592323307043486  4.931753158224755  6.794362324954722  
2.697150754238051  2.3579867220853408  0.6770855285653007  1.1351965558885966  1.1385255159794812  0.6439737536059154  
0.8120569273673579  0.49074673167710187  6.228918784328542  0.9977807972672852  1.5812230967254475  0.5385658574078018  
0.9627494306963564  0.8913612956584905  6.1954245612898  2.0808982931001823  1.6378333353367462  0.6237357719619844  
0.24733915217926708  2.493640068515286  0.5994455689140168  2.7824745076332804  2.829202320242367  0.4861945587540714  
6.772710136353802E-11  3.443506154861592  0.37270629982244824  3.7964481175986693  3.758239985423238  0.6020959207875125  
0.7809151832727425  1.189665503612512  0.9493164391059453  1.5561605329822443  1.1042441517544583  1.1114442459521496  
3.1230702189115513  1.6051084609044792  0.34316699456405303  4.972748040005725  0.004938188535051664  0.92259316725193  
2.9783636833668328  1.5167558385384632  0.3934282165841755  5.132763794171667  1.756601894227701E-10  0.9096230708122847  
2.9512594169668236  1.5143018211429835  0.4022067331185644  5.1585451950237955  5.407859403292788E-10  0.9018587369660432  
3.024980711424383  0.9116283785766356  0.6207797936609238  1.5582225443583475  0.5291548605611358  1.7261966225342005  
3.207967537203036  0.2456800626487728  0.3300697272125967  1.411565690966941  0.498981783815787  6.650976264479842  
2.6774938978657765  2.3792316252343513  3.1451617462439536  2.6262425564459924  3.131991672319767  2.8709856672627247  
2.8476028126840087  4.732061590047912  1.9990291587141067  1.4671977186440807E-25  5.523924921124389  3.72570646984399  
3.380853660438329  1.4514593967580127  0.5694836646117568  1.1593176249858852  0.30879273264556034  2.904579010272692  
2.134868713264456  3.4720253845451357  2.115486476153157  2.483576029423056  3.788614648834562  3.09045733986541  
3.769294770438849  1.0886509544720573E-44  2.798349855257103  1.3304569543801998  4.195683117058311  7.282250995287429  
3.44551452572436  3.184823178458137  6.966850122163713  1.3211141182287045  3.1475891451592695  0.03714680498048831  
4.148609026370741  0.9234203981986697  0.3916560955723345  2.0388367313719056  0.2916636402012487  2.0495319010452775  
5.677717718789675  0.8658875733414275  0.3141508355040234  1.3077316435961348  0.20808308271025483  2.280869215194196  
1.793316117764542  2.535190207878525  4.033611835452556  5.278892265930314  5.100722668394257  1.0150954127289522E-4  
2.302023578984989  2.6549042450002154  2.8219218968197333  5.0512488673468825  1.2405810400460142  4.543879746387728E-10  
1.4853432493707217  5.022889605738185  2.2159093774185523  3.8090752896481064  0.8062981610284097  2.140270319115363  
0.4131561662714644  1.3777985539500406  5.467493822442984  0.2751148490400405  0.5737478294957661  3.744406548415924  
0.7201682039002161  1.178515359213956  1.3736605452310822  1.1047025324430666  0.4605711491447468  6.293787527071755  
2.848120988601856  2.0248354853831203  1.7577598555848288  3.155855202797024  3.3271547820284963  2.2930796670245366  
1.4378706159534311  5.969889072513056  2.714901484732344  3.39682589984336  0.01400845305835219  5.737745681259937  
4.118885262668221  1.5149950929823353  3.8184862131859  4.098423884631184  1.5329453516065257  3.371266893789797  
3.136069738560856  0.7017403472447372  0.892537439821797  1.205502918486262  1.5528845905049016  1.0344663512542145  
2.8359358566673323  1.172015444971868E-9  0.14009642214172702  1.811108142478714  1.3762823361877676  7.290560706883372  
4.1432448039098055  0.833828384208958  0.3920226206290316  1.6496646386330172  0.3244369655080556  2.549480548108686  
4.521452697424913  2.410270981023907  2.8798330761005064  0.5259011594186291  0.4268899965653387  3.4120867457416213  
3.5029007130237195  5.039916880752267  1.9942396007406695  4.8350743551581346  3.858612090293675  4.185697762411683  
0.4503047599387615  1.6353604942911566  0.7428865896434185  2.6497833828270565  1.8727638956198578  4.755928363160287  
2.660341302556374  2.774424223849118  2.7417694630962757  3.080430885767864  2.8453712524186434  3.481778189029723  
2.93462546525139  4.1416255668361535  0.8191497812346248  1.037832191830775  3.3882053780012025  2.3387441464913614E-24  
3.773117204098225  5.495230398327156  0.07445887325558419  2.294108535713391  1.1852815111205806  1.8622967977313487  
1.669897559892158  2.0034658282371408E-12  2.967742081127564E-48  7.207795564156781  4.865100956213334  2.582488256540118  
5.508543671501064  0.5746217471692829  4.163292769309539E-10  3.1895430165841416  2.995100711729672  1.7252350532824028  
0.09254033511442958  1.0096043570017652  1.8944301036856885  4.5632474175386895  3.356243338373552  0.47135435583350555  
0.12655282248535174  3.0181454093779765  0.8647581131502593  0.8107394530048428  2.069240816848011  4.653304859335872  
0.8152128414414777  0.9866391791055508  0.9608260222774668  1.6041530220017084  1.0105321073244176  1.3863797041249242  
1.9241433228046556  2.390681475511722  2.920943410930103  1.2983537194036607  4.544102673451898  2.5759135238932966  
0.2823790140590859  6.086068151370649  6.008801917887869  4.398453200624743  0.8388306045593736  3.3555075943787776E-21  
2.4238738317434858E-82  4.305624231680733  5.518237190571583  3.96566202159081  5.743507283620463  8.035586960486636E-7  
4.227157523279188  1.3307496699893169  1.19488107144206  2.021345596114949  5.642891273398761  5.639158630878063  
3.8644988775518936  3.6912788988354106  0.34626740191654315  0.7425081305261221  3.450354228445688  5.600969351795748E-28  
3.476260388257151  0.62454370000148  0.373093736362859  2.3610000433124174  4.5356448457307135  2.200907786341895  
2.890720861786364  3.8596552338715373  1.721932640482637  1.97637784062727  0.27613900632763666  3.129794597274261  
0.8137264952066141  1.231359242632047  0.9339367856563434  1.6625623217215963  1.0522339578762765  1.0934034449774408  
1.0256129632874078  0.9808909671774714  0.8930918853698155  1.7722195977169473  0.969525983385203  1.2524454349790206  
0.8497779636685531  0.9699685322367414  0.971922440319964  1.6009149107302925  0.9165012065423537  1.543430495358022  
3.1737556943534555  3.324241446687625  6.2767704933376995  3.308580542223108  3.543224840463936E-11  3.558005062132805  
0.5095095131814199  5.445412585919986  0.524401653589658  4.0803507232982215  2.733275787689269  7.099654862845324E-4  
0.6229079783077506  5.078034715353186  1.055358310812799  1.3439524073935147  0.9142195005887837  1.2603251679556702  
1.1694550808499216  2.6589534773827057  0.44352645399706747  0.38221773338186193  4.929338802397876  5.211435904326637  
3.5504993530293123  3.4618058105731717  0.39414829011745434  0.9613121056747583  0.4374803529669184  3.2156912657971555  
2.4058938487132453  3.178243969615046  0.46340031320892927  1.3203306001399748  1.5933093359353758  2.3908970170346544  
4.25349190630684  6.134983079627875  1.398473554198882  3.634220653023282  1.9321073785052922  3.027292838437539  
4.110910460250773  4.141061083011526  0.013199788514490014  2.3487526405963  1.0454198312015145E-31  4.157417994992131  
0.8932580600109163  1.3071519490233667  0.948242306356263  1.5749080197452832  0.9102095048465051  1.1588786972174407  
1.4018527654041644  1.0432761236029167  0.7639377531692054  1.9755420438768987  0.9932989942704714  1.614673363364075  
4.027842932260413  0.8105256031863027  0.34767325708893865  1.7821814958633853  0.301119955192326  2.8849534344647356  
4.517351646044303  0.9851234274745138  0.49951021419284103  1.3178010749875315  0.3971284645604032  1.7800940837204364  
3.1791184757550885  1.5780355344129247  0.39071081641200756  4.844430884383959  4.404095467490211E-11  0.9446202272099649  
0.8248073939031131  1.0148810052682022  0.9469426635506756  1.6681253949071024  1.0316469619544781  1.1530180067625748  
0.06866673838960188  6.744162519472447  0.6509632424918038  3.4731403088854793  1.8552011704327367  0.6742304083009114  
0.7182989183824592  6.299049974706742  0.7738202746545444  0.8513747973126091  2.4426537051493633  0.3977341754139768  
0.2801986991835196  4.073869640814851  0.8513948362167706  2.3312273827070995  1.4817784708517738  1.8578963728248072  
0.3438276905695345  6.894520376430859  0.7552152950088172  2.2359729781723074  1.5774809093602318  0.8585026897633499  
5.4737903972018795  0.40309213887864526  0.08401505018419374  2.3334732745834974  2.242655277648846  1.0528323572288367  
3.6761301311850687  2.4855719719940907  1.3363688402761369E-42  4.849117376066698  2.282220974280215  0.4117756421127593  
1.6614172644184708E-50  3.2791822410580576  0.5214800807102045  3.7482725754049513  6.2546791946540905  1.1906499946183272E-22  
2.130649594127281  0.8333376575430433  6.541628685173769E-26  7.197085654434503  2.7268186773582043E-10  6.991376031488307  
1.6712936663396853  3.1955951840883206  1.8966952660931053  1.1541806023522632  1.2505943635484236  3.2268588925961206  
