1.0543408
0.12100271
0.12100271
-0.04487957
1.283681
0.26702615
0.23220982
1.2609397
0.26033082
1.2585956
-0.026921275
0.0056198808
1.1215308
1.379468
0.34794108
1.2613368
1.2613368
1.0016435
0.12583366
0.12583366
0.97479421
0.13575618
0.13575618
1.3670015
1.3670015
0.15666243
-0.11230857
0.27674332
1.3623649
0.00055199657
3.3183376
-0.21113813
0.24711579
1.1055231
-0.01658353
0.23392275
1.1872005
1.1046099
-0.096239028
0.29954611
0.19726511
1.2249189
0.24940109
1.0024317
-0.004241026
1.3023579
0.24681053
0.24681053
0.31414582
1.3515262
1.2315196
0.23111088
0.22095016
1.1213572
1.3517454
0.35230611
1.379468
0.34794108
0.97077424
-0.028709436
-0.21113813
3.3183376
0.30852905
0.22239591
1.0568533
0.012736096
1.1623808
0.15997307
0.15997307
1.5523943
1.5523943
1.5005838
0.33037791
0.33037791
-0.034320683
1.1712487
-0.2341047
0.26828091
0.95238794
0.010303633
0.0096558923
0.81169311
1.1063429
0.29789715
1.3515262
0.31414582
1.2938948
0.34088258
0.0056510636
1.4613663
0.0056510636
0.30476533
0.95821735
0.027254486
0.012762772
0.58954097
0.35975438
1.022442
0.046820998
0.014885955
0.46062275
0.8734576
0.26236445
1.0844599
1.0844599
1.1690676
0.32842531
0.75536374
-0.2564382
0.75536374
0.75536374
-0.60035123
-0.60035123
1.379468
0.34794108
0.43400952
1.1472132
0.069216598
0.22668998
1.0747873
1.379468
0.34794108
1.0821427
0.32903909
0.015239607
0.85105332
0.015239607
0.28937977
1.1107474
-0.15244229
0.28259974
-0.2341047
1.1712487
0.232031
1.0219854
1.1573654
0.32225479
1.2613368
1.2613368
1.0352454
0.34357847
-0.39826348
-0.44591304
-0.39826348
-0.39826348
-0.5555673
-0.5555673
1.2297132
1.2297132
0.97559654
0.1512062
0.1512062
-0.034315191
1.0363537
0.23156284
1.5025404
0.35798397
0.35798397
1.2758259
1.2758259
1.1958032
-0.018324399
1.0302489
0.37280795
-1.4352764
-0.57515488
-1.4352764
-1.4352764
-0.51415628
-0.51415628
-0.0012626285
1.2066966
1.2315196
0.23111088
0.52812264
1.3342389
0.09465706
0.22811399
0.99291295
1.1063429
0.29789715
-0.019594776
1.4156185
1.2070647
-0.032685552
0.012023294
-0.05812855
1.1409374
0.31480588
1.4575684
1.4575684
1.2613368
1.2613368
1.0543408
0.086903641
1.0543408
0.35230611
1.3517454
1.7161625
-0.031107429
0.096540595
0.23111088
1.2315196
0.87810519
-0.022848908
0.012440883
-0.045134006
0.62062227
0.1851051
1.7161625
-0.031107429
0.71547142
1.2609397
0.23220982
1.2613368
1.2613368
1.0016435
0.097063846
1.0016435
1.470845
0.054964485
0.015213067
0.004532817
1.1614797
1.1186467
1.1186467
0.64242669
-0.013420323
0.022821225
0.013522228
0.013522228
1.323638
-0.053539109
0.96743041
1.1213572
0.22095016
0.23392275
1.1872005
1.341625
0.28316033
0.28316033
-0.39317073
1.2315196
0.23111088
0.97479421
0.1125706
0.97479421
0.32225479
1.1573654
1.379468
0.34794108
0.50514076
-0.004367025
0.04388963
-0.032495792
0.19287824
0.092156214
0.53668479
-0.02187781
0.37051212
0.28937977
-0.15244229
1.1107474
1.2249189
0.19726511
1.0617571
1.0617571
0.29954611
1.1046099
-0.096239028
1.0237372
1.0237372
1.1410888
1.1410888
1.1410888
1.1410888
-0.51680349
-1.0937361
1.2297132
1.2297132
1.0063872
1.0063872
0.52679461
0.52679461
0.52679461
0.52679461
-0.5149547
-1.0415366
0.34794108
1.379468
1.0568533
0.22239591
1.3517454
0.35230611
0.2403534
1.2396239
1.2609397
0.23220982
1.0219854
0.232031
1.1573654
0.32225479
0.22344854
1.0732394
1.3515262
0.31414582
-0.26765746
0.22312137
1.222197
0.47097941
0.0043733877
0.076323899
0.97559654
0.13386777
0.97559654
0.30586885
1.0018119
1.1063429
0.29789715
0.31414582
1.3515262
1.0057169
0.16137994
1.0057169
0.30415017
0.88752941
0.8734576
0.26236445
0.24155675
0.98947444
1.2613368
1.2613368
1.0185946
0.25046341
0.22668998
1.0747873
1.2297132
1.2297132
0.29148035
1.2921569
-0.17131919
0.23111088
1.2315196
0.22095016
1.1213572
1.1215308
0.0056198808
0.34794108
1.379468
0.54420699
0.012898395
0.12073826
-0.020185127
-0.13675065
0.038436396
1.379468
0.34794108
1.2921569
0.29148035
-0.17131919
1.0483369
0.27825005
0.22811399
0.99291295
0.68255525
0.11890381
0.11890381
-0.37616354
1.2921569
-0.0077276562
-0.0077276562
0.26073801
1.4285684
0.26073801
0.35285469
0.35285469
1.4093972
-0.10718858
0.32651489
1.323638
1.2613368
1.2613368
0.34088258
1.2938948
1.1518261
1.1518261
1.379468
0.34794108
1.3515262
0.31414582
-0.26765746
1.222197
0.22312137
0.34088258
1.2938948
0.94833184
-0.14410258
-0.96440469
0.94833184
-0.96440469
-0.14410258
1.3515262
0.31414582
1.2315196
0.23111088
0.32842531
1.1690676
1.1518261
1.1518261
-0.39317073
0.13921509
1.341625
1.341625
0.32956221
0.32956221
1.2280016
1.4651584
1.4651584
0.2583732
1.4575684
1.4575684
1.2854571
1.2854571
1.2002159
1.2002159
1.3793292
1.3793292
0.31414582
1.3515262
1.1419701
1.1419701
1.2484802
1.2484802
0.34794108
1.379468
0.32903909
1.0821427
1.0845245
1.0845245
1.2168422
0.025321265
1.4151575
1.4151575
0.11503673
-0.26765746
0.22312137
1.222197
0.34357847
1.0352454
1.0845245
1.0845245
0.23111088
1.2315196
1.1122761
1.1122761
1.1457458
1.1457458
0.29789715
1.1063429
1.4575684
1.4575684
1.1124897
1.1124897
1.0729623
1.0729623
0.26236445
0.8734576
1.2170654
1.2170654
0.20694149
0.20694149
-0.73927706
1.3198037
1.4093972
0.27784775
1.4093972
1.4651584
0.2583732
1.4651584
1.3515262
0.31414582
0.23111088
1.2315196
1.1437186
1.1437186
0.32110547
0.32110547
1.0882881
1.2000687
1.2000687
0.22660368
1.4458599
1.4458599
-0.06769115
1.5557705
1.5557705
-0.06769115
0.32846878
0.32846878
0.9926499
0.97739275
0.97739275
0.21126767
1.2170654
1.2170654
1.3753941
1.3753941
1.2280016
0.26698242
1.2280016
1.3793292
1.3793292
1.323638
-0.10718858
1.323638
1.4575684
1.4575684
1.0882881
0.27196242
1.0882881
1.2484802
1.2484802
1.379468
0.34794108
0.32842531
1.1690676
0.089716476
-0.31479104
-0.90999071
0.089716476
-0.90999071
-0.31479104
1.4575684
1.4575684
1.3753941
1.3753941
0.32903909
1.0821427
-0.69321003
-0.45066543
-0.84686013
-0.69321003
-0.84686013
-0.45066543
0.34794108
1.379468
1.0543408
0.086903641
1.0543408
1.3670015
1.3670015
0.15666243
1.2346716
1.2346716
1.2346716
1.382277
1.382277
0.013351109
0.94563187
0.94563187
0.94563187
0.93082272
0.93082272
0.2403534
1.2396239
0.13168117
1.1472345
1.0016435
0.097063846
1.0016435
1.1305518
1.1305518
0.083834135
1.0837961
1.0837961
0.1228487
1.1793136
0.97479421
0.1125706
0.97479421
0.11086494
0.94450022
0.12054667
1.0158096
0.1228487
1.1793136
1.1213572
0.22095016
-0.048992304
1.3746625
1.3746625
0.11086494
0.94450022
0.93082272
0.93082272
0.13168117
1.1472345
1.0568533
0.22239591
-0.29236585
-0.29236585
-0.29236585
0.092353413
0.092353413
1.1410888
1.1472345
0.13168117
1.1793136
0.1228487
0.11634263
0.91722389
0.93082272
0.93082272
1.0144104
1.0144104
1.3044004
1.3044004
0.054479263
-0.17350965
0.26893172
1.4059368
1.0219854
0.232031
-0.25379798
-0.25379798
-0.25379798
-0.018112266
-0.018112266
0.52679461
1.0144104
1.0144104
0.11634263
0.91722389
0.1261723
0.91319393
0.90315441
0.90315441
-0.077520208
1.312052
1.312052
1.312052
1.3044004
0.14891851
0.14891851
0.14793332
1.382277
0.14793332
1.0185946
0.25046341
-0.04028102
1.1105049
1.1105049
1.1472345
0.13168117
0.19726511
1.2249189
1.0483369
0.27825005
-0.21183262
-0.21183262
-0.21183262
-0.10607061
-0.10607061
-0.023482332
1.0144104
1.0144104
0.91859431
0.91859431
0.91859431
0.90315441
0.90315441
1.3746625
-0.048992304
0.2050823
1.1472345
0.13168117
0.90889856
0.90889856
0.90889856
0.89203321
0.89203321
1.1105049
-0.04028102
0.18098146
0.1228487
1.1793136
0.97559654
0.13386777
0.97559654
1.0377073
1.0377073
0.090497124
0.12878529
1.0869992
2.4413019
2.4413019
-0.097395023
-0.41280636
0.14072749
0.93400899
0.12288192
0.95620751
1.0869992
0.12878529
1.2066966
-0.0012626285
-0.17350965
1.4059368
0.26893172
1.1126358
0.31587992
-0.031637871
0.89426836
0.89426836
1.3044004
1.3044004
0.054479263
1.21263
0.36375561
-0.16618185
-0.16618185
-0.16618185
-0.16972336
-0.16972336
-0.50513416
1.0837961
1.0837961
1.1793136
0.1228487
1.2070647
-0.032685552
0.012023294
-0.019614315
0.020405103
1.3613219
1.7161625
0.096540595
-0.031107429
1.4156185
-0.019594776
1.1958032
-0.018324399
0.87810519
-0.022848908
0.012440883
1.1302731
0.015075897
0.013522228
1.323638
0.013522228
0.64242669
-0.013420323
0.022821225
0.25538833
0.25538833
1.3670015
0.19726511
1.2249189
1.029876
0.020376004
-0.52846361
-0.004725416
-0.52846361
-0.52846361
0.94833184
-0.004725416
-0.11230857
1.3623649
0.27674332
2.1084352
0.060271023
-0.16253445
1.1213572
0.22095016
0.012736096
1.1623808
-0.16391148
-0.058396089
0.46624768
1.6651948
1.2921569
-0.0077276562
-0.0077276562
-0.034320683
1.1712487
-0.2341047
0.50514076
-0.004367025
0.04388963
0.47097941
0.0043733877
0.076323899
0.22931701
0.22931701
1.1402177
1.3623649
0.27674332
-0.11230857
0.97473465
0.027434275
-0.49327637
-0.21947745
-0.49327637
-0.49327637
0.089716476
-0.21947745
0.13168117
1.1472345
1.1958032
-0.018324399
0.033104978
0.033104978
1.338279
1.1872005
0.23392275
1.2396239
0.2403534
0.96758264
0.0364288
0.0088376415
0.81229407
0.0088376415
1.1472345
0.13168117
1.1793136
0.1228487
1.0109218
0.047538794
0.010046017
0.36212658
0.010046017
0.25329639
0.25329639
1.4151575
1.1069626
0.060942244
0.017708227
-0.02266656
0.017708227
0.54420699
0.012898395
0.12073826
0.21377302
0.21377302
0.94818496
0.040537405
1.2210902
1.1872005
0.23392275
0.025321265
1.2168422
1.2575595
0.076813208
0.032379349
-0.33813454
0.032379349
1.4641408
0.095318807
-0.44903195
-0.40259895
-0.44903195
-0.44903195
-0.69321003
-0.40259895
0.12745988
1.0117517
-0.018324399
1.1958032
0.038476334
0.038476334
1.0906592
1.1623808
0.012736096
1.7276332
0.11661583
0.054600973
-0.58064297
0.054600973
2.0483799
0.14084696
-0.39503816
-0.5517681
-0.39503816
-0.39503816
-1.395387
-0.5517681
0.97077424
-0.028709436
1.4541552
-0.024354149
0.0014236374
1.0571863
0.11218754
1.4726499
-0.68386233
0.11218754
1.4726499
0.11218754
1.0837961
1.0837961
1.1186467
1.1186467
0.94450022
0.11086494
0.7324836
0.7324836
0.14503603
0.14503603
0.14503603
1.312052
1.3044004
0.14891851
0.14891851
0.013351109
1.382277
1.382277
0.12100271
0.12100271
1.0543408
1.0158096
0.12054667
1.0144104
1.0144104
0.13168117
1.1472345
0.94450022
0.11086494
0.12583366
0.12583366
1.0016435
1.0391014
1.0391014
1.0391014
0.13168117
1.1472345
1.1186467
1.1186467
1.0543408
0.12100271
0.12100271
1.1305518
1.1305518
0.083834135
0.12878529
1.0869992
1.4812284
1.4812284
1.4812284
1.4812284
0.0040361153
0.99945807
0.074966983
1.2162875
1.2162875
0.91722389
0.11634263
1.0158096
0.12054667
1.0144104
1.0144104
1.1472345
0.13168117
0.14793332
1.382277
0.14793332
0.13575618
0.13575618
0.97479421
0.93082272
0.93082272
1.0144104
1.0144104
1.1186467
1.1186467
0.0067337281
0.98394002
0.097426091
1.0107927
-0.66263903
0.097426091
1.0107927
0.097426091
0.054479263
1.3044004
1.3044004
1.3090806
1.3090806
1.3090806
1.0016435
0.12583366
0.12583366
0.91319393
0.1261723
0.72800323
0.72800323
1.0144104
1.0144104
0.93400899
0.14072749
0.73595906
0.73595906
0.13705916
0.13705916
0.13705916
1.118414
0.0095516052
1.0134213
0.077990462
1.079057
1.079057
1.0837961
1.0837961
1.1186467
1.1186467
0.012537558
1.0905181
0.1002392
0.61042537
-0.64514832
0.1002392
0.61042537
0.1002392
1.0144104
1.0144104
1.0837961
1.0837961
1.4812284
1.4812284
1.4812284
1.4812284
0.91722389
0.11634263
0.93082272
0.93082272
1.0144104
1.0144104
0.91319393
0.1261723
0.97479421
0.13575618
0.13575618
1.1389699
1.1389699
1.1389699
1.2346716
1.2346716
1.2346716
0.98113628
0.16035938
0.95620751
0.12288192
1.1186467
1.1186467
0.97559654
0.1512062
0.1512062
1.0377073
1.0377073
0.090497124
1.1389699
1.1389699
1.1389699
1.2346716
1.2346716
1.2346716
1.1186467
1.1186467
1.0900926
0.011341905
1.2162875
0.074966983
1.2162875
0.23220982
1.2609397
0.1228487
1.1793136
0.26033082
1.2585956
-0.026921275
1.1872005
0.23392275
0.22095016
1.1213572
-0.03520362
0.34891093
1.338279
0.25538833
0.25538833
1.3670015
0.19726511
1.2249189
-0.023231274
0.30542924
1.0906592
0.083834135
1.1305518
1.1305518
0.25538833
1.3670015
0.25538833
1.3623649
-0.11230857
0.27674332
1.1793136
0.1228487
0.93612862
0.013318305
-1.0937361
1.1410888
1.1410888
1.1410888
-0.17980789
-0.17980789
1.0869992
0.12878529
0.87045483
0.014361627
1.079057
0.077990462
1.079057
0.11503673
1.4151575
1.4151575
-0.005871946
0.28460062
0.90321875
0.090497124
1.0377073
1.0377073
0.0079851299
1.1907413
-0.49730046
0.087308842
1.5598851
1.5598851
0.89822526
0.014429851
-1.0415366
0.52679461
0.52679461
0.52679461
-0.21752498
-0.21752498
1.4151575
1.4151575
0.11503673
1.4059368
-0.17350965
0.26893172
0.017298383
0.28786103
0.7793324
0.046689597
0.31651334
0.72205569
0.10283552
0.97147886
0.97147886
0.22931701
1.1402177
0.22931701
0.23220982
1.2609397
1.1793136
0.1228487
0.11086494
0.94450022
1.1623808
0.012736096
1.1907413
0.0079851299
1.2066966
-0.0012626285
-0.17350965
0.26893172
1.4059368
0.11634263
0.91722389
1.1623808
0.012736096
1.4427804
0.24995469
0.24995469
0.24995469
0.19726511
1.2249189
0.1261723
0.91319393
0.98323589
0.017652012
0.19726511
1.2249189
0.082690224
0.37169231
0.73405241
0.22931701
0.22931701
1.1402177
1.3044004
0.14891851
0.14891851
0.12565935
0.45432633
0.81751601
0.12136196
0.93391958
0.93391958
0.01272111
0.92294245
1.3623649
-0.11230857
0.27674332
0.17591782
0.56509606
0.97408488
1.0243085
0.013507794
0.96964784
0.087160445
0.96964784
0.23373853
0.70438957
1.2047513
0.21377302
0.21377302
0.94818496
0.22239591
1.0568533
0.23392275
1.1872005
1.2396239
0.2403534
1.0837961
1.0837961
-0.49730046
1.5598851
0.087308842
1.5598851
1.1720974
1.1720974
1.1720974
1.283681
0.26702615
-0.04487957
0.23220982
1.2609397
1.2613368
1.2613368
1.338279
0.033104978
0.033104978
0.13107391
0.13107391
1.1305518
1.323638
-0.10718858
0.32651489
0.27674332
1.3623649
-0.11230857
1.4059368
-0.021241389
-0.021241389
1.0617571
1.0617571
-0.004725416
0.94833184
-0.52846361
-0.004725416
-0.52846361
-0.52846361
1.3515262
0.31414582
1.2613368
1.2613368
1.2938948
0.34088258
0.23392275
1.1872005
-0.16391148
-0.058396089
1.6651948
1.6651948
1.0237372
1.0237372
1.4613663
1.4613663
-0.048641668
1.1690676
0.32842531
0.035789018
1.2308034
0.19726511
1.2249189
1.0821427
0.32903909
0.22668998
1.0747873
1.2297132
1.2297132
0.29148035
1.2921569
-0.17131919
-0.26765746
0.22312137
1.222197
1.0063872
1.0063872
-0.21947745
0.089716476
-0.49327637
-0.21947745
-0.49327637
-0.49327637
0.33037791
0.33037791
1.5005838
1.4256611
0.22969903
0.22969903
1.0110395
1.0110395
-0.40259895
-0.69321003
-0.44903195
-0.40259895
-0.44903195
-0.44903195
1.2297132
1.2297132
1.0388837
1.0388837
-0.5517681
-1.395387
-0.39503816
-0.5517681
-0.39503816
-0.39503816
0.98947444
0.24155675
1.2613368
1.2613368
1.0909296
1.0909296
0.85105332
0.85105332
-0.038920695
1.2758259
1.2758259
0.19726511
1.2249189
1.0906592
0.038476334
0.038476334
0.0014236374
1.0571863
1.0158096
0.12054667
1.0869992
0.12878529
0.13168117
1.1472345
0.28629504
-0.31362747
-0.60037202
1.2815115
1.1066573
1.1066573
1.1066573
1.3517454
0.35230611
1.0144104
1.0144104
1.0352454
0.34357847
0.22811399
0.99291295
-0.15150287
-0.050451552
0.89170956
0.89170956
0.19726511
1.2249189
1.0640835
1.0640835
1.0640835
1.1573654
0.32225479
0.013522228
0.013522228
1.323638
1.2609397
0.23220982
1.0302489
0.37280795
0.037038636
0.9524572
0.15830256
0.93033305
1.1679654
1.1679654
-0.66479049
-2.0120728
-0.3306031
-0.66479049
-0.3306031
-0.3306031
0.23360058
0.23360058
1.0363142
1.222197
0.22312137
-0.26765746
0.90321875
0.049109627
0.049109627
0.13174822
0.13174822
1.0377073
1.2396239
0.2403534
1.5005838
0.33037791
0.33037791
1.579888
1.579888
-0.34512107
1.579888
1.0687172
0.41737743
0.23890998
0.94369376
1.1296452
1.1296452
