0.45061706
1.5556492
0.45061706
1.2008915
0.032738716
0.27635659
1.2602111
0.0305364
1.1976759
0.42663539
1.3789759
0.42663539
0.066057276
1.2587789
1.2277767
0.057109851
0.26728005
1.2814252
1.161709
-0.0017979323
0.058787695
0.024560655
0.32634922
1.334534
1.304312
-0.0067348831
0.28903186
1.1976759
0.0305364
0.013465457
1.1023995
0.4201312
1.2579809
0.4201312
1.002988
0.036715667
0.26030359
1.1030407
1.2790724
0.07171636
0.07171636
1.2790724
0.96314504
0.36824738
0.36824738
-0.21620309
0.96314504
-0.50642611
1.2709627
1.2709627
1.0221295
0.022785746
1.0707783
0.074521325
1.2369062
0.27087945
0.068193682
1.4778453
0.074521325
1.0707783
-0.0094155405
0.23807058
0.23807058
-0.14661586
-0.0094155405
-0.51559429
0.012368568
0.30165299
1.522867
1.3625159
-0.053223548
1.3625159
0.43205832
1.1956441
0.43205832
0.86556399
0.042577201
1.304312
-0.0067348831
0.28903186
2.6938823
0.066664477
0.46320497
1.194569
0.46320497
1.3532243
0.25369493
1.3532243
0.0305364
1.1976759
1.3312463
0.33181702
0.74029931
0.0058165754
0.056503395
0.029321149
0.25033024
0.88060078
1.324483
1.324483
0.02178278
1.1795537
0.51415369
1.2568956
0.51415369
1.1963011
0.24569311
1.1963011
0.26728005
1.2814252
1.1978837
0.031953669
1.2587789
0.066057276
1.4029533
0.40014119
0.58523738
1.3842059
0.58523738
0.79238155
0.050482353
0.25533077
0.98906863
0.035719638
0.85065508
1.3708501
1.3708501
0.67649143
1.5774218
0.67649143
0.78688839
0.060576346
0.26227184
0.92123682
0.043501813
0.57476925
1.2200323
1.2200323
0.4467941
0.012658465
0.066201292
0.0094691199
1.1383169
-0.014439225
1.3296631
0.33396725
-0.054380122
0.081958571
0.93350125
1.7333613
0.43151213
0.068295978
0.27722064
1.2780191
1.0627112
0.036024932
0.96770295
0.066067811
0.28578785
1.3473445
-0.1188544
0.28578785
1.4272958
0.2408758
1.4272958
-0.016553163
1.7383358
0.008780397
0.98436415
0.041777607
0.75224086
0.071210941
0.20805767
0.89966791
-0.10006155
0.20805767
0.33181702
1.3312463
0.094303515
0.87100269
0.54115585
0.10390806
0.072431112
1.3345507
0.25525478
1.3345507
1.2183061
1.2183061
1.3500428
0.37646439
-0.018712757
0.27722064
1.2780191
1.3708501
1.3708501
1.1712243
1.1712243
-0.45246081
0.19231149
1.136554
1.136554
0.19231149
-0.45246081
1.2709627
1.2709627
1.1712243
1.1712243
1.2183061
1.2183061
1.3708501
1.3708501
1.2253929
0.25465804
1.2253929
0.032738716
1.2008915
1.2709627
1.2709627
0.013465457
1.1023995
1.0339728
1.0339728
1.0339728
1.377932
0.41219652
0.0044831854
0.27635659
1.2602111
0.23813451
1.6502289
0.23813451
1.6502289
1.0065357
1.0065357
1.0065357
-0.0067348831
1.304312
1.304312
1.3708501
1.3708501
0.99930909
0.99930909
0.99930909
1.1712243
1.1712243
1.2183061
1.2183061
1.2709627
1.2709627
1.136552
1.136552
1.2183061
1.2183061
1.5284071
1.5284071
1.5284071
1.5284071
1.4913482
1.4913482
1.4913482
1.2814252
0.26728005
1.136552
1.136552
1.3840912
1.3840912
0.25050323
1.1577378
0.26460719
1.1577378
1.3008081
1.3008081
0.0011233207
1.2709627
1.2709627
1.324483
1.324483
1.5843923
1.5843923
1.5843923
1.1339266
0.28569495
1.1339266
1.1587516
1.1587516
0.86478948
0.26471671
-0.01574491
1.2814252
0.26728005
1.1266272
1.1266272
-0.41889642
0.11377207
0.5288788
0.5288788
0.11377207
-0.41889642
0.057109851
1.2277767
0.041433652
1.1790083
1.5323377
1.5323377
-0.30015526
-0.30015526
0.23530098
1.1427348
1.1427348
-0.38363111
0.067592632
0.019382682
0.019382682
0.067592632
-0.38363111
0.05431411
0.84324757
1.4913482
1.4913482
1.4913482
1.3708501
1.3708501
1.1266272
1.1266272
1.1587516
1.1587516
1.2709627
1.2709627
1.324483
1.324483
1.155997
0.31840459
1.155997
0.036715667
1.002988
1.0134672
1.0134672
1.0134672
1.0024137
0.33301952
0.0095286594
1.304312
-0.0067348831
1.304312
1.3241645
-0.022430139
1.3241645
1.4039714
1.4039714
1.4039714
1.136552
1.136552
1.2256101
0.36308211
1.2256101
1.1265509
1.1265509
1.2709627
1.2709627
0.031953669
1.1978837
0.27087945
1.2369062
0.022785746
1.0221295
1.3108737
0.0056061633
0.31064283
1.1393636
-0.0055641101
0.34054037
1.4941386
1.4941386
0.19165096
-0.28375858
1.3774996
1.3774996
1.1712243
1.1712243
1.1383169
1.1383169
-0.014439225
1.1237647
0.013476733
0.2899772
0.43295009
1.547632
0.43295009
1.551954
0.31588781
1.551954
1.1712243
1.1712243
1.2183061
1.2183061
1.4941386
1.4941386
1.3108737
0.0056061633
1.3108737
1.2183061
1.2183061
1.0549326
1.0549326
1.136552
1.136552
0.96314504
-0.082705664
0.36824738
0.96314504
-0.082705664
-0.50642611
1.4941386
1.4941386
1.1237647
0.013476733
1.1237647
1.1587516
1.1587516
1.0114273
1.0114273
1.1323598
1.1323598
1.0016398
0.023197151
1.0016398
1.3008081
1.3008081
0.0011233207
1.2709627
1.2709627
1.4913482
1.4913482
1.4913482
1.136552
1.136552
1.2183061
1.2183061
1.2709627
1.2709627
1.324483
1.324483
1.1266272
1.1266272
1.1587516
1.1587516
1.3416612
1.3416612
1.3241645
-0.022430139
0.27975464
-0.074980101
1.2347374
1.2347374
1.1266272
1.1266272
0.40313603
0.40313603
-2.8125444e-005
1.5147965
1.5147965
1.5179324
1.5179324
1.1427348
1.1427348
-0.0094155405
-0.036081239
0.23807058
-0.0094155405
-0.036081239
-0.51559429
1.3416612
1.3416612
0.94827954
0.034910953
0.94827954
1.1265509
1.1265509
1.3840912
0.30037125
0.30037125
1.2123255
1.2123255
1.1859143
1.1859143
-0.78508955
0.024663175
0.17722432
-0.78508955
0.024663175
-0.53520376
1.2709627
1.2709627
1.5147965
1.5147965
0.29440015
1.5323377
-0.30015526
-0.30015526
0.29440015
1.0016398
0.023197151
0.28767359
0.56963255
0.0049048204
0.20388575
1.3958353
0.023194876
1.3958353
1.522867
0.012368568
1.522867
1.5179324
1.5179324
0.9671075
0.048749611
0.9671075
1.1233656
1.1233656
1.1742988
0.2761634
0.2761634
1.1336341
1.1336341
1.256902
1.256902
-0.19155384
-0.19155384
0.013451044
1.3140222
1.3140222
0.94827954
0.034910953
0.30487091
0.37314755
1.2280833
0.37314755
1.5179324
1.5179324
1.3560673
1.3560673
-1.3511288
0.10062619
0.19053868
-1.3511288
0.10062619
-0.56583703
1.1838527
1.1838527
0.4193227
1.551954
0.4193227
0.011405872
1.3402091
1.1260175
0.12582402
1.1260175
1.3840912
1.3840912
0.25050323
1.280599
1.280599
1.280599
1.3952356
1.3952356
0.13934255
1.0339728
1.0339728
1.0339728
0.98580453
0.98580453
0.27635659
1.2602111
0.16422855
1.1632355
1.06207
0.13135428
1.06207
1.1647348
1.1647348
0.1312799
1.1323598
1.1323598
0.17104282
1.2130684
1.0292895
0.14215982
1.0292895
0.13373959
1.0227296
0.14273686
1.0632392
0.17104282
1.2130684
1.2137384
0.26449181
0.0019359008
1.3198629
1.3198629
0.13373959
1.0227296
0.98580453
0.98580453
0.16422855
1.1632355
1.1397745
0.26245506
-0.21418081
-0.21418081
-0.21418081
0.1742813
0.1742813
1.136554
1.1632355
0.16422855
1.2130684
0.17104282
0.13654929
0.98360997
0.98580453
0.98580453
1.0549326
1.0549326
1.2983989
1.2983989
0.14248274
-0.053223548
0.2691287
1.3625159
1.1019171
0.26913297
-0.18793588
-0.18793588
-0.18793588
0.065493069
0.065493069
0.5288788
1.0549326
1.0549326
0.13654929
0.98360997
0.14369713
0.97147183
0.95858043
0.95858043
0.056874816
1.2983631
1.2983631
1.2983631
1.2983989
0.18653581
0.18653581
0.2056709
1.3952356
0.2056709
1.1021102
0.28500271
0.010684791
1.0548336
1.0548336
1.1632355
0.16422855
0.26728005
1.2814252
1.141996
0.3104323
-0.15889055
-0.15889055
-0.15889055
-0.012536428
-0.012536428
0.019382682
1.0549326
1.0549326
1.0065357
1.0065357
1.0065357
0.95858043
0.95858043
1.3198629
0.0019359008
0.19240629
1.1632355
0.16422855
0.99930909
0.99930909
0.99930909
0.95083725
0.95083725
1.0548336
0.010684791
0.16884628
0.17104282
1.2130684
1.0295442
0.15856899
1.0295442
1.0675635
1.0675635
0.13459626
0.15354354
1.1112062
1.8262147
1.8262147
-0.047111453
-0.13239402
0.1554458
0.98785901
0.14321654
0.99733988
1.1112062
0.15354354
1.1976759
0.0305364
-0.053223548
1.3625159
0.2691287
1.2228443
0.3456529
0.019167558
0.85808248
0.85808248
1.2983989
1.2983989
0.14248274
1.3454736
0.39072819
-0.12679837
-0.12679837
-0.12679837
-0.057547724
-0.057547724
-0.38534614
1.1323598
1.1323598
1.2130684
0.17104282
-0.0017979323
0.39171552
1.161709
1.4105633
0.41127024
0.068193682
1.4778453
0.071798209
2.0106408
1.4104494
0.41596647
0.41127024
1.4105633
0.44347102
0.44347102
0.44347102
1.6504495
-0.054380122
1.3296631
0.33396725
1.3312463
0.33181702
1.2828906
0.40137705
1.4105633
0.41127024
1.4029533
0.40014119
1.3801589
0.376663
-0.05910446
1.2347374
-0.074980101
0.41596647
1.4104494
-0.7396718
0.26010655
1.2572189
-0.7396718
1.2572189
0.26010655
-0.054380122
1.3296631
0.33396725
1.3172069
0.28040169
-0.11167349
0.0058165754
0.30377094
0.74029931
0.41127024
1.4105633
1.4029533
0.40014119
1.1023995
0.013465457
0.40137705
1.2828906
1.3500428
0.37646439
-0.018712757
1.3801589
0.376663
0.013465457
1.1023995
0.012658465
0.26294677
0.4467941
1.377932
0.41219652
0.0044831854
1.3801589
0.376663
0.012615811
1.0129798
0.40164796
1.2040071
-0.70653726
0.099749408
0.44229808
-0.70653726
0.44229808
0.099749408
0.025180247
1.0245341
0.376663
1.3801589
-0.21146981
-0.21146981
0.30854587
1.5521098
-0.21146981
0.41753758
1.1762883
0.86478948
0.26471671
-0.01574491
1.4104494
0.41596647
0.018726719
0.27204888
0.28835144
1.2266459
0.38284559
1.304312
-0.0067348831
1.304312
1.1023995
0.013465457
0.44963994
1.2018493
-0.66497438
-0.013098216
-0.25167533
-0.66497438
-0.25167533
-0.013098216
1.3801589
0.376663
0.33181702
1.3312463
1.5556492
0.45061706
0.45061706
0.44231769
0.44231769
1.5486008
0.43295009
0.43295009
1.547632
1.7063525
1.7063525
1.7063525
-0.11167349
1.3172069
1.3172069
0.02404474
0.33362589
0.27163735
0.38284559
1.2266459
1.3789759
0.42663539
0.42663539
1.2579809
0.4201312
0.4201312
1.6587444
1.6587444
1.6587444
1.551954
0.4193227
0.4193227
1.2040071
0.40164796
1.2266459
0.38284559
1.5179324
1.5179324
0.028665227
0.44990168
0.40270149
1.0953614
0.37084348
0.073566186
0.49745646
1.1762883
0.41753758
0.38284559
1.2266459
1.4941386
1.4941386
1.2018493
0.44963994
1.0953614
0.37084348
1.2629768
1.2629768
1.0657033
0.062355221
0.04563516
0.024560655
1.334534
0.031798843
1.324483
1.324483
0.07171636
1.2790724
0.90484001
1.198964
-0.2266003
0.90484001
1.198964
-0.2266003
0.019202663
1.3926991
0.019202663
1.5084302
1.5084302
-0.028488962
0.074521325
1.0707783
0.55106394
-0.54958982
-0.2602131
0.55106394
-0.54958982
-0.2602131
1.0221295
0.022785746
1.3708501
1.3708501
1.1644044
0.022499878
0.062355221
0.04563516
1.0657033
1.2183061
1.2183061
0.68909896
0.68909896
0.45884224
0.057100485
0.045526562
0.28604186
1.1383169
-0.014439225
1.522867
1.522867
0.012368568
0.081958571
0.93350125
-0.022356117
1.7333613
0.068295978
0.13454777
0.047311329
0.076101402
0.029321149
0.88060078
0.034658682
1.7333613
0.010524485
0.068295978
1.1976759
0.0305364
1.5493855
0.025978067
0.094303515
0.87100269
0.36592448
-1.9064036
-0.30893998
0.36592448
-1.9064036
-0.30893998
0.025180247
1.0245341
0.031953669
1.1978837
1.0617654
0.061199594
1.2023609
0.032958122
2.0106408
0.071798209
0.075219024
3.0751742
0.075219024
0.93036344
0.024220318
0.81695663
0.024838908
0.061199594
1.0617654
1.5147965
1.5147965
0.11177682
0.88660606
0.36011545
-2.8482468
-0.37367876
0.36011545
-2.8482468
-0.37367876
0.068193682
1.4778453
0.071798209
2.0106408
-0.16681304
-0.10070896
3.3334766
3.3334766
-0.16681304
0.10872274
0.032736404
0.13950024
0.057100485
0.045526562
0.45884224
1.1587516
1.1587516
0.43151213
0.068295978
1.7333613
1.324483
1.324483
0.39679579
0.013188427
0.23775469
0.031923383
0.56752943
0.045268308
0.40014119
1.4029533
3.3139968
3.3139968
-0.12164828
1.0119428
0.13452958
0.98309615
-0.074451455
0.54115585
0.072431112
1.0221295
0.022785746
0.066664477
2.6938823
1.0135637
-0.011437799
0.37274767
0.032237514
0.4042691
0.064280686
0.54115585
0.022009552
0.072431112
0.49042835
0.05651076
2.2945083
1.2814252
0.26728005
0.047311329
0.076101402
0.13454777
1.377932
1.377932
0.0044831854
0.071798209
2.0106408
1.2123255
1.2123255
0.032736404
0.13950024
0.10872274
1.1265509
1.1265509
0.6903299
0.6903299
0.071798209
2.0106408
1.3108737
0.0056061633
0.31064283
1.3008081
1.3008081
0.0011233207
1.324483
1.324483
1.1795537
0.02178278
0.031363501
0.031363501
1.3108737
1.2369062
0.27087945
1.2602111
0.27635659
0.036289816
0.036289816
1.1237647
1.1236723
0.26207253
1.4118034
1.4118034
1.4118034
1.324483
1.324483
1.1795537
0.02178278
1.1237647
0.013476733
0.2899772
1.0384773
1.0384773
0.0097065152
0.025180247
1.0245341
1.8262147
0.34066366
-0.047111453
-0.13239402
0.043279617
0.043279617
1.0016398
1.377932
0.41219652
0.0044831854
0.0305364
1.1976759
1.2123255
1.2123255
1.0016398
0.023197151
0.28767359
0.031953669
1.1978837
0.25818281
0.25818281
-0.7396718
0.25818281
1.2572189
-0.7396718
1.324483
1.324483
1.3708501
1.3708501
0.94827954
0.034910953
0.30487091
1.3840912
1.3840912
0.25050323
1.4272958
1.4272958
0.2408758
0.052489919
0.052489919
0.94827954
1.2183061
1.2183061
1.2023609
0.032958122
1.2814252
0.26728005
0.9671075
0.048749611
0.34255935
0.84498183
0.84498183
0.020328796
1.3840912
0.25050323
1.3840912
1.4272958
0.31005352
0.31005352
1.3625159
0.025279817
0.025279817
1.1712243
1.1712243
0.98580453
0.98580453
1.0549326
1.0549326
1.522867
0.016134331
0.012368568
-0.05910446
-0.074980101
1.2347374
0.26449181
1.2137384
0.98580453
0.98580453
1.2780191
0.27722064
1.2814252
0.26728005
1.0610995
0.064827785
0.40154041
0.72469841
0.72469841
0.033164326
1.1742988
0.2347975
1.1742988
1.1323598
1.1323598
1.2123255
1.2123255
0.036024932
1.0627112
0.060981018
0.060981018
-0.70653726
0.060981018
0.44229808
-0.70653726
0.31005352
1.4272958
0.31005352
1.3172069
0.014319306
0.014319306
1.2326854
0.083237963
0.48238274
0.68169142
0.68169142
0.048378469
0.033784076
0.43083516
1.280599
1.280599
1.280599
0.041777607
0.98436415
1.1776417
1.1776417
1.1776417
1.136552
1.136552
0.95858043
0.95858043
1.2810145
1.2810145
1.2810145
1.2810145
1.280599
1.280599
1.280599
1.4039714
1.4039714
1.4039714
0.049334912
0.96604445
1.1103214
1.1103214
1.1103214
1.1976759
0.0305364
0.012615811
1.0129798
1.1266272
1.1266272
0.95083725
0.95083725
1.1800296
1.1800296
1.1800296
1.1800296
1.4836419
0.10404454
0.58537396
0.010931836
1.1591957
0.14257121
1.0966745
-0.45136873
0.14257121
1.0966745
0.14257121
1.1323598
1.1323598
1.2123255
1.2123255
1.0227296
0.13373959
0.78042842
0.78042842
0.17540005
0.17540005
0.17540005
1.2983631
1.2983989
0.18653581
0.18653581
0.13934255
1.3952356
1.3952356
0.14604773
0.14604773
1.1260175
1.0632392
0.14273686
1.0549326
1.0549326
0.16422855
1.1632355
1.0227296
0.13373959
0.14759718
0.14759718
1.06207
1.0958052
1.0958052
1.0958052
0.16422855
1.1632355
1.2123255
1.2123255
1.1260175
0.14604773
0.14604773
1.1647348
1.1647348
0.1312799
0.15354354
1.1112062
1.5840265
1.5840265
1.5840265
1.5840265
0.013484824
1.0695456
0.13787992
1.2216409
1.2216409
0.98360997
0.13654929
1.0632392
0.14273686
1.0549326
1.0549326
1.1632355
0.16422855
0.2056709
1.3952356
0.2056709
0.15438834
0.15438834
1.0292895
0.98580453
0.98580453
1.0549326
1.0549326
1.2123255
1.2123255
0.016079948
1.0331015
0.12042753
0.61698136
-0.43287048
0.12042753
0.61698136
0.12042753
0.14248274
1.2983989
1.2983989
1.4039714
1.4039714
1.4039714
1.06207
0.14759718
0.14759718
0.97147183
0.14369713
0.7730949
0.7730949
1.0549326
1.0549326
0.98785901
0.1554458
0.77945615
0.77945615
0.16614027
0.16614027
0.16614027
1.1131263
0.01874331
1.0531399
0.13934538
1.0882937
1.0882937
1.1323598
1.1323598
1.2123255
1.2123255
0.021510733
1.1326502
0.12062074
0.22958147
-0.41858993
0.12062074
0.22958147
0.12062074
1.0549326
1.0549326
1.1323598
1.1323598
1.5840265
1.5840265
1.5840265
1.5840265
0.98360997
0.13654929
0.98580453
0.98580453
1.0549326
1.0549326
0.97147183
0.14369713
1.0292895
0.15438834
0.15438834
1.1776417
1.1776417
1.1776417
1.280599
1.280599
1.280599
1.034076
0.17199628
0.99733988
0.14321654
1.2123255
1.2123255
1.0295442
0.16676176
0.16676176
1.0675635
1.0675635
0.13459626
1.1776417
1.1776417
1.1776417
1.280599
1.280599
1.280599
1.2123255
1.2123255
0.26449181
1.2137384
1.2369062
0.27087945
1.2277767
0.057109851
1.0221295
0.022785746
0.2691287
1.3625159
-0.053223548
0.031953669
1.1978837
0.98580453
0.98580453
1.2602111
0.27635659
1.1790083
0.041433652
0.031363501
0.031363501
1.3108737
1.2008915
0.032738716
0.27635659
1.2602111
0.27722064
1.2780191
0.26449181
1.2137384
0.19231149
0.19231149
-0.84142945
1.136554
1.136554
0.19231149
0.27635659
1.2602111
0.26245506
1.1397745
0.11377207
0.11377207
-0.80427073
0.5288788
0.5288788
0.11377207
1.1790083
0.041433652
1.2814252
0.26728005
0.26245506
1.1397745
1.2369062
0.27087945
1.2602111
0.27635659
0.036289816
0.036289816
1.1237647
0.98580453
0.98580453
1.2602111
0.27635659
1.2123255
1.2123255
0.043279617
0.043279617
1.0016398
1.0958052
1.0958052
1.0958052
0.27722064
1.2780191
1.2123255
1.2123255
0.26913297
1.1019171
1.1236723
0.26207253
1.1030407
0.26030359
1.3241645
-0.022430139
0.27975464
0.025279817
0.025279817
1.3625159
0.26913297
1.1019171
1.3840912
0.30037125
0.30037125
1.1323598
1.1323598
0.26728005
1.2814252
0.28500271
1.1021102
1.1236723
0.26207253
0.02178278
1.1795537
0.28692583
0.28692583
1.3345507
0.16901746
1.2216409
0.16901746
0.31005352
0.31005352
1.4272958
0.2056709
1.3952356
0.2056709
0.052489919
0.052489919
0.94827954
1.002988
0.036715667
1.2216409
0.13787992
1.2216409
1.1976759
0.0305364
0.064060413
0.064060413
0.9671075
0.86556399
0.042577201
1.0882937
0.13934538
1.0882937
0.17104282
1.2130684
0.07810731
0.07810731
1.0610995
0.79238155
0.050482353
0.26030359
1.1030407
0.036024932
1.0627112
0.094716415
0.094716415
1.2326854
0.78688839
0.060576346
0.25533077
0.98906863
0.25358162
1.0718178
1.2814252
0.26728005
0.11393548
0.11393548
1.4836419
0.85213218
0.072984909
0.26227184
0.92123682
0.24279254
0.9138742
0.28500271
1.1021102
1.1742988
0.2761634
0.2761634
0.13576569
0.13576569
1.8149774
0.95858043
0.95858043
1.1030407
0.26030359
1.1323598
1.1323598
1.4366303
1.4366303
1.465939
1.465939
1.5147965
1.5147965
1.4121447
0.021062818
1.4121447
1.6587444
1.6587444
1.6587444
1.7063525
1.7063525
1.7063525
1.1347704
0.02843006
1.1347704
1.6205555
1.6205555
1.6205555
1.5147965
1.5147965
1.4366303
1.4366303
1.6587444
1.6587444
1.6587444
1.3652833
1.3652833
1.198964
0.075355685
1.198964
1.198964
0.075355685
-0.61264331
1.4941386
1.4941386
1.0657033
0.062355221
1.0657033
1.465939
1.465939
1.4941386
1.4941386
1.4366303
1.4366303
1.465939
1.465939
1.4941386
1.4941386
0.93827017
0.041267628
0.93827017
1.4690196
1.4690196
1.4690196
1.3500428
-0.018712757
1.3500428
2.2945083
0.05651076
2.2945083
1.1023995
0.013465457
0.45884224
0.057100485
0.45884224
1.6205555
1.6205555
1.6205555
1.5147965
1.5147965
1.5179324
1.5179324
1.3652833
1.3652833
0.13454777
0.047311329
0.13454777
1.3564263
1.3564263
1.3500428
-0.018712757
1.3500428
1.5147965
1.5147965
0.82707548
0.059911798
0.82707548
1.3606567
1.3606567
1.3606567
0.86478948
-0.01574491
0.86478948
1.5147965
1.5147965
1.5179324
1.5179324
1.3284708
1.3284708
1.3564263
1.3564263
1.4941386
1.4941386
1.5147965
1.5147965
1.3284708
1.3284708
-0.54958982
0.12916755
-0.54958982
-0.54958982
0.12916755
-0.67281276
1.4941386
1.4941386
0.80517935
0.084648427
0.80517935
1.298035
1.298035
1.298035
1.3140222
1.3140222
1.5179324
1.5179324
0.8760328
0.115699
0.8760328
1.2834455
1.2834455
1.2834455
1.1607625
1.1607625
1.3279029
1.3279029
1.2848102
1.2848102
1.3416612
1.3416612
1.0424322
0.15320513
1.0424322
0.10872274
0.032736404
0.10872274
1.2848102
1.2848102
1.3416612
1.3416612
1.5147965
1.5147965
1.5179324
1.5179324
0.39679579
0.013188427
0.39679579
1.2532666
1.2532666
0.86478948
-0.01574491
0.86478948
1.5179324
1.5179324
