-0.036900328
-0.017664473
1.2548079
1.2010632
0.0058142836
1.1655437
0.18388564
-0.005220034
1.1477832
-0.020122627
1.1291051
-0.080826916
1.046815
1.2708398
0.27056562
-0.068129468
-0.10492393
1.2361243
0.23709045
0.14783391
1.1512694
0.21970424
1.161133
1.2010632
0.0058142836
1.1655437
0.18388564
0.9104851
-0.10613352
0.094824946
1.279523
0.094824946
1.0946976
0.25393575
-0.059846163
1.1477832
-0.005220034
-0.19912572
0.29246564
1.2332611
0.97353643
0.25299581
-0.049403964
0.19384855
1.2007861
-0.15997771
1.177394
0.14168524
-0.242198
0.90813112
0.26785161
-0.036672735
0.096235401
0.72834562
-0.15715634
1.0175233
-0.0015767628
-0.8307307
0.013069597
-0.8307307
1.2528174
1.2528174
0.013069597
1.1512694
0.14783391
1.1317873
0.095813766
0.93656756
0.0036451538
-0.20904813
0.12448232
0.59800744
1.0621834
-0.076261754
0.095813766
1.1317873
-0.037079536
-0.009334202
1.0234388
0.21666984
1.2799402
0.21666984
1.1655437
0.18388564
1.2685097
-0.012715882
1.2685097
0.095813766
1.1317873
-0.03830383
0.0046320488
0.89688583
0.20683512
1.1691611
1.0988029
-0.042632006
1.0315449
-0.1257733
0.21370415
1.0657499
0.20683512
1.1691611
0.17364233
-0.39208998
1.2611526
0.17364233
0.89836275
0.29824845
-0.021546954
-0.098926011
0.92486793
0.18432524
-0.042632006
1.0988029
1.8822082
-0.46622222
0.28235051
-0.63164024
0.90556629
0.010481047
-0.2134924
-0.019219968
0.032521779
-0.31461594
1.1599257
0.20300292
1.279523
1.279523
-0.14045881
0.92432904
0.018923899
-0.2122648
-0.13814477
-0.46146894
-0.33971658
0.28602693
-0.048888508
0.99167865
0.028914375
-0.20527279
-0.23226273
-0.88323112
-0.35949743
-0.51854901
-0.27677296
1.1052926
0.04032972
-0.80108848
-0.06484944
-0.80108848
0.63311083
0.63311083
-0.06484944
0.069087776
0.96890412
0.14783391
1.1512694
-0.81317874
0.044861559
1.3103345
-0.81317874
-1.8065303
0.21555343
1.0021849
0.18227377
0.99347205
1.1655437
0.18388564
1.2615317
0.052971532
-0.76695887
-0.11758078
-0.76695887
0.085843246
0.085843246
-0.11758078
1.1512694
0.14783391
0.095813766
1.1317873
-0.089750863
0.38860147
1.0920862
1.3497875
0.35223236
-0.01416624
1.4314325
-0.057237905
2.0627634
1.3590926
0.37512494
0.35223236
1.3497875
0.30625416
0.30625416
0.30625416
1.4926126
-0.31461594
1.1599257
0.20300292
1.1517666
0.1515209
1.2031544
0.3543543
1.3497875
0.35223236
1.313582
0.31083862
1.2472421
0.24563198
-0.23051022
1.1213048
-0.44464539
0.37512494
1.3590926
-1.1228618
0.069721651
1.1837787
-1.1228618
1.1837787
0.069721651
-0.31461594
1.1599257
0.20300292
1.0948809
0.094593496
-0.47825646
-0.08302489
0.32950986
0.75158297
0.35223236
1.3497875
1.313582
0.31083862
0.93177905
-0.15305067
0.3543543
1.2031544
1.2332611
0.29246564
-0.19912572
1.2472421
0.24563198
-0.15305067
0.93177905
-0.076185948
0.3103501
0.5185863
1.2984167
0.36166003
-0.11850655
1.2472421
0.24563198
-0.16899799
0.91084833
0.34721071
1.0907906
-1.0831342
-0.083726716
0.35816806
-1.0831342
0.35816806
-0.083726716
-0.065317698
0.93428373
0.24563198
1.2472421
-0.77696421
-0.77696421
-0.00423892
1.223987
-0.77696421
0.35369944
1.0223859
0.59800744
0.12448232
-0.20904813
1.3590926
0.37512494
-0.069031136
0.33169844
0.39516401
1.0859968
0.29951022
1.2007861
-0.15997771
1.2007861
0.93177905
-0.15305067
0.373483
0.99751744
-1.0324209
-0.19894663
-0.37479072
-1.0324209
-0.37479072
-0.19894663
1.2472421
0.24563198
0.1515209
1.1517666
1.4863811
0.4041113
0.4041113
0.37079658
0.37079658
1.4642028
0.32077588
0.32077588
1.424354
1.5254528
1.5254528
1.5254528
-0.47825646
1.0948809
1.0948809
-0.06129876
0.39347821
0.38209179
0.29951022
1.0859968
1.2862387
0.37609637
0.37609637
1.1347576
0.36373204
0.36373204
1.5311942
1.5311942
1.5311942
1.3699182
0.25086259
0.25086259
1.0907906
0.34721071
1.0859968
0.29951022
1.353235
1.353235
-0.052659266
0.49484618
0.4786436
0.86595475
0.26043787
-0.0079342669
0.41813847
1.0223859
0.35369944
0.29951022
1.0859968
1.4045689
1.4045689
0.99751744
0.373483
0.86595475
0.26043787
0.80023366
0.80023366
1.0351931
0.0065348474
0.01057746
-0.061679427
1.2344446
-0.043743011
1.2017863
1.2017863
0.029607704
1.234954
0.89719738
1.8504987
-0.50650759
0.89719738
1.8504987
-0.50650759
-0.078458282
1.1105657
-0.078458282
1.1925062
1.1925062
-0.25489907
0.032893123
1.0321558
0.59101982
0.23812493
-0.54829972
0.59101982
0.23812493
-0.54829972
0.9104851
-0.10613352
1.228566
1.228566
1.0657348
-0.0061400067
0.0065348474
0.01057746
1.0351931
1.1441447
1.1441447
0.50272146
0.50272146
0.69378845
-0.0012428215
0.026977377
0.26631734
1.034712
-0.19564936
1.3920259
1.3920259
-0.17679146
0.040514799
0.89275896
-0.043251024
1.7519507
-0.081528461
0.56442401
-0.011800652
0.066440053
-0.058345422
0.77003466
-0.046060043
1.7519507
-0.12218503
-0.081528461
1.0621834
-0.076261754
1.4223463
-0.11509255
0.052496656
0.81765793
0.40226292
-1.1084394
-0.59784446
0.40226292
-1.1084394
-0.59784446
-0.065317698
0.93428373
-0.005220034
1.1477832
1.0099402
0.0099459568
1.0988029
-0.042632006
2.0627634
-0.057237905
-0.15601221
3.5453787
-0.15601221
0.90869106
-0.0057130926
0.84656324
-0.0060055852
0.0099459568
1.0099402
1.3892212
1.3892212
0.068743176
0.80676216
0.33393657
-2.182208
-0.65462166
0.33393657
-2.182208
-0.65462166
-0.01416624
1.4314325
-0.057237905
2.0627634
-0.87337056
-0.7731968
4.475575
4.475575
-0.87337056
0.65201835
-0.024893326
0.12936953
-0.0012428215
0.026977377
0.69378845
1.018657
1.018657
0.65080334
-0.081528461
1.7519507
1.2017863
1.2017863
0.95971514
-0.040114172
0.21578863
-0.056060916
0.40814166
-0.042958999
0.31083862
1.313582
4.0511496
4.0511496
-0.72204931
1.2894615
0.089014942
0.85883048
-0.12247004
0.49871284
-0.075883481
0.9104851
-0.10613352
-0.13113655
2.998016
1.4886071
-0.05686349
0.32526842
-0.054651063
0.15115351
-0.034339658
0.49871284
-0.11976401
-0.075883481
0.8161961
-0.17773767
2.4601324
1.1317873
0.095813766
-0.011800652
0.066440053
0.56442401
1.2984167
1.2984167
-0.11850655
-0.057237905
2.0627634
1.0410783
1.0410783
-0.024893326
0.12936953
0.65201835
0.91453752
0.91453752
0.44991306
0.44991306
-0.057237905
2.0627634
-0.013388439
1.0221167
-0.060519882
1.2599193
-0.84334829
-0.060519882
1.2599193
-0.060519882
0.97780777
0.97780777
1.0410783
1.0410783
0.93887603
0.091996233
0.65228556
0.65228556
0.048552855
0.048552855
0.048552855
1.1380093
1.0904171
0.038576155
0.038576155
-0.17129066
1.14562
1.14562
0.097740155
0.097740155
1.0479283
0.95450891
0.083342305
0.92801162
0.92801162
0.047317356
0.98632223
0.93887603
0.091996233
0.097199593
0.097199593
0.96846692
0.98263542
0.98263542
0.98263542
0.047317356
0.98632223
1.0410783
1.0410783
1.0479283
0.097740155
0.097740155
1.0538055
1.0538055
0.027024897
0.069087776
0.96890412
1.2806788
1.2806788
1.2806788
1.2806788
-0.011602256
0.93564923
-0.016150804
1.0649584
1.0649584
0.88159147
0.092305006
0.95450891
0.083342305
0.92801162
0.92801162
0.98632223
0.047317356
0.0051150831
1.14562
0.0051150831
0.10115509
0.10115509
0.91506213
0.88520526
0.88520526
0.92801162
0.92801162
1.0410783
1.0410783
-0.0096927481
0.89197647
-0.088619857
0.75482135
-0.83590919
-0.088619857
0.75482135
-0.088619857
-0.079646871
1.0904171
1.0904171
1.1689191
1.1689191
1.1689191
0.96846692
0.097199593
0.097199593
0.84740229
0.096408636
0.60431915
0.60431915
0.92801162
0.92801162
0.83640681
0.1042826
0.56590482
0.56590482
0.016887995
0.016887995
0.016887995
0.84749515
-0.00759961
0.89164867
-0.033577002
0.82991132
0.82991132
0.97780777
0.97780777
1.0410783
1.0410783
-0.0052449542
0.93445541
-0.10050425
0.31249286
-0.8284756
-0.10050425
0.31249286
-0.10050425
0.92801162
0.92801162
0.97780777
0.97780777
1.2806788
1.2806788
1.2806788
1.2806788
0.88159147
0.092305006
0.88520526
0.88520526
0.92801162
0.92801162
0.84740229
0.096408636
0.91506213
0.10115509
0.10115509
1.0254366
1.0254366
1.0254366
1.0837301
1.0837301
1.0837301
0.84815681
0.11576651
0.83730191
0.074662265
1.0410783
1.0410783
0.88786462
0.10959874
0.10959874
0.90412045
0.90412045
0.022405438
1.0254366
1.0254366
1.0254366
1.0837301
1.0837301
1.0837301
1.0410783
1.0410783
0.7302288
0.022872449
-0.0087367208
1.7519507
-0.0087367208
0.524099
0.01968771
0.11012249
-0.5147941
-0.5147941
1.2528174
0.11012249
-0.5147941
1.1655437
0.18388564
-0.068129468
0.27056562
1.2708398
0.20683512
1.1691611
1.2007861
-0.064359875
-0.064359875
1.0157224
0.016000897
0.091996233
0.93887603
0.083342305
0.95450891
-0.02299674
0.81352554
0.092305006
0.88159147
0.074662265
0.83730191
-0.031939759
0.59998778
0.51210027
0.014607229
-0.002230637
-0.49371305
-0.49371305
0.63311083
-0.002230637
-0.49371305
-0.0065913758
0.77979855
0.81352554
-0.02299674
1.0761764
-0.092695089
-0.092695089
-0.092695089
0.096408636
0.84740229
0.06967838
0.74286106
-0.040007132
0.40194625
0.1042826
0.83640681
0.068392888
0.67142332
-0.047179233
0.21974099
-0.059846163
0.25393575
1.0946976
0.18227377
0.99347205
0.72834562
-0.067932861
-0.067932861
0.62404411
-0.039334416
0.74488223
0.010732472
0.0040194916
0.75943116
-0.031331704
-0.031331704
-0.031331704
0.92920043
0.90229572
-0.036424393
-0.036424393
-0.065814361
0.98382903
-0.065814361
0.11576651
0.84815681
0.070675353
0.62269218
-0.053481144
0.053283627
0.84146455
0.0081916551
0.0081916551
-0.0016117329
-0.0016117329
0.84641904
-0.015856752
-0.015856752
0.86274684
-0.036424393
-0.036424393
0.90229572
0.64846006
0.64846006
0.69868502
0.0077815838
-0.09192566
-0.46854394
-0.46854394
0.085843246
-0.09192566
-0.46854394
-0.010876124
0.63844445
0.59998778
-0.031939759
0.86782628
0.86782628
0.86782628
0.86782628
0.86782628
0.7091431
0.0123768
0.0031677265
0.67651509
-0.037949094
-0.037949094
-0.037949094
0.70938892
0.64293786
-0.047253663
-0.047253663
-0.083949535
0.62297062
-0.083949535
0.13053529
0.88155681
0.076234055
0.5957375
-0.058994133
-0.098028803
0.69088215
0.01517077
0.0034022764
0.61054199
-0.043080441
-0.043080441
-0.043080441
0.5099615
0.40086135
-0.057007149
-0.057007149
-0.10120101
0.27820098
-0.10120101
0.14806733
0.93475399
0.084584335
0.5888862
-0.06386849
-0.23540799
-0.049403964
0.25299581
0.97353643
0.16548776
0.84948177
0.30933826
-0.069823035
-0.069823035
0.25356787
-0.09155106
0.78938233
0.010137744
0.010137744
-0.0027465934
-0.0027465934
0.73861036
-0.021145827
-0.021145827
0.68672176
-0.047253663
-0.047253663
0.64293786
0.52668283
0.52668283
1.0866221
-0.00051849614
-0.15857459
-0.43891383
-0.43891383
-0.38750486
-0.15857459
-0.43891383
-0.014163683
0.51338136
0.40194625
-0.040007132
0.6489644
0.6489644
0.6489644
0.6489644
0.6489644
