1.0367678
0.10931198
0.10931198
-0.041244634
1.2465371
0.24738036
0.25260326
1.2535462
0.23792103
1.2383074
-0.029711956
0.0031451336
1.1373694
1.3569016
0.35005774
1.3205911
1.3205911
0.96404717
0.10491889
0.10491889
0.91981918
0.1053868
0.1053868
1.3297815
1.3297815
0.16769114
-0.086707461
0.29195748
1.3325792
0.0062698919
3.495059
-0.2909888
0.20393555
1.0589962
-0.025645224
0.22815854
1.1789036
1.0468229
-0.10772437
0.27901559
0.25935168
1.2891874
0.18629779
0.93757939
-0.020077543
1.274142
0.23370636
0.23370636
0.34131094
1.3456503
1.3169897
0.31702387
0.2130514
1.1316157
1.3462714
0.34655691
1.3569016
0.35005774
0.97978816
-0.037921941
-0.2909888
3.495059
0.31816386
0.20062829
1.0419891
0.0099436104
1.1623839
0.18790825
0.18790825
1.5482798
1.5482798
1.5063166
0.36654614
0.36654614
0.021365646
1.2815527
-0.24533283
0.18687235
0.87979893
-0.012807029
0.0082861776
0.74672614
1.0284344
0.26916021
1.3456503
0.34131094
1.3133536
0.33401257
-0.0022957886
1.4071361
-0.0022957886
0.20760856
0.8916241
-0.003616062
0.012361233
0.45734255
0.25053635
0.97924177
0.0077291332
0.015219883
0.27877058
0.74341702
0.20223287
1.0792942
1.0792942
1.1616289
0.3010112
0.74886225
0.01511235
0.74886225
0.74886225
-0.510693
-0.510693
1.3569016
0.35005774
0.31776121
1.1490446
0.021478839
0.20435644
1.0321562
1.3569016
0.35005774
1.0527575
0.28126322
0.0084368278
0.71077571
0.0084368278
0.30391603
1.0874987
-0.16159937
0.38691312
-0.24533283
1.2815527
0.19621396
0.98501535
1.1129035
0.29148066
1.3205911
1.3205911
0.99102192
0.27627011
-0.31072756
-0.24220678
-0.31072756
-0.31072756
-0.46993407
-0.46993407
1.2063718
1.2063718
0.90726016
0.11136156
0.11136156
-0.037338899
0.96147082
0.18713731
1.4777713
0.36054033
0.36054033
1.2680864
1.2680864
1.2621626
-4.4414643e-005
0.98085707
0.28759482
-1.2190712
-0.43228479
-1.2190712
-1.2190712
-0.43459632
-0.43459632
0.0062590666
1.2005631
1.3169897
0.31702387
0.41145839
1.4076179
0.037900184
0.18881542
0.91833219
1.0284344
0.26916021
-0.023652759
1.4615948
1.0557624
-0.0044669997
0.23792103
-0.029711956
1.2383074
0.22815854
1.1789036
0.26306756
-0.05889032
1.2696913
0.25260326
1.2535462
0.25935168
1.2891874
1.1472501
0.010095148
0.22815854
1.1789036
-0.039867336
1.5482768
-0.039867336
1.5482768
0.093891821
1.2895699
1.2895699
1.076363
-0.064920533
0.20393555
-0.025645224
1.0589962
1.2465371
-0.041244634
0.24738036
0.013911384
1.1647704
1.3169897
0.31702387
1.011547
0.011083958
1.1374944
1.1374944
1.3205911
1.3205911
0.92700501
0.013531453
0.20435644
1.0321562
1.204632
0.023180992
1.0367678
1.0367678
0.080817649
1.3160415
1.3160415
-0.072927597
1.0886435
1.0886435
1.3205911
1.3205911
0.18629779
-0.020077543
0.93757939
1.1374944
1.1374944
1.2063718
1.2063718
1.1798597
1.1798597
0.84743532
0.84743532
1.2696913
1.2696913
-0.05889032
0.96404717
0.96404717
0.079617571
0.82066273
0.82066273
-0.099255311
1.0611109
-0.099255311
-0.099255311
1.0611109
-0.099255311
0.25260326
1.2535462
1.3205911
1.3205911
0.91981918
0.91981918
0.083324606
-0.044468228
1.4071361
1.4071361
1.672793
1.672793
-0.089864868
0.81005273
0.81005273
-0.086715616
0.47949134
-0.086715616
-0.086715616
0.47949134
-0.086715616
1.3325792
1.3325792
-0.086707461
1.4719539
1.4719539
-0.13077822
0.18687235
-0.012807029
0.87979893
1.0435363
1.0435363
0.8987205
0.017648039
0.18881542
0.91833219
0.73581047
0.0073879152
1.4013277
1.4013277
0.15922717
1.3496452
-0.2098753
1.3496452
0.93198957
0.023659932
0.18260355
0.84109832
0.32959351
-0.0039378554
1.0447597
1.0447597
0.10000085
0.25935168
1.2891874
0.8175038
0.8175038
-0.071347514
-0.021438376
-0.071347514
-0.071347514
-0.021438376
-0.071347514
1.2187593
0.24175544
1.2535462
0.25260326
0.90726016
0.90726016
0.092564514
0.90769623
0.90769623
-0.080751274
1.2696913
-0.05889032
1.2696913
1.2535462
0.25260326
1.3205911
1.3205911
0.84500333
0.84500333
-0.052806998
-0.43331344
-0.052806998
-0.052806998
-0.43331344
-0.052806998
1.1752189
0.0090107863
0.89462292
0.89462292
0.86348098
0.86348098
-0.054731535
1.3456503
0.34131094
1.1798597
1.1798597
1.2245447
0.16766636
1.2245447
1.1374944
1.1374944
1.2939877
0.33190814
-0.10290311
0.25260326
1.2535462
1.3205911
1.3205911
1.0641734
1.0641734
-0.40270478
0.031602954
1.0611109
1.0611109
0.031602954
-0.40270478
1.2063718
1.2063718
1.0641734
1.0641734
1.1374944
1.1374944
1.3205911
1.3205911
1.1018686
0.15335122
1.1018686
0.0099436104
1.1623839
1.2063718
1.2063718
-0.0017924759
1.1374867
0.93150149
0.93150149
0.93150149
1.3160415
0.33526227
-0.072927597
0.24175544
1.2187593
0.14265528
1.6913918
0.14265528
1.6913918
0.88858351
0.88858351
0.88858351
-0.05889032
1.2696913
1.2696913
1.3205911
1.3205911
0.86410501
0.86410501
0.86410501
1.0641734
1.0641734
1.1374944
1.1374944
1.2063718
1.2063718
1.0067837
1.0067837
1.1374944
1.1374944
1.4261929
1.4261929
1.4261929
1.4261929
1.4297954
1.4297954
1.4297954
1.2891874
0.25935168
1.0067837
1.0067837
1.3297815
1.3297815
0.16769114
1.0162584
0.14865556
1.0162584
1.2465371
1.2465371
-0.041244634
1.2063718
1.2063718
1.2680864
1.2680864
1.5427116
1.5427116
1.5427116
0.97162386
0.15470904
0.97162386
1.0435363
1.0435363
0.72635459
0.16721235
-0.11656376
1.2891874
0.25935168
0.97151516
0.97151516
-0.36564694
-0.078088595
0.47949134
0.47949134
-0.078088595
-0.36564694
0.023180992
1.204632
0.013911384
1.1647704
1.7498563
1.7498563
-0.44685176
-0.44685176
0.24296373
0.96081597
0.96081597
-0.32754708
-0.16101961
-0.021438376
-0.021438376
-0.16101961
-0.32754708
0.0073879152
0.73581047
1.4297954
1.4297954
1.4297954
1.3205911
1.3205911
0.97151516
0.97151516
1.0435363
1.0435363
1.2063718
1.2063718
1.2680864
1.2680864
0.97203282
0.17269459
0.97203282
0.010080855
0.93600176
0.86023291
0.86023291
0.86023291
0.90769623
0.22118977
-0.080751274
1.2696913
-0.05889032
1.2696913
1.3325792
-0.086707461
1.3325792
1.3790434
1.3790434
1.3790434
1.0067837
1.0067837
1.0217031
0.20384577
1.0217031
0.97221646
0.97221646
1.2063718
1.2063718
1.1497158
-0.049801079
-0.0036649199
-0.072899026
1.0849467
0.28315884
1.4410017
1.4410017
1.3205911
1.3205911
1.0367678
0.080817649
1.0367678
0.34655691
1.3462714
1.5454958
-0.079792838
0.047358244
0.31702387
1.3169897
0.78644883
-0.043089968
-0.019772717
-0.062875477
0.51217978
0.108308
1.5454958
-0.079792838
0.54541104
1.2535462
0.25260326
1.3205911
1.3205911
0.96404717
0.079617571
0.96404717
1.1935897
-0.00095516112
-0.028740327
0.013911384
1.1647704
1.1798597
1.1798597
0.53478004
-0.037401459
-0.025723872
0.0072132744
0.0072132744
1.2939877
-0.064920533
1.076363
1.1316157
0.2130514
0.22815854
1.1789036
1.3214934
0.30108497
0.30108497
-0.3573699
1.3169897
0.31702387
0.91981918
0.083324606
0.91981918
0.29148066
1.1129035
1.3569016
0.35005774
0.4045848
-0.03283482
-0.02034519
-0.05383076
0.049295832
-0.025957535
0.22354432
-0.065927391
0.10458108
0.30391603
-0.16159937
1.0874987
1.2891874
0.25935168
1.0641734
1.0641734
0.27901559
1.0468229
-0.10772437
1.0067837
1.0067837
1.0611109
1.0611109
1.0611109
1.0611109
-0.2508888
-0.70547591
1.2063718
1.2063718
0.97151516
0.97151516
0.47949134
0.47949134
0.47949134
0.47949134
-0.30782435
-0.65642714
0.35005774
1.3569016
1.0419891
0.20062829
1.3462714
0.34655691
0.24175544
1.2187593
1.2535462
0.25260326
0.98501535
0.19621396
1.1129035
0.29148066
0.20483411
1.0056793
1.3456503
0.34131094
-0.2098753
0.34973882
1.3496452
0.40608944
-0.029485382
-0.0024079549
0.90726016
0.092564514
0.90726016
0.24992212
0.92252553
1.0284344
0.26916021
0.34131094
1.3456503
0.92968991
0.1079982
0.92968991
0.22350021
0.77966881
0.74341702
0.20223287
0.23053704
0.90702688
1.3205911
1.3205911
0.96414442
0.20078956
0.20435644
1.0321562
1.2063718
1.2063718
0.333305
1.2933524
-0.14648251
0.31702387
1.3169897
0.2130514
1.1316157
1.1373694
0.0031451336
0.35005774
1.3569016
0.54985682
-0.027442609
0.029369665
-0.045867053
-0.29349888
-0.11537367
1.3569016
0.35005774
1.2933524
0.333305
-0.14648251
0.98296377
0.21538324
0.18881542
0.91833219
0.63057152
0.09795886
0.09795886
-0.36379434
1.2933524
0.00099504808
0.00099504808
0.37079188
1.5526657
0.37079188
0.010095148
1.1472501
0.22815854
1.1789036
-0.037921941
0.97978816
1.2383074
-0.029711956
0.23792103
1.0849467
-0.072899026
0.28315884
1.4126712
1.4126712
0.33243636
-0.57951421
1.4415763
1.4415763
1.0641734
1.0641734
1.0468229
1.0468229
-0.10772437
1.0589962
-0.025645224
0.20393555
0.36054033
1.4777713
0.36054033
1.5063166
0.19444242
1.5063166
1.0641734
1.0641734
1.1374944
1.1374944
1.4126712
1.4126712
1.2383074
-0.029711956
1.2383074
1.1374944
1.1374944
1.0029064
1.0029064
1.0067837
1.0067837
1.5195692
-0.093491758
0.38113033
1.5195692
-0.093491758
-0.37571233
1.4126712
1.4126712
1.0589962
-0.025645224
1.0589962
1.0435363
1.0435363
0.92700821
0.92700821
1.0886435
1.0886435
0.93757939
-0.020077543
0.93757939
1.2465371
1.2465371
-0.041244634
1.2063718
1.2063718
1.4297954
1.4297954
1.4297954
1.0067837
1.0067837
1.1374944
1.1374944
1.2063718
1.2063718
1.2680864
1.2680864
0.97151516
0.97151516
1.0435363
1.0435363
1.18623
1.18623
1.3325792
-0.086707461
0.29195748
-0.24533283
1.2815527
1.2815527
0.97151516
0.97151516
0.23509959
0.23509959
-0.093154174
1.4410017
1.4410017
1.4420468
1.4420468
0.96081597
0.96081597
0.64764213
-0.068018231
0.21094118
0.64764213
-0.068018231
-0.35163155
1.18623
1.18623
0.87979893
-0.012807029
0.87979893
0.97221646
0.97221646
1.3297815
0.25235449
0.25235449
1.1798597
1.1798597
0.9772353
0.9772353
-0.066618975
-0.031738853
0.096473936
-0.066618975
-0.031738853
-0.33807485
1.2063718
1.2063718
1.4410017
1.4410017
0.39163215
1.7498563
-0.44685176
-0.44685176
0.39163215
0.93757939
-0.020077543
0.18629779
0.51217978
-0.062875477
0.108308
1.4071361
-0.044468228
1.4071361
1.672793
-0.089864868
1.672793
1.4420468
1.4420468
0.8916241
-0.003616062
0.8916241
0.92617306
0.92617306
1.0619724
0.20442834
0.20442834
1.0410498
1.0410498
1.0234163
1.0234163
-0.46819117
-0.46819117
-0.079475333
1.1393758
1.1393758
0.87979893
-0.012807029
0.18687235
0.25897268
1.0738691
0.25897268
1.4420468
1.4420468
1.1020882
1.1020882
-0.60875543
0.016461575
0.043294032
-0.60875543
0.016461575
-0.33613855
1.0699293
1.0699293
0.36654614
1.5063166
0.36654614
-0.015588741
1.5333617
1.0367678
0.080817649
1.0367678
1.3297815
1.3297815
0.16769114
1.2334515
1.2334515
1.2334515
1.4439225
1.4439225
0.093275032
0.93150149
0.93150149
0.93150149
0.9223901
0.9223901
0.24175544
1.2187593
0.14889977
1.1483461
0.96404717
0.079617571
0.96404717
1.1000682
1.1000682
0.08577541
1.0886435
1.0886435
0.167283
1.2401424
0.91981918
0.083324606
0.91981918
0.1057273
0.95156539
0.11804352
1.0105355
0.167283
1.2401424
1.1316157
0.2130514
-0.026225891
1.3331827
1.3331827
0.1057273
0.95156539
0.9223901
0.9223901
0.14889977
1.1483461
1.0419891
0.20062829
-0.21135193
-0.21135193
-0.21135193
0.061480148
0.061480148
1.0611109
1.1483461
0.14889977
1.2401424
0.167283
0.1033922
0.90184203
0.9223901
0.9223901
1.0029064
1.0029064
1.2895699
1.2895699
0.093891821
-0.13077822
0.34457324
1.4719539
0.98501535
0.19621396
-0.18667615
-0.18667615
-0.18667615
-0.069737744
-0.069737744
0.47949134
1.0029064
1.0029064
0.1033922
0.90184203
0.10514098
0.87710657
0.87272503
0.87272503
-0.01805934
1.252877
1.252877
1.252877
1.2895699
0.16605189
0.16605189
0.19923164
1.4439225
0.19923164
0.96414442
0.20078956
-0.017040186
1.0152954
1.0152954
1.1483461
0.14889977
0.25935168
1.2891874
0.98296377
0.21538324
-0.15986578
-0.15986578
-0.15986578
-0.17567612
-0.17567612
-0.021438376
1.0029064
1.0029064
0.88858351
0.88858351
0.88858351
0.87272503
0.87272503
1.3331827
-0.026225891
0.18752608
1.1483461
0.14889977
0.86410501
0.86410501
0.86410501
0.83977469
0.83977469
1.0152954
-0.017040186
0.14286495
0.167283
1.2401424
0.90726016
0.092564514
0.90726016
0.98025592
0.98025592
0.079647905
0.13244021
1.0745416
2.5159626
2.5159626
-0.0069816458
-0.36917691
0.11152381
0.88015211
0.11122088
0.9214944
1.0745416
0.13244021
1.2005631
0.0062590666
-0.13077822
1.4719539
0.34457324
1.0451899
0.24106733
-0.0081476814
0.75071287
0.75071287
1.2895699
1.2895699
0.093891821
1.1546585
0.27895495
-0.13068659
-0.13068659
-0.13068659
-0.25339463
-0.25339463
-0.43331344
1.0886435
1.0886435
1.2401424
0.167283
1.1497158
-0.049801079
-0.0036649199
-0.017976527
0.0088335231
1.2997383
1.5454958
0.047358244
-0.079792838
1.4615948
-0.023652759
1.2621626
-4.4414643e-005
0.78644883
-0.043089968
-0.019772717
1.1472501
0.010095148
0.0072132744
1.2939877
0.0072132744
0.53478004
-0.037401459
-0.025723872
0.25235449
0.25235449
1.3297815
0.25935168
1.2891874
1.011547
0.011083958
-0.48645376
0.045776866
-0.48645376
-0.48645376
1.0343994
0.045776866
-0.086707461
1.3325792
0.29195748
2.2011713
0.086609155
-0.16590665
1.1316157
0.2130514
0.0099436104
1.1623839
-0.12487256
-0.026829884
0.37798456
1.5482768
1.2933524
0.00099504808
0.00099504808
0.021365646
1.2815527
-0.24533283
0.4045848
-0.03283482
-0.02034519
0.40608944
-0.029485382
-0.0024079549
0.20442834
0.20442834
1.0619724
1.3325792
0.29195748
-0.086707461
0.92700501
0.013531453
-0.48278575
-0.18694384
-0.48278575
-0.48278575
0.24205863
-0.18694384
0.14889977
1.1483461
1.2621626
-4.4414643e-005
0.015557582
0.015557582
1.3364209
1.1789036
0.22815854
1.2187593
0.24175544
0.8987205
0.017648039
-0.012409786
0.72635459
-0.012409786
1.1483461
0.14889977
1.2401424
0.167283
0.93198957
0.023659932
-0.026763661
0.22888912
-0.026763661
0.27508543
0.27508543
1.4013277
1.0322981
0.031809345
-0.035121152
-0.1910361
-0.035121152
0.54985682
-0.027442609
0.029369665
0.16653961
0.16653961
0.83188005
0.029889211
1.246707
1.1789036
0.22815854
0.023180992
1.204632
1.2053097
0.042354571
-0.036709824
-0.52574721
-0.036709824
1.4568525
0.055570016
-0.47155151
-0.3830018
-0.47155151
-0.47155151
-0.4524772
-0.3830018
0.13189205
0.96229163
-4.4414643e-005
1.2621626
0.0093088868
0.0093088868
1.0666782
1.1623839
0.0099436104
1.7929035
0.071746104
-0.030712225
-0.76727903
-0.030712225
2.2195707
0.091189108
-0.45191057
-0.53837613
-0.45191057
-0.45191057
-1.0395022
-0.53837613
0.97978816
-0.037921941
1.5333617
-0.015588741
0.2130514
1.1316157
1.1789036
0.22815854
1.204632
0.023180992
0.97978816
-0.037921941
0.34457324
1.4719539
-0.13077822
0.010095148
1.1472501
0.9223901
0.9223901
1.2187593
0.24175544
1.1647704
0.013911384
0.0059024534
0.0059024534
1.2383074
1.1623839
0.0099436104
0.24175544
1.2187593
0.25260326
1.2535462
0.2130514
1.1316157
0.031602954
0.031602954
-0.70547591
1.0611109
1.0611109
0.031602954
0.24175544
1.2187593
0.20062829
1.0419891
-0.078088595
-0.078088595
-0.65642714
0.47949134
0.47949134
-0.078088595
1.1647704
0.013911384
1.2891874
0.25935168
0.20062829
1.0419891
1.1789036
0.22815854
1.2187593
0.24175544
0.0073059179
0.0073059179
1.0589962
0.9223901
0.9223901
1.2187593
0.24175544
1.1798597
1.1798597
0.010487851
0.010487851
0.93757939
1.0153213
1.0153213
1.0153213
0.25260326
1.2535462
1.1798597
1.1798597
0.19621396
0.98501535
1.0321562
0.20435644
1.0056793
0.20483411
1.3325792
-0.086707461
0.29195748
-0.0010309754
-0.0010309754
1.4719539
0.19621396
0.98501535
1.3297815
0.25235449
0.25235449
1.0886435
1.0886435
0.25935168
1.2891874
0.20078956
0.96414442
1.0321562
0.20435644
-4.4414643e-005
1.2621626
0.21792677
0.21792677
1.2245447
0.14120316
1.1805581
0.14120316
0.27508543
0.27508543
1.4013277
0.19923164
1.4439225
0.19923164
0.015696814
0.015696814
0.87979893
0.93600176
0.010080855
1.1805581
0.090611831
1.1805581
1.2005631
0.0062590666
0.023199679
0.023199679
0.8916241
0.76056747
0.011776852
1.0070068
0.079172225
1.0070068
0.167283
1.2401424
0.033281889
0.033281889
0.97924177
0.64142623
0.015266394
0.20483411
1.0056793
0.011083958
1.011547
0.046247607
0.046247607
1.1490446
0.58414796
0.020803011
0.17658545
0.82611334
0.20081152
0.96396315
1.2891874
0.25935168
0.062419825
0.062419825
1.4076179
0.59451867
0.028659363
0.15818543
0.68399089
0.15831642
0.70890739
0.20078956
0.96414442
1.0619724
0.20442834
0.20442834
0.082140336
0.082140336
1.7617238
0.87272503
0.87272503
1.0056793
0.20483411
1.0886435
1.0886435
1.292687
1.292687
1.361465
1.361465
1.4410017
1.4410017
1.3364209
-0.052110116
1.3364209
1.5561598
1.5561598
1.5561598
1.6240397
1.6240397
1.6240397
1.0666782
-0.054603921
1.0666782
1.4848052
1.4848052
1.4848052
1.4410017
1.4410017
1.292687
1.292687
1.5561598
1.5561598
1.5561598
1.1864321
1.1864321
2.1325072
0.050560128
2.1325072
2.1325072
0.050560128
-0.75722844
1.4126712
1.4126712
1.0369309
0.0039915962
1.0369309
1.361465
1.361465
1.4126712
1.4126712
1.292687
1.292687
1.361465
1.361465
1.4126712
1.4126712
0.86803135
-0.052372347
0.86803135
1.2773226
1.2773226
1.2773226
1.2939877
-0.10290311
1.2939877
2.2449761
-0.16125967
2.2449761
1.1374867
-0.0017924759
0.551398
0.0049199474
0.551398
1.4848052
1.4848052
1.4848052
1.4410017
1.4410017
1.4420468
1.4420468
1.1864321
1.1864321
0.29852524
0.0015871405
0.29852524
1.1997857
1.1997857
1.2939877
-0.10290311
1.2939877
1.4410017
1.4410017
0.74720861
-0.044845396
0.74720861
1.103974
1.103974
1.103974
0.72635459
-0.11656376
0.72635459
1.4410017
1.4410017
1.4420468
1.4420468
1.1099992
1.1099992
1.1997857
1.1997857
1.4126712
1.4126712
1.4410017
1.4410017
1.1099992
1.1099992
0.63546298
0.034986071
0.63546298
0.63546298
0.034986071
-0.77214632
1.4126712
1.4126712
0.71117928
-0.031422591
0.71117928
0.96852586
0.96852586
0.96852586
1.1393758
1.1393758
1.4420468
1.4420468
0.76714093
-0.011473796
0.76714093
0.87489785
0.87489785
0.87489785
0.87002043
0.87002043
1.066505
1.066505
1.0683815
1.0683815
1.18623
1.18623
0.92250452
0.01565968
0.92250452
0.29659869
-0.0064906078
0.29659869
1.0683815
1.0683815
1.18623
1.18623
1.4410017
1.4410017
1.4420468
1.4420468
0.56454526
-0.019810839
0.56454526
0.97058953
0.97058953
0.72635459
-0.11656376
0.72635459
1.4420468
1.4420468
