3.2341882284426133  
3.216721316252678  
3.0739771675013325  
3.5062952846754296  
3.121748298168386  
3.044947698941265  
2.9720063296012427  
3.9166838907566737  
0.0  
3.9048214211213095  
0.0  
2.840402021808442  
3.926619810263902  
4.0  
3.6731948821812024  
3.831616958816809  
3.5207613290198427  
4.0  
3.7849986527782415  
3.43634542754914  
2.0  
3.5725442007159267  
4.160461307200953  
4.364644975935277  
0.0  
3.662407500077754  
0.0  
2.651335135084899  
0.0  
4.398253997859347  
3.972001666372817  
4.0  
4.0  
3.651239252345255  
3.666327216444001  
4.288700462856686  
4.026737021870633  
3.3621997041647687  
4.298004452322945  
3.5035798781130465  
4.0  
3.0  
3.538453871264126  
0.0  
4.324025651772911  
4.0  
3.0  
2.9464860351918243  
4.016815085040312  
3.907842461936417  
3.5285659723320264  
3.500786019579924  
3.926533792063789  
4.398701019319717  
3.983228807129177  
0.0  
0.0  
4.0  
0.0  
4.0  
3.815334152728233  
3.4656048059512345  
0.0  
2.775911289498271  
3.0  
0.0  
4.542465862815824  
3.9800387173245495  
3.0357926477327846  
0.0  
0.0  
4.537900219875325  
4.062664167698664  
0.0  
3.906709000170356  
3.3326544328880017  
4.341815479270696  
3.754243798351479  
4.4835292998574605  
4.010087614025566  
4.304307756428831  
3.525257226411653  
4.0  
3.6676966510768527  
4.5296554853513324  
3.0  
4.369874425321313  
3.0  
3.469411316634149  
4.197586141346891  
0.0  
4.045744122176114  
4.0  
4.0  
2.5063742722630726  
3.0  
2.473243017595912  
4.003632131334576  
4.3320229368447505  
3.364018037049597  
4.0016514372635985  
5.0  
3.5285659723320264  
0.0  
3.499213980420076  
0.0  
3.2587324028012685  
3.7362746429698763  
4.275691876434252  
4.424804493820641  
4.0  
0.0  
0.0  
0.0  
0.0  
4.0  
4.0  
0.0  
5.0  
0.0  
4.0  
3.1759307967628883  
3.0511674685332086  
0.0  
3.0051024494674614  
2.761330522595216  
3.0  
0.0  
0.0  
4.767255706430086  
3.0428421625169997  
0.0  
4.334125662935989  
3.6931036244657824  
0.0  
3.076830788197524  
5.0  
0.0  
3.0  
2.0  
3.3389613601432315  
0.0  
0.0  
3.0  
3.671864470169354  
2.0  
3.6364706209112643  
3.0  
3.5129225975692395  
4.050672774065689  
3.4971739539355546  
4.041762394013963  
3.0  
3.4860659823228337  
4.0  
4.525257226411653  
0.0  
3.0  
3.4652033328249865  
3.9595371753163295  
4.5296554853513324  
3.0  
2.994939767429837  
4.489013185870194  
3.2493402697048754  
3.0  
0.0  
3.0  
3.0  
3.5120442649631176  
3.4693366587257874  
4.0225641069501075  
0.0  
4.4908076861904656  
5.0  
5.0  
3.0  
5.0  
4.0  
0.0  
0.0  
4.0  
2.0127485445261457  
2.0  
1.0  
3.54689750461111  
4.0  
4.517277394114379  
5.0  
3.007672302977067  
2.0  
4.0  
2.0  
5.0  
2.0  
0.0  
1.0  
0.0  
2.500786019579924  
0.0  
0.0  
3.0038361514885334  
0.0  
0.0  
1.9802686357620827  
0.0  
1.4989926348183904  
0.0  
0.0  
2.4992309540901974  
4.0  
4.0  
0.0  
4.490869936096919  
3.558916724125892  
2.985744063480664  
5.0  
0.0  
0.0  
0.0  
0.0  
0.0  
0.0  
0.0  
0.0  
4.0  
1.0  
2.519301773971874  
0.0  
0.0  
2.0  
0.0  
2.0  
0.0  
2.5063742722630726  
1.9631486707896573  
3.0  
2.3040775187101263  
0.0  
2.6821867734161  
1.515138190502357  
3.0  
3.5023071377294075  
3.0  
2.0  
0.0  
0.0  
0.0  
3.030292847968647  
1.0  
1.0  
4.032792852169812  
0.0  
3.3046203343943397  
0.0  
1.0  
4.263824410862815  
0.0  
3.0  
2.010869861679053  
4.0  
0.0  
4.0  
0.0  
3.0  
3.0  
2.0  
3.0360773362616573  
2.5169748174406728  
0.0  
0.0  
0.0  
0.0  
3.0  
2.686914786379323  
3.0  
1.5028152410010691  
4.0482675819329765  
4.0  
2.500278209119395  
3.5129225975692395  
0.0  
3.0  
4.047965545878421  
2.1536437582198413  
3.301478463878177  
2.0  
0.0  
2.0  
4.531880223908667  
4.0  
1.9494855471766943  
0.0  
2.0  
3.4652033328249865  
2.0  
3.4744798999562896  
3.465337504228944  
1.4703445146486673  
2.0  
2.9866856242960687  
0.0  
4.0  
0.0  
0.0  
2.510986814129806  
2.0  
0.0  
3.7617053377502123  
3.0  
0.0  
0.0  
2.0  
5.0  
2.0  
0.0  
2.0240885299262352  
2.3136484736678997  
4.0  
3.3198598435807085  
3.0164672723735233  
0.0  
2.0  
0.0  
5.0  
3.0  
