3:	100
4:	100	101
4:	100	101	123
3:	100	101	123	124
4:	100	101	123	124	125
4:	100	101	123	124	125	127
2:	400
3:	400	421
3:	400	421	422
3:	400	421	422	466
2:	400	421	422	466	467
3:	400	421	422	466	467	468
3:	226
3:	226	228
3:	226	228	275
4:	226	228	275	279
4:	226	228	275	279	280
4:	226	228	275	279	280	281
3:	100
3:	100	152
3:	100	152	153
4:	100	152	153	154
4:	100	152	153	154	155
3:	100	152	153	154	155	156
3:	0
3:	0	1
4:	0	1	3
3:	0	1	3	7
3:	0	1	3	7	9
4:	0	1	3	7	9	11
3:	100
4:	100	101
4:	100	101	123
3:	100	101	123	124
4:	100	101	123	124	128
4:	100	101	123	124	128	129
2:	400
3:	400	421
4:	400	421	437
4:	400	421	437	438
3:	400	421	437	438	439
4:	400	421	437	438	439	440
2:	400
3:	400	401
3:	400	401	402
3:	400	401	402	409
3:	400	401	402	409	410
3:	400	401	402	409	410	411
2:	400
3:	400	421
3:	400	421	445
3:	400	421	445	446
3:	400	421	445	446	447
3:	400	421	445	446	447	449
3:	226
3:	226	229
3:	226	229	264
4:	226	229	264	269
3:	226	229	264	269	272
3:	226	229	264	269	272	273
3:	0
3:	0	1
3:	0	1	19
3:	0	1	19	20
4:	0	1	19	20	21
5:	0	1	19	20	21	22
2:	400
3:	400	401
3:	400	401	402
4:	400	401	402	412
3:	400	401	402	412	415
3:	400	401	402	412	415	417
3:	200
4:	200	201
3:	200	201	202
3:	200	201	202	203
4:	200	201	202	203	204
3:	200	201	202	203	204	205
3:	226
3:	226	227
4:	226	227	230
4:	226	227	230	237
4:	226	227	230	237	239
4:	226	227	230	237	239	243
3:	100
4:	100	101
4:	100	101	130
4:	100	101	130	137
4:	100	101	130	137	138
4:	100	101	130	137	138	139
3:	0
3:	0	2
4:	0	2	42
4:	0	2	42	55
4:	0	2	42	55	56
4:	0	2	42	55	56	57
3:	0
3:	0	2
3:	0	2	41
4:	0	2	41	43
4:	0	2	41	43	49
4:	0	2	41	43	49	51
3:	100
4:	100	101
4:	100	101	130
4:	100	101	130	131
4:	100	101	130	131	132
4:	100	101	130	131	132	133
3:	100
4:	100	101
4:	100	101	130
4:	100	101	130	140
4:	100	101	130	140	142
4:	100	101	130	140	142	146
2:	400
3:	400	421
3:	400	421	445
3:	400	421	445	446
3:	400	421	445	446	447
4:	400	421	445	446	447	448
