3:	400
4:	400	421
4:	400	421	422
4:	400	421	422	466
4:	400	421	422	466	467
5:	400	421	422	466	467	468
3:	100
3:	100	101
3:	100	101	130
4:	100	101	130	140
4:	100	101	130	140	149
5:	100	101	130	140	149	150
3:	0
3:	0	1
4:	0	1	3
5:	0	1	3	7
5:	0	1	3	7	8
5:	0	1	3	7	8	14
3:	100
4:	100	157
4:	100	157	158
4:	100	157	158	163
4:	100	157	158	163	164
4:	100	157	158	163	164	166
3:	100
4:	100	157
4:	100	157	158
4:	100	157	158	159
5:	100	157	158	159	160
2:	100	157	158	159	160	161
3:	100
3:	100	101
3:	100	101	123
3:	100	101	123	124
4:	100	101	123	124	125
4:	100	101	123	124	125	126
3:	100
3:	100	101
4:	100	101	102
4:	100	101	102	117
4:	100	101	102	117	118
4:	100	101	102	117	118	122
3:	200
3:	200	201
4:	200	201	202
4:	200	201	202	203
4:	200	201	202	203	204
4:	200	201	202	203	204	205
4:	226
4:	226	228
4:	226	228	275
3:	226	228	275	276
3:	226	228	275	276	277
3:	226	228	275	276	277	278
3:	0
3:	0	2
4:	0	2	42
4:	0	2	42	55
4:	0	2	42	55	56
4:	0	2	42	55	56	58
3:	0
3:	0	2
4:	0	2	42
4:	0	2	42	55
4:	0	2	42	55	56
4:	0	2	42	55	56	57
3:	400
4:	400	401
4:	400	401	402
5:	400	401	402	409
5:	400	401	402	409	410
4:	400	401	402	409	410	411
3:	100
4:	100	152
4:	100	152	153
4:	100	152	153	154
4:	100	152	153	154	155
4:	100	152	153	154	155	156
3:	100
3:	100	101
3:	100	101	130
4:	100	101	130	131
4:	100	101	130	131	132
5:	100	101	130	131	132	133
3:	100
3:	100	101
3:	100	101	130
4:	100	101	130	137
4:	100	101	130	137	138
3:	100	101	130	137	138	139
3:	0
3:	0	1
4:	0	1	19
4:	0	1	19	30
4:	0	1	19	30	31
4:	0	1	19	30	31	34
3:	100
3:	100	101
3:	100	101	130
4:	100	101	130	131
4:	100	101	130	131	135
3:	100	101	130	131	135	136
3:	400
4:	400	421
4:	400	421	429
5:	400	421	429	430
4:	400	421	429	430	431
4:	400	421	429	430	431	433
3:	100
3:	100	101
3:	100	101	130
4:	100	101	130	137
4:	100	101	130	137	138
3:	100	101	130	137	138	139
4:	226
4:	226	227
5:	226	227	231
4:	226	227	231	244
5:	226	227	231	244	248
5:	226	227	231	244	248	251
