4:	226
3:	226	228
2:	226	228	275
4:	226	228	275	279
4:	226	228	275	279	283
2:	226	228	275	279	283	284
4:	226
3:	226	229
4:	226	229	264
4:	226	229	264	265
4:	226	229	264	265	266
3:	226	229	264	265	266	268
4:	100
4:	100	101
4:	100	101	130
4:	100	101	130	131
3:	100	101	130	131	132
5:	100	101	130	131	132	134
4:	226
3:	226	228
2:	226	228	275
3:	226	228	275	276
2:	226	228	275	276	277
1:	226	228	275	276	277	278
4:	200
5:	200	201
4:	200	201	202
4:	200	201	202	203
4:	200	201	202	203	204
1:	200	201	202	203	204	205
4:	400
5:	400	421
4:	400	421	422
4:	400	421	422	423
4:	400	421	422	423	424
4:	400	421	422	423	424	425
4:	200
3:	200	206
3:	200	206	207
4:	200	206	207	216
4:	200	206	207	216	217
4:	200	206	207	216	217	218
4:	400
5:	400	421
4:	400	421	441
4:	400	421	441	453
3:	400	421	441	453	459
4:	400	421	441	453	459	465
4:	226
3:	226	228
4:	226	228	285
5:	226	228	285	286
1:	226	228	285	286	287
3:	226	228	285	286	287	288
4:	226
4:	226	227
4:	226	227	230
5:	226	227	230	237
2:	226	227	230	237	239
1:	226	227	230	237	239	242
4:	100
4:	100	101
5:	100	101	123
4:	100	101	123	124
5:	100	101	123	124	125
3:	100	101	123	124	125	127
4:	226
4:	226	227
4:	226	227	233
4:	226	227	233	234
3:	226	227	233	234	232
4:	226	227	233	234	232	236
5:	0
4:	0	1
4:	0	1	3
3:	0	1	3	4
5:	0	1	3	4	5
1:	0	1	3	4	5	6
4:	226
3:	226	228
2:	226	228	275
4:	226	228	275	279
3:	226	228	275	279	280
3:	226	228	275	279	280	281
4:	226
3:	226	228
2:	226	228	275
4:	226	228	275	279
3:	226	228	275	279	280
3:	226	228	275	279	280	282
4:	100
4:	100	157
4:	100	157	158
5:	100	157	158	162
4:	100	157	158	162	167
1:	100	157	158	162	167	168
4:	400
4:	400	401
5:	400	401	402
4:	400	401	402	403
3:	400	401	402	403	405
4:	400	401	402	403	405	406
5:	0
4:	0	1
2:	0	1	19
3:	0	1	19	30
4:	0	1	19	30	31
3:	0	1	19	30	31	34
5:	0
4:	0	1
2:	0	1	19
4:	0	1	19	20
4:	0	1	19	20	21
2:	0	1	19	20	21	23
4:	400
4:	400	401
5:	400	401	402
4:	400	401	402	409
2:	400	401	402	409	410
1:	400	401	402	409	410	411
