-0.046175691
0.045400128
1.4394657
0.31676462
1.2741624
1.3903793
0.39133162
-0.034246408
-0.010683084
1.1412662
0.027638663
1.1659714
0.68963979
0.68963979
-0.2075285
1.8931157
0.68963979
0.68963979
0.32611918
1.3204818
0.032963847
1.0524475
0.43438356
0.43438356
0.0078660909
1.0609975
0.43438356
0.43438356
1.1703024
0.0037903411
1.2909438
0.29076513
0.039863814
0.98242155
1.3367395
0.034841055
-0.10931852
1.1703024
0.0037903411
-0.020943189
1.2864013
0.048466997
0.9588434
0.20169438
0.20169438
0.23888405
0.29520827
0.20169438
0.20169438
1.1943799
1.1943799
1.1412662
-0.010683084
0.45580062
-0.046175691
1.4394657
1.295576
1.295576
0.17490908
1.3585471
1.3585471
1.3585471
0.39162299
-0.029193533
1.1731554
1.1378278
1.1378278
0.17865914
1.2440022
1.2440022
1.2440022
0.14773096
1.0242232
1.036288
1.036288
0.99390568
0.99390568
0.9489
0.9489
1.2741624
0.31676462
1.3204818
0.32611918
0.058894738
0.98453241
-0.0066233337
-0.0066233337
0.48618495
-0.39929414
-0.0066233337
-0.0066233337
1.1217496
1.1217496
0.15013091
0.98480078
0.9962388
0.9962388
0.014432764
1.1801408
-0.029193533
0.042505147
1.1731554
0.3015279
1.1433319
0.014432764
1.1801408
1.1943799
1.1943799
-0.011957926
0.04360141
0.99445288
0.29393512
1.0424391
1.0082107
0.30751191
-0.015282465
1.1943799
1.1943799
1.2909438
0.29076513
0.35173749
-0.011957926
0.99445288
1.3858661
0.39055594
-0.0066866356
0.50702846
1.5074166
-0.29961525
0.43374763
1.6320828
0.43374763
0.33782996
0.0055599612
0.90895561
1.1191339
0.33541884
0.010412016
0.44159529
1.2074871
-0.23247945
0.2422423
0.8226199
0.2422423
0.92799119
0.92799119
1.1433319
0.3015279
1.1316369
0.30054454
1.3987312
1.3987312
-0.071417999
0.46357417
-0.14851501
1.4635748
0.1562962
0.96770235
0.071257966
1.0621332
-0.18886728
-0.18886728
0.75040645
-1.0177278
-0.18886728
-0.18886728
0.37659556
0.37659556
1.5369593
1.4096626
0.14498754
1.4096626
0.0055599612
0.048990113
0.90895561
0.31676462
1.2741624
1.3204818
0.32611918
1.1412662
-0.010683084
0.023415045
0.058944127
0.92209437
1.3858661
0.39055594
-0.0066866356
1.33305
0.32066621
-0.010683084
1.1412662
0.088930737
1.2364005
1.8360049
3.2736224
-0.25656231
-0.74023527
3.2736224
-0.74023527
1.498442
0.48087802
0.40541931
1.4045153
1.6942163
-0.044038282
-0.044038282
0.55947928
1.2958023
-0.10297013
0.043661533
1.2257539
0.090682785
1.0524182
0.54239676
1.2775972
-0.15425659
0.096119402
0.92201577
0.28997528
0.51300642
-0.11981877
0.96708043
-0.077219495
-0.17131849
2.924456
0.96731475
-0.032133552
1.4610647
0.50141347
0.50702846
1.5074166
2.4424797
0.21123729
-0.30754906
-0.21713038
-0.21713038
3.6899316
1.2314893
-0.028467573
-0.028467573
0.6487677
-0.021585299
1.036288
1.036288
1.1359758
0.001888819
0.55003943
0.55003943
1.5986473
1.4610647
0.50141347
-0.09195551
1.170194
1.7813564
-0.12937894
2.924456
-0.17131849
0.94095109
-0.013228567
-0.013228567
-0.11636476
-0.11636476
1.8029695
1.4045153
0.40541931
0.10550682
0.84862521
1.1691229
1.3296115
-0.16738862
-0.58491935
1.3296115
-0.58491935
-0.12937894
1.7813564
0.83247788
0.0016941241
0.0016941241
-0.085296314
-0.085296314
0.43948945
1.3585471
1.3585471
1.3585471
0.50505527
0.50505527
1.6946704
0.11908626
0.83551054
0.57417756
-0.42624252
-0.071495235
-0.42519007
-0.42624252
-0.42519007
0.50702846
1.5074166
0.49128678
-0.011461113
0.9962388
0.9962388
1.5074166
0.50702846
1.7813564
-0.12937894
0.033021101
1.4534986
-0.29805652
0.91571439
0.016356544
0.016356544
0.38935658
0.76489333
-0.075060766
0.80336563
-0.22461865
1.8029695
1.5048445
0.53546252
-0.056600328
1.4635748
0.015456057
0.015456057
1.1999895
0.030864498
0.030864498
0.2492521
0.32107329
-0.045858468
0.30554703
-0.18334207
0.43948945
0.8098182
0.33171201
-0.052638818
0.40541931
1.4045153
0.51438797
0.51438797
1.4097049
0.082627941
1.2613917
1.170194
-0.09195551
1.1412662
-0.010683084
0.13706593
0.88571636
0.056092981
-1.9817373
0.031442121
-0.26090706
-1.9817373
-0.26090706
0.06884424
1.2620365
1.33305
0.32066621
1.7341584
1.7341584
-0.39585951
1.7341584
0.50409688
-0.0017499335
1.2449508
0.45756389
0.0090902133
0.0090902133
1.7273322
1.7273322
0.15961204
1.0020121
-0.3803833
-3.324894
0.14174429
-0.091859703
-3.324894
-0.091859703
0.44159529
1.2074871
1.498442
0.48087802
-0.10258123
0.74371552
1.6942163
0.032596456
0.032596456
1.384285
0.99804512
-0.027664497
1.3723547
1.3723547
-0.08073717
0.58021904
1.2314893
0.025687524
1.3858661
0.025687524
1.1703024
0.0037903411
-0.074677476
1.4790574
1.1659714
0.027638663
0.022140453
1.1771509
0.43877692
1.5600568
0.43877692
-0.11301395
-0.059124244
0.47747561
0.94095109
0.031847358
1.1191339
0.031847358
0.014432764
1.1801408
-0.12787258
1.6320828
0.43374763
-0.12787258
0.039352427
0.039352427
1.2214877
1.1771509
0.022140453
0.047979884
0.047979884
1.1057128
0.63369099
-0.017522627
1.2529383
1.2529383
1.1703024
0.0037903411
1.4790574
-0.074677476
0.05862677
0.05862677
1.0401567
1.3858661
0.025687524
0.025687524
1.1703024
0.0037903411
-0.17131849
2.924456
1.0524475
0.032963847
0.027026941
0.97662386
0.32538589
1.0653214
0.32538589
-0.063661845
-0.015736805
1.0034608
-0.2585472
-0.2585472
-0.2585472
0.096308645
0.76586047
1.8785388
1.7813564
-0.12937894
1.1412662
-0.010683084
-0.037720732
0.43925682
0.83247788
0.040060981
0.89963192
0.040060981
0.019480803
0.88236907
-0.091676024
0.8226199
0.2422423
-0.091676024
0.071433379
0.071433379
1.0278765
0.34943083
-0.0073346545
1.1569873
1.1569873
0.98242155
0.039863814
1.1771509
0.022140453
1.1801408
0.014432764
0.96708043
-0.077219495
-0.21713038
3.6899316
-0.21713038
0.9588434
0.048466997
0.033661589
0.82017327
1.1801408
0.014432764
-0.0063408079
0.7672329
1.3903793
0.017050543
0.017050543
1.1703024
0.0037903411
-0.010683084
1.1412662
0.086528831
0.086528831
1.0717434
0.15083352
0.0029109102
1.0865733
1.0865733
0.76447841
0.010036911
0.1040271
0.1040271
1.1743919
0.043351189
0.013244795
1.043736
1.043736
0.98453241
0.058894738
0.04220645
0.71108357
0.22619273
0.62105414
0.22619273
-0.0099295878
1.3987312
0.0063915074
0.0063915074
0.3639761
1.4116666
-0.12110572
0.0035947464
0.61288618
-0.14284443
-0.14284443
-0.14284443
0.05900291
0.36495036
0.72382092
0.014432764
1.1801408
0.014128145
0.54546037
-0.021982789
-0.021982789
-0.021982789
0.032700344
-0.0011871742
-0.33150558
1.1703024
0.0037903411
-0.010683084
1.1412662
1.3523835
-0.062388464
0.11389208
-0.10297013
1.2958023
0.55947928
1.6808096
1.6808096
1.4223686
1.4223686
1.1726192
0.17442322
1.1726192
0.50141347
1.4610647
1.8029695
-0.22461865
0.16461641
0.40541931
1.4045153
1.0309817
-0.039379021
0.10040405
-0.075060766
0.76489333
0.38935658
1.8029695
-0.22461865
0.80336563
1.33305
0.32066621
1.4223686
1.4223686
1.1076587
0.18474199
1.1076587
1.5997235
0.14997837
-0.15715342
0.043661533
1.2257539
1.2385133
1.2385133
0.79785055
-0.015300162
0.094176969
0.078945793
0.078945793
1.5178651
-0.1040557
1.0352331
1.2095698
0.29957343
0.31676462
1.2741624
1.7273322
0.64331347
0.64331347
-0.1000869
1.4045153
0.40541931
1.0668791
0.1998207
1.0668791
0.45756389
1.2449508
1.5074166
0.50702846
0.65843117
0.0099233626
0.09571163
-0.045858468
0.32107329
0.2492521
0.43948945
-0.18334207
0.30554703
0.52305206
-0.2184494
1.320631
1.2909438
0.29076513
1.1876491
1.1876491
0.54239676
1.2775972
-0.15425659
1.1344314
1.1344314
1.6910196
1.6910196
1.6910196
1.6910196
0.75223064
-0.17608013
1.3723547
1.3723547
1.101356
1.101356
1.0494962
1.0494962
1.0494962
1.0494962
0.76217945
0.016701071
0.50702846
1.5074166
1.1306912
0.2941048
1.4610647
0.50141347
0.32611918
1.3204818
1.33305
0.32066621
1.080616
0.29575745
1.2449508
0.45756389
0.30054454
1.1316369
1.498442
0.48087802
-0.14851501
0.46357417
1.4635748
0.61795899
0.03638131
0.10545846
1.052108
0.22000495
1.052108
0.42586698
1.0673422
1.2074871
0.44159529
0.48087802
1.498442
1.0650889
0.24561344
1.0650889
0.40726704
0.93105588
0.94809014
0.38937883
0.39185001
1.1040606
1.4223686
1.4223686
1.0613767
0.30505943
0.3015279
1.1433319
1.3723547
1.3723547
0.53546252
1.5048445
-0.056600328
0.40541931
1.4045153
0.29957343
1.2095698
0.99804512
-0.027664497
0.50702846
1.5074166
0.68139913
0.064180163
0.12380314
-0.015279253
-0.029797063
0.14134697
1.5074166
0.50702846
1.5048445
0.53546252
-0.056600328
1.0748993
0.32249448
0.29393512
1.0424391
1.0616903
0.44671967
0.44671967
-0.059753364
1.5048445
0.054180682
0.054180682
0.50505527
1.6946704
0.50505527
0.55003943
0.55003943
1.5986473
0.0069609292
0.56938807
1.5178651
1.4223686
1.4223686
0.47710055
1.3817737
1.2872228
1.2872228
1.5074166
0.50702846
1.498442
0.48087802
-0.14851501
1.4635748
0.46357417
0.47710055
1.3817737
1.8931157
0.82495681
-0.07360137
1.8931157
-0.07360137
0.82495681
1.498442
0.48087802
1.4045153
0.40541931
0.45265809
1.2396679
1.2872228
1.2872228
-0.1000869
0.66197762
1.7273322
1.7273322
0.51438797
0.51438797
1.4097049
1.6791028
1.6791028
0.57527056
1.6808096
1.6808096
1.4323618
1.4323618
1.326262
1.326262
1.5524225
1.5524225
0.48087802
1.498442
1.246664
1.246664
1.3979239
1.3979239
0.50702846
1.5074166
0.43969063
1.1348087
1.2025118
1.2025118
1.2620365
0.06884424
1.5369593
1.5369593
0.32100132
-0.14851501
0.46357417
1.4635748
0.43898227
1.0696638
1.2025118
1.2025118
0.40541931
1.4045153
1.1953843
1.1953843
1.2714342
1.2714342
0.44159529
1.2074871
1.6808096
1.6808096
1.1741228
1.1741228
1.1750834
1.1750834
0.38937883
0.94809014
1.4105969
1.4105969
0.56358246
0.56358246
-0.39585951
1.7341584
1.5986473
0.56996486
1.5986473
1.6791028
0.57527056
1.6791028
1.498442
0.48087802
0.40541931
1.4045153
1.1844276
1.1844276
0.49140628
0.49140628
1.2611603
1.4016016
1.4016016
0.53457124
1.643567
1.643567
0.4597768
1.9382483
1.9382483
0.4597768
0.48196018
0.48196018
1.1556964
1.1654845
1.1654845
0.5082419
1.4105969
1.4105969
1.6306345
1.6306345
1.4097049
0.55175914
1.4097049
1.5524225
1.5524225
1.5178651
0.0069609292
1.5178651
1.6808096
1.6808096
1.2611603
0.5472636
1.2611603
1.3979239
1.3979239
1.5074166
0.50702846
0.45265809
1.2396679
1.0609975
0.61977544
0.061820364
1.0609975
0.061820364
0.61977544
1.6808096
1.6808096
1.6306345
1.6306345
0.43969063
1.1348087
0.29520827
0.4400564
0.2097674
0.29520827
0.2097674
0.4400564
0.50702846
1.5074166
1.3523835
-0.062388464
0.11389208
-0.074035976
0.039123036
1.3369363
1.8029695
0.16461641
-0.22461865
1.1530936
-0.058230906
1.1412662
-0.010683084
1.0309817
-0.039379021
0.10040405
1.1659714
0.027638663
0.078945793
1.5178651
0.078945793
0.79785055
-0.015300162
0.094176969
0.37540958
0.37540958
1.5054995
0.29076513
1.2909438
1.0524475
0.032963847
0.0092280997
0.68963979
0.0092280997
0.0092280997
1.8931157
0.68963979
-0.071417999
1.3987312
0.38392542
1.883206
0.04583111
-0.20761328
1.2095698
0.29957343
0.022140453
1.1771509
-0.22473468
-0.0053253439
0.54580277
1.6211591
1.5048445
0.054180682
0.054180682
0.033021101
1.4534986
-0.29805652
0.65843117
0.0099233626
0.09571163
0.61795899
0.03638131
0.10545846
0.33883229
0.33883229
1.2588263
1.3987312
0.38392542
-0.071417999
0.98242155
0.039863814
0.079939101
0.43438356
0.079939101
0.079939101
1.0609975
0.43438356
0.17439597
1.1828057
1.1412662
-0.010683084
0.1023601
0.1023601
1.4934507
1.2741624
0.31676462
1.3204818
0.32611918
0.9588434
0.048466997
0.068431147
0.98974189
0.068431147
1.1828057
0.17439597
1.2014253
0.17391534
0.98453241
0.058894738
0.062799298
0.52102524
0.062799298
0.37659556
0.37659556
1.5369593
1.0621332
0.071257966
0.062503521
0.11630421
0.062503521
0.68139913
0.064180163
0.12380314
0.31144456
0.31144456
1.0459404
0.088930737
1.2364005
1.2741624
0.31676462
0.06884424
1.2620365
1.1940668
0.085653455
0.06798612
-0.21993317
0.06798612
1.3824783
0.10215968
0.16054898
0.20169438
0.16054898
0.16054898
0.29520827
0.20169438
0.16747596
1.026392
-0.010683084
1.1412662
0.10328167
0.10328167
1.247521
1.1771509
0.022140453
1.6291796
0.12083224
0.079670935
-0.48334979
0.079670935
1.9355875
0.14169877
0.25161512
-0.0066233337
0.25161512
0.25161512
-0.39929414
-0.0066233337
0.96708043
-0.077219495
1.2864013
-0.020943189
1.064631
-0.01516655
1.8029695
-0.22461865
-0.054951197
1.2257539
0.043661533
0.40541931
1.4045153
0.88239552
-0.0080044184
0.0092280997
0.0092280997
0.0092280997
1.8931157
0.68963979
0.68963979
0.50702846
1.5074166
0.78176761
-0.00090099815
0.079939101
0.079939101
0.079939101
1.0609975
0.43438356
0.43438356
0.06884424
1.2620365
0.48087802
1.498442
4.9448787
2.0453822
2.0453822
2.0453822
-1.4441601
0.34552462
1.3873736
0.34552462
0.31676462
1.2741624
1.3723547
1.3723547
0.48087802
1.498442
1.4223686
1.4223686
0.29957343
1.2095698
1.2872228
1.2872228
1.3723547
1.3723547
0.76794863
0.0061597321
0.43948945
-0.18334207
-0.055378397
1.5986473
0.56996486
1.5986473
0.57492978
1.6791028
0.57492978
1.4254637
1.4254637
0.33447326
1.2739053
0.33447326
0.57750723
0.049894781
1.5118016
0.29076513
1.2909438
0.84598374
0.013214236
0.16054898
0.16054898
0.16054898
0.29520827
0.20169438
0.20169438
1.1703024
0.0037903411
1.4045153
0.40541931
1.4097049
0.55175914
1.4097049
1.2611603
0.5472636
1.2611603
1.5054995
1.5054995
0.35053553
0.33133103
1.1916613
0.33133103
1.2872228
1.2872228
1.3204818
0.32611918
1.0207035
0.020324093
0.25161512
0.25161512
0.25161512
-0.39929414
-0.0066233337
-0.0066233337
0.061537426
0.83840476
0.37659556
1.5369593
0.37659556
1.4223686
1.4223686
1.1876491
1.1876491
1.2872228
1.2872228
0.50702846
1.5074166
1.7483919
1.7483919
0.49317822
0.40541931
1.4045153
0.33668293
1.1428509
0.33668293
1.2025118
1.2025118
1.7351106
0.58402425
0.58402425
0.40541931
1.4045153
1.1556964
0.55734692
1.1556964
0.5153424
1.4016016
0.5153424
1.7351106
0.58402425
0.58402425
1.498442
0.48087802
1.4223686
1.4223686
1.2966598
0.027581176
-0.76347204
-0.14168954
-0.053641665
0.53546252
1.5048445
-0.056600328
-0.14851501
0.46357417
1.4635748
0.35106627
1.1295686
0.35106627
1.1392818
1.1392818
1.3581085
0.49802503
0.49802503
1.498442
0.48087802
0.40541931
1.4045153
1.6780574
0.035113397
-1.7950693
-0.099674793
-0.049529347
1.1344314
1.1344314
1.2872228
1.2872228
1.2909438
0.29076513
1.384285
0.013564669
0.38487372
1.3858661
1.3858661
-0.0066866356
1.4254637
1.4254637
1.1412662
-0.010683084
0.032596456
0.032596456
1.384285
1.2741624
0.31676462
1.3204818
0.32611918
0.039352427
0.039352427
1.2214877
1.1433319
0.3015279
1.5467662
1.5467662
1.5467662
1.4254637
1.4254637
1.1412662
-0.010683084
1.2214877
0.02972461
0.35576792
1.1191339
1.1191339
0.010412016
-0.053384431
0.95028078
2.2301988
0.72713407
-0.058423282
-0.42720791
0.047979884
0.047979884
1.1057128
1.5118016
0.57750723
0.049894781
0.0037903411
1.1703024
1.2385133
1.2385133
1.1057128
0.048151542
0.33922921
0.027638663
1.1659714
0.68963979
0.68963979
-0.07360137
0.68963979
1.8931157
-0.07360137
1.4254637
1.4254637
1.4223686
1.4223686
1.0401567
0.068997436
0.33615822
1.5054995
1.5054995
0.35053553
1.5369593
1.5369593
0.32100132
0.05862677
0.05862677
1.0401567
1.2872228
1.2872228
1.1801408
0.014432764
1.2909438
0.29076513
1.0278765
0.09240764
0.34738485
0.89963192
0.89963192
0.030005513
1.5054995
0.35053553
1.5054995
1.5369593
0.37659556
0.37659556
1.4116666
-0.0065871925
-0.0065871925
1.1876491
1.1876491
1.036288
1.036288
1.1217496
1.1217496
1.4950983
0.035571644
-0.15337965
0.033021101
-0.29805652
1.4534986
0.29957343
1.2095698
1.036288
1.036288
1.33305
0.32066621
1.2909438
0.29076513
1.0717434
0.11851778
0.37364666
0.7308969
0.7308969
0.052278491
1.2588263
0.33038764
1.2588263
1.1943799
1.1943799
1.2385133
1.2385133
0.032963847
1.0524475
0.43438356
0.43438356
0.061820364
0.43438356
1.0609975
0.061820364
0.37659556
1.5369593
0.37659556
1.4635748
0.015456057
0.015456057
1.1743919
0.14745026
0.4155651
0.6163595
0.6163595
0.07741244
-0.038204607
0.33327961
1.3585471
1.3585471
1.3585471
0.039863814
0.98242155
1.2662027
1.2662027
1.2662027
1.1344314
1.1344314
0.9962388
0.9962388
1.390712
1.390712
1.390712
1.390712
1.3585471
1.3585471
1.3585471
1.4341452
1.4341452
1.4341452
0.048466997
0.9588434
1.1780759
1.1780759
1.1780759
1.1703024
0.0037903411
-0.1040557
1.0352331
1.101356
1.101356
0.97248823
0.97248823
1.2629722
1.2629722
1.2629722
1.2629722
1.3381652
0.17931042
0.47361965
1.4323618
1.4323618
1.5524225
1.5524225
1.6808096
1.6808096
1.4934507
0.078163302
1.4934507
1.8572229
1.8572229
1.8572229
1.9169426
1.9169426
1.9169426
1.247521
0.092546097
1.247521
1.7530736
1.7530736
1.7530736
1.6808096
1.6808096
1.4323618
1.4323618
1.8572229
1.8572229
1.8572229
1.326262
1.326262
3.2736224
0.36497983
3.2736224
3.2736224
0.36497983
-1.1682545
1.643567
1.643567
1.6942163
-0.10258123
1.6942163
1.5524225
1.5524225
1.643567
1.643567
1.4323618
1.4323618
1.5524225
1.5524225
1.643567
1.643567
1.0595727
0.1117184
1.0595727
1.5528955
1.5528955
1.5528955
1.5178651
0.0069609292
1.5178651
2.4424797
-0.30754906
2.4424797
1.1359758
0.001888819
1.2314893
-0.08073717
1.2314893
1.7530736
1.7530736
1.7530736
1.6808096
1.6808096
1.6306345
1.6306345
1.326262
1.326262
0.94095109
-0.059124244
0.94095109
1.3979239
1.3979239
1.5178651
0.0069609292
1.5178651
1.6808096
1.6808096
0.93332697
0.13598338
0.93332697
1.3828402
1.3828402
1.3828402
0.98974189
0.013774513
0.98974189
1.6808096
1.6808096
1.6306345
1.6306345
1.246664
1.246664
1.3979239
1.3979239
1.643567
1.643567
1.6808096
1.6808096
1.246664
1.246664
1.3296115
0.27946397
1.3296115
1.3296115
0.27946397
-0.97052051
1.643567
1.643567
0.87232659
0.16561718
0.87232659
1.2452076
1.2452076
1.2452076
1.4105969
1.4105969
1.6306345
1.6306345
0.87988199
0.20086082
0.87988199
1.1422016
1.1422016
1.1422016
1.1737399
1.1737399
1.1953843
1.1953843
1.2714342
1.2714342
1.4344806
1.4344806
0.95901331
0.2419111
0.95901331
0.83247788
-0.037720732
0.83247788
1.2714342
1.2714342
1.4344806
1.4344806
1.6808096
1.6808096
1.6306345
1.6306345
0.91571439
-0.016458942
0.91571439
1.1750834
1.1750834
0.98974189
0.013774513
0.98974189
1.6306345
1.6306345
