-0.073174374
0.57812487
1.4250622
0.00086554077
0.00086554077
1.3406591
1.0773209
-0.014656692
1.2435971
1.2435971
-0.074972595
0.47320115
0.92596364
0.0017051441
1.2991265
0.0017051441
1.210421
0.015855745
-0.032895022
1.8661058
1.1765006
0.0062365138
0.0074949097
1.1600906
0.29280885
1.374196
0.29280885
-0.16805945
-0.079214251
0.44896439
0.63921504
0.006193272
0.99386233
0.006193272
0.010510819
1.170057
-0.097859874
1.4806518
0.31762278
-0.097859874
0.0054122706
0.0054122706
1.1656951
1.1600906
0.0074949097
0.012100771
0.012100771
1.0420606
0.66752763
-0.0087310315
1.0862307
1.0862307
1.210421
0.015855745
1.8661058
-0.032895022
0.021236713
0.021236713
0.97501076
1.2991265
0.0017051441
0.0017051441
1.210421
0.015855745
-0.10949167
3.3007805
1.0378425
0.0099165372
0.011142579
0.90763742
0.1872614
0.83344148
0.1872614
-0.14044823
-0.027501877
1.0470186
-0.34764377
-0.34764377
-0.34764377
-0.20236082
0.36368368
1.3527161
2.0690383
-0.07703259
1.2845051
0.024227154
-0.086035035
0.5128487
0.58243681
0.013031608
0.73805664
0.013031608
0.014820014
0.78769421
-0.069355803
0.53964139
0.12197773
-0.069355803
0.03315236
0.03315236
0.9700059
0.35142631
-0.0031079154
0.94927705
0.94927705
0.94609644
0.015415227
1.1600906
0.0074949097
1.170057
0.010510819
1.0532914
-0.038727478
-0.13250146
3.6534707
-0.13250146
0.90612135
0.023001628
0.016797722
0.70053854
1.170057
0.010510819
-0.02199956
0.71582382
1.2917079
0.0050883839
0.0050883839
1.210421
0.015855745
0.024227154
1.2845051
0.048207742
0.048207742
1.0327014
0.13840474
0.0022035985
0.83539746
0.83539746
0.68064875
0.021956485
0.066791781
0.066791781
1.1689357
0.038259302
0.0072109022
0.74738573
0.74738573
0.92297224
0.032969069
0.024763086
0.54386001
0.098040496
0.34451128
0.098040496
-0.10920423
1.3264622
0.011981746
0.011981746
0.31221758
1.4118901
-0.080937063
-0.016008959
0.4739582
-0.30550068
-0.30550068
-0.30550068
-0.2160665
0.058321258
0.25722347
0.010510819
1.170057
-0.0094143912
0.32987243
-0.26247758
-0.26247758
-0.26247758
-0.21436672
-0.20046414
-0.72199244
1.210421
0.015855745
0.024227154
1.2845051
-0.0386766
-0.0075117522
1.3706113
1.2296272
0.035193516
1.2385556
0.25841468
0.0062365138
1.1765006
0.0074949097
1.1600906
0.023365678
1.1863627
1.3406591
0.29750948
-0.037545887
-0.044377538
1.2991265
0.29114172
0.26331669
1.2627975
0.24227372
1.1939113
1.2296272
0.035193516
1.2385556
0.25841468
1.0532914
-0.038727478
0.29274709
1.4147293
0.29274709
1.1656951
0.27398231
-0.028846194
1.1765006
0.0062365138
-0.079072388
0.38944403
1.3252576
1.0420606
0.26515758
-0.017858003
0.29088283
1.2917079
-0.052963394
1.3264622
0.29766285
-0.064542971
0.97501076
0.27271746
-0.0042537208
0.20424561
0.83851395
-0.040429883
1.0378425
0.0099165372
-0.32993775
0.22034905
-0.32993775
1.4564766
1.4564766
0.22034905
1.2627975
0.26331669
1.2775651
0.26109811
0.94609644
0.015415227
-0.08108551
0.21622155
0.65730266
1.210421
0.015855745
0.26109811
1.2775651
-0.034476178
-0.0037258613
1.1167837
0.27248468
1.34599
0.27248468
1.2385556
0.25841468
1.3877975
0.19615587
1.3877975
0.26109811
1.2775651
-0.031071502
0.0059053063
0.9691656
0.25048805
1.2136993
1.170057
0.010510819
1.2845051
0.024227154
0.23550388
1.1042474
0.25048805
1.2136993
0.29280885
-0.16805945
1.374196
0.29280885
0.9700059
0.29841856
0.012327252
-0.034311468
0.99386233
0.23798884
0.010510819
1.170057
2.1298521
-0.050018145
0.5868828
-0.26646216
0.90612135
0.023001628
-0.077263792
0.063423391
0.044849493
-0.11475085
1.2989899
0.35067549
1.4147293
1.4147293
0.16455157
0.92297224
0.032969069
-0.066830443
-0.066343005
-0.50556208
-0.11974438
0.4018613
0.10991083
1.001891
0.045636269
-0.048951979
-0.17034698
-0.98711756
-0.11827433
-0.44175647
-0.11032852
1.1482955
0.061348416
-0.27156488
0.14419128
-0.27156488
0.89325808
0.89325808
0.14419128
0.14288908
1.0983237
0.26331669
1.2627975
-0.25621917
0.31633219
1.3403054
-0.25621917
-0.90204274
0.23638251
1.0443476
0.230817
1.0503929
1.2385556
0.25841468
1.3677664
0.080478254
-0.20836524
0.090427145
-0.20836524
0.39214137
0.39214137
0.090427145
1.2627975
0.26331669
0.26109811
1.2775651
0.0062365138
1.1765006
0.25048805
1.2136993
-0.038727478
1.0532914
1.3406591
-0.037545887
0.29750948
1.1462579
-0.11243222
0.39940533
1.4566718
1.4566718
0.29079253
-0.47385559
1.4266216
1.4266216
1.1475753
1.1475753
1.1043584
1.1043584
-0.13383863
1.1656951
-0.028846194
0.27398231
0.40596226
1.5092673
0.40596226
1.4754233
0.23950975
1.4754233
1.1475753
1.1475753
1.1960732
1.1960732
1.4566718
1.4566718
1.3406591
-0.037545887
1.3406591
1.1960732
1.1960732
1.0396202
1.0396202
1.0930388
1.0930388
1.603259
-0.22157835
0.31664346
1.603259
-0.22157835
-0.30315897
1.4566718
1.4566718
1.1656951
-0.028846194
1.1656951
1.0935149
1.0935149
0.96018799
0.96018799
1.1154057
1.1154057
1.0420606
-0.017858003
1.0420606
1.2991265
1.2991265
-0.044377538
1.2435971
1.2435971
1.4165342
1.4165342
1.4165342
1.0930388
1.0930388
1.1960732
1.1960732
1.2435971
1.2435971
1.2812583
1.2812583
1.0587813
1.0587813
1.0935149
1.0935149
1.1803431
1.1803431
1.3264622
-0.064542971
0.29766285
-0.2002786
1.3850918
1.3850918
1.0587813
1.0587813
0.15263594
0.15263594
-0.11249439
1.4460315
1.4460315
1.3864765
1.3864765
1.0470708
1.0470708
0.74630666
-0.17273866
0.19403694
0.74630666
-0.17273866
-0.27389166
1.1803431
1.1803431
0.97501076
-0.0042537208
0.97501076
1.0111123
1.0111123
1.3631653
0.28005707
0.28005707
1.1910397
1.1910397
1.0602657
1.0602657
0.019146006
-0.11189557
0.11910467
0.019146006
-0.11189557
-0.24896855
1.2435971
1.2435971
1.4460315
1.4460315
0.28437378
1.4588449
-0.29790866
-0.29790866
0.28437378
1.0420606
-0.017858003
0.26515758
0.48942835
-0.098045777
0.2228116
1.3428686
-0.06576672
1.3428686
1.5740671
-0.089375076
1.5740671
1.3864765
1.3864765
0.9700059
0.012327252
0.9700059
0.95130628
0.95130628
1.0652732
0.23758913
0.23758913
1.0381509
1.0381509
1.1008082
1.1008082
-0.71068875
-0.71068875
-0.090162742
1.0709267
1.0709267
0.97501076
-0.0042537208
0.27271746
0.30255826
1.0363546
0.30255826
1.3864765
1.3864765
1.171216
1.171216
-0.56564553
-0.037788717
0.096686351
-0.56564553
-0.037788717
-0.22857476
1.0862307
1.0862307
0.37541548
1.4754233
0.37541548
0.0079113215
1.5174514
1.274553
-0.095973238
0.026700767
-0.04964825
-0.0048895352
1.2908535
1.6905156
0.064526482
-0.14598465
1.4139958
-0.025989083
1.2845051
0.024227154
0.87776641
-0.08665329
0.018450795
1.1765006
0.0062365138
0.020171025
1.3252576
0.020171025
0.57834217
-0.076896293
0.01947418
0.28005707
0.28005707
1.3631653
0.26109811
1.2775651
1.0378425
0.0099165372
-0.36729888
0.37922632
-0.36729888
-0.36729888
1.5512892
0.37922632
-0.064542971
1.3264622
0.29766285
2.0418625
0.069263694
-0.12362404
1.1939113
0.24227372
0.0074949097
1.1600906
-0.14085985
-0.071283067
0.3601126
1.4649522
1.2989899
0.013213355
0.013213355
0.0087395813
1.3850918
-0.2002786
0.38537748
-0.066562273
0.0308513
0.30829938
-0.055478092
0.053714801
0.23758913
0.23758913
1.0652732
1.3264622
0.29766285
-0.064542971
0.94609644
0.015415227
-0.33750723
0.17214759
-0.33750723
-0.33750723
0.750259
0.17214759
0.16266422
1.1693556
1.2845051
0.024227154
0.032107495
0.032107495
1.4581594
1.2136993
0.25048805
1.2385556
0.25841468
0.90612135
0.023001628
0.0075116736
0.65730266
0.0075116736
1.1693556
0.16266422
1.2535798
0.18702356
0.92297224
0.032969069
0.00019374762
0.044849493
0.00019374762
0.28769186
0.28769186
1.3877975
1.001891
0.045636269
-0.0010390351
-0.50556208
-0.0010390351
0.35685091
-0.043432953
0.089247564
0.20428673
0.20428673
0.79854111
0.038634507
1.2769427
1.2136993
0.25048805
0.030539664
1.1999838
1.1482955
0.061348416
0.0046075715
-0.98711756
0.0046075715
1.3677664
0.080478254
-0.29854531
-0.0072200286
-0.29854531
-0.29854531
0.021392142
-0.0072200286
0.15225056
0.96397349
0.024227154
1.2845051
0.031336443
0.031336443
1.1685341
1.1600906
0.0074949097
1.6660331
0.10342712
0.017978908
-1.3927377
0.017978908
2.0489571
0.13062598
-0.2493842
-0.1557167
-0.2493842
-0.2493842
-0.62756976
-0.1557167
1.0532914
-0.038727478
1.5174514
0.0079113215
-0.095973238
0.4460617
1.274553
1.3872069
0.38837052
-0.051155297
1.3288563
-0.07703259
2.0690383
1.3929481
0.39217349
0.38837052
1.3872069
0.41783493
0.41783493
0.41783493
1.6082359
-0.11475085
1.2989899
0.35067549
1.2905832
0.29005795
1.2241357
0.36369741
1.3872069
0.38837052
1.3764084
0.37544975
1.3495109
0.34606461
0.0087395813
1.3850918
-0.2002786
0.39217349
1.3929481
-0.63183903
0.36888726
1.5512892
-0.63183903
1.5512892
0.36888726
-0.11475085
1.2989899
0.35067549
1.3010535
0.30023882
-0.16528878
-0.08665329
0.35411253
0.87776641
0.38837052
1.3872069
1.3764084
0.37544975
1.1843843
0.011798343
0.36369741
1.2241357
1.3252576
0.38944403
-0.079072388
1.3495109
0.34606461
0.011798343
1.1843843
-0.076896293
0.29804335
0.57834217
1.3790986
0.42185314
-0.053385739
1.3495109
0.34606461
-0.040208588
1.2571654
0.34726455
1.0929515
-0.57538187
0.20010845
0.750259
-0.57538187
0.750259
0.20010845
-0.035648953
0.96435051
0.34606461
1.3495109
-0.26683295
-0.26683295
0.25014084
1.3011377
-0.26683295
0.34426
1.0033303
0.65730266
0.21622155
-0.08108551
1.3929481
0.39217349
-0.066562273
0.2815259
0.38537748
1.1100085
0.33297501
1.2917079
-0.052963394
1.2917079
1.1843843
0.011798343
0.35612635
0.95934781
-0.50898762
0.06208294
0.021392142
-0.50898762
0.021392142
0.06208294
1.3495109
0.34606461
0.29005795
1.2905832
1.5602519
0.43291898
0.43291898
0.42308412
0.42308412
1.5348233
0.40596226
0.40596226
1.5092673
1.5865231
1.5865231
1.5865231
-0.16528878
1.3010535
1.3010535
-0.055478092
0.30837373
0.30829938
0.33297501
1.1100085
1.3527314
0.39624029
0.39624029
1.1862201
0.3730038
0.3730038
1.5986161
1.5986161
1.5986161
1.4754233
0.37541548
0.37541548
1.0929515
0.34726455
1.1100085
0.33297501
1.3864765
1.3864765
-0.043432953
0.38253449
0.35685091
0.86907898
0.28960501
-0.039499836
0.037205728
1.0033303
0.34426
0.33297501
1.1100085
1.4566718
1.4566718
0.95934781
0.35612635
0.86907898
0.28960501
0.89925789
0.89925789
1.1040799
-0.010360886
1.6905156
-0.14598465
-0.058374605
1.1863627
0.023365678
0.29005795
1.2905832
0.89931885
-0.0073041734
-0.36729888
-0.36729888
-0.36729888
1.5512892
0.37922632
0.37922632
0.37544975
1.3764084
0.79171491
-0.0046516678
-0.33750723
-0.33750723
-0.33750723
0.750259
0.17214759
0.17214759
0.030539664
1.1999838
0.34606461
1.3495109
3.9482428
1.4519677
1.4519677
1.4519677
-0.97002924
0.26661642
1.3391189
0.26661642
0.25048805
1.2136993
1.2435971
1.2435971
0.34606461
1.3495109
1.2961788
1.2961788
0.24227372
1.1939113
1.1960732
1.1960732
1.2435971
1.2435971
0.79040744
-0.0024097326
0.21772373
-0.13386638
-0.050133104
1.5602519
0.3789308
1.5602519
0.42308412
1.5348233
0.42308412
1.2812583
1.2812583
0.25620959
1.2229561
0.25620959
0.42185314
-0.053385739
1.3790986
0.26109811
1.2775651
0.90491102
-0.00056739107
-0.29854531
-0.29854531
-0.29854531
0.021392142
-0.0072200286
-0.0072200286
1.210421
0.015855745
1.2905832
0.29005795
1.3527314
0.35208644
1.3527314
1.1862201
0.33967137
1.1862201
1.3631653
1.3631653
0.2133764
0.25441516
1.1393285
0.25441516
1.1960732
1.1960732
1.2385556
0.25841468
1.1451066
0.00090761318
-0.2493842
-0.2493842
-0.2493842
-0.62756976
-0.1557167
-0.1557167
0.020131659
0.62675727
0.28769186
1.3877975
0.28769186
1.2961788
1.2961788
1.1475753
1.1475753
1.1960732
1.1960732
0.37544975
1.3764084
1.4754233
1.4754233
0.23950975
0.29005795
1.2905832
0.2622697
1.0917314
0.2622697
1.0935149
1.0935149
1.5092673
0.40596226
0.40596226
0.29005795
1.2905832
1.0649643
0.34327764
1.0649643
0.35512923
1.2035817
0.35512923
1.5092673
0.40596226
0.40596226
1.3495109
0.34606461
1.2961788
1.2961788
1.5212302
0.0020731712
-1.059962
-0.12401773
-0.037954071
0.35067549
1.2989899
-0.11475085
-0.16528878
0.30023882
1.3010535
0.28085919
1.083794
0.28085919
1.0111123
1.0111123
1.0363546
0.30255826
0.30255826
1.3495109
0.34606461
0.29005795
1.2905832
2.0438603
0.0030176071
-2.1242685
-0.11662616
-0.021307683
1.0930388
1.0930388
1.1960732
1.1960732
1.2775651
0.26109811
1.4250622
-0.020594967
-0.020594967
-0.0042958207
1.2585623
-0.0042958207
1.210421
0.015855745
0.024227154
1.2845051
-0.010360886
1.1040799
1.4564766
-0.054904553
-0.054904553
-0.054904553
-0.054904553
-0.054904553
0.010510819
1.170057
0.12777079
0.12777079
1.1273518
1.0422289
0.12760989
0.010510819
1.170057
1.3075307
0.0015644829
1.5174514
0.0079113215
0.92596364
-0.019490976
-0.019490976
1.1765006
0.0062365138
1.1600906
0.0074949097
0.010510819
1.170057
0.011981746
1.3264622
0.011981746
0.18702356
1.2535798
0.63921504
-0.020172296
-0.020172296
0.0018000105
1.052939
0.0018000105
0.68064875
0.021956485
-0.0073041734
0.89931885
0.89325808
-0.047432685
-0.047432685
-0.047432685
-0.047432685
-0.047432685
1.0983237
0.14288908
-0.0046516678
0.79171491
0.0050883839
1.2917079
0.0050883839
-0.0024097326
0.79040744
0.39214137
-0.03629235
-0.03629235
-0.03629235
-0.03629235
-0.03629235
1.2627975
0.26331669
0.024227154
1.2845051
0.12889669
0.12889669
1.0694562
0.0074949097
1.1600906
0.010510819
1.170057
0.015855745
1.210421
1.2845051
0.024227154
1.0378425
0.0099165372
0.90763742
0.011142579
1.4649522
-0.021143934
-0.021143934
-0.021143934
1.8661058
-0.032895022
-0.00056739107
0.90491102
0.010312887
0.83851395
0.010312887
0.18009314
1.2940595
0.18009314
0.21273594
1.3977579
0.21273594
1.001382
0.11649369
0.1347715
0.1347715
1.0375632
1.1611182
0.13884696
0.13884696
0.015855745
1.210421
0.024227154
1.2845051
0.58243681
-0.022754418
-0.022754418
0.008466023
0.89604058
0.008466023
0.15588143
1.2158373
0.15588143
0.94609644
0.015415227
0.0074949097
1.1600906
0.024227154
1.2845051
0.90612135
0.023001628
0.011142579
0.90763742
1.2385556
0.25841468
1.210421
0.015855745
0.023601674
1.4118901
0.023601674
0.77389916
-0.027329687
-0.027329687
0.015802553
0.79328796
0.015802553
0.14643563
1.0369536
0.14643563
1.1693556
0.16266422
1.2845051
0.024227154
1.23251
-0.033961015
-0.033961015
0.02392842
0.75035494
0.02392842
0.14241338
0.88384887
0.14241338
0.011981746
1.3264622
0.011981746
1.4118901
0.023601674
0.023601674
0.00090761318
1.1451066
-0.040041349
-0.020998157
-0.020998157
-0.020998157
-0.020998157
-0.020998157
0.91929511
0.21404512
0.033839383
0.58855766
0.24227372
1.1939113
1.2136993
0.25048805
1.1999838
0.030539664
1.0532914
-0.038727478
0.31221758
1.4118901
-0.080937063
0.0062365138
1.1765006
0.9696025
0.9696025
1.2385556
0.25841468
1.1863627
0.023365678
0.00086554077
0.00086554077
1.3406591
1.1600906
0.0074949097
0.25841468
1.2385556
0.26331669
1.2627975
0.24227372
1.1939113
0.22034905
0.22034905
-0.53523
1.4564766
1.4564766
0.22034905
0.25841468
1.2385556
0.23550388
1.1042474
0.14419128
0.14419128
-0.4568311
0.89325808
0.89325808
0.14419128
1.1863627
0.023365678
1.2775651
0.26109811
0.23550388
1.1042474
1.2136993
0.25048805
1.2385556
0.25841468
0.0054122706
0.0054122706
1.1656951
0.9696025
0.9696025
1.2385556
0.25841468
1.1910397
1.1910397
0.012100771
0.012100771
1.0420606
1.0829547
1.0829547
1.0829547
0.26331669
1.2627975
1.1910397
1.1910397
0.23638251
1.0443476
1.0503929
0.230817
0.99090679
0.22448276
1.3264622
-0.064542971
0.29766285
0.023601674
0.023601674
1.4118901
0.23638251
1.0443476
1.3631653
0.28005707
0.28005707
1.1154057
1.1154057
0.26109811
1.2775651
0.24584671
1.0174412
1.0503929
0.230817
0.024227154
1.2845051
0.26661642
0.26661642
1.3391189
0.15588143
1.2158373
0.15588143
0.28769186
0.28769186
1.3877975
0.21273594
1.3977579
0.21273594
0.021236713
0.021236713
0.97501076
0.90763742
0.011142579
1.2158373
0.11527544
1.2158373
1.210421
0.015855745
0.03315236
0.03315236
0.9700059
0.70053854
0.016797722
1.0369536
0.11399589
1.0369536
0.18702356
1.2535798
0.048207742
0.048207742
1.0327014
0.54386001
0.024763086
0.22448276
0.99090679
0.0099165372
1.0378425
0.066791781
0.066791781
1.1689357
0.44289015
0.035369459
0.1987748
0.77203868
0.21404512
0.91929511
1.2775651
0.26109811
0.089323444
0.089323444
1.3847167
0.40313164
0.048977045
0.18243602
0.58561016
0.17370004
0.60479601
0.24584671
1.0174412
1.0652732
0.23758913
0.23758913
0.11625283
0.11625283
1.6862067
0.92242743
0.92242743
0.99090679
0.22448276
1.1154057
1.1154057
