0.0099794187
-0.002200908
1.4035561
1.1967135
0.012335902
1.214366
0.21489767
-0.0016394572
1.1708895
-0.0030481797
1.1597886
-0.02933939
1.0719591
1.3094564
0.25829522
-0.065978073
-0.080072176
1.3019033
0.25834447
0.19731543
1.2216086
0.21398015
1.1696066
1.1967135
0.012335902
1.214366
0.21489767
0.95568884
-0.045194445
0.16550375
1.4234849
0.16550375
1.1411741
0.23067011
-0.053403004
1.1708895
-0.0016394572
-0.17284541
0.33724686
1.3018995
1.0260892
0.21790307
-0.038157605
0.26246938
1.330176
-0.10348207
1.3843043
0.26208021
-0.14344264
0.96784481
0.22112309
-0.019926656
0.17506492
0.90019725
-0.085445274
1.0572813
0.0028629808
-0.66072552
-0.20298153
-0.66072552
1.0824105
1.0824105
-0.20298153
1.2216086
0.19731543
1.1817623
0.14802653
0.99336373
0.0092573108
-0.16972205
0.16836913
0.67464988
1.1573121
-0.017974355
0.14802653
1.1817623
0.026212066
-0.0016909092
1.1723893
0.20891045
1.3028006
0.20891045
1.214366
0.21489767
1.3942038
0.033242877
1.3942038
0.14802653
1.1817623
0.042697338
0.0040685455
1.0434643
0.21709159
1.1908649
1.1609904
-0.0072613164
1.1183145
-0.041197798
0.20786521
1.0893017
0.21709159
1.1908649
0.22303093
-0.29430018
1.4231305
0.22303093
0.96988057
0.24137904
0.0016287995
-0.065263834
1.0104126
0.2025108
-0.0072613164
1.1609904
3.055856
-0.074513632
0.92758841
-0.234436
0.9825968
0.017764649
-0.1600019
0.021774316
0.10941456
-0.24372154
1.290648
0.29622642
1.4234849
1.4234849
-0.06460834
1.0282624
0.028614203
-0.14299555
-0.10056469
-0.38883927
-0.24262214
0.45178348
0.064775455
1.1334072
0.042041698
-0.11799607
-0.19675316
-0.81532711
-0.23416017
-0.32581006
-0.14386583
1.3007792
0.058287519
-0.55857592
-0.32467451
-0.55857592
0.3931407
0.3931407
-0.32467451
0.11021414
1.0832579
0.19731543
1.2216086
-0.44627969
0.50447774
2.1297355
-0.44627969
-1.0586769
0.2099466
1.041347
0.19925674
1.0428046
1.214366
0.21489767
1.532761
0.077594603
-0.44801
-0.42556499
-0.44801
-0.23756606
-0.23756606
-0.42556499
1.2216086
0.19731543
0.14802653
1.1817623
1.2533197
0.019591517
1.6473813
0.53084495
-0.020663217
1.0719591
-0.02933939
-0.071268999
3.0077976
1.4820884
0.10354137
0.063366026
1.2266419
-0.087177234
-0.00073938481
-0.045194445
0.95568884
-0.082587303
0.93913342
-0.016159524
1.081312
1.0067921
-0.020659073
1.4548422
0.00037251787
2.1130247
-0.029779759
-0.25321935
1.4456506
-0.042027929
1.384294
-0.0079560287
-0.0079560287
0.16604652
1.76539
0.04045045
0.95568884
-0.045194445
-0.072113589
0.92861834
1.0551971
0.020225695
3.3464329
1.2874068
-0.059294168
-0.20839382
-0.20839382
0.50467338
-0.0015333804
1.14433
0.91804302
0.025271123
0.96226409
0.37120169
0.0093793745
-0.06069399
1.290648
-0.06069399
-0.16418251
4.4126908
0.52188173
1.0845642
0.085249026
0.085307043
1.1908649
0.21709159
1.14433
-0.0015333804
0.8458695
0.035130202
1.6905206
0.74340211
-0.12749135
-0.10329829
-0.10329829
0.69052565
0.97059203
-0.029407024
-0.0074163838
0.83037842
1.1597886
-0.0030481797
-0.029407024
0.97059203
1.290648
-0.06069399
-0.06069399
-0.11012977
-0.11012977
1.2626861
0.8424579
0.050192604
0.26840832
0.29159903
-0.16425979
0.011313993
0.011313993
0.87976732
1.4368825
1.4368825
3.0077976
-0.071268999
0.002010349
0.67371836
0.54550138
-0.0083853576
0.38923355
0.02330133
-0.017974355
1.1573121
0.91129209
0.070827826
-0.90524067
-0.061695676
-0.16726651
0.13626245
0.13626245
1.0729791
-0.06069399
-0.06069399
1.290648
0.21492652
1.2626861
-0.35816181
1.0554861
0.097376861
0.37501975
0.24146414
0.040194385
0.38444178
-0.041321088
0.012273608
0.61739723
0.17618722
0.0048055165
0.93913342
-0.082587303
0.88858563
0.087501971
0.10680023
1.0428046
0.19925674
1.2355925
-0.036177377
-0.036177377
1.1817623
0.14802653
0.90620001
0.11181348
0.12800017
1.1967135
0.012335902
1.1491563
0.15962236
0.14915582
0.9271067
0.18997831
0.37613553
-0.013839315
-0.013839315
-0.045194445
0.95568884
0.92861834
-0.072113589
1.1121563
-0.0095850914
-0.0095850914
1.2777058
0.13014305
-0.10674171
0.14428122
0.071918281
-0.07841203
0.45178348
-0.07841203
1.5800846
0.16938199
-1.8161309
-0.31039175
-0.13424453
0.27243688
0.27243688
1.2709585
0.21489767
1.214366
-0.045194445
0.95568884
0.60567721
0.60567721
7.1092209
3.1605847
-0.36187872
-0.0016394572
1.1708895
0.21709159
1.1908649
-0.045194445
0.95568884
1.3094564
-0.065978073
0.25829522
1.2266419
-0.087177234
0.44280378
1.4292951
1.4292951
0.4610872
-0.56359841
1.8724098
1.8724098
1.1207399
1.1207399
1.2355925
1.2355925
-0.11864682
1.1411741
-0.053403004
0.23067011
0.3123366
1.4532458
0.3123366
1.4565519
0.044259886
1.4565519
1.1207399
1.1207399
1.1742587
1.1742587
1.4292951
1.4292951
1.3094564
-0.065978073
1.3094564
1.1742587
1.1742587
1.0263187
1.0263187
1.0668784
1.0668784
1.845504
-0.33144917
0.34822776
1.845504
-0.33144917
0.1314173
1.4292951
1.4292951
1.1411741
-0.053403004
1.1411741
1.0763497
1.0763497
0.95147298
0.95147298
1.0946078
1.0946078
1.0260892
-0.038157605
1.0260892
1.3019033
1.3019033
-0.080072176
1.2302823
1.2302823
1.4285722
1.4285722
1.4285722
1.0668784
1.0668784
1.1742587
1.1742587
1.2302823
1.2302823
1.272216
1.272216
1.0352379
1.0352379
1.0763497
1.0763497
1.1705921
1.1705921
1.3843043
-0.14344264
0.26208021
-0.25321935
1.4456506
1.4456506
1.0352379
1.0352379
0.37613553
0.37613553
-0.083362206
1.4368825
1.4368825
1.3815919
1.3815919
1.0274219
1.0274219
0.85209197
-0.27439883
0.15820039
0.85209197
-0.27439883
0.29133041
1.1705921
1.1705921
0.96784481
-0.019926656
0.96784481
1.0010488
1.0010488
1.3457719
0.20892166
0.20892166
1.140573
1.140573
1.0449089
1.0449089
-0.023609677
-0.20509985
0.010419104
-0.023609677
-0.20509985
0.45645264
1.2302823
1.2302823
1.4368825
1.4368825
0.18387697
1.8378443
-0.64960543
-0.64960543
0.18387697
1.0260892
-0.038157605
0.21790307
0.64080889
-0.060326928
0.27588667
1.6473813
-0.020663217
1.6473813
1.9581847
-0.057788306
1.9581847
1.3815919
1.3815919
0.96988057
0.0016287995
0.96988057
0.95019454
0.95019454
1.0517372
0.16408578
0.16408578
1.0005133
1.0005133
1.0890145
1.0890145
-0.38800565
-0.38800565
-0.046028506
1.0904186
1.0904186
0.96784481
-0.019926656
0.22112309
0.20793566
0.99250584
0.20793566
1.3815919
1.3815919
1.1608507
1.1608507
-0.7733018
-0.12253176
-0.091943826
-0.7733018
-0.12253176
0.62737684
1.0829042
1.0829042
0.27259246
1.4565519
0.27259246
-0.022932354
1.3932108
1.2948187
-0.068967031
0.0030922529
0.00013372798
0.0094347101
1.4664387
2.3221098
0.25716865
-0.00030959625
1.4474083
-0.01693271
1.1183145
-0.041197798
0.95214878
-0.048804032
-0.0084609108
1.1708895
-0.0016394572
-0.033736693
1.3018995
-0.033736693
0.71049477
-0.027380276
-0.010944465
0.20892166
0.20892166
1.3457719
0.14802653
1.1817623
1.0572813
0.0028629808
-0.82521832
-0.14487057
-0.82521832
-0.82521832
0.89160509
-0.14487057
-0.14344264
1.3843043
0.26208021
2.401219
0.063618457
-0.11835246
1.1696066
0.21398015
-0.0030481797
1.1597886
-0.034944576
-0.06039528
0.56352099
1.9803534
1.290648
-0.06069399
-0.06069399
-0.042027929
1.4456506
-0.25321935
0.57624884
-0.0044460929
-0.0036421367
0.55551442
0.020304822
0.014117747
0.16408578
0.16408578
1.0517372
1.3843043
0.26208021
-0.14344264
0.99336373
0.0092573108
-0.78285072
-0.42710134
-0.78285072
-0.78285072
-0.056323729
-0.42710134
0.10943886
1.1331834
1.1183145
-0.041197798
-0.0079560287
-0.0079560287
1.384294
1.1908649
0.21709159
1.214366
0.21489767
0.9825968
0.017764649
-0.046199127
0.67464988
-0.046199127
1.1331834
0.10943886
1.157836
0.092938519
1.0282624
0.028614203
-0.053004423
0.10941456
-0.053004423
0.19931404
0.19931404
1.3942038
1.1334072
0.042041698
-0.053547432
-0.38883927
-0.053547432
0.65402145
0.047243501
0.042946584
0.12903414
0.12903414
0.79199563
0.019591517
1.2533197
1.1908649
0.21709159
-0.0015333804
1.14433
1.3007792
0.058287519
-0.047221267
-0.81532711
-0.047221267
1.532761
0.077594603
-0.72966789
-0.68363667
-0.72966789
-0.72966789
-0.93372361
-0.68363667
0.10010197
0.94639334
-0.041197798
1.1183145
-0.0095850914
-0.0095850914
1.1121563
1.1597886
-0.0030481797
1.8312952
0.100206
-0.033424278
-1.1655139
-0.033424278
2.1978055
0.12636217
-0.66471759
-0.91244942
-0.66471759
-0.66471759
-1.735479
-0.91244942
0.95568884
-0.045194445
1.3932108
-0.022932354
1.0885157
0.0068587539
2.3221098
-0.00030959625
0.0013118364
1.0719591
-0.02933939
0.16921469
1.1692968
0.92912536
0.014013064
-0.82521832
-0.82521832
-0.82521832
0.89160509
-0.14487057
-0.14487057
0.32160842
1.3224874
0.86458194
0.021115265
-0.78285072
-0.78285072
-0.78285072
-0.056323729
-0.42710134
-0.42710134
-0.0015333804
1.14433
0.27199305
1.2804852
7.1092209
3.1605847
3.1605847
3.1605847
-0.36187872
0.20789185
1.2785596
0.20789185
0.21709159
1.1908649
1.2302823
1.2302823
0.27199305
1.2804852
1.2726097
1.2726097
0.21398015
1.1696066
1.1742587
1.1742587
1.2302823
1.2302823
0.90121323
0.028245233
1.0411054
0.041078402
0.0117943
1.4535399
0.24574202
1.4535399
0.33173733
1.4459902
0.33173733
1.272216
1.272216
0.19375658
1.1565362
0.19375658
0.36195803
-0.12830806
1.3276656
0.14802653
1.1817623
1.0451508
0.035525867
-0.72966789
-0.72966789
-0.72966789
-0.93372361
-0.68363667
-0.68363667
1.1573121
-0.017974355
1.1692968
0.16921469
1.2426152
0.21829088
1.2426152
1.0761066
0.20655406
1.0761066
1.3457719
1.3457719
0.086039607
0.18854726
1.0689532
0.18854726
1.1742587
1.1742587
1.214366
0.21489767
1.3022558
0.043131817
-0.66471759
-0.66471759
-0.66471759
-1.735479
-0.91244942
-0.91244942
-0.0094030126
0.64073751
0.19931404
1.3942038
0.19931404
1.2726097
1.2726097
1.1207399
1.1207399
1.1742587
1.1742587
0.32160842
1.3224874
1.4565519
1.4565519
0.044259886
0.16921469
1.1692968
0.19297876
1.018214
0.19297876
1.0763497
1.0763497
1.4532458
0.3123366
0.3123366
0.16921469
1.1692968
0.95692643
0.21168096
0.95692643
0.26064066
1.1176856
0.26064066
1.4532458
0.3123366
0.3123366
1.2804852
0.27199305
1.2726097
1.2726097
1.6780373
0.051299113
-0.0495532
0.082593762
0.025937243
0.29622642
1.290648
-0.24372154
-0.35816181
0.21492652
1.2626861
0.20771456
1.0065476
0.20771456
1.0010488
1.0010488
0.99250584
0.20793566
0.20793566
1.2804852
0.27199305
0.16921469
1.1692968
2.1775654
0.060335792
-0.93669238
0.12434432
0.044153597
1.0668784
1.0668784
1.1742587
1.1742587
1.1817623
0.14802653
1.0885157
0.0068587539
1.2127085
0.024261141
1.2127085
0.19731543
1.2216086
0.092938519
1.157836
0.25829522
1.3094564
-0.065978073
1.1908649
0.21709159
0.21398015
1.1696066
-0.098616391
0.38477201
1.384294
0.20892166
0.20892166
1.3457719
0.14802653
1.1817623
-0.089891783
0.32092205
1.1121563
0.035318151
1.1399546
1.1399546
0.20892166
1.3457719
0.20892166
1.3843043
-0.14344264
0.26208021
1.157836
0.092938519
0.92912536
0.014013064
-1.0141816
1.0824105
1.0824105
1.0824105
-0.39537623
-0.39537623
1.0832579
0.11021414
0.86458194
0.021115265
1.0317978
0.023423036
1.0317978
0.033242877
1.3942038
1.3942038
-0.07549242
0.2793618
0.9050649
0.037707311
1.0197363
1.0197363
-0.0072613164
1.1609904
-0.52813625
0.051319617
1.7011249
1.7011249
0.90121323
0.028245233
-0.86660596
0.3931407
0.3931407
0.3931407
-0.4676962
-0.4676962
1.3942038
1.3942038
0.033242877
1.4423763
-0.21086335
0.24175679
-0.054891405
0.2616486
0.76722884
-0.027560113
0.26921835
0.70259618
0.045881124
0.92639398
0.92639398
0.16408578
1.0517372
0.16408578
0.19731543
1.2216086
1.157836
0.092938519
0.09811312
0.98726365
1.1597886
-0.0030481797
1.1609904
-0.0072613164
1.1573121
-0.017974355
-0.21086335
0.24175679
1.4423763
0.099899846
0.95101547
1.1597886
-0.0030481797
1.4116664
0.16665847
0.16665847
0.16665847
0.14802653
1.1817623
0.10599893
0.93983908
0.94182305
0.0018033266
0.14802653
1.1817623
0.007026284
0.30335119
0.71478299
0.16408578
0.16408578
1.0517372
1.3015261
0.11005806
0.11005806
0.049382573
0.36513392
0.80699696
0.060425722
0.86217326
0.86217326
-0.0014614812
0.82484349
1.3843043
-0.14344264
0.26208021
0.10000667
0.45541933
0.98195464
1.0451508
0.035525867
0.87831676
0.028959369
0.87831676
0.159372
0.57478217
1.2417926
0.12903414
0.12903414
0.79199563
0.20786521
1.0893017
0.21709159
1.1908649
1.214366
0.21489767
1.0946078
1.0946078
-0.52813625
1.7011249
0.051319617
1.7011249
1.2219162
1.2219162
1.2219162
1.3019033
0.25834447
-0.080072176
0.19731543
1.2216086
1.2726097
1.2726097
1.384294
-0.0079560287
-0.0079560287
0.097670718
0.097670718
1.1399546
1.3018995
-0.17284541
0.33724686
0.26208021
1.3843043
-0.14344264
1.4423763
-0.055391991
-0.055391991
1.1207399
1.1207399
-0.14487057
0.89160509
-0.82521832
-0.14487057
-0.82521832
-0.82521832
1.2804852
0.27199305
1.2726097
1.2726097
1.3429487
0.35134062
0.21709159
1.1908649
-0.034944576
-0.06039528
1.9803534
1.9803534
1.0668784
1.0668784
1.6473813
1.6473813
-0.020663217
1.1908756
0.32557688
0.012335902
1.1967135
0.14802653
1.1817623
1.0806268
0.31308741
0.19925674
1.0428046
1.2302823
1.2302823
0.29622642
1.290648
-0.24372154
-0.35816181
0.21492652
1.2626861
1.0352379
1.0352379
-0.42710134
-0.056323729
-0.78285072
-0.42710134
-0.78285072
-0.78285072
0.27259246
0.27259246
1.4565519
1.4234849
0.16550375
0.16550375
1.0274219
1.0274219
-0.68363667
-0.93372361
-0.72966789
-0.68363667
-0.72966789
-0.72966789
1.2302823
1.2302823
1.0449089
1.0449089
-0.91244942
-1.735479
-0.66471759
-0.91244942
-0.66471759
-0.66471759
0.787286
0.16331152
1.2726097
1.2726097
1.0890145
1.0890145
0.96226409
0.96226409
0.0093793745
1.272216
1.272216
0.14802653
1.1817623
1.1121563
-0.0095850914
-0.0095850914
-0.0036887561
1.0911738
1.0304267
0.10462639
1.0832579
0.11021414
0.10943886
1.1331834
0.53119466
-0.31054855
-0.56359841
1.8724098
1.1367978
1.1367978
1.1367978
1.3350688
0.34275868
1.0263187
1.0263187
1.0149925
0.31485283
0.18997831
0.9271067
0.023188254
-0.053760778
1.1217431
1.1217431
0.14802653
1.1817623
1.075212
1.075212
1.075212
1.0833681
0.29248006
-0.033736693
-0.033736693
1.3018995
1.2216086
0.19731543
0.9965607
0.3317764
0.0087602234
0.85561141
0.089383087
0.77470628
1.1608507
1.1608507
-1.1116602
-2.4567979
-0.58701518
-1.1116602
-0.58701518
-0.58701518
0.13139617
0.13139617
0.8470595
1.2626861
0.21492652
-0.35816181
0.9050649
-0.0062788731
-0.0062788731
0.091233032
0.091233032
1.0197363
1.214366
0.21489767
1.4565519
0.27259246
0.27259246
1.6065563
1.6065563
-0.53584025
1.6065563
1.0276612
0.36466021
0.19004279
0.846335
1.0829042
1.0829042
