1.1428079
0.15271823
0.15271823
-0.023626777
1.3307867
0.33598437
0.28803498
1.2977484
0.34963211
1.3500834
-0.0029423769
0.012676055
1.1335374
1.4862771
0.45917826
1.3082641
1.3082641
1.0708903
0.15666417
0.15666417
1.0331652
0.16663861
0.16663861
1.4278389
1.4278389
0.26820236
-0.10053923
0.31337912
1.342649
-0.15766607
3.3364164
-0.10879572
0.33376138
1.1411702
0.0051187561
0.28991671
1.2688125
1.0407202
-0.097904096
0.35195733
0.26470902
1.2727966
0.33912235
1.0061947
0.015739386
1.3994557
0.3147822
0.3147822
0.43594714
1.4566559
1.3831573
0.38315695
0.28089856
1.231038
1.4829187
0.46336382
1.4862771
0.45917826
1.0456468
-0.045548807
-0.10879572
3.3364164
-0.10916431
0.28205492
1.1463186
0.020728035
1.2157695
0.43697061
0.43697061
1.7752421
1.7752421
1.6399255
0.48199838
0.48199838
-0.075675003
1.3157521
-0.26801903
0.36689607
0.94907174
0.029119181
0.01331011
0.68225266
1.2249079
0.42350551
1.4566559
0.43594714
1.4552633
0.45588817
0.012824959
1.3373284
0.012824959
0.4180472
0.97318891
0.04543997
0.012519114
0.38090522
0.4932701
1.0812854
0.064858983
0.010242116
0.23878539
1.0271066
0.40884781
1.1805518
1.1805518
1.3117922
0.44575331
0.80523309
0.59435574
0.80523309
0.80523309
-0.63153298
-0.63153298
1.4862771
0.45917826
0.59292946
1.2753197
0.087501234
0.28497164
1.1443279
1.4862771
0.45917826
1.2222099
0.45254038
0.01602496
0.56617907
0.01602496
0.32201831
1.1016617
-0.16368909
0.33639827
-0.26801903
1.3157521
0.29322773
1.1016335
1.2826251
0.44063774
1.3082641
1.3082641
1.1888738
0.47697145
-0.47466069
0.41817891
-0.47466069
-0.47466069
-0.63469462
-0.63469462
1.2926499
1.2926499
1.0314075
0.18297772
0.18297772
-0.015380228
1.0356469
0.30106168
1.6471981
0.49899266
0.49899266
1.319978
1.319978
1.2469152
-0.030888787
1.2136017
0.51953558
-1.5461956
0.33604094
-1.5461956
-1.5461956
-0.64073909
-0.64073909
-0.0045157418
1.2268891
1.3831573
0.38315695
0.71699554
1.5563265
0.11345112
0.291211
1.0632304
1.2249079
0.42350551
-0.0091142544
1.4112304
0.5015276
1.6221754
0.5015276
1.2157695
0.020728035
0.29393347
1.2933475
-0.0045157418
1.2268891
0.48346701
1.4286248
0.48346701
0.064219712
1.3088305
1.2887384
0.047122382
0.26470902
1.2727966
1.1604684
-0.02988019
0.073073565
1.7591741e-005
0.34844109
1.3232627
1.3236335
-0.054044329
0.32309665
1.2268891
-0.0045157418
-0.022825279
1.2231447
0.4850448
1.2959884
0.4850448
0.98898403
0.025212952
0.2831729
1.1267702
1.3155702
0.0752266
0.0752266
1.3155702
1.4606467
0.56309118
0.56309118
-0.33610954
1.4606467
-0.61379547
1.2926499
1.2926499
1.0456468
-0.045548807
1.0817249
0.080940791
1.2688125
0.28991671
0.048299106
1.0483042
0.080940791
1.0817249
0.33517078
0.4271043
0.4271043
-0.27620141
0.33517078
-0.66458452
-0.061542091
0.31690459
1.5261113
1.4066314
-0.1727387
1.4066314
0.50714854
1.2270317
0.50714854
0.83137758
0.032090028
1.3236335
-0.054044329
0.32309665
3.1804127
-0.013815384
0.55042351
1.2239603
0.55042351
1.3994557
0.28321585
1.3994557
-0.0045157418
1.2268891
1.3831573
0.38315695
0.68913283
-0.026842178
0.07692446
-0.0010470547
0.26204059
0.75873065
1.319978
1.319978
-0.030888787
1.2469152
0.61521856
1.2883035
0.61521856
1.2298714
0.28165384
1.2298714
0.26470902
1.2727966
1.2112799
0.026927025
1.3088305
0.064219712
1.4862771
0.45917826
0.7015268
1.4207867
0.7015268
0.74696504
0.041556569
0.28514317
1.0079044
0.00095862769
0.84040723
1.3082641
1.3082641
0.808921
1.6211938
0.808921
0.73930006
0.053789524
0.30071515
0.93971446
0.0096858679
0.53402961
1.1805518
1.1805518
0.36767706
-0.024346327
0.095180597
-9.1104083e-005
1.0407202
-0.097904096
1.3863626
0.43535444
-0.12699492
0.092312895
0.92911517
1.2665741
0.26672996
0.036514932
0.28803498
1.2977484
1.0564302
0.031723515
0.9828235
0.067060741
0.32425572
1.3799163
-0.20187028
0.32425572
1.4528017
0.23763603
1.4528017
-0.13735923
1.9796345
-0.054295192
0.9670876
0.038657882
0.74273284
0.076150673
0.24935032
0.88514608
-0.18700346
0.24935032
0.38315695
1.3831573
0.10965279
0.86163458
-0.3214163
-0.15844711
0.029414904
0.0089282413
0.037137559
1.4145471
1.3088305
0.064219712
1.2933475
0.29393347
0.026927025
1.2112799
0.020728035
1.2157695
0.020082341
1.2584395
1.3500834
0.34963211
-0.0029423769
-0.023626777
1.3307867
0.33598437
0.28803498
1.2977484
0.28089856
1.231038
1.3088305
0.064219712
1.2933475
0.29393347
1.0456468
-0.045548807
0.30668049
1.473245
0.30668049
1.1411702
0.33376138
0.0051187561
1.2112799
0.026927025
-0.058060949
0.4664311
1.4030777
1.0061947
0.33912235
0.015739386
0.32309665
1.3236335
-0.054044329
1.342649
0.31337912
-0.10053923
0.94907174
0.36689607
0.029119181
0.26814099
0.9361194
-0.045020525
1.0564302
0.031723515
-0.4876005
0.29192328
-0.4876005
1.2960861
1.2960861
0.29192328
1.2977484
0.28803498
1.2727966
0.26470902
0.9670876
0.038657882
-0.052211091
0.35878791
0.87042763
1.2268891
-0.0045157418
0.26470902
1.2727966
0.005433889
0.047327527
1.0413363
0.3147822
1.3994557
0.3147822
1.2933475
0.29393347
1.4528017
0.23763603
1.4528017
0.26470902
1.2727966
-0.00022669655
0.066456598
0.83165898
0.28991671
1.2688125
1.2191155
0.011175453
1.2469152
-0.030888787
0.28205492
1.1463186
0.28991671
1.2688125
0.32425572
-0.20187028
1.3799163
0.32425572
0.97318891
0.4180472
0.04543997
-0.015380228
1.0356469
0.30106168
0.011175453
1.2191155
2.0547106
-0.21782988
0.41531727
-0.34386181
0.94665398
0.047883272
-0.037939843
0.28821869
0.44016537
-0.12699492
1.3863626
0.43535444
1.473245
1.473245
0.18121198
0.99802138
0.059527843
-0.0146263
0.25710603
0.1184226
-0.12261748
0.72782852
0.29334105
1.123455
0.073686611
0.018297618
0.26758508
-0.089196614
-0.10868175
0.17949108
0.19210219
1.3244656
0.090412298
-0.46480169
0.22490651
-0.46480169
0.64683389
0.64683389
0.22490651
0.1508053
1.1156293
0.28803498
1.2977484
-0.42414056
0.28045775
1.2388346
-0.42414056
-1.2854319
0.29322773
1.1016335
0.28497164
1.1443279
1.2933475
0.29393347
1.6016709
0.10970518
-0.43747245
0.1941948
-0.43747245
0.10422039
0.10422039
0.1941948
1.2977484
0.28803498
0.26470902
1.2727966
1.3683329
0.28944837
1.3683329
1.2419348
1.2419348
1.4030777
0.4664311
-0.058060949
0.28803498
1.2977484
1.3082641
1.3082641
1.179016
1.179016
-0.4876005
0.29192328
1.2960861
1.2960861
0.29192328
-0.4876005
1.2926499
1.2926499
1.179016
1.179016
1.2419348
1.2419348
1.3082641
1.3082641
1.2476111
0.29482362
1.2476111
0.020728035
1.2157695
1.2926499
1.2926499
-0.022825279
1.2231447
1.0336083
1.0336083
1.0336083
1.4339969
0.49386694
-0.010252803
0.29393347
1.2933475
0.18691075
1.6504375
0.18691075
1.6504375
1.0023305
1.0023305
1.0023305
-0.054044329
1.3236335
1.3236335
1.3082641
1.3082641
0.99241294
0.99241294
0.99241294
1.179016
1.179016
1.2419348
1.2419348
1.2926499
1.2926499
1.1382973
1.1382973
1.2419348
1.2419348
1.579147
1.579147
1.579147
1.579147
1.4972126
1.4972126
1.4972126
1.2727966
0.26470902
1.1382973
1.1382973
1.4278389
1.4278389
0.26820236
1.172318
0.31251041
1.172318
1.3307867
1.3307867
-0.023626777
1.2926499
1.2926499
1.319978
1.319978
1.5296471
1.5296471
1.5296471
1.1446432
0.3431005
1.1446432
1.1792206
1.1792206
0.87042763
0.35878791
-0.052211091
1.2727966
0.26470902
1.1241417
1.1241417
-0.46480169
0.22490651
0.64683389
0.64683389
0.22490651
-0.46480169
0.047122382
1.2887384
0.020082341
1.2584395
1.5613953
1.5613953
-0.57176466
-0.57176466
0.21584167
1.1376573
1.1376573
-0.43747245
0.1941948
0.10422039
0.10422039
0.1941948
-0.43747245
0.047370384
0.86278244
1.4972126
1.4972126
1.4972126
1.3082641
1.3082641
1.1241417
1.1241417
1.1792206
1.1792206
1.2926499
1.2926499
1.319978
1.319978
1.1663257
0.3870265
1.1663257
0.025212952
0.98898403
1.004851
1.004851
1.004851
1.0193411
0.41910546
-0.0020630938
1.3236335
-0.054044329
1.3236335
1.342649
-0.10053923
1.342649
1.3185608
1.3185608
1.3185608
1.1382973
1.1382973
1.2385543
0.44452423
1.2385543
1.1460133
1.1460133
1.2926499
1.2926499
1.1604684
-0.02988019
0.073073565
-0.056505362
1.0749611
0.40584478
1.5601734
1.5601734
1.3082641
1.3082641
1.1428079
0.13888079
1.1428079
0.46336382
1.4829187
1.2665741
0.036514932
-0.10361408
0.38315695
1.3831573
0.68913283
-0.026842178
0.07692446
-0.051357707
0.42098028
0.26388461
1.2665741
0.036514932
0.26672996
1.2977484
0.28803498
1.3082641
1.3082641
1.0708903
0.14760899
1.0708903
1.0173225
-0.034918742
0.05470155
0.020082341
1.2584395
1.1286273
1.1286273
0.36767706
-0.024346327
0.095180597
0.032961185
0.032961185
1.4030777
-0.088743599
1.2156814
1.231038
0.28089856
0.28991671
1.2688125
1.465283
0.47162955
0.47162955
-0.28807605
1.3831573
0.38315695
1.0331652
0.16265984
1.0331652
0.44063774
1.2826251
1.4862771
0.45917826
0.20397139
-0.022332598
0.12872933
-0.046743965
-0.078199959
0.17985662
-0.3214163
0.029414904
-0.15844711
0.32201831
-0.16368909
1.1016617
1.2727966
0.26470902
1.179016
1.179016
0.35195733
1.0407202
-0.097904096
1.1382973
1.1382973
1.2960861
1.2960861
1.2960861
1.2960861
0.18441418
-0.86537552
1.2926499
1.2926499
1.1241417
1.1241417
0.64683389
0.64683389
0.64683389
0.64683389
0.19149143
-0.84642819
0.45917826
1.4862771
1.1463186
0.28205492
1.4829187
0.46336382
0.29393347
1.2933475
1.2977484
0.28803498
1.1016335
0.29322773
1.2826251
0.44063774
0.2831729
1.1267702
1.4566559
0.43594714
-0.22808991
0.40224327
1.401279
0.20516463
-0.020707581
0.17833265
1.0314075
0.18438124
1.0314075
0.43661875
1.1404882
1.2249079
0.42350551
0.43594714
1.4566559
1.0670337
0.21303342
1.0670337
0.45229534
1.0594828
1.0271066
0.40884781
0.38753821
1.1305885
1.3082641
1.3082641
1.0988432
0.31488273
0.28497164
1.1443279
1.2926499
1.2926499
0.43535444
1.3863626
-0.12699492
0.38315695
1.3831573
0.28089856
1.231038
1.1335374
0.012676055
0.45917826
1.4862771
0.37751771
-0.019338444
0.24459298
-0.042609666
-0.41380255
0.15728109
1.4862771
0.45917826
1.3863626
0.43535444
-0.12699492
1.139374
0.34733101
0.291211
1.0632304
0.79669358
0.33053218
0.33053218
-0.27362459
1.3863626
0.0022055098
0.0022055098
0.44605079
1.6175372
0.44605079
1.1428079
0.13888079
1.1428079
1.4278389
1.4278389
0.26820236
1.2512393
1.2512393
1.2512393
1.3552431
1.3552431
0.077879454
1.0336083
1.0336083
1.0336083
0.98783327
0.98783327
0.29393347
1.2933475
0.15281977
1.1521748
1.0708903
0.14760899
1.0708903
1.1851308
1.1851308
0.13576711
1.1012755
1.1012755
0.14627262
1.1753097
1.0331652
0.16265984
1.0331652
0.13803998
1.0254813
0.14495129
1.0719746
0.14627262
1.1753097
1.231038
0.28089856
-0.032888924
1.3453106
1.3453106
0.13803998
1.0254813
0.98783327
0.98783327
0.15281977
1.1521748
1.1463186
0.28205492
-0.25191027
-0.25191027
-0.25191027
0.25268773
0.25268773
1.2960861
1.1521748
0.15281977
1.1753097
0.14627262
0.1427472
0.97907662
0.98783327
0.98783327
1.0501847
1.0501847
1.2904118
1.2904118
0.11150248
-0.1727387
0.30970376
1.4066314
1.1016335
0.29322773
-0.23123819
-0.23123819
-0.23123819
0.15174439
0.15174439
0.64683389
1.0501847
1.0501847
0.1427472
0.97907662
0.15252213
0.96268859
0.9592422
0.9592422
0.04563638
1.3252487
1.3252487
1.3252487
1.2904118
0.16916528
0.16916528
0.17021889
1.3552431
0.17021889
1.0988432
0.31488273
-0.027021959
1.0290855
1.0290855
1.1521748
0.15281977
0.26470902
1.2727966
1.139374
0.34733101
-0.20575868
-0.20575868
-0.20575868
0.0846138
0.0846138
0.10422039
1.0501847
1.0501847
1.0023305
1.0023305
1.0023305
0.9592422
0.9592422
1.3453106
-0.032888924
0.19456614
1.1521748
0.15281977
0.99241294
0.99241294
0.99241294
0.95165613
0.95165613
1.0290855
-0.027021959
0.17046276
0.14627262
1.1753097
1.0314075
0.18438124
1.0314075
1.0787803
1.0787803
0.14232609
0.1508053
1.1156293
2.0547106
2.0547106
-0.21782988
-0.34386181
0.16763255
0.97782303
0.14757003
0.9981057
1.1156293
0.1508053
1.2268891
-0.0045157418
-0.1727387
1.4066314
0.30970376
1.224123
0.39069183
-0.021091591
0.79039798
0.79039798
1.2904118
1.2904118
0.11150248
1.3533529
0.44485141
-0.17504857
-0.17504857
-0.17504857
0.053511516
0.053511516
-0.32529205
1.1012755
1.1012755
1.1753097
0.14627262
0.28089856
1.231038
0.67728783
0.05197241
1.2887384
0.047122382
1.8244501
0.030227721
1.3185608
1.3185608
1.3185608
0.0752266
1.3155702
0.80523309
0.25456462
-1.1306176
-0.1944543
-0.1944543
-0.1944543
1.2926499
1.2926499
1.2584395
0.020082341
0.080940791
1.0817249
1.2665741
-0.10361408
0.036514932
0.092312895
0.92911517
-0.3214163
-0.16873157
0.029414904
1.0456468
-0.045548807
-0.013815384
3.1804127
0.28205492
1.1463186
-0.0038797265
0.97709073
0.0033642594
0.0033642594
0.0033642594
1.465283
1.2512393
1.2512393
1.2512393
-0.04194328
1.401279
-0.04194328
0.0045179339
1.1604684
0.0045179339
1.3179317
1.3179317
1.3179317
0.05197241
0.67728783
1.2665741
0.070244616
0.070244616
3.1804127
-0.013815384
0.10965279
0.86163458
-0.47466069
-0.054850474
-1.1538931
-0.19629381
-0.19629381
-0.19629381
1.2887384
0.047122382
0.0078717321
0.68913283
0.0078717321
0.05470155
-0.034918742
1.0173225
-0.097904096
-9.1104083e-005
1.0407202
0.0022055098
0.0022055098
1.3863626
-0.013815384
3.1804127
1.2535924
1.2535924
1.2535924
1.4829187
0.46336382
1.2194706
1.2194706
1.2194706
0.047478651
-0.2718654
1.0483042
0.048299106
0.29322773
1.1016335
-0.2718654
0.047478651
0.86278244
0.047370384
1.2584395
0.020082341
0.011076656
0.36767706
0.011076656
0.042565693
-0.061896396
-0.13579284
0.29393347
1.2933475
1.342649
1.342649
-0.10053923
1.216895
1.216895
1.216895
1.3994557
0.3147822
0.3147822
0.28803498
1.2977484
0.38315695
1.3831573
0.31488273
1.0988432
0.00010267413
0.45113567
1.2926499
1.2926499
0.014188182
0.20397139
0.014188182
0.024815219
-0.050415178
-0.93867386
-0.089841761
-0.020366176
0.18899353
-0.001950517
-0.001950517
0.72782852
1.3157521
-0.075675003
-0.26801903
0.13319398
0.88255019
-1.5540797
-0.19412849
0.016418084
0.16594455
-0.037149224
1.2468224
1.2468224
1.2468224
1.2826251
0.44063774
1.2015806
0.00628632
1.2727966
0.26470902
0.16307366
0.99436825
-1.5461956
-0.28121746
-1.1817755
-0.1729265
-0.1729265
-0.1729265
-0.019571025
0.97998227
0.030227721
1.8244501
-0.76403478
-0.76403478
-0.2089272
1.2388346
-0.2089272
0.34733101
1.139374
-0.90307516
0.039237291
-0.040524037
1.8353306
1.0665583
0.057346154
0.048499999
1.7591741e-005
1.3232627
0.011472016
1.319978
1.319978
0.0752266
1.3155702
1.0975093
1.5098261
-0.23950496
1.0975093
1.5098261
-0.23950496
-0.016240938
1.4264702
-0.016240938
1.598423
1.598423
-0.11850412
0.080940791
1.0817249
0.67997085
-0.61230456
-0.31863988
0.67997085
-0.61230456
-0.31863988
1.0456468
-0.045548807
1.3082641
1.3082641
1.1511724
0.014531616
0.057346154
0.048499999
1.0665583
1.2419348
1.2419348
0.66670217
0.66670217
0.31532398
0.041309754
0.056119754
0.35195733
1.0407202
-0.097904096
1.5261113
1.5261113
-0.061542091
0.092312895
0.92911517
-0.10361408
1.2665741
0.036514932
-0.089048935
0.019876113
0.10132015
-0.0010470547
0.75873065
0.015289128
1.2665741
-0.070532601
0.036514932
1.2268891
-0.0045157418
1.8353306
-0.040524037
0.10965279
0.86163458
0.45839803
-2.2746071
-0.4123972
0.45839803
-2.2746071
-0.4123972
-0.019571025
0.97998227
0.026927025
1.2112799
0.67728783
0.05197241
1.2191155
0.011175453
1.8244501
0.030227721
-0.0058693436
3.3364164
-0.0058693436
0.86402993
0.013561326
0.72341573
0.011244647
0.05197241
0.67728783
1.5601734
1.5601734
0.13319398
0.88255019
0.44481955
-3.4506291
-0.52141672
0.44481955
-3.4506291
-0.52141672
0.048299106
1.0483042
0.030227721
1.8244501
-0.38816491
-0.47194241
3.267519
3.267519
-0.38816491
-0.12732689
-0.0072080615
0.18667503
0.041309754
0.056119754
0.31532398
1.1792206
1.1792206
0.26672996
0.036514932
1.2665741
1.319978
1.319978
0.2190362
-0.040109623
0.31460292
-0.0043838345
0.36110177
0.0284513
0.45917826
1.4862771
3.3845396
3.3845396
-0.33729779
0.91312062
0.16307366
0.99436825
-0.16873157
-0.3214163
0.029414904
1.0456468
-0.045548807
-0.013815384
3.1804127
0.96768963
-0.078885553
0.48731405
-0.010081637
0.14070482
0.051727774
-0.3214163
-0.06261445
0.029414904
0.37187692
-0.011135405
1.9727006
1.2727966
0.26470902
0.019876113
0.10132015
-0.089048935
1.4339969
1.4339969
-0.010252803
0.030227721
1.8244501
1.1286273
1.1286273
-0.0072080615
0.18667503
-0.12732689
1.1460133
1.1460133
0.67044367
0.67044367
0.030227721
1.8244501
0.0057885123
1.1708909
0.20657821
1.4305566
-0.50190387
0.20657821
1.4305566
0.20657821
1.1012755
1.1012755
1.1286273
1.1286273
1.0254813
0.13803998
0.77141501
0.77141501
0.16777111
0.16777111
0.16777111
1.3252487
1.2904118
0.16916528
0.16916528
0.077879454
1.3552431
1.3552431
0.15271823
0.15271823
1.1428079
1.0719746
0.14495129
1.0501847
1.0501847
0.15281977
1.1521748
1.0254813
0.13803998
0.15666417
0.15666417
1.0708903
1.1028798
1.1028798
1.1028798
0.15281977
1.1521748
1.1286273
1.1286273
1.1428079
0.15271823
0.15271823
1.1851308
1.1851308
0.13576711
0.1508053
1.1156293
1.5003183
1.5003183
1.5003183
1.5003183
0.0076942279
1.0619387
0.12823056
1.2339594
1.2339594
0.97907662
0.1427472
1.0719746
0.14495129
1.0501847
1.0501847
1.1521748
0.15281977
0.17021889
1.3552431
0.17021889
0.16663861
0.16663861
1.0331652
0.98783327
0.98783327
1.0501847
1.0501847
1.1286273
1.1286273
0.0097204979
1.0155854
0.18958877
0.90067722
-0.50709837
0.18958877
0.90067722
0.18958877
0.11150248
1.2904118
1.2904118
1.3185608
1.3185608
1.3185608
1.0708903
0.15666417
0.15666417
0.96268859
0.15252213
0.763791
0.763791
1.0501847
1.0501847
0.97782303
0.16763255
0.77092373
0.77092373
0.1621162
0.1621162
0.1621162
1.1301151
0.011913131
1.0355188
0.13331796
1.0921047
1.0921047
1.1012755
1.1012755
1.1286273
1.1286273
0.014330567
1.1250208
0.19791248
0.47251676
-0.51409323
0.19791248
0.47251676
0.19791248
1.0501847
1.0501847
1.1012755
1.1012755
1.5003183
1.5003183
1.5003183
1.5003183
0.97907662
0.1427472
0.98783327
0.98783327
1.0501847
1.0501847
0.96268859
0.15252213
1.0331652
0.16663861
0.16663861
1.1769042
1.1769042
1.1769042
1.2512393
1.2512393
1.2512393
1.0256414
0.18825873
0.9981057
0.14757003
1.1286273
1.1286273
1.0314075
0.18297772
0.18297772
1.0787803
1.0787803
0.14232609
1.1769042
1.1769042
1.1769042
1.2512393
1.2512393
1.2512393
1.1286273
1.1286273
1.4685165
1.4685165
1.5269506
1.5269506
1.5601734
1.5601734
1.4665307
0.023896841
1.4665307
1.7501622
1.7501622
1.7501622
1.7750793
1.7750793
1.7750793
1.1613136
0.034868144
1.1613136
1.7037447
1.7037447
1.7037447
1.5601734
1.5601734
1.4685165
1.4685165
1.7501622
1.7501622
1.7501622
1.3874517
1.3874517
1.5098261
-0.055094657
1.5098261
1.5098261
-0.055094657
-0.70184212
1.5621106
1.5621106
1.0665583
0.057346154
1.0665583
1.5269506
1.5269506
1.5621106
1.5621106
1.4685165
1.4685165
1.5269506
1.5269506
1.5621106
1.5621106
0.94749227
0.052744031
0.94749227
1.5458039
1.5458039
1.5458039
1.4030777
-0.058060949
1.4030777
1.9727006
-0.011135405
1.9727006
1.2231447
-0.022825279
0.31532398
0.041309754
0.31532398
1.7037447
1.7037447
1.7037447
1.5601734
1.5601734
1.5026678
1.5026678
1.3874517
1.3874517
-0.089048935
0.019876113
-0.089048935
1.4114487
1.4114487
1.4030777
-0.058060949
1.4030777
1.5601734
1.5601734
0.82954783
0.077921791
0.82954783
1.4338803
1.4338803
1.4338803
0.87042763
-0.052211091
0.87042763
1.5601734
1.5601734
1.5026678
1.5026678
1.3435044
1.3435044
1.4114487
1.4114487
1.5621106
1.5621106
1.5601734
1.5601734
1.3435044
1.3435044
-0.61230456
-0.0043209228
-0.61230456
-0.61230456
-0.0043209228
-0.82533096
1.5621106
1.5621106
0.81131407
0.11072641
0.81131407
1.370282
1.370282
1.370282
1.3708474
1.3708474
1.5026678
1.5026678
0.89583837
0.15139144
0.89583837
1.3568885
1.3568885
1.3568885
1.2331738
1.2331738
1.3381461
1.3381461
1.3368384
1.3368384
1.4102832
1.4102832
1.0852305
0.20003785
1.0852305
-0.12732689
-0.0072080615
-0.12732689
1.3368384
1.3368384
1.4102832
1.4102832
1.5601734
1.5601734
1.5026678
1.5026678
0.2190362
-0.040109623
0.2190362
1.3051124
1.3051124
0.87042763
-0.052211091
0.87042763
1.5026678
1.5026678
