0.8071131081316872  
0.011970715998763664  
0.7962586238887907  
0.03856549192239046  
8.26985395171638E-8  
0.8035961566365384  
0.8035961564595361  
0.8035961565159336  
0.8035961559862833  
0.8035961567433043  
0.803596156684759  
0.12625453816163865  
0.7202322407013748  
0.8035961527958927  
0.8035961565147844  
0.8035961565598619  
0.19444217122194432  
0.27067067877707274  
0.8035961567803198  
0.6909211006607557  
0.8058508175958083  
0.017138396695116704  
0.8202079179804644  
8.200015531523104E-8  
8.234112514160822E-8  
0.17433601294758486  
0.8035961566711921  
0.13651759814916573  
0.8035961567787735  
0.8035961564789126  
0.8035961566996139  
0.19766884777261182  
0.8035961566113926  
0.14094723534738743  
0.7115023363158955  
0.036196322823922045  
0.08195556782992651  
8.205717449133749E-8  
8.218448957340503E-8  
8.192149569518558E-8  
0.8058486484535973  
0.015131526184026018  
0.7491417131231016  
0.04189755732451722  
8.222510166316105E-8  
0.8159982032794355  
1.1467536411695915E-6  
1.7678710686635367E-6  
7.060436214017955E-6  
0.5143501300694355  
0.11369637172195084  
0.8035961567586197  
0.8035961545282312  
0.8035961564519807  
0.6481717650498692  
0.4824568085845424  
0.8035961567811817  
0.5578546961034827  
0.8035961566318354  
0.6212699148034584  
0.7949159384104308  
0.01799082461072071  
0.7320292985689778  
0.04539749593469453  
0.008300704381500894  
0.71931434893717  
0.80359615641126  
0.07766890623884426  
0.128091450690916  
0.803596156713524  
0.39971127903175097  
0.803596156775329  
0.8035961558348319  
0.8035961567457918  
0.803596075297392  
0.6269705981375737  
0.8035961554470967  
0.2927794907559387  
0.8035961567483754  
0.8035961552116341  
0.7882544076269626  
0.017171754815733277  
0.8178491764056923  
0.031176077247516726  
8.178393696416764E-8  
0.8147057905778221  
2.881483058995696E-5  
6.556545010419327E-7  
2.8248078586512502E-5  
0.8092027711013278  
0.0056262485203332335  
0.010741949461438074  
0.0029882508778679164  
0.0054456455579939824  
0.8035961545071968  
0.8035961561595992  
0.09109017699283302  
0.2049719200231941  
0.8035961552086509  
0.8035961551284938  
0.4438788210731306  
0.3918286008661485  
0.30129629525455937  
0.3549124398391451  
0.12162515154515392  
0.80359615677921  
0.5086006774525039  
0.4609934867785389  
0.5559959072768347  
0.8035961558214834  
0.09978720883849002  
0.27581356669381224  
0.8035961566487738  
0.4988088678747432  
0.32839187055859165  
0.2851096780293449  
0.8035961567856613  
0.45719171249910423  
0.8035961563582448  
0.8035961567152604  
0.4369384115258777  
0.33690092862607485  
0.39038481774126177  
0.3970620533198782  
0.14684080720411763  
0.803596154392483  
0.8035961562345979  
0.44628269041607727  
0.8035961566954357  
0.4748422671357094  
0.5374776401321391  
0.8035961567493821  
0.6337135714216303  
0.8035961562380824  
0.4356262438372151  
0.10509744261491645  
0.0746502498288451  
0.18201070028517355  
0.06756454091526216  
1.7846856605012854E-7  
0.23597811393670606  
0.4741759820926665  
0.3554074636553252  
0.35551173215454374  
0.07871769130191444  
0.46352725265829564  
0.03863132916397428  
0.050271559799890814  
0.3829001943856047  
0.8035961568043304  
0.8035961564051639  
0.38883428311545276  
0.787213090548668  
0.4601213725523315  
0.4800312082251919  
0.19057028705901038  
0.8035961567169276  
0.8035961558162528  
0.8035961566772835  
0.21922200438504896  
0.41028542010369895  
0.44675090110719334  
0.4242904740244728  
0.4158323443557406  
0.1458214601847448  
0.8035961563950254  
0.803596155910916  
0.8035961567556683  
0.8035961566223343  
0.8035961566505228  
0.8035961567100626  
0.7230344489858328  
0.8035961563321812  
0.803596116217311  
0.8035961567107915  
0.36558918462716844  
0.18388051394656613  
0.8035961567771966  
0.8035960895893778  
0.8035961489957492  
0.5235328671780416  
0.4258065345222144  
0.8065651855980778  
0.8035961567552603  
0.4934016177517841  
0.5952951740630292  
0.3933825561399942  
0.2978942269528598  
0.12084598097346536  
0.8065651855851428  
0.2509824480281002  
0.5883303752307977  
0.3711611230424515  
0.5679069076071399  
0.8035961562725532  
0.8035961561418546  
0.8035961560073849  
0.5645715894127706  
0.8035904882800619  
0.8035961564888267  
0.48634050090645503  
0.31646451857219154  
0.45059598055427846  
0.24627525993104474  
0.14168926733973247  
0.48232681662408444  
0.8035961553021738  
0.15774109434987355  
0.803596156349923  
0.8035961540852914  
0.4073389715294421  
0.8035961559523994  
0.80359615676023  
0.8035961565091172  
0.5719655168902844  
0.21901768424994128  
0.8035961565618897  
0.8035961567347861  
0.8035961567470083  
0.3772416371492773  
0.5773560816525867  
0.24090116578557766  
0.16826569360069316  
0.273501285647771  
0.22400433420768887  
0.8035961564894171  
0.8035961564584424  
0.8035961565694943  
0.6752174640333226  
0.8035961561776804  
0.8035961565455072  
0.803596156577385  
0.8035961541576983  
0.8035961565894021  
0.06467534543766387  
0.18786700513132956  
0.20730369137100518  
0.36742528658378953  
0.02288132965069843  
2.3435886576679148E-7  
0.5318216297551441  
0.37072947995755917  
0.4925757674550387  
0.17848794627778816  
0.16702603361675386  
0.4420595937461564  
0.2762958682423801  
0.3254710606918139  
0.4058964683644914  
0.39587933494890165  
0.19738678882830457  
0.8035961559153647  
0.8035961561492966  
0.8035961563873724  
0.8035961500677726  
0.07668861172640122  
0.8035961566310104  
0.8035961566301947  
0.5607759383999831  
0.8035961567117148  
0.6758326029154049  
0.3179829364479209  
0.6577600866153762  
0.03980471367847769  
0.341907929310058  
0.8035961562291618  
0.8035961544912773  
0.8035961059549328  
0.8035961566087461  
0.8035961552661044  
0.8035961567980412  
0.8035961567209254  
0.13151690994291387  
0.1819825911874726  
0.8035961567642178  
0.8035944496554841  
0.803596156703383  
0.8035961567986971  
0.8035926188737367  
0.8035961543069802  
0.12727668500652273  
0.8065651855945847  
0.8035961567795922  
0.39351047718671667  
0.5880739161888617  
0.6817302127258391  
0.5242183553373964  
0.8035961565139482  
0.8035961566029272  
0.007641385886912673  
0.8035961564257261  
0.7678477449109599  
0.13917510188892102  
0.8035961549980686  
0.8035961567458438  
0.803596155132639  
0.8035961562109836  
0.290849180541565  
0.8035961567218107  
0.8035961567606928  
