1.2132654545799326  0.878142007650581  0.7526272966571312  1.4125011102523786  0.8468622417210167  
2.3109814682266574E-7  0.0  0.0  0.0  0.0  
1.1842536463314564  0.9142221075160989  0.784284702025398  1.141037789871282  0.8234643726852731  
0.09221334052596711  8.1296136571987E-311  0.0  0.3055880733240838  0.0  
1.21735373616799E-7  8.831543860357611E-8  7.632573438046541E-8  1.403931734470206E-7  8.658725928463784E-8  
0.5232811453722191  0.34464100575277296  0.5092229952017062  0.26324588197475646  0.3230734750487378  
0.900299334031787  0.7207270512349329  0.5176925275462589  0.6554868164775668  0.733479784966911  
0.7403970843522242  0.5461254134938847  0.2992164321959444  0.518242600159923  0.6264322916943523  
0.8268221830984269  0.746801528659823  0.6801731714030543  0.563069304721987  0.49365435369842675  
0.668542086326597  0.6265588797961739  0.595508527226626  0.7422340597113295  0.8355955391446164  
0.8357577671520693  0.6731491734236678  0.6439652391040829  0.6898738312631234  0.6616072689366996  
0.9162220600734227  0.7441747807499193  0.7957203625391304  0.9985919929629617  0.8400601632336937  
1.0659412752989517  0.8109604706815328  0.630655394216559  0.8100919940094595  0.7585846431449712  
0.29729943481895266  0.17984212389443235  0.3940940261527672  0.2218184780781274  0.3662931906097574  
0.8416607932661648  0.7915332741823364  0.6883522702294327  0.691142285029583  0.4600923958442931  
0.7220054739528858  0.7290081395585956  0.4893371577556011  0.7285527164178441  0.6702457787223935  
0.9972380603572764  0.8184463253741474  0.6140175466199977  0.6045981512042929  0.6983342088638953  
0.985335883762613  0.6860151537464214  0.784648928558347  0.8287052643891173  0.9025292463035234  
0.5126749004447158  0.4003958692909228  0.383264961229659  0.36653358531909375  0.6002810107871306  
0.841729393425517  0.6234089092480475  0.6124370772496159  0.5934718827058236  0.7675786740897003  
1.1991917243256562  0.872472508284755  0.7534876088771183  1.4518044151590197  0.8456840081101894  
1.3092428298232132E-7  9.523254943481474E-8  0.0  1.5701397461923507E-7  9.16013263670994E-8  
1.2158819635462623  0.8727693594919035  0.7507392077712951  1.4476820802405563  0.844849179059349  
9.383689074751355E-7  0.0  1.191918664208909E-6  0.0  0.0  
0.0  1.1573250248841025E-7  1.2374254386473608E-7  0.0  1.1061555201869868E-7  
0.6272016848344049  0.44870991868530596  0.5618292420565962  0.4547745865109317  0.4149500534812505  
0.4747017993178371  0.36988187847550513  0.615411770085214  0.5173143128456914  0.7333709980448249  
1.02724595747361  0.7629651470482766  0.7511928917199479  0.7999733920038579  0.8253812132237615  
0.7816079593920418  0.6835711866178618  0.6197601862543278  0.679890169704961  0.6898037787081936  
0.37963158220147153  0.31329183401011196  0.2632027394954261  0.22830720578239488  0.14431040197249123  
0.8962588398425181  0.7644772921054249  0.5785180799978386  0.49823076116556436  0.6552872523590786  
0.6674399334108596  0.5170902813277606  0.5731064494255581  0.6748453915466238  0.7564957956903715  
0.3189347042676992  0.2466409613534171  0.1181906935122212  0.24142167413770746  0.1562001928701597  
0.9408386824088933  0.7120663107986428  0.7866388676940045  0.6512067086479065  0.7978807109913982  
1.1957694150682636  0.9772773593025355  0.34595609485905715  1.557805132354852  0.41890415493299316  
0.12727808751044686  0.0  0.20451610156086594  0.0  0.0  
0.0  0.0  3.5E-323  0.0  0.5063544054200279  
2.3183763197276302E-7  0.0  0.0  0.0  0.0  
0.0  0.0  1.474577863435977E-7  2.107965224752047E-7  0.0  
4.664080111511071E-6  0.0  0.0  6.5190378593773644E-142  0.0  
1.229883475401319  0.7151657287624642  0.7599355381517797  1.4938942877884858  0.7637087177167996  
0.0  0.10464376021813133  0.0  0.0  6.9E-323  
1.2396304863900396  0.76062863846176  0.5963138125471482  1.390783227239685  0.8335791019974635  
5.4E-323  0.09099121910429538  0.0  0.03731071039926482  0.09831719226199612  
0.0  1.3484513984040325E-5  1.2258110555301644E-6  0.0  0.0  
1.219019594488329  0.9037015648101322  0.7754538286636202  1.0400827012645204  0.8487700360948007  
0.035173718927020634  0.0  2.5E-323  0.40304003445627556  4.4E-323  
4.875622377805924E-4  0.0  0.0  1.774E-320  1.9807E-320  
9.874723219779164E-4  1.6828910728167772E-4  0.006148244195214016  0.0  2.07E-321  
0.38196135006369303  0.39074328270254927  0.31463969315827695  0.22521495707286665  0.1659175756092596  
0.9723116961181718  0.839485014369526  0.7113879223589701  0.7887767979523715  0.6011091493693391  
0.5920904854034529  0.5642582177192684  0.3581744547126453  0.5555962971466003  0.5161835723018044  
0.5256801007379616  0.46000082134430914  0.3183135959393392  0.49110696831046413  0.6531106008121514  
0.7458145273847167  0.5345564418612813  0.3409952376297915  0.35155580110844775  0.4041915370140107  
0.8765112316743601  0.6939406211579794  0.4476427467346382  0.38244479787159585  0.3722177344493757  
0.4869186954270674  0.41690919669398613  0.2745416662922678  0.3226976579517422  0.270076215299094  
0.8220312089426295  0.66185376803558  0.6867080796929478  0.5367781320041881  0.5257955092757263  
0.7195476249703354  0.5597911920612145  0.49490544385123303  0.5440801345374376  0.5460038113848025  
0.8817969618826608  0.7186859657187815  0.7220319614263084  0.4894963802821068  0.6725619522187936  
0.5384868002561893  0.43534145724350476  0.41614950096067516  0.5528107422531295  0.4280640298106003  
1.2077544856396278  0.8739242464920634  0.7382707403225999  1.4477802865061604  0.8476550757963582  
0.0  1.601586710007913E-7  3.135064394310627E-7  0.0  0.0  
1.0066876732689094  0.8720990928947798  0.7757287890628884  1.4840779451055712  0.8544679642992982  
0.0  4.0E-323  5.4E-323  0.2002410896473756  2.2E-322  
1.5629592958998253E-7  1.084645702767537E-7  9.495679602855929E-8  0.0  8.220686142523988E-8  
0.8717048188695012  0.7171168220119358  0.47742691257488634  0.6665636537033416  0.5315689325568387  
0.5678723987343642  0.4255473430347802  0.4364762630460264  0.40723924327408617  0.6437771328474895  
0.7514385047072165  0.5751540433972477  0.6056055369306361  0.3790463672079948  0.3758346404684328  
0.7240360204178607  0.707236076520415  0.7334893800665234  0.5972247763262318  0.43145236796139896  
0.6264383306798751  0.5739080629180979  0.6570844896957645  0.47892524451954294  0.3733978517430205  
0.7833498394061201  0.5889009746202789  0.33391105978276386  0.3956215055099856  0.49134056194227815  
0.7732353781372195  0.7175157674291018  0.8209480897468334  0.8919919695482643  0.8996809211728695  
0.9189370572764967  0.7965913667815347  0.7334958437206924  0.763571896699241  0.7626349983805907  
0.7264878266941937  0.6526818463706097  0.7427318725801848  0.7510250073336743  0.7427110220530277  
0.725364181815861  0.6200652907014235  0.5909460029845885  0.5691705305422212  0.6258515640735218  
0.8278288972315647  0.7240446179155904  0.36643544728011307  0.5706070889849584  0.28394697286174886  
0.6575448974349631  0.6824584721491133  0.4594545524967806  0.6051991541700694  0.44811692175826  
0.7885531168049883  0.6351426917232142  0.6039042236141394  0.6057713444534626  0.6513089703345645  
0.684329146971138  0.5918364155213713  0.7089185755396256  0.6234124207360401  0.812169811392189  
0.9162682327871271  0.6552851369869555  0.806899895919799  0.49717294640963894  0.8209079671796953  
1.1248604991439843  0.8473402822211619  0.7440550872526848  1.4450573147039498  0.8258281178242554  
0.0  0.0  2.5624785482320554E-48  0.0  3.259129752293439E-7  
1.186267970204227  0.8795934108026688  0.6989783581046154  1.4450709367918066  0.8464549698596908  
1.282088854786549E-81  1.2193667343510887E-10  0.3067566753621705  3.5E-323  0.0  
0.0  2.00823E-319  6.65371470034279E-5  1.6641E-319  1.3179044499528138E-241  
1.219804163846714  0.8447820777595071  0.7205656967188149  1.413187713445996  0.8576000162216542  
0.005185740761487249  1.3303318619826373E-62  3.6E-322  0.05415533393271692  0.0  
1.85E-321  1.734E-321  1.1873446851761513E-4  0.004554384592409012  0.0  
9.37E-321  1.7984E-320  6.644239660145475E-5  8.512930052401904E-4  0.0  
1.2037009970304322  0.037704352552881196  0.10190828137581265  1.550136950885155  0.9444030696150248  
6.0589000954681546E-49  0.0035046035995775944  0.4579788894632881  2.5E-323  1.1133353215414095E-168  
2.4029291822362047E-47  0.006205219850811226  0.7959251905740456  1.5E-323  1.6800556996269388E-181  
0.014224224892468136  0.004058912700074256  0.923370723207931  1.9796686674974917E-185  3.426461058466273E-134  
3.752894781921927E-21  5.761929303726535E-4  0.7088218137968337  2.2772765398186433E-15  0.02746482162314045  
0.838578689804206  0.6935779844230894  0.6733422688417652  0.6584542743643143  0.45951737258469993  
1.0382830321375787  0.8020467657947036  0.5940370084515292  0.7929116381196727  0.7799286882770059  
0.5225740836816111  0.5000248003265557  0.25354974141568615  0.5071243214276326  0.27637390713898  
0.704279667572172  0.626294562431068  0.6390077319274442  0.6502673923575777  0.5648574036390245  
0.6671426824185579  0.5845941756666657  0.6406850162070373  0.6292915210120846  0.8103066322098301  
0.5738383616102597  0.4391653709062853  0.6090370008783995  0.4653670478325778  0.6410461652952053  
1.1896910534895067  1.5E-323  0.6315206067231088  0.39087106764304597  0.7094735747544948  
0.06938765554877041  1.0781339528991305  0.08099939497719538  1.1871051307236913  6.880120595778406E-184  
1.3318828342559434  0.4353432088369887  0.5050303915968923  1.584266486340179E-284  0.3823398860736148  
4.9E-324  0.5573629176756433  0.21854292572087916  1.3392262906021608  0.19097926068401255  
4.3759564445221325E-8  2.361976885829651E-162  2.0E-323  0.3572553498593056  0.3103598191178736  
0.7684372474831515  0.6348171060054201  0.6471165684683318  0.7069483048709762  0.7754186243418362  
0.4551341397252808  0.40677282214359417  0.3719519227934796  0.5517997137779582  0.6534703395589776  
1.0609373973552838  0.8680406886281954  0.48140755401117147  0.6316996538203947  0.4731660702030019  
0.9217868203803213  0.7851958061184423  0.7654853712980091  0.7369985863956967  0.6424756802103843  
0.512334419637663  0.4517836704358185  0.3445729823199249  0.5942577379866192  0.6156771913252009  
0.8246971930338287  0.6431307240301455  0.38801673389294355  0.43306257097441453  0.534031992833052  
0.6328228188326885  0.5630386786722847  0.5540188303412745  0.6829633455047874  0.7333953878101285  
0.8500242850677683  0.7051603452144604  0.48291187803760716  0.693308496869061  0.6274617536825708  
0.2564995488621407  0.20612819672817065  0.13119955991413187  0.2594319982069133  0.3689886613921081  
0.5760981397948088  0.5820552079548977  0.6369290885057926  0.7221855203656866  0.6401319941483634  
1.036795306062561  0.7349102233890374  0.7679725462952682  0.9519943045177826  0.8772172723823889  
0.41541030768768633  0.4171512729859132  0.42407176735207325  0.5989774866236208  0.491301500946596  
0.6497035889607715  0.688453380606964  0.5783424129960304  0.6891429640977509  0.5834289489565102  
0.7090840827041884  0.6842528415257585  0.38765019556246083  0.6033541517808553  0.38782999304990584  
0.6686961492188163  0.5959563670425473  0.8003098069260669  0.5555164772144303  0.7399825080414174  
1.464615150563799  0.5251207980060052  0.2780425845922081  0.23255121769947112  0.525275668924491  
4.9E-324  0.5302565581560115  0.570353659158982  0.991228429416288  5.726E-320  
0.685910116836521  4.9E-324  1.0478387822954236  3.636400791407149E-240  0.8293364112449395  
0.4729369329109219  4.9E-324  4.9E-324  1.3498110974804738  0.0  
1.5E-323  1.0412019402687946  0.0  3.2376879531404897E-83  0.346753428072664  
0.4955270581685495  0.39124642985767133  0.5004093226832508  0.34148850030697336  0.41050520131760976  
0.7480743195763159  0.5622997897502251  0.5630654045260889  0.38880897641174544  0.3101816870971771  
0.9477643837516169  0.724165702603218  0.7772646598912557  0.62660454730251  0.825595332218974  
0.42451751982299724  0.3815312808819737  0.5234046686279297  0.41745158949165884  0.483519300102469  
0.39026511224796656  0.34572206576230863  0.16594307896859922  0.3572729162724717  0.31177654038073116  
0.8485431218645549  0.5623523469936181  0.7001274863442403  0.4648003540608991  0.6383532521904196  
0.9311151116233345  0.8176967361760323  0.7472113475450745  0.6587608413756741  0.518531357085061  
0.4904524446234694  0.40929776233229803  0.22953341219107887  0.538456340567388  0.6220824175081581  
0.7817988058800023  0.5933679614932487  0.6079417331687196  0.5167820304873552  0.745496181821704  
1.2862459408530647  0.1325372174232439  4.9E-324  1.2784141546566659  0.37059374635687437  
0.0  0.02079390054205246  0.7640016745742934  0.0  2.0E-323  
0.0  0.0  8.87752211194665E-58  4.9E-323  0.46205123740418497  
0.3895671077176039  0.0  0.0  0.0  0.0  
0.0  0.055540776546513425  0.0143509596923988  0.0  0.31830192875046515  
0.0  7.010401831862133E-4  1.906E-320  0.0  0.0  
1.511092385643394  0.0  0.14517943362051627  1.0E-323  2.0E-323  
4.201673644324402E-130  0.8919718139071775  0.7588215929367428  1.4403301066824965  0.9509131386704364  
1.2245826792809444  0.7336348270293169  0.3204809062193159  4.9E-324  0.8142032925741648  
1.5E-323  4.0E-323  0.35139709597948104  1.7039239145081617  7.4E-323  
0.16908412539335105  0.26165627559850535  0.061391522953809764  1.0037961572828098E-146  4.406410172655142E-34  
1.4623157498455326  1.8961833464732096E-119  0.6444261426069848  2.7094272141517373E-104  4.9175936220175965E-5  
4.289061771154233E-124  0.8402969358381883  5.600013330523718E-39  3.197318832861321E-110  1.0100182462205325  
1.4279229454985227E-99  1.3671413737739042E-210  0.007740727377741315  0.019174041897064505  0.06734844369986859  
2.248490510428101E-15  0.16363532347624501  0.017396048837035494  0.6279846078435914  5.9E-323  
0.8534488966634532  0.689783950936544  0.5653060067064711  0.5773585263426774  0.5746859813097964  
0.531351907854318  0.4877018711728931  0.6822439513409849  0.5322449546555875  0.5971222784722275  
0.6734877032540652  0.6313387811128128  0.8277260342642055  0.5386352005333769  0.4756119089652605  
0.7218143297696884  0.6170250856923934  0.5542416758294635  0.5539638410950072  0.43336053683199616  
0.8438017846532839  0.709060706885637  0.5221247590945489  0.35796127275240625  0.46400262107639473  
0.9005887103487036  0.6264946536462875  0.7092732004512236  0.4989328608321131  0.7032170225739833  
0.847172059549389  0.6230785224322514  0.7669304121612407  0.5994873553894923  0.8852857647200295  
0.4671540119138803  0.42665079867792066  0.4903481691814031  0.5425500806126037  0.4388489345422079  
0.5440193520903724  0.5509135677205645  0.5945447931108326  0.6268602308055986  0.548538719490812  
0.7157711537860071  0.6104085176175285  0.4763894571442055  0.45968192394341245  0.3740716237872861  
0.6006748409733393  0.5035654722416532  0.33903286383727266  0.5271434229845825  0.582554798761329  
0.8994935973067403  3.236787219422263E-27  0.662420877783166  0.14376391407852346  1.1504521585416447  
0.32841405761374315  0.9482601694009269  0.27066497999718026  1.08120049561827  4.9E-324  
1.2232360940730789  0.31360197725561434  0.30634128776543523  1.9879398344731075E-139  1.0188859115020146  
1.2221517424149863E-14  0.42248808718644565  1.6452734245631823E-136  1.4323979543190298E-228  2.0E-323  
0.5973016986752262  7.817997735519705E-239  1.63501715526007E-230  0.5564834327017354  0.3016974946332679  
0.8802377917336662  0.6902532534181788  0.521074802412244  0.3652026466361089  0.5133724945767842  
0.560087252641415  0.5048374286125104  0.4039971146893417  0.6232578427447393  0.5722979605940989  
0.9024025602646555  0.6045394243333949  0.7411911223543578  0.44924417537752  0.802882952272781  
0.8580987642898328  0.7685310899103097  0.47332425413043494  0.5474237377764773  0.26384234197019574  
0.7919361332444319  0.6068164073198946  0.41768274982036036  0.5736070729642805  0.5958585352153923  
0.5082987214723798  0.4847111878941008  0.4455364591560814  0.44278864678785473  0.42766273638413627  
0.582235173113176  0.608488234435179  0.5536216710384987  0.5972293738136777  0.5727966944330622  
0.5444764272097161  0.46938283048645146  0.2231721205193961  0.5292129538905582  0.35632356998603837  
1.0133447257497752  0.7345923998441777  0.7778378892129246  0.9526386240903305  0.8744436539834022  
0.9883659402534191  0.787525463366822  0.7517471037826695  0.7769754256488521  0.7238046705849835  
0.5936458158397043  0.4600833890555372  0.387981022694541  0.3150716291942868  0.39582375338936027  
0.9471625157629687  0.784886944329722  0.69392073127263  0.5911066775676076  0.754808847891767  
0.9195784100388978  0.7260506943824004  0.6247830610507211  0.6628109510422009  0.7928422151896645  
0.9879857544694031  0.8584771780542585  0.6342453747445053  0.7555922847625548  0.5036369705747343  
0.798156859050406  0.7842528540145898  0.5552677469370982  0.6837630202342107  0.5720190551596418  
0.36873731089714695  0.8368740022978284  4.9E-324  1.2611228163320367  1.0056776894911275  
0.8602788924585688  2.1979081962101804E-215  0.6450097883554358  0.1005089454460204  1.431034878774138E-238  
1.2741700405713283  0.49378229110325134  0.20097044220443333  0.44178437159108036  0.38120473401541394  
1.105839985872081E-17  0.5612034484057048  0.5574336088320555  0.48091275220616164  0.6555973775959113  
0.7989602018725629  0.758121300502756  0.6694498750567875  0.7683424137033154  0.6191784753621812  
0.8931786349650515  0.7491690065604605  3.1692271421709866E-193  0.8531775451759726  0.5015415307418816  
2.090397586434762E-15  0.29853722135474686  0.5075506484742311  0.05780823708764767  0.8933733353113612  
0.020877692970663907  0.5074807623152181  7.202153976366454E-74  0.05859512173122912  0.6629315228152511  
0.7102694280429929  0.65443022156647  0.40270473972727805  0.46424133676905854  0.2770042282029316  
0.7612557864303141  0.6643985458841966  0.6988082886572152  0.696952883400932  0.82240112660512  
3.3450621165355933E-19  0.7710762374814352  0.9331861505040949  0.8485152309348981  0.879471992205539  
0.6872724237625214  0.46162436554057257  0.6301689990869299  0.30787882305716135  0.4400586050752959  
3.3870631003850777E-19  0.799941844209089  0.9189274975970707  0.8069300355308376  0.7832024250054821  
0.6604077522570829  0.4802653891534376  0.3847798795621961  0.4326738494225633  0.47101986455168743  
0.3394229212168897  0.23529536626087394  0.483821197919569  0.37418534728990316  0.537978305372266  
0.7397578161581794  0.5300644715544082  0.4244784480182236  0.3836955512456715  0.43719391087656884  
0.38509441064124034  0.25853270633762565  0.24315567701939447  0.30320227793249827  0.5730504689591893  
0.9291479658343501  0.7755394433045909  0.5961144991745564  0.6799956154556214  0.5862979750638083  
0.8566676779874859  0.7052553663661002  0.8070540679964552  0.6159991376913457  0.7107852563837049  
0.6232293168948514  0.4758424384515236  0.6676641631895901  0.4455890252334819  0.781677088574555  
1.1043134810274968  0.7559684258725129  0.015838070963946644  0.30400917398243477  0.8755398538340271  
0.20319247292245657  1.6632994297285992E-137  0.7452268590119266  1.0292516772665894  0.036752576242052665  
1.2109046420849627  0.5050175781318306  0.3150499364806263  0.6000753018121646  0.27602079697866694  
1.0E-323  0.2560187271817557  0.2247568810942461  0.6586925005328433  9.402801804205084E-88  
0.14470347762238228  0.1923707189992022  0.0872484264313723  0.20527528582023194  0.10282447118869231  
0.5762862743620223  0.4851701494491192  0.6308609881859959  0.318348590383435  0.33313235350979586  
0.8547005887747944  0.7670654711136277  0.5842791245068512  0.49455017202831963  0.29920113607872406  
0.296776532212363  0.2543483207344739  0.13921479924653896  0.3752996355307635  0.4607391138830054  
0.4517514970966161  0.3998292166839451  0.208103319704976  0.5774090138058909  0.5599161864739225  
0.5414940948267186  0.4918176052516266  0.39647129125372904  0.47900887452104596  0.5076434656201015  
0.4401283921586433  0.3721781344393272  0.2949178580257263  0.38682740532270343  0.5150732000317017  
0.7431301782714366  0.5748780475846962  0.6672435953942749  0.5138430645450386  0.4427345973772986  
0.980893319630392  0.7663007468139765  0.749994487179035  0.8484220725936512  0.8375441713140148  
0.6893141002697976  0.5500545440083728  0.5024767136162408  0.44185892536112775  0.6696668239637725  
0.2947809467004281  0.3530005558858961  0.28980864177363774  0.3519622354526084  0.20017265432776166  
0.7945689041317838  0.5665397024565141  0.5604150198619989  0.4316876368065927  0.6074505656266334  
0.8454963127608379  0.6727099535551013  0.5994678678449671  0.4612390370041463  0.647272274724469  
0.8603695988832694  0.7241956475986521  0.5922182633409168  0.5652988756581996  0.41436080980679385  
0.714131680597149  0.6344020199190274  0.7472043726838902  0.5290609314992318  0.6536545226698998  
0.6561904361228797  0.40372151732969247  0.6073308336022507  0.38776730540224286  0.6201835893501615  
1.258280518966329  0.15867526780725358  0.8271564772406325  0.7865018656226124  0.956487228941885  
1.0E-323  0.9160871631631683  0.0  0.6558531529909309  2.0E-323  
0.5746288169493545  0.6492191337758045  0.016991225137734132  4.9E-324  1.0830391836589524  
0.07220106086244533  4.9E-324  0.3834050520038929  1.727354089077373  9.109908863597817E-122  
0.49109132741076467  0.051664087206066744  0.2360538689451643  0.10298391147728315  1.5E-323  
0.579902983449734  0.4881076409783866  0.23955234022660213  0.4458382581917994  0.28869611587985394  
0.9434906778282407  0.7527424362162839  0.6937404559612825  0.4291466704518674  0.4977451083562611  
0.7072389194271543  0.6217354678086227  0.667386666408992  0.3460602561790023  0.3498253301406517  
0.6453535293077225  0.5302152385807123  0.6295048175503841  0.535656342499751  0.7054136774103668  
0.8658598967569942  0.7781688304475866  0.5968368898235026  0.7216833821975572  0.5227080877378596  
0.5558976052550237  0.46886356161402754  0.5170239114379027  0.6175708855620915  0.6885689023911051  
0.9239081850371234  0.8286211999192161  0.6787098945579333  0.6249409542348882  0.4876042031211199  
0.23104780757812685  0.24058783662279698  0.1608451527692439  0.2984761631988686  0.25094021215499795  
0.5939643647054695  0.49873456143431355  0.7252292996948888  0.40979600516988324  0.5064094001865307  
0.5784879976573087  4.9E-324  0.0  0.0  0.9643037595007521  
4.8561083433173644E-142  1.326881816441095E-262  1.0655833015515406  3.752167222737335E-12  0.0  
0.17670633306233283  0.5725460284585359  1.0E-323  0.3895729109872562  1.0E-323  
0.8156564018283756  0.13210794958562921  0.40701848327819024  0.4375343988426945  0.74636540470471  
0.14981496522900148  6.9E-323  0.0  0.07065619931039768  0.0  
6.4E-323  0.8197007892989174  0.009150429226907595  0.0  8.183689549489685E-17  
1.0641988080959606  0.051087348279321175  0.6329580862791995  1.477068584308004  2.0940740894650223E-219  
2.8231867346397443E-47  0.7904361632692035  1.3251942018168315E-5  1.5E-323  1.006159092980349  
1.3841359752631732  0.9824523896205954  0.27959225611038624  8.7386770425529E-123  2.9068861527226484E-85  
3.453120910976861E-158  1.0E-323  0.5129105218368557  0.6353825894208912  0.0  
1.5E-323  2.4530411666649827E-20  1.5E-323  0.9248161960975302  1.0031026340008895  
1.0724281911112528  0.2685023764738704  0.14162757156078606  5.876567691386125E-215  0.5656380881575546  
4.2436441491052084E-20  0.3452032833095208  0.3006081455947708  0.3170678760917796  0.36369600424695775  
3.66975200942376E-24  0.642074017838112  0.7914612930805994  0.7830197565389979  0.6631767360428669  
0.07844836403220218  0.30376029062401716  0.4983942859403862  1.7421436032643027  1.5608811269717156E-4  
0.6215178088036033  0.386494384082305  0.4157869749209209  0.28615891711225816  0.465010725601248  
0.6398956486871036  0.45048320694304134  0.5658332951752779  0.48027340621627673  0.5843925519466546  
0.5546318377532714  0.3886164604759153  0.39366116501102233  0.37138120382761863  0.5928524557741113  
0.3326794936529992  0.38559078711883915  0.373257835429833  0.22880122584895005  0.13394466748200337  
0.9354621499797979  0.790047201073525  0.6801817240540105  0.6009239457320179  0.5334597436281482  
0.5656745437560242  0.47187917794563417  0.6089557170134914  0.3625201442051031  0.40457962148124454  
0.47642444336133805  0.41493172500795045  0.3750315860631807  0.2784042684445788  0.4261058642662416  
0.5423186688405708  0.4567662676480924  0.3244096571722101  0.40728208443121144  0.48333819507897036  
0.6306269572652174  0.3795074022940632  0.23711030370331856  0.1630109483275599  0.4570935183305948  
0.9267893741334376  0.7566872586223407  0.4763919507911116  0.6420500328843538  0.5202204425288977  
0.8181652371448243  0.7177147406822995  0.6051452723762655  0.4798416057038969  0.48687868957031427  
1.0910178752968247  0.5693744702226172  0.8966648075799193  0.5734135393580094  0.8566377906186186  
0.06990072706280535  0.230107006752558  1.0E-323  0.9442703140656309  4.2531365503112183E-29  
1.2596597862831413  0.7976695234519212  0.45930689244289635  0.6692570196423874  0.6812481827955231  
2.007613437326557E-11  0.7812016399309568  0.9154255191424249  0.5891634768152351  0.8224069530219896  
2.7289290938872118E-21  0.784095223761416  0.9302956370553845  0.8772497425011018  0.7763132102030191  
1.0484205149257524  0.7867740640581308  0.7511360722657301  0.9947588387083753  0.7847893517967219  
0.5221130264085888  0.5255872733527761  0.5070637285833096  0.4694490479128356  0.42608217273302496  
0.8153940884735291  0.6171098276756842  0.4329601328709686  0.45135168836114054  0.4111724230835808  
0.9354943340862533  0.8499496748314066  0.5199620483938344  0.6058735880691073  0.3043484366672384  
0.971799965531818  0.7669483312870307  0.5769493355198207  0.6643960122650713  0.6486865693451599  
0.6366849752290132  0.5578286835212078  0.4007417955060071  0.6057817442527771  0.42475483591408913  
0.6761434936998448  0.5390633496547194  0.6863044952426105  0.6142370393790954  0.7316211692475696  
0.707504082529492  0.6856433253790548  0.7438883929877459  0.8182827437536973  0.6571415985688521  
1.0550855127373504  0.745419197193493  0.7434650066043237  0.6876136749225049  0.8464146156744697  
0.9365678422958611  0.7852869880303781  0.7299118278478691  0.8410513170356627  0.7992848562659783  
0.8037314130086561  0.755586388741504  0.6412482878571538  0.737979879228012  0.7626473304999883  
0.5841295580051744  0.5398858781943292  0.29984583949916144  0.4773072237569502  0.28080500558366783  
0.6872148436086978  0.5255487537043743  0.4302283882989546  0.5024725883290782  0.634118031464891  
0.5403195862704645  0.49977167305155507  0.5463345134201021  0.5695378292191714  0.4393184057570987  
0.8735448958583408  0.7187038096720995  0.8003641564271784  0.7486166978290414  0.8399744603795579  
2.946957503442918E-20  0.8215204332253572  0.8477774429751217  0.7600176003263914  0.6789555433586727  
1.2725930875612117  0.43298919419449006  0.25992876905845175  0.45232806872958137  0.5979060965735461  
1.2614837078029426  0.5849879150723296  0.32969872776981324  0.6391567387937985  0.6062226620791661  
7.694704147400345E-17  0.4027265076697216  0.7131776769648392  0.48014026007951693  0.6814691327787294  
0.37972855608297396  0.2850315345571609  0.2462228966505632  0.18484849555837815  0.2148808517102082  
0.4968482351577445  0.45647861746936536  0.5282045878891951  0.4265033744040573  0.5549665466802586  
0.7056952592712169  0.5705621567223088  0.35630286003024103  0.4986778126219915  0.604991088151461  
0.8555875758768227  0.7676945015912494  0.7896319578652811  0.8406802301122139  0.7263894200717398  
0.5550468398531586  0.5051746054204733  0.39955927516267153  0.4786173431080677  0.4043675300669578  
0.6478733867230486  0.5788310939470117  0.5529879644295602  0.40946968740274226  0.3583440504432956  
0.7608145483391244  0.6469105329912916  0.46670772221593704  0.22883781220827878  0.15058864039391204  
0.5620832680720286  0.45678764507330333  0.5646419426279241  0.7098863868189252  0.7705571787129717  
0.9390967792731322  0.7505819710591528  0.7556577666125797  0.6507271488170846  0.8003690926372371  
0.5628080770672368  0.44453635902397665  0.2646138920607315  0.49051576138016156  0.5431899839539153  
0.7715037864229712  0.692038372754319  0.4303862089994138  0.6539453387136638  0.6092934693611355  
0.5708635795838227  0.46707327414734573  0.6557656945209259  0.43032421155247913  0.6255626551074771  
0.8759548165489277  0.814354641286576  0.672650119948938  0.7876124723535821  0.6887972742019647  
0.6718799221241463  0.5643478530270679  0.6885420868022151  0.5126276286614118  0.7795999131572651  
0.5912392761455475  0.5305374907477457  0.475140342002535  0.6376406568017479  0.4892663641649658  
0.38268940165517884  0.3813897486851944  0.4522115308718729  0.6308879224149413  0.5580792615008253  
