0.86509211348373  
0.014683473958275243  
0.8639895300492888  
0.028228285102908514  
8.907105074725735E-8  
0.8161578701454355  
0.8162849282519384  
0.8162798972887024  
0.4124502647640587  
0.8162688218037183  
0.8162856931020144  
0.8162817416499196  
0.8162854200888967  
0.8161575083995458  
0.8162768778779607  
0.816277658508675  
0.8162610376013175  
0.7431546034973334  
0.8162836914126994  
0.8162825083793014  
0.8769715518112158  
8.780841058825793E-8  
0.8867171540288178  
8.95702174441984E-8  
8.800773256798953E-8  
0.40736613418038387  
0.8157698231486021  
0.816255297449181  
0.8162794455009799  
0.8162844707523894  
0.81627024494478  
0.6718420596123996  
0.232654951267092  
0.8162548567580545  
0.7805601588466689  
0.05538386278392982  
0.055906019085757534  
8.983434277078707E-8  
9.132565774986979E-8  
8.955857408778825E-8  
0.8662529560868356  
0.008500291799017207  
0.8402670763193044  
0.050936042508808003  
8.873640442873713E-8  
0.8323101076330872  
0.07584519902533628  
1.4790779506083372E-7  
9.716258846630339E-8  
0.11098903003192367  
0.8162832506113153  
0.8162588110572621  
0.10943845423085802  
0.8162353929618481  
0.8162837639498922  
0.8162826032219485  
0.8135188226949717  
0.8162857861543146  
0.12760735569602225  
0.13832504481353938  
0.8576702715361215  
8.923289300321138E-8  
0.8149135685469417  
0.062237171174819285  
0.008975991966712851  
0.8162855855657927  
0.8162704541494792  
0.6671202075869911  
0.8162849460658314  
0.8162651532591128  
0.30155309092223676  
0.8162557760863804  
0.5857800065179577  
0.8162860221161361  
0.8162772234865009  
0.8162343306348995  
0.8162826051955785  
0.4888255285639976  
0.816284460162026  
0.624170392621654  
0.8766134852013195  
0.015839425542060977  
0.8433808697164976  
0.046881318205342734  
8.971482671842765E-8  
0.8850187842807449  
2.206972087696951E-7  
1.7897778653575422E-6  
6.258066303076194E-4  
0.842887479864345  
0.006191198792519394  
0.03649523865806639  
0.002150753338880764  
0.0012724815966305664  
0.8162798114831558  
0.8162667236839383  
0.44998431110187304  
0.8162805678888455  
0.8160561291012984  
0.8162744780262439  
0.4180173043355819  
0.4220650645649409  
0.3918374364661089  
0.40512104193369636  
0.07557780874289072  
0.8064077003824898  
0.816283520956941  
0.8162830350418184  
0.7681681626686874  
0.8155395950675922  
0.8162857490978697  
0.8162808665894475  
0.8157879577376338  
0.8162742849535295  
0.8162739999401667  
0.8162845519886879  
0.3159073436858061  
0.6683417424375244  
0.4193998091688292  
0.816284783938695  
0.534541898609607  
0.44806725029444133  
0.3979306629975632  
0.3118057231758508  
0.18148047923770305  
0.8162395291912599  
0.2887380966012668  
0.16103201856985722  
0.816284724531717  
0.8162716379457057  
0.8162624267620249  
0.21742964824486896  
0.4662155514806922  
0.8161354942409406  
0.4240944212310043  
0.09230930412688677  
0.09727446182389694  
0.16270451149821505  
0.11307832273805843  
8.849534999826902E-8  
0.18648325859957796  
0.6818832938895613  
0.2595558786742107  
0.39264273998079074  
0.10221354022763761  
0.35467948534623306  
0.3431640776049188  
0.015079942615433998  
0.47778201241111157  
0.8162847600364987  
0.8162852262911313  
0.16688223919588008  
0.8162858168002315  
0.7961647725977866  
0.7981453370450559  
0.5976887676800967  
0.4861712593134834  
0.8162525093014709  
0.24284541267421825  
0.8162748067882161  
0.5598356467208842  
0.33427598348491794  
0.46090985614297  
0.1500743224556149  
0.19332449140506222  
0.8162462021142747  
0.5867610937838945  
0.816286069269455  
0.8162849273089573  
0.8162633577401532  
0.8162842600398176  
0.44556619555091104  
0.8162844917023104  
0.8160939458243393  
0.816280292070182  
0.8161771122699328  
0.8162723025879162  
0.6603011180368396  
0.4734308702101174  
0.4011079194198316  
0.7100731080998981  
0.006056299177890122  
0.8162856045445753  
0.4477445222376266  
0.8162734008369456  
0.2187412512516751  
0.7666750429414474  
0.2787392578522294  
0.047983734719289746  
0.048130062123949935  
0.8133531003689146  
0.2596428572450506  
0.49561175428741583  
0.6989757678148267  
0.8162839650485355  
0.8162848548975065  
0.816277965007003  
0.8162835914986902  
0.8162714352566822  
0.8162657065244311  
0.5612856719296392  
0.3377827543064434  
0.4189433999266865  
0.26933935531846964  
0.20154755972952984  
0.6243992411451345  
0.8162832583821169  
0.8162810881845929  
0.23788626224435322  
0.8158908330078645  
0.8162856075081377  
0.8156548310522092  
0.8162849764575006  
0.8162760580393391  
0.3152409844322267  
0.8160709541681685  
0.8162028134603554  
0.8162699009483938  
0.8162848127634534  
0.2201059899185993  
0.6262421444303443  
0.2522035649377763  
0.342649780212507  
0.19099350824411165  
0.3867158211804206  
0.8157453408086852  
0.3336705771812288  
0.8162833097269933  
0.816241570545194  
0.17602260384968904  
0.816285684787045  
0.816285151153928  
0.8162835113652408  
0.816281553109377  
0.10011886859502182  
0.16789956700885494  
0.22118181311163457  
0.3901954385004046  
0.040394889763310425  
0.06299264858582379  
0.4600371024386096  
0.4245859492278008  
0.2587700036095925  
0.15191023605493953  
0.4285220985309381  
0.8162837803726757  
0.8162858512325968  
0.5073610675176855  
0.8162672836495145  
0.816276200201188  
0.8162850867154108  
0.8162855597069135  
0.8162773348236686  
0.24804699939073638  
0.81628262021188  
0.8162832091908343  
0.2311865093415255  
0.2477178676376972  
0.8162832243831157  
0.8162561914353209  
0.6846940867723924  
0.46807760662088316  
0.5443845980348542  
0.8161987661700684  
0.8162846461650426  
0.09126708883748477  
0.8162658161101143  
0.8162858575798789  
0.8162834134372638  
0.816280224457289  
0.8162371180076358  
0.8162850053918944  
0.8162712675904337  
0.8162856590036618  
0.8162622737974885  
0.8162835684507896  
0.8162833708094434  
0.8162812171791697  
0.8162833520143202  
0.8162759028526825  
0.7357954004567  
0.8131603085787981  
0.8162712812596468  
0.8162688079294257  
0.27315096028884195  
0.6362795718184674  
0.5007314955084499  
0.2744860784835711  
0.8162849678265117  
0.2651461819535805  
0.8162766397504081  
0.15284807378220955  
0.81626794133824  
0.6055038022291408  
0.8162846869619871  
0.025501244718205363  
0.8162833497345179  
0.8162711931759052  
0.022993651216534974  
0.8162855629843723  
