0.9433344592505728  
9.548812032892003E-8  
0.9408532001636822  
9.56231078699822E-8  
9.658920880144682E-8  
0.8668612115685597  
0.06382216540439789  
0.8667169892998839  
0.866553662331682  
0.8659240192000618  
0.6032008204532863  
0.8666578252265954  
0.5335592323885966  
0.8668114872159952  
0.866143545782064  
0.8666907084563407  
0.8666867846650541  
0.5738670032021603  
0.8666330973047963  
0.8667624662418355  
0.9297561690312173  
9.517284163139654E-8  
0.9607157291338004  
9.660851731736309E-8  
9.645684805065318E-8  
0.2774384549042484  
0.29177821916764873  
0.8184851222553321  
0.6600431375434866  
0.40975920733155713  
0.4528314893877824  
0.866296063744883  
0.04452059175234082  
0.8659720677783969  
0.8284727332968618  
0.05087661620678626  
0.08803929952810258  
9.628627984921294E-8  
9.584167428096637E-8  
9.507423476797872E-8  
0.9246746358176517  
0.02524036592668378  
0.8714016556130342  
0.05984627571974749  
9.633267488414023E-8  
0.9019071991952526  
0.06441661300882319  
9.595975568802899E-8  
9.799308959466417E-8  
0.866440823696678  
0.17732097705723324  
0.8656453496200894  
0.5491528046614743  
0.03207079184141978  
0.8658953597006578  
0.5672723533752672  
0.06753292329375744  
0.8655407957333312  
0.8625623542012545  
0.8629848786851343  
0.9510450097620693  
9.603391176723583E-8  
0.8860012717990936  
0.03588347933914989  
9.50687213921119E-8  
0.8666110959089764  
0.460171285741794  
0.7548051248173908  
0.3480538301490104  
0.5860409560237134  
0.6859428001106875  
0.4806244543327724  
0.8667570614294088  
0.31679953957304474  
0.8668301238274562  
0.02021543930041417  
0.7682012581214458  
0.7562899350655641  
0.8667948086093988  
0.622348964125324  
0.9094752661414378  
0.02956464196665356  
0.9308165460414379  
0.03387105237633973  
9.654928770103923E-8  
0.9459932379607386  
9.731542550693388E-8  
9.731542550693388E-8  
9.819542049756108E-8  
0.938792548812531  
9.473413496565744E-8  
9.619141736980512E-8  
9.638820802650398E-8  
9.681725481523526E-8  
0.02163242445242053  
0.8661906645188522  
0.8162561719074062  
0.3593889867389427  
0.7242722095566294  
0.4494902871353709  
0.4286174851018063  
0.5365280897467541  
0.4319196395016279  
0.32162969556946847  
0.17621040250585518  
0.8666290725928626  
0.16454652130018887  
0.6866139772072811  
0.8665248327690558  
0.2942549865455099  
0.8660715916660114  
0.8668585048456011  
0.8666482485005229  
0.8666053649383872  
0.8656391654549747  
0.8645683423557635  
0.8668271046168602  
0.8640061513318036  
0.5116188444621227  
0.6290821072542364  
0.5871876503414728  
0.38999884305182  
0.5067898755692173  
0.30079933194554115  
0.22481627925451075  
0.8627443967909688  
0.10981213212254265  
0.8648724195687431  
0.1446821810135835  
0.680113452769212  
0.8664058461794744  
0.866835148090011  
0.8647927901245637  
0.05792947764395829  
0.39617105317097884  
0.1130264822090115  
0.10020861957477338  
0.19662636955080856  
0.10765896794819362  
9.714056802425197E-8  
0.31431046669440665  
0.6590356821926036  
0.395337055922045  
0.44408762722405526  
0.10711694959379242  
0.48872564390539597  
9.559568700679588E-7  
9.966915432663382E-8  
0.3357218686570943  
0.8506325502379515  
0.0574906615283679  
0.8666681335153013  
0.8668504257632088  
0.7936676232738233  
0.8499156573934631  
0.8659222083019391  
0.8321257376998776  
0.033859537811840264  
0.08537627894793536  
0.8525994308059891  
0.3345731811968257  
0.578183905459511  
0.6909781596428815  
0.48508980733475665  
9.84422793137014E-8  
0.8665427421088464  
0.6725273906651088  
0.8653467410825869  
0.6465606285071417  
0.8668321620332036  
0.28786947991837875  
0.866269623468441  
0.7908632219382774  
0.866699867750019  
0.38760187087085585  
0.8663962012162416  
0.8665792577319434  
0.35199168734220443  
0.8666680035983733  
0.8666302942174717  
0.8288118305125564  
0.08266634973774187  
0.9145908923219817  
6.955490768994362E-4  
0.0011107788328682028  
0.0025211455539216766  
0.9202269370975442  
6.985343971214479E-4  
0.0024753257214486495  
0.9145908923926306  
0.001228836033104298  
4.6571063774115685E-4  
0.0012153675747231312  
8.875011039229693E-4  
0.729654973798701  
0.6903498043263526  
0.866798168382336  
0.6259359568453706  
0.86668687420864  
0.8662586446006104  
0.5688158367994911  
0.3705046670976234  
0.4669753806194615  
0.34313808596850837  
0.20248147257668908  
4.057835929998331E-4  
0.8659240240700085  
0.15454275194430048  
0.039620268131426856  
0.8631827378643319  
0.8668588865241759  
0.8659282689748673  
0.8656896760656394  
0.8668622351566388  
0.017000724159107753  
0.866802027561773  
0.8578895353008577  
0.8657304698768875  
0.8662809193693459  
0.8665755304197456  
0.7047938130789644  
0.30610914522222665  
0.6209500516962688  
0.12502615841043282  
0.19948084064421615  
0.7569854101902254  
0.29303506447800265  
0.8665957438716783  
0.3810028955410791  
0.8660050951554835  
0.8664961260689692  
0.07673501597067113  
0.8668717132282531  
0.8667344234917552  
0.06427633984234353  
0.17516686324494224  
0.2786515949050074  
0.3131947236599378  
0.037068080453141104  
0.12707135601825228  
0.5938394917538602  
0.36652795941760097  
0.5277131202680094  
0.08768229336749526  
0.20874467937316227  
0.9145908922884305  
0.0011538096123922261  
7.466397833974406E-4  
0.0012379855711125958  
0.18718260834415362  
0.8665252653867852  
0.8668413357191757  
0.8667105217388608  
0.8666552593527873  
0.24960063324966575  
0.8668098967696805  
0.8659280253655358  
0.3453121275895572  
0.8667861123429373  
0.4195374643695492  
0.6927580142788717  
0.05041872986763023  
0.5384932333254555  
9.747423353126585E-4  
0.2747379143272999  
0.06376029789873819  
0.17155831231582439  
0.03297600076442939  
0.8658754530999864  
0.42211833812396693  
0.1492503622529422  
0.8666325712011791  
0.058167088715452495  
0.8668180809335929  
0.8659023123862517  
0.8664473456696762  
0.6603583037619492  
0.8603121921641148  
0.8665858435361815  
0.36462134531940527  
2.659617247930918E-4  
0.9145908923926306  
0.9145908923926306  
0.0012283926342683284  
0.0011831796233637685  
0.1856375605683909  
0.18797626446701973  
0.6765097749485349  
0.8646085594074259  
0.8653045138785481  
0.12011885830769792  
0.8665335272485553  
0.8665100495113207  
0.7922834753927768  
0.6168218413440253  
0.8425870923867904  
0.10600185097529854  
0.8663448531751887  
0.8668107768102541  
0.7382289837442804  
