0.8722301906046165  0.9897976585146656  
8.729773387090896E-8  1.0213003931586122E-7  
0.7983126190455184  0.9616768124723646  
0.0625467139093084  0.0630441824985866  
8.596136873235724E-8  1.0280335442592259E-7  
0.6694357354709587  0.9712689650438209  
0.23827262533098648  0.9512018152172611  
0.6775158625094465  0.9715401444736361  
0.17984201005736822  0.9481265722287627  
0.3390837403556159  0.956365281676146  
0.17886843023393922  0.9480747383588664  
0.23064728124331751  0.25834469739259996  
0.03399809213261888  0.3524980788190557  
0.07741336445088443  0.9425815653127555  
0.3494795366561866  0.8180934267909448  
0.06874070377523478  0.4441904654460386  
0.5440855192805706  0.9662090024719674  
0.5661694326544008  0.49752335770527634  
0.2675874999977563  0.9527224309508567  
0.2681213158404125  0.9527499360439678  
0.863411739049173  1.0013252681974434  
1.472843210854261E-7  0.0  
0.8726973824220225  1.0093254924213286  
8.835256971416639E-8  1.0204190622026405E-7  
8.756713002048177E-8  1.0130697254357339E-7  
0.3031347733535259  0.4246521540188049  
0.060246867652127965  0.26804379490631614  
0.5025227241092985  0.9643128173587641  
0.5700841086468399  0.7102388713317214  
0.09739178241584044  0.6139351286685326  
0.3969716685732585  0.4960735300132232  
0.5086670212033857  0.9645968808571425  
0.4533420514910811  0.9401184056725962  
0.08142223351664545  0.9428034758096601  
0.8604362869885526  1.0071539986037439  
0.0  1.4267784728825304E-7  
0.0026732054512198606  0.12263379285124558  
8.697865986704781E-8  1.008236061505046E-7  
8.711928839705687E-8  1.0157094625555313E-7  
1.2332022604766693E-7  0.0  
0.8478798573145916  0.9675754241099424  
0.03350690674474222  0.03303599388039494  
0.7416919152246872  0.9790805311118477  
0.06536709860653646  0.025487783988365084  
0.0  1.3098652179343174E-7  
0.6387399866752803  1.0556975535319346  
0.23106814860735758  1.0E-323  
8.730525348782513E-8  1.0411611212865021E-7  
8.629961322402886E-8  1.0243286375513705E-7  
0.620633295961788  0.969462877776014  
0.6928694554054555  0.8040019892400558  
0.5683960663688753  0.9672837080262073  
0.4765220989256133  0.9630959968190375  
0.5819987108269368  0.9375309003783022  
0.48068588640794613  0.9632921915394449  
0.25918788535234566  0.9522882203445977  
0.174431037699509  0.9478384744250128  
0.6098608304596034  0.7299100658861083  
0.15806829916142914  0.1539156698630155  
0.5807094416950833  0.9678158294131098  
0.8726973824220225  1.0093254924213286  
0.0  1.3391416371237583E-7  
0.7724331575727919  1.0397649784929994  
0.08486462695622272  0.04182902768362211  
8.839213421351109E-8  1.0114436811593564E-7  
0.12636067569748435  0.9452583319815866  
0.009015604102682616  0.18694766340222277  
0.07996431525618658  0.838882712662623  
0.5856140359011485  0.9680245251506006  
0.3309834041632636  0.8789259377311721  
0.6529059375480349  0.9706873018318213  
0.03678510224710646  0.8061453106038149  
0.3513134036863433  0.4523467121687806  
0.6775491162507356  0.9715412467066106  
0.30214634364343146  0.9544948297799796  
0.014856580508338815  0.05008678921484802  
0.7010409111896806  0.7314247397363983  
0.06813324718025882  0.5789776743143795  
0.6224829113497973  0.9695362391653699  
0.2775042492229725  0.9532333803701133  
0.8579876548683961  0.990730338561282  
0.005219983753524043  0.0  
0.8624220292474744  1.007376296013082  
0.0  1.3271532372280264E-7  
8.687894507225984E-8  1.0245014351185825E-7  
0.827228987573721  1.011740826964334  
4.0557587107515714E-7  4.68883E-318  
8.65463473011318E-8  9.9159076767392E-8  
8.591711402401192E-8  1.0175740137712702E-7  
0.8659413560214845  0.9908469107489722  
8.746191052334153E-8  9.828064642967986E-8  
8.65717679091172E-8  1.0954490289455877E-7  
8.805174947402708E-8  1.0127448707738444E-7  
8.80517494740083E-8  1.0127448707748394E-7  
0.29166476902283245  0.9539596636446549  
0.6428474859068535  0.9703175822988379  
0.6158119487413257  0.6273131153580385  
0.07304233672958606  0.4530453613702416  
0.6765141269958486  0.841183391025137  
0.40598327318489213  0.9596930710247549  
0.11993510553573959  0.849794079087877  
0.7069773324885887  0.18684267574812669  
1.0E-323  0.8950270088653638  
0.5809865589949286  0.1487106966938234  
0.14418890385765298  0.11513177883860588  
0.7475034905731615  0.7609837622078496  
0.6725848454240935  0.9713755501684056  
0.6720133694788738  0.9713562520574165  
0.15242247624952562  0.1596228940672707  
0.6430182543218356  0.970323972442598  
0.509062919438697  0.9646151082688398  
0.13562099962802232  0.4565948164140983  
0.67549042075233  0.9714730088879808  
0.49291429342959814  0.9638656692077586  
0.647541845764452  0.9704915684357962  
0.4014643645051124  0.9594706635807843  
0.654163195173395  0.9707328076020505  
0.04358584543891777  0.27581403349660144  
0.6756693051076041  0.9714789382163884  
0.3263456324095268  0.955723311738719  
0.156174653977436  0.9994970378438164  
0.6403723500964213  0.016331778753017195  
0.2135142352753986  0.6169234389763011  
0.5542621476386356  0.19455967233208935  
0.19716135855665165  0.19925412300268236  
0.7241689392049871  0.8555188792639005  
0.3966446760692324  0.7254781862742335  
0.23021832889912067  0.2839833130380055  
0.6569268159029331  0.9708318548296901  
0.2853840462397962  0.3729842728585681  
0.42882231380744373  0.44006618588656743  
0.28187162132275695  0.3109663706591217  
0.5165520077984156  0.6935671665831458  
0.29379184776804335  0.9540686575587227  
0.7618250008162096  0.2100430213951354  
3.0E-323  0.2078961858973251  
0.22517307248320853  0.17265005210332135  
0.036485339704046  0.2726510848177319  
8.719249148111629E-8  1.0125087496343162E-7  
0.0  1.2981882225876583E-7  
0.0  0.5938585403908059  
1.0439054840966127  0.3060440266319496  
0.12396732069230536  1.0164986453734408  
0.7581709033995088  4.9E-324  
0.06222553038513485  0.08160899840790622  
4.4E-323  1.0128550957758418  
0.8923487228971225  2.0E-323  
9.045062711671132E-8  1.0768727312522129E-7  
9.04479685050726E-8  1.076819956291919E-7  
0.6191078390546179  0.9694023734604302  
0.3952872334436905  0.9591666402701737  
0.45002990821241795  0.9618337898378408  
0.33217373893707863  0.7305592686590545  
0.299106001324985  0.6248184173868324  
0.5225816873843724  0.9652353563023014  
0.6663258758558563  0.9711620325586455  
0.10796877361950945  0.9433593114265438  
0.5269497330143251  0.6396361138060589  
0.18372940025191464  0.5710078082496203  
0.7143338234708635  0.9232730061111176  
0.41257066408244647  0.7520811780182796  
0.6911447233854652  0.07958407945481005  
0.8489402555112285  0.9757637445732366  
3.688948520037503E-114  1.0345169498307505  
0.0011584388478016194  3.286E-321  
0.1787684588060737  0.895979181419865  
0.4359467751989177  0.9611549292731688  
0.7436102810604354  0.7999468942153363  
0.20359635374178411  0.7630851238038439  
0.5458204216331513  0.9662863939027954  
0.639084985716026  0.9701766116104918  
0.38178310508270846  0.4342878447811681  
0.03691327243762279  0.6597857618667601  
0.4178169289049738  0.6628095450111336  
0.5636742151434462  0.7919921860380279  
0.6020703766409663  0.9687130680967457  
0.5361734439756234  0.9658525370882711  
0.14013399138750363  0.37504107247089247  
0.22905798652672826  0.37603856233760863  
0.6611963717531123  0.9709832708031889  
0.8477092127222597  0.9766462455016028  
8.740362463685339E-8  9.758875924153072E-8  
0.4794016075392167  0.963231774964632  
0.6224006850578379  0.9695329778209051  
0.13779586050664644  0.9458760119861007  
3.0E-323  0.5932280580745498  
0.9096539030576493  0.4582629285964038  
0.4232541185298555  1.0E-323  
0.42137051093849526  1.0E-323  
0.7370944852813764  0.8240745564823178  
6.933891866161978E-5  0.8682538571420827  
0.36263515155002646  0.5104706775945771  
0.20328528107680294  0.34097513821968023  
0.6512105463889868  0.8306483913523435  
0.6593741439453562  0.9709189738728523  
0.3028727059650301  0.5785213342033133  
0.296079255959752  0.954185638885208  
0.6510977674990015  0.9706218560456846  
0.6801221644604006  0.9358003140437352  
0.6495002073478662  0.9705636075171268  
0.2919971108945629  0.9099197175052732  
0.48502675583389765  2.3878766592947524E-167  
0.23730212778872412  0.8007761865273741  
0.45080945738669964  0.1279387227862534  
0.21840670586523342  0.12647676196380886  
0.6056793163124463  0.9688611026405177  
0.14547387391166902  0.5986738820354726  
0.5697132052446877  0.9673410612222136  
0.41521879795908784  0.9392791376496297  
0.613061768064659  0.5146453394690325  
0.6459296653957837  0.9704322638880961  
0.6828812224042508  0.9717154964507593  
0.14772589024037383  0.6724046208677935  
0.43392741585574296  0.961057215948977  
0.622591995560628  0.969540565776304  
0.5996958034081133  0.9686148941890068  
0.6771807717089939  0.9715290375083314  
0.011438187790676848  0.9387546220939134  
0.3837730813812588  0.8454194491303734  
0.4971209220724962  0.6855137160126912  
0.2048861523224349  1.0159672293468853  
0.5580957029629801  4.9E-324  
0.897655069270083  0.6733974766073271  
4.9E-324  0.3737900032693456  
2.9356841635320784E-7  6.477803E-318  
0.41235255498696916  0.9600055804140417  
0.6663824165413729  0.971163976710378  
0.5866971655741797  0.9680705046056285  
0.11007935518944764  0.944374213976468  
0.6313071909554971  0.9698797636952817  
0.6452590959208001  0.9704075967382089  
0.40707141417501624  0.9597466258641469  
0.06285595390238705  0.4701243245299124  
0.4453931861223104  0.6249358074410403  
1.7745948575489424E-53  0.3206038994369004  
1.0E-323  0.18630557428573455  
0.4958803810079486  4.9E-324  
0.4671428360490895  0.5834364443380947  
8.689919405850732E-8  1.0237651188334254E-7  
8.55051940461672E-8  9.96755439047689E-8  
0.623594802398725  0.48367965475436026  
4.390579269595876E-12  0.5020040874376857  
3.5E-323  0.9844599420173462  
0.48155562760167847  1.0E-323  
0.8447290961628202  2.8713882899750136E-171  
6.567053937659399E-7  0.06235763264295289  
0.36425101158317924  0.0016832128394023119  
0.498412106574539  0.002303132398821736  
0.020578626401459667  0.9393423642518793  
0.017846304263214964  0.9391736498500182  
0.4646736203830746  0.9625340158008528  
0.668154706609444  0.9712249168947787  
0.5126474841893407  0.6732182804276067  
0.4548167733750063  0.9620634613067457  
0.02796518222249004  0.8599582186308398  
0.4497375796852171  0.626002172909998  
0.6322296254827923  0.9699153009984082  
0.24254238426917601  0.24446472888324444  
0.5886516236057515  0.9681534723720996  
0.5026194178582056  0.694306086628155  
0.2558712953951018  1.0406653875688918  
0.6266234970566773  1.0E-323  
0.26920930430508094  0.7898257816587496  
0.6447879959317229  0.9703901086254044  
0.04454006873590371  0.757473648190595  
0.06810732514777126  0.49000712822432085  
0.09739997578132001  0.07954893374446699  
0.23906900223736138  0.34840432150929174  
0.6261559786046907  0.9696799493425449  
0.2517284694879216  0.9519017748108604  
0.5574028606777023  0.9668013716644328  
0.09658191726164535  0.601145372493729  
0.11617485482462221  0.4046217704157286  
0.4126929681505467  0.9429615630255336  
0.21965478006116432  0.818021526360093  
0.4386060317872122  0.7082601098172926  
0.2659110998411579  0.7625025715678686  
0.699683572224764  0.6532098125978609  
1.5763822021292699E-7  0.1308471103220238  
0.07535572017949796  0.9424675831684325  
0.4486506545512289  0.7436493448537163  
0.40255296961617937  0.3506905103974262  
0.21170277959085249  0.9498107752010457  
0.2220537003162295  0.36997200312085754  
0.4645811487069685  0.9625296079011544  
0.5446023901623299  0.9662320593270165  
0.4508777565375077  0.7767759276259474  
0.6123472445884098  0.5583898245209931  
0.07773780083322397  0.7436340277726186  
0.6314636328070569  0.9698857907054762  
0.5090340969072851  0.9646137812618506  
0.31771925263455636  0.43205482421556374  
0.42648970388814  0.7014256957726613  
0.01056018376502054  0.16264875658277153  
0.6010257859887659  0.8065534750894792  
0.0361040072246282  0.6876534450889504  
0.02673872523209223  0.5610546583159935  
5.8618329075410876E-5  0.4665610075054087  
0.5582283484331049  0.966837760393095  
0.6299762764857347  0.9698284894534827  
