0.8051146868228557  
0.0157435446273304  
0.7628135681052937  
0.021241846702381776  
8.037931845214982E-8  
0.803464204855583  
0.803464204855583  
0.803464204855583  
0.803464204855583  
0.737544953653708  
0.803464204855583  
0.803464204855583  
0.803464204855583  
0.803464204855583  
0.803464204855583  
0.803464204855583  
0.803464204855583  
0.6456126131964304  
0.3700401910411368  
0.8034642048555811  
0.803464204855583  
0.02224828215356375  
0.8059919252330164  
8.073511770525966E-8  
8.087006113604247E-8  
0.803464204855583  
0.803464204855583  
0.803464204855583  
0.7580529340051019  
0.803464204855583  
0.803464204855583  
0.06697613753993262  
0.11694308434439891  
0.803464204855583  
0.7056826590921805  
0.0472910665142823  
0.08946676409799881  
8.056893592589677E-8  
8.065100248187281E-8  
8.067869809451168E-8  
0.7995285221356416  
0.011791553202340373  
0.7210059502539898  
0.06370788847916559  
8.04974872968237E-8  
0.7428982666383043  
8.093553171237833E-8  
8.120902512651477E-8  
8.160310991107265E-8  
0.803464204855583  
0.803464204855583  
0.803464204855583  
0.803464204855583  
0.803464204855583  
0.803464204855583  
0.3676144769002182  
0.803464204855583  
0.803464204855583  
0.803464204855583  
0.803464204855583  
0.7860956439626191  
0.023485133102826763  
0.7313430565906552  
0.06411429860291189  
0.008878524494562808  
0.803464204855583  
0.803464204855583  
0.803464204855583  
0.803464204855583  
0.6616244273080252  
0.803464204855583  
0.803464204855583  
0.803464204855583  
0.803464204855583  
0.803464204855583  
0.803464204855583  
0.803464204855583  
0.1617577787675385  
0.803464204855583  
0.803464204855583  
0.7650556574287639  
0.0435863913161478  
0.7695591295253116  
0.031719633471021344  
8.068011093894836E-8  
0.803593886986496  
8.132415623807791E-8  
8.127724249095603E-8  
8.095970351764488E-8  
0.8051146868228557  
8.212500847909597E-8  
3.351362524013686E-6  
2.5736245193261374E-7  
3.7010646329534356E-7  
0.3892705724440585  
0.803464204855583  
0.8034642048555828  
0.803464204855583  
0.803464204855583  
0.803464204855583  
0.39488832986225214  
0.41127234419654074  
0.29569683694225735  
0.4053820563446452  
0.11914137113734083  
0.0960522996851339  
0.803464204855583  
0.043143752996187626  
0.803464204855583  
0.803464204855583  
0.803464204855583  
0.803464204855583  
0.803464204855583  
0.803464204855583  
0.803464204855583  
0.14467166599972903  
0.803464204855583  
0.803464204855583  
0.22482247932097646  
0.7147399963152331  
0.4156614414213632  
0.36840833148620733  
0.3222374326584036  
0.24383642718045342  
0.22495387468326403  
0.803464204855583  
0.803464204855583  
0.803464204855583  
0.803464204855583  
0.803464204855583  
0.803464204855583  
0.803464204855583  
0.803464204855583  
0.803464204855583  
0.31471366645602183  
0.053879590818358865  
0.04495904327751027  
0.25336046395209505  
0.1082327503522911  
8.078274576605431E-8  
0.25029454195046186  
0.3184711420442376  
0.3721267091280046  
0.2944509881364054  
0.09541763298573293  
0.41386600872826945  
0.3298944743662644  
4.670301921666654E-7  
0.3089773352273074  
0.803464204855583  
0.803464204855583  
0.803464204855583  
0.803464204855583  
0.8034640902101758  
0.803464204855583  
0.6887846935432125  
0.803464204855583  
0.8034642048555766  
0.803464204855583  
0.803464204855583  
0.32803401899972806  
0.35671095529555696  
0.32887237101235434  
0.5575230415383071  
0.13951717081061657  
0.803464204855583  
0.5258409570290287  
0.026906166538392017  
0.803464204855583  
0.803464204855583  
0.803464204855583  
0.803464204855583  
0.803464204855583  
0.07282364031278607  
0.803464204855583  
0.803464204855583  
0.5605478679284103  
0.803464204855583  
0.803464204855583  
0.803464204855583  
0.4614726654652826  
0.34702908595236737  
0.8051146868228557  
0.3295447389667481  
0.3294864731209318  
0.8034642048555979  
0.2721869535347204  
0.01440209598819867  
0.040488039656523075  
0.8034371877108413  
0.036881724821051835  
0.10900653749061716  
0.3295463216482603  
0.3295461146092303  
0.803464204855583  
0.803464204855583  
0.3493711231799115  
0.803464204855583  
0.803464204855583  
0.803464204855583  
0.46653878853514763  
0.3502695955176446  
0.4421430069953649  
0.2297133860182732  
0.13017637730729406  
0.803464204855583  
0.803464204855583  
0.47290412589371406  
0.803464204855583  
0.803464204855583  
0.803464204855583  
0.803464204855583  
0.803464204855583  
0.803464204855583  
0.803464204855583  
0.6091684526420654  
0.803464204855583  
0.803464204855583  
0.803464204855583  
0.013389328386684355  
0.6099259085134465  
0.16139938750072405  
0.25575569775905366  
0.25486113686853934  
0.2403133154173068  
0.803464204855583  
0.803464204855583  
0.5475620702595034  
0.803464204855583  
0.6862455860469013  
0.803464204855583  
0.14481830488048267  
0.803464204855583  
0.489997525697536  
0.08318652389307578  
0.2143726011462595  
0.19305629333557658  
0.2417995138238846  
0.029044989811041727  
0.11605844299617624  
0.7271338364152027  
0.4314558417743404  
0.5831645540685159  
0.154297856940718  
0.2891745074670276  
0.4903988541405936  
0.27218458404544243  
0.06919949155852602  
0.5248599364653321  
0.803464204855583  
0.803464204855583  
0.803464204855583  
0.803464204855583  
0.803464204855583  
0.803464204855583  
0.803464204855583  
0.803464204855583  
0.2194607089141942  
0.803464204855583  
0.803464204855583  
0.5417669774738567  
0.34704393723178784  
0.47374094651511417  
0.22092632010976396  
0.803464204855583  
0.803464204855583  
0.803464204855583  
0.803464204855583  
0.803464204855583  
0.0777562098478615  
0.6080851416746252  
0.3200200119580848  
0.803464204855583  
0.803464204855583  
0.803464204855583  
0.5020099209600861  
0.803464204855583  
0.803464204855583  
0.803464204855583  
0.803464204855583  
0.07183801862349319  
0.8051146868228557  
0.8051146868228557  
0.3295461098354963  
0.32954635759969475  
0.803464204855583  
0.803464204855583  
0.803464204855583  
0.803464204855583  
0.803464204855583  
0.803464204855583  
0.803464204855583  
0.6965991819882967  
0.33795156922402364  
0.803464204855583  
0.803464204855583  
0.803464204855583  
0.803464204855583  
0.803464204855583  
0.19387622510368885  
