0.809581918746227  
0.012415831226934381  
0.7849651313731378  
0.033709900201002584  
8.202801127997702E-8  
0.12866958186839447  
0.8004263273369161  
0.8004263273369159  
0.5456948704630165  
0.7807587286789196  
0.5178244842124565  
0.3893239942263079  
0.800426327336682  
0.04743891548856884  
0.8004263273304412  
0.8004263273369157  
0.8004263102176994  
0.04496268335718001  
0.8004263273369159  
0.800426327336915  
0.7960099797211825  
0.016816110903100603  
0.8190165260744366  
8.225571850038065E-8  
8.235138162873528E-8  
0.06020835973472657  
0.8004263273366884  
0.3564557171629873  
0.6187079606638253  
0.8004263273369161  
0.8004263273369161  
0.16337408455690303  
0.34631979257249107  
0.8004263273369161  
0.7415520981702164  
0.04630597912244615  
0.0721526084282793  
8.232982121711096E-8  
8.2022491285807E-8  
8.222636968383535E-8  
0.8015219444608799  
0.010520206823627658  
0.7748724826626271  
0.0634488244800171  
8.208070380606604E-8  
0.7701429076050219  
0.058049515711942265  
8.327246826720252E-8  
8.401471101568035E-8  
0.8004263273369159  
0.2596166397857341  
0.3095055838892792  
0.8004263273369159  
0.8004263273369159  
0.6994366734571885  
0.800426327335886  
0.8004263273368597  
0.8004263273369161  
0.8004263273369163  
0.8004263273369161  
0.8030464024502847  
8.17755417073012E-8  
0.7586056660393076  
0.06582864390980067  
0.007803497276118611  
0.3657553918995688  
0.8004261997456321  
0.7296360576686896  
0.5057606084472099  
0.8004263273369161  
0.29631021814906167  
0.8004263273369153  
0.8004263273369159  
0.8004263273369161  
0.18784390733009737  
0.8004263273365579  
0.8004263273369161  
0.8004263273369161  
0.8004263273369139  
0.8004263273369153  
0.7858234632552805  
0.02762852542321782  
0.7966395823469613  
0.02324185792649694  
8.198275534957293E-8  
0.8146757525123521  
6.491508837190964E-7  
4.802671474801804E-7  
1.1823203834899351E-7  
0.8078987797707714  
6.487175691202701E-7  
4.132787806802815E-5  
4.306061916801355E-5  
9.775057910881497E-5  
0.05998826897478665  
0.8004263273369159  
0.11546712137445342  
0.6133229777113381  
0.2559569189692726  
0.8004263273369159  
0.43992417913916343  
0.4029567880069976  
0.3303974535085636  
0.3773357364286987  
0.10327578632237552  
0.8004263273369161  
0.8004263273369159  
0.8004263273369161  
0.2090415558025757  
0.8003925098828589  
0.7435141354210172  
0.800426327336909  
0.6178762435820386  
0.6768366419313596  
0.5838447809205108  
0.8004263273369161  
0.8004263273369159  
0.1137001821931634  
0.5319885345344686  
0.8004263273369159  
0.4733184409462869  
0.36177451623702667  
0.30730737498736554  
0.341078068598665  
0.19110145222708355  
0.8004263273369157  
0.8004263273369159  
0.8004263273369159  
0.8004263273369161  
0.41092257316524755  
0.07152246181032354  
0.8004263273369163  
0.6196756845547  
0.8004263273369159  
0.3064525081966944  
0.11423921865288286  
0.07239434239516403  
0.23468542924308472  
0.039286794005654206  
8.150072985774936E-8  
0.28127112901060314  
0.5152514920610017  
0.3679777903727115  
0.44051399009450515  
0.06383794846639913  
0.4213733817116552  
0.012329023286026254  
0.006685891981599893  
0.364243180076015  
0.8004263273369161  
0.7977789192445304  
0.08221783189804976  
0.8004263273369161  
0.8004263273369161  
0.8004263273369159  
0.8004263273369161  
0.800426327336916  
0.8004263273369161  
0.6675690042246427  
0.8004263273369161  
0.3293824301909628  
0.47904208403020054  
0.42193901824430524  
0.33375772254911223  
0.12304643806885573  
0.6101511151046588  
0.8004263273369159  
0.014405234647434229  
0.8004263273369159  
0.8004263273369161  
0.10417641160510605  
0.8004263273369161  
0.8004263273369159  
0.165802745273234  
0.5863286689117733  
0.8004263273369159  
0.8004263273369159  
0.29859127456319245  
0.8004263273369161  
0.8004263273369161  
0.5125332119972988  
0.3394672235319919  
0.002525078749633926  
0.024094454917147522  
0.37013831418714943  
0.6189290803178665  
0.5867640384401305  
0.5025115774049699  
0.1662994622784545  
0.8041551149331168  
0.4062033616526903  
0.40619998305918464  
0.8004263273369159  
0.40604886865367207  
0.8004263273369161  
0.8004263273369161  
0.6408917806405384  
0.7829614301900751  
0.04576274963813983  
0.717307945302903  
0.4924742909983725  
0.3468108102706533  
0.4096401135654006  
0.22338351060408296  
0.13922064562218683  
0.06614746581585802  
0.8004263273369163  
0.8004263273369159  
0.800426327336887  
0.8004263273369159  
0.43464571591713297  
0.27300675748567255  
0.8004263273369159  
0.8004263273369157  
0.7677353892753983  
0.8004263273369159  
0.8004263273369121  
0.8004263273368973  
0.8004263273369159  
0.8004263273369157  
0.6192150377484517  
0.2535766373776954  
0.2647876261808939  
0.27819686483278505  
0.3880903423607882  
0.8004263273369159  
0.20345309279173718  
0.8004263273369161  
0.0014454444584759824  
0.8004263273338024  
0.15387381086114674  
0.8004263273369161  
0.8004263273369161  
0.8004263273369161  
0.0635579240513598  
0.18981856762452745  
0.26854230582702376  
0.3202763495024296  
0.026164204477258205  
8.201436793401531E-8  
0.5228751250108125  
0.2987101309971865  
0.4255258774664901  
0.20023677922887478  
0.15251020380645233  
0.6137984372714517  
0.16239050897151963  
0.5025113535562592  
0.8071939314745233  
0.8004263273369161  
0.7204684092789139  
0.800426327336915  
0.8004263273369161  
0.8004263273369159  
0.8004263273369159  
0.8004263273369161  
0.8004263273369159  
0.8004263273369159  
0.8004263273369159  
0.8004263273369153  
0.6424393591660338  
0.1903719855155939  
0.550418054331843  
0.800426327336887  
0.5507771634323783  
0.6295479271260708  
0.254489917831727  
0.8004263273369163  
0.8004263273369158  
0.8004263273369159  
0.8004263273369159  
0.8004263273369159  
0.2916416190003923  
0.8004263273369159  
0.8004263273369161  
0.18038461670597764  
0.20693889136916926  
0.8004263273369159  
0.21188070528794553  
0.6686684143900866  
0.11217607597835563  
0.8041551149331168  
0.8041551149331168  
0.39525285017872636  
0.8004263273369161  
0.8004263273369161  
0.800364027557524  
0.8004263273369159  
0.8004263273369161  
0.6794237427534898  
0.8004263273369159  
0.8004263273369159  
0.8004263273368968  
0.7499146673135271  
0.8004263273368762  
0.2818484747758891  
0.09759221433228261  
0.8004263273369139  
0.6441480857374919  
0.8004263273369161  
