0.8061000536881927  1.1811780048294738  0.9308723077226876  1.094230210025618  
2.6987495417623463E-6  1.2082392141280087E-5  0.0  0.0  
0.7982712466269081  0.9985806399316743  0.9655910167573658  1.0999114459558827  
2.8872474550183418E-5  0.23095673892009227  4.0E-323  0.0  
2.4412041243318988E-4  0.0  9.876744884059403E-4  0.0  
0.5211446746262545  0.3253087771292555  0.5837409561386931  0.5462648761226635  
0.7188346744920362  0.2561858620916772  0.8035936925181887  0.7392042981553191  
0.5824203121785714  0.26001730764101477  0.5727777138793647  0.5519468752886256  
0.4933884157163769  0.13372362658357015  0.4800463467641022  0.422221290923953  
0.650016491200351  0.6690131914014427  0.6521110903719496  0.6813434092088773  
0.795331384630423  0.38898688588246777  0.9717807627049667  0.8166458492901493  
0.6055377801897991  0.15451787280981688  0.7335216268464029  0.5845198825682826  
0.787238671101853  0.7280823624560725  0.8070765929223519  0.6991096564607466  
0.7068130778598811  0.722666857635659  0.6080178380229742  0.7016790389910166  
0.33323805776827176  0.30223353898629873  0.4161962259835961  0.40070262539502804  
0.7964638757815167  0.708012748200719  0.9599304270635428  0.8855343403655115  
0.42770190991002144  0.2766152899018278  0.38575546369773944  0.1500428177713217  
0.46686721178677554  0.18516448290050466  0.4307228909008568  0.23027804849082723  
0.7388452288640688  0.36059277595799727  0.819624010617273  0.5608466356563194  
0.6519806646775166  0.4037390568732595  0.7698411410147172  0.45169198012181966  
0.8056834819374722  1.2124388479470718  0.9156119595732549  1.0674310779157683  
8.088906616457455E-8  1.205193121285822E-7  9.308414467550525E-8  1.0888693890309782E-7  
0.8107794478789038  1.1824061710696476  0.9326753679111832  1.091961330243977  
0.0  4.1101456555804133E-216  2.6187380092050085E-188  3.1968544173171445E-5  
0.12445308650983028  0.0  0.0  0.0  
0.5969067611577611  0.4139079376518649  0.6542366641611427  0.4853531579056577  
0.4666404702032498  0.1522178769828109  0.4514377132974871  0.2854212219460787  
0.7830152261932306  0.33466619774384754  0.7296615924993859  0.5431564448921773  
0.65666477033073  0.6331690347187303  0.6120743490080589  0.45516468720631315  
0.6266575009169285  0.5167169493999191  0.7145757739587156  0.4177787539446932  
0.79555084412677  0.4960351328641846  0.9176730571824976  0.6338714884907961  
0.7955669919548187  0.8148340418229412  0.9515874425784905  0.9246993530222601  
0.3543508853253759  0.43352757312065915  0.3858345388980827  0.33000961128797396  
0.7108979854990608  0.6378714538129905  0.7254270202579619  0.4237827850319241  
0.8094446123140583  0.5016625563330918  1.0647364002855442  0.8917042709978655  
7.833191812841107E-37  0.10991306036396575  6.57409163967684E-303  0.23713694948503813  
0.0  0.30094749578224417  0.0  7.6513938032079916E-180  
0.0952821957021814  0.0  0.0  0.0  
8.579978577768441E-7  1.2018461739905941E-104  1.4909636865986806E-5  0.0  
0.14055021151519903  0.0  0.0  0.0  
0.8323718311024604  1.1751793804063302  0.8605991394655614  1.0656007222273989  
2.619610870873375E-226  0.02405144752646343  0.1281475711590197  0.02266924523348001  
0.7200069701054072  1.2003337868702029  0.7306282057071212  1.0545347271991636  
0.0940970284849289  0.09301057465967705  0.3024872120529009  1.1363486962791248E-58  
5.23837697121961E-5  0.0  2.413381822203067E-5  0.0  
0.8133087893216834  1.0975539944907233  0.9495404284696454  1.0759684799002585  
3.755717822471996E-48  0.546990533752801  0.0  0.0  
0.0  2.04474643674283E-205  0.0  0.01177725759269366  
3.0480350917533945E-30  0.005968781672757732  9.50553347939148E-61  0.044485167754564174  
0.5593396590742689  0.5631516744212097  0.6346835668934918  0.41908883175901396  
0.6728285973257169  0.27295431584324403  0.8180332831393261  0.6371238243982038  
0.796828679387989  0.5938790303596181  0.9592905680722156  0.9044773330154495  
0.7956861570225614  0.5270468983033472  0.9072570226289395  0.7028067046375797  
0.6521872961104712  0.23151978802937526  0.7600936714956895  0.47635642727139416  
0.7894987121897613  0.6454090528392604  0.8238681251589653  0.6942155358777833  
0.6688860592771916  0.2628043122493726  0.6967517691514317  0.3973739364490561  
0.7107041297268922  0.2882787291786911  0.8457002513621577  0.45863299643635774  
0.3949361629536888  0.381589818616734  0.4030656989512077  0.4498700196036364  
0.6177028850432774  0.47855775375179704  0.5194364899704618  0.5566004138302135  
0.6936451022338426  0.6284339482331563  0.8425067076033652  0.6930689435734065  
0.8072591253408008  1.1754305516455539  0.9095718052166746  1.0985006036987033  
6.791393481044792E-6  7.312586415899351E-5  8.93255304176197E-5  7.758107566283229E-113  
0.5147419219199721  1.2428175805429877  0.8565654768977722  1.0888089578620905  
0.11765289321103464  0.0  0.06715659723811868  1.9091087E-317  
0.0  0.0  2.480971896331697E-4  7.865961481035705E-51  
0.48663067673752836  0.27939443599227076  0.41384808362383324  0.23538562731648163  
0.5959268535579113  0.3744604813715044  0.6760814823377257  0.7325957476564122  
0.4307687788664216  0.20015053155761547  0.4973193055503329  0.39667242373316347  
0.658309534308182  0.40229457240720023  0.5647659227356194  0.43476196484558677  
0.4257444921869441  0.4355609898321622  0.517608117020722  0.44531288420600196  
0.5743489357779001  0.6407933760905095  0.5290311467361923  0.3604715369389475  
0.7805832549908932  0.711329109562048  0.7288524434476306  0.6073133311193113  
0.568422663746773  0.6207752243143229  0.5103777208203076  0.38991599652060616  
0.3570101873727131  0.1292751882995502  0.5662901650600318  0.3823765590483184  
0.15961933755521646  0.2130387754146645  0.15354388628372884  0.17821393618224363  
0.6448306557863274  0.660951026628001  0.555705345624251  0.6530314511707628  
0.6894306781909064  0.4738967790472905  0.6090873748556412  0.5116826949766433  
0.6432354002369874  0.6170627471903432  0.626853194557062  0.32925292171584475  
0.5305685429795332  0.6580530760911167  0.6037960734828272  0.41377197659472853  
0.796036853388901  0.7437049073511108  0.9436345968457035  0.8699756269394691  
0.7276306274143542  1.215322481748829  0.9307679524882179  1.0702737700746532  
0.34234249792758764  0.0  2.2203536229097125E-260  2.3461419988013476E-27  
0.8027930251575134  1.195541413725937  0.9513649675031951  0.9867111267443357  
1.22673837537883E-126  0.028420900576191867  0.0  0.05336998481485475  
0.0  0.0  0.0  6.180634374986689E-6  
0.7819316410617168  1.211747126441424  0.9442998471252212  1.0290134172759249  
5.227546167276781E-56  2.1456867317310618E-256  0.05773709283878646  2.979570976135666E-280  
0.08500225655675672  0.0  0.0  0.0  
0.0  7.644344477920819E-5  0.008132021905082148  1.5509758164150857E-74  
0.7794331827937815  1.2021445669470168  0.3686495648049381  1.0613783075665455  
0.01323497691610135  0.08260502317157291  0.06032439792251235  2.8683417598328346E-47  
0.015508498912756576  0.03898106188810595  0.7157581749589489  0.10762226562765369  
6.032898612672432E-27  1.9730186695500157E-75  0.031825606120036855  0.136443283015512  
0.399686726287544  0.18005488695395386  3.2614566623466384E-73  4.396876325896677E-105  
0.5162634738070327  0.42033988242165227  0.6493604017419813  0.5790378985256378  
0.7959295507712647  0.7543482081835791  0.954910125130127  0.917262258398601  
0.5749157227270288  0.168196883283494  0.6312046988045076  0.4035091641740336  
0.5995103880975712  0.28891762904410273  0.5668625313713713  0.32214199210154865  
0.629084484256022  0.3551895345995528  0.5818567972836727  0.3629797542216461  
0.40113329658240254  0.429294896960254  0.5179479375034923  0.4183417747962583  
0.49273771787662574  0.7505238381320459  1.7869740481645734E-129  1.1812076124447772  
0.3055204818374494  0.3728136376061225  0.9688091376719101  1.1673677327003236E-276  
0.7971105474723594  0.6018721934408501  0.16045608837697714  0.8671380050409363  
0.0  0.5332509334468235  0.46845958354704903  3.1813898334775053E-14  
3.110518514036041E-7  0.052577314753081535  0.22271203511312013  0.05526026753273393  
0.5295535555677761  0.45752902269415857  0.44131934910940007  0.3766734079927997  
0.7964188873235817  0.49472710866433917  0.891434042669397  0.7909008076004667  
0.7533224356878713  0.5288017575234215  0.7180965153418364  0.5949959772653215  
0.7884555821377781  0.27814035648578544  0.7506818786920942  0.5317166307852778  
0.7099773481643494  0.5029166856193784  0.8556998677980221  0.6690675858019172  
0.7967712653150457  0.6910854620613888  0.9573532847223266  0.8330852169549877  
0.2962876374347742  0.08347032639646329  0.304002757751739  0.29307906126348904  
0.7849141383521411  0.5100927430370313  0.7539451456604582  0.549412109704845  
0.5526787599182121  0.25335831082614857  0.6540636180584977  0.6705068634897279  
0.7947196347705268  0.7332150193076767  0.9466395729871927  0.7074507619434742  
0.3971201711820582  0.3885446300852503  0.5163644786030803  0.432789782137593  
0.7667236369064618  0.5501260187697999  0.8502464848511325  0.6171387663601036  
0.670139293370013  0.3117025406772508  0.6915016538233646  0.7252025167614436  
0.7669918092246159  0.6171192738892672  0.7641739134629028  0.8104163202431403  
0.7951972992129706  0.7084149303697325  0.9452978148557185  0.7244458619688348  
0.4920210740303736  0.6018811195013422  0.25572635558641615  1.1966605342283956  
0.04881518073819308  0.85537617900398  0.7067228133009527  1.0858550838523776E-125  
0.7958832450492809  0.7527039308907979  2.257866651178519E-301  0.8536856000465107  
0.223549126319846  2.927190865944053E-203  0.09161481324141615  0.526043876451022  
0.0  1.6485801871303145E-21  1.0853740022400302  0.09744318888447606  
0.570351432481284  0.37446291532579695  0.5138654534954972  0.6075281395639581  
0.7588337018304028  0.7458963677214274  0.7120519639511231  0.5284728252987331  
0.3491762282805595  0.5592603790956965  0.46117934382223114  0.41923536800002636  
0.7963700958645201  0.676587127356657  0.9440707010470997  0.8711985402437057  
0.7020152534344927  0.3865196558423714  0.672806567871072  0.40947285122413823  
0.7651419809406721  0.5444290038010864  0.7341993608426148  0.5906979690671119  
0.6115414337211719  0.6632781724687521  0.7280022129725017  0.49337169289511895  
0.4263568296387751  0.25652017906705205  0.4069472198598787  0.40373473054924996  
0.7958107953826817  0.800809858259479  0.9491058052617686  0.9416847641185877  
6.829523671815258E-295  0.625792938086047  5.296102066182137E-76  1.0596634742615214  
0.2832798526153675  0.31468950498290577  0.2995361050024434  2.9615526702989584E-126  
0.0  0.2827202752793808  0.2886297885044225  0.0  
0.8334693972956471  0.0  0.031805239195896125  2.6859555464156363E-199  
2.4353256012245626E-41  0.019887739659812248  0.3004040539176742  0.0  
0.0010540967595917838  1.252309534722141E-60  0.0014947500956238292  2.598743901631601E-162  
0.9555213442074102  1.348861618154712E-91  0.0022063184374998095  0.8764639112841811  
7.853923708006107E-121  1.309370240380009  0.9559942795975575  0.2786524491975712  
0.8546317319793744  7.290385185717155E-68  0.43623231804249124  1.092922687248672  
4.954439775521083E-195  1.152740518195597  0.18785180229407678  1.1878029054182471E-56  
0.46684558515995617  0.08774519342421419  1.4779190517549545E-115  0.07645968730730333  
0.6445515037344153  0.10291067469410775  2.6721297526005313E-86  1.1620586080731035  
0.42812102667057067  0.14873727572038084  0.8147525084983782  0.14085957463066628  
0.20118076798742895  0.6109234684961039  0.08793325334544043  2.879019197659259E-48  
5.170572675344543E-38  2.741276091441896E-26  1.1425997678131372  0.3935636191099643  
0.6622669744807514  0.40050701706204817  0.7628079348149501  0.691857719921544  
0.30718538337243634  0.35611108573389216  0.2921866689903153  0.3103277964586195  
0.7585816609960878  0.3489564364166626  0.8584092748420415  0.6157038694697636  
0.3937210695318733  0.4835164026618243  0.5494023820382113  0.4216195194414205  
0.7963162461573895  0.7430445795640915  0.9539553178577487  0.8574950848724097  
0.7964124699690367  0.6673606786307787  0.9570149821332526  0.9100974929486408  
0.7769233125938322  0.7125098630421602  0.788187575841253  0.8264280141863  
0.5650941835730751  0.3528719132221522  0.5985001471692244  0.6605498546599718  
0.7942025756733573  0.7175191128651193  0.9317260995411794  0.7064583580676799  
0.556834662897676  0.17018932320697516  0.6039402069392364  0.3718696920305328  
0.7947035381812585  0.7748922911344449  0.948194141729717  0.7126894263785283  
0.31509946825303786  0.042742665743947264  1.0393593172475618E-116  1.1379893006535726  
0.5717779320005485  3.291742708967336E-14  1.139989150018597  4.952908267953433E-130  
0.6561056153043532  0.6032001283439894  5.331523596086196E-53  1.2711435379912446  
0.2080165348973082  0.026704335472462405  0.6410807209920577  6.708075855656103E-69  
3.1759888245762785E-77  0.5939946420592136  9.9345067947942E-150  0.2405609817439106  
0.7968921109288816  0.6323092561522708  0.9636657927708802  0.8738888246812022  
0.7209231466578357  0.3698938060793393  0.6666377329123344  0.5491581106703495  
0.7917725075596718  0.5601832773387008  0.8337421465809882  0.705056192005241  
0.5388523288962825  0.39241490719455413  0.6434966313953701  0.43129668281662004  
0.6377988526410899  0.4688016887024415  0.6275210448618287  0.4580708504296042  
0.7762024560468407  0.6023488217042874  0.8149074269498137  0.7942066729478054  
0.3927671550905791  0.3046072922168477  0.4778530418468843  0.31610700948688963  
0.7943485447802886  0.3626514976331085  0.9742278885077287  0.7952079670319269  
0.7689933438725294  0.4131300307615525  0.8152146855583666  0.4766803163865585  
0.7823180027864807  0.7747776690758149  0.7591417787120401  0.6502261690792921  
0.7960490459228172  0.7057990320107936  0.9364356016574961  0.8783985910434714  
0.5661277991126675  0.7066119686576925  0.5605323141645262  0.3700709668844  
0.5086842805524359  0.5328570213532828  0.5248076387695757  0.46787513473786185  
0.23492541593695648  0.6143025685976781  0.2224181368669384  0.2516931624924563  
0.5509338734554458  0.342552032367402  0.49240580976763354  0.4837920893247005  
0.3169296429794885  1.2521750203602384  4.83903465372344E-21  1.1393124879113496  
0.45893169452103527  0.7803842472066511  1.058777754473999  4.1848717587269E-62  
0.7974838347843688  0.5492454964110467  0.9615466755348958  0.8374461678355346  
6.732316841691479E-16  0.4009166857634552  0.9484416100312136  0.5595001581218311  
9.43123407726233E-10  0.2899884618992605  0.8237293743714371  0.4034213823180145  
0.4943476550326231  0.05801827461015681  0.8020419068079603  0.3014951263489454  
0.8050616292656617  1.0118707703691783  0.8810109555237281  0.918468093104112  
0.6333031968785833  2.99981949987696E-30  0.7287843045996791  0.42285064805369554  
0.6086466869444161  2.004475368939966E-4  0.7347095025883892  0.42842928165677463  
0.7925452691390121  0.5878026914283029  0.5915258534813713  0.5486490258733326  
0.37841058533893446  0.18780511742174327  0.3098738797713361  0.42002553372657647  
1.606910548991065E-17  0.7163674498264623  0.6973475587108005  0.48676228967448776  
0.010324378373023099  0.5481390055590559  0.9180005906534605  0.31627509906584383  
0.6128756536414923  0.23237908793227194  0.5082687856123926  0.41656913190720335  
0.272657853614672  0.1803698298346898  0.30471201431122485  0.26145211886331865  
0.6083325541893838  0.4881697760504022  0.5514568178403312  0.6001001166945676  
0.7970694267416888  0.5668691480420587  0.963379838043083  0.8912811970328922  
0.6614026253278624  0.2114927077355497  0.7726031528449894  0.7453071381528898  
0.7944307970042542  0.42278086232300677  0.8997351998979739  0.5527985519821191  
0.606532837958625  0.18203124444864305  0.5341315687737996  0.4597041511034399  
0.5279264199208892  0.5059328402993364  0.6763052696484115  1.2250992989459601  
0.28855913692847523  0.7603703170996581  0.19785244950574876  1.3094673307413812E-65  
0.8630772778326221  0.13500682998102562  0.49907145026506716  0.9425439131427511  
7.120278135715362E-50  0.8760628785294283  0.2890752952927656  2.6223357855852503E-239  
1.1837854497787888E-93  0.18071196953412832  0.19730397752776738  0.2505755689825455  
0.6772257584989451  0.4848820933693744  0.8164724369324855  0.765947483910441  
0.5682713063774072  0.2561167289866978  0.5626285584810305  0.27696771293274225  
0.5775808496444899  0.17129411937135325  0.5350374237530559  0.39807974243507555  
0.4576203984129002  0.33876335409013153  0.580975920153898  0.40765680663237763  
0.6404419675967534  0.6924263964038772  0.572770325977469  0.4789691762661099  
0.5385626866906499  0.524418228208521  0.7375050085582038  0.5735172009909916  
0.703092322935065  0.27868430612869033  0.8081729052579165  0.6866412998664814  
0.70275547231427  0.6398495123409154  0.6888475560665234  0.5420287071485911  
0.7840986699388349  0.8029546347836524  0.7991663748582881  0.6387770181371755  
0.37063702441938007  0.364216579778226  0.3490228940529672  0.17790793447226677  
0.7790229510004679  0.7978156781957492  0.7624785416298464  0.5296499949884736  
0.6002055082946244  0.3899926915717152  0.5988195168345839  0.5209009633687943  
0.4392670006708876  0.10874847245745779  0.5443464961268509  0.4756122058050148  
0.552661470707873  0.42366815558863713  0.627142274959805  0.5667234410131146  
0.3838802522137609  0.10202455235398883  0.5274904570738854  0.44889960936218976  
0.7973756026118712  0.9439946359534271  1.8666742573875354E-157  1.081357351934813  
6.64770891555833E-76  1.05536181019429E-83  0.6025025575652635  9.301020609824344E-185  
0.3919655724814443  6.862620529258442E-86  0.42854988234992636  0.7228832655202068  
0.33581533784692097  3.3942790647906044E-58  8.923361714287187E-29  4.654577002174076E-26  
0.5570353065326594  0.0820255822163296  0.4767169462919154  0.5631491956731961  
0.7972426229242124  0.5727292085103758  0.942432197026146  0.8056964272642391  
0.7974415961736908  0.5554905772671657  0.9639232480043309  0.8431376358191811  
0.7053419722134644  0.40272780501599403  0.6078801430073869  0.532902231973403  
0.5046571214075113  0.2126955302907487  0.6045447178515059  0.3404718579088106  
0.7978862821085608  0.5628907043340663  0.9685479275944829  0.7278495556853938  
0.7397696346826697  0.4124947585062103  0.7931085460390329  0.796599792866208  
0.6395040318814238  0.7044705798457536  0.5532311128755945  0.3335651215108118  
0.5172178221174406  0.243319535999636  0.48801099122009206  0.398624428734669  
0.6251089712072193  0.36669288278888934  0.5816170776818462  0.29801676700039836  
0.05464058896759874  1.5375482856712244E-166  0.09941559762372901  0.33022834902329873  
0.11370364024349182  0.41364203684764766  0.2729681560763382  0.013421143377856111  
0.0  1.0392115193153448E-181  0.2472187482290561  0.9159878733777369  
0.7169816256807239  0.7287203001931903  3.655138258839371E-107  1.0578749613614945E-152  
2.609228052360757E-82  0.07650962573466968  1.5417305968431115E-65  0.23068894737168336  
0.0  9.416450493999628E-289  0.36315895089745936  2.5E-323  
0.8018544979672166  1.2277127127436385  0.18080613221117733  0.1830337546784196  
2.948325422313186E-77  0.501539658604645  1.0532038288300811  0.5491415809096716  
0.8660253389287746  0.0032729135658068724  0.9519148076242107  0.951291321939054  
1.4816472498162082E-96  0.008622724619386533  0.4878699665500172  0.16819056456856116  
1.234047987943524E-128  1.2214941040173415  8.754792627008717E-120  0.2557623846309968  
0.7929324516132212  0.4368757513011366  0.62490121472956  0.7105804112976666  
7.696069619638459E-11  0.5521868848044825  1.0079684303569854  0.5225007750421572  
3.3032299752015713E-21  0.8492216408953485  1.025785207304678  0.8348244727207073  
1.2222280870954646E-11  0.5341034926459551  0.9725437733252439  0.5179948624208943  
0.5401445744002069  0.500822311100523  0.5771416360089678  0.3649066803965354  
0.7599799502670513  0.7019748497032918  0.8807910916028429  0.5316201753927473  
0.5123423301457776  0.2217498120337591  0.4368229267933537  0.3249073855273732  
0.3239420375382716  0.0840076263366006  0.33868098157623905  0.3906058231621707  
0.5997585963641945  0.2695072134609624  0.6369787092802858  0.33617577640752433  
0.5209108418163144  0.6188865162386183  0.48712040707988824  0.326790091572519  
0.22803797482431745  0.08463062956028528  0.24792244211756054  0.1605015583928888  
0.704337591938616  0.3120676546386758  0.7139044818956175  0.5977420253837853  
0.6319989479906136  0.5587298598518645  0.5687872398680605  0.43158308267637285  
0.7876325927792066  0.7937120165650636  0.8828707644060416  0.5823578326893464  
0.4453964686811971  0.10127725344247979  0.6087349009666624  0.5156192528682163  
0.6623470513052446  2.373125088901459E-22  0.7323860038006325  0.704560492624345  
0.14144295883758126  1.2271224744246665  0.8778449384840553  0.025407444957646054  
0.799506056362317  0.36162178913257875  0.9277468524767517  0.5550295440352961  
0.6120044991416055  0.6389476501349648  0.5830677675088192  0.551394479852838  
7.659354712349747E-20  0.37382032587121106  1.069443794782323  0.7382363281799621  
0.7057970304193883  0.54554419773578  0.6580132064070784  0.3906142948711551  
0.7745312475236314  0.263582941152573  0.8753986206590664  0.6973863036818502  
0.7869342805424262  0.28873124986707405  0.9028810845553606  0.6027696117421284  
0.6271811821859241  0.20813967817831255  0.6866590213518475  0.469073449984142  
0.7786934489849549  0.6767571274249756  0.733485819221059  0.5605861088810684  
0.680601356058455  0.4547837368129028  0.7913266539897615  0.4276538868090891  
0.5712549223989535  0.47782431198666847  0.7226850701315524  0.5328237000996445  
0.557386626126211  0.5144543709008434  0.7204458700762277  0.5449605659622603  
0.5489038191171118  0.2172070251396948  0.703276712167962  0.5216416328407197  
0.4968847872736978  0.6577159036314066  0.4832953041774391  0.4568881785149299  
0.6957571476364641  0.587702711693471  0.7092823931379157  0.7845019975314652  
0.7973381942925958  0.5246644722937723  0.9656355359115913  0.87066403402073  
0.5834633346822226  0.7286965251181784  0.5519482150334822  0.4478057381356999  
0.5872905594763734  0.4410678288259512  0.6134973138763019  0.510776985652423  
0.7239381855782546  0.5700622321686685  0.7568018209736339  0.7264380899732927  
4.640143669063872E-11  0.7783777972788615  1.0416872346307156  0.6478409814858059  
0.795241501032275  0.17162415475206302  0.6006040202730022  0.46956341670001595  
0.7929590529232253  0.17995533762496937  0.3682566643374475  0.1582663113759333  
3.3373350032215204E-24  0.6287034998397044  1.041109055328227  0.7955681975437586  
3.776982841498665E-23  0.2906761167794453  0.8621792285784579  0.5557783731883527  
0.5724909873191188  0.5112551758456246  0.4870461164690094  0.3889446992969431  
0.4346156364147425  0.11137145891066522  0.414112206414593  0.5028512018967912  
0.7550551477101044  0.4049113556857729  0.7001005305907437  0.6369458381722901  
0.4667338062948221  0.36609990279900784  0.42567472331784034  0.5684533459378983  
0.3211530174033234  0.2295942963334033  0.4733521478048744  0.3577089567309841  
0.5621948404926705  0.42345172417957705  0.668562216985915  0.6581203583727198  
0.6558115680900194  0.35208543972925815  0.6264142137581437  0.6377662553004279  
0.5931020324197293  0.3349346905697583  0.5846498235186531  0.384997832877069  
0.704233751211613  0.36601640634159505  0.7919187772508803  0.41079475470882165  
0.5823375300509992  0.23668168891083646  0.5158859434201978  0.29832022029755645  
0.7276888085639256  0.19006913602961045  0.6988294787329725  0.6472511155594263  
0.5957880663137388  0.6609617035690525  0.7434186081721736  0.6257839109572817  
0.60201185658939  0.22574817226081023  0.6300015876406027  0.5453954928936027  
0.5881241855359114  0.5365855946205145  0.6745459627299639  0.5954114241613278  
0.793897054829209  0.774235860085706  0.9308355341442089  0.740731634235647  
