1.2245314617332113  1.0467726036848413  
0.03225713063054602  1.5055736752001294E-70  
1.226879159486726  1.0347818582246278  
0.05476587510820301  0.0662217138260248  
9.125659932784151E-7  3.5581532003221275E-7  
0.4948494244062135  0.5345847321841865  
0.5348361680464949  0.7116017025141477  
0.2608351807351394  0.2608159174559516  
0.34411511013323637  0.7872533371348567  
0.47993247166775593  0.6762687660071387  
0.8080720422814109  0.9274951600595731  
0.7559045703935288  0.942129900382365  
0.24028256754209207  0.5487838535875429  
0.22745110228095308  0.7210223990709154  
0.2532629383143207  0.10862410552848231  
0.2830992063892285  0.7038177518423415  
0.08286540885600353  0.1247464372931416  
0.9767477293138983  0.9065820065624768  
0.9355632136467795  0.7518774021406168  
0.9167711662033666  0.8546283238982278  
1.192287599937965  1.0724116228021234  
0.0  1.613940400404327E-6  
1.2582476576775297  1.0635143360387893  
9.282153085130267E-5  0.0  
0.0  1.2943649589767812E-4  
0.5938511707763638  0.7796332665715012  
0.7092762047029162  0.7711019470000279  
0.3339729721352533  0.8171180366658807  
0.8572204239758293  0.5634476411091497  
0.17156502241634883  0.6995256109024989  
0.8913663689757199  0.6165407030187107  
0.6743835240677644  0.85439758839599  
0.9392447289034656  0.7693782295182819  
0.5159154978454612  0.8898089101019168  
1.063397417155471  0.9773431292717846  
0.0  0.16369674740477164  
0.1433684956206339  0.0  
2.7990184567705766E-7  4.928843889287121E-7  
5.701678154902118E-7  0.0  
2.004262538730306E-7  0.0  
1.2369921730719764  1.064858902214993  
0.014891116237258289  0.0  
1.0945910611129894  1.005798351073246  
0.16437740499719522  0.053553122485310654  
2.7500691744980214E-158  6.722094699031044E-6  
1.238651949209931  1.036614395271892  
0.08188260945606342  0.08190386300284032  
1.1048518454526816E-5  2.7447441786484945E-5  
6.161366037204639E-7  0.011755456224563657  
0.9014063666447559  0.9016163071342574  
0.7727131157986272  0.762553123272317  
0.24050290075614195  0.2982989982272908  
0.06260460132642634  0.12084503353761052  
0.33447260665081024  0.41991999488566256  
0.8725842893315948  0.497916303703277  
0.8626675272244076  0.9177594998043626  
0.17581842397533215  0.7353558311715161  
0.6432483061721758  0.6886907346111145  
0.8118952211996561  0.9409991072243776  
0.948111032335293  0.7970277939569458  
1.2034360284036845  1.0727207883545646  
0.05081529245082242  2.6058906293125944E-79  
1.1498452755513258  0.9824292680211332  
0.11606596099112833  0.09116883370938493  
0.021327043469759555  4.35066853911022E-81  
0.8120143429977665  0.7520209863118924  
0.5058137027177692  0.4107635950209448  
0.4785202937076061  0.48053728052741496  
0.7359048333538556  0.8844148829423006  
0.33698895106526394  0.8514347056069206  
0.6462963175221462  0.8304093503811678  
0.3935311613848222  0.7936692409390483  
0.1344827458658553  0.593605940530368  
0.657282166987624  0.3608500127061409  
0.8755208393799763  0.9286444780038621  
0.7466184672130907  0.6788318636364207  
0.6070748999450295  0.5070200238853676  
0.2822687507956406  0.14639009571378836  
0.3187719229060232  0.6857171714075805  
0.9110166938143734  0.8877221880947964  
1.233126709154524  0.9720334210753433  
0.02238914927501589  0.09083536752759641  
1.2124921997440496  1.0079778428479347  
0.0655314345116292  0.028516024171640224  
3.2424874508047304E-192  6.546221570054838E-4  
1.1572598167799601  1.069505639884812  
0.013090576338234239  1.2436710226367396E-209  
0.12984007338384862  8.725825172209086E-304  
0.011638784625337038  1.2626296601538238E-248  
1.2420382863734856  0.9391961972158978  
0.0052200013380191675  0.06029902695748065  
0.001962414372563014  0.021140995887742875  
0.005370045748123875  0.10906681087510145  
0.009278387068736078  0.03685648516980841  
0.5566582570268483  0.5677529552060139  
0.8619905832699959  0.6568452414311376  
0.7932257916177848  0.7483278014897548  
0.18630143494624016  0.8320913409754346  
0.7520932757889665  0.2780603886441548  
0.9403216081693841  0.899802903563869  
0.15799584883850118  1.058649825743388  
1.2353892621598357  3.491741780550857E-56  
1.5015890587928515E-197  1.1100584965782896  
0.8792421794950612  3.581548427576009E-63  
0.3828593232805367  0.12147433111819876  
0.6559008356198502  0.4228297255514088  
0.2767739812711755  0.4089196917358609  
0.38052520388977734  0.9617950868183472  
0.17564115900547358  0.5935353646455461  
0.23549249316979096  0.9287120368524461  
0.8705321251966432  0.6115946345706701  
0.2489841278227449  0.9404471410002361  
0.8549725621382629  0.4849433536580061  
0.6063426558192481  0.6286933655566276  
0.8228497716697777  0.7528934120108604  
0.7056194047304263  0.6572763635773491  
0.6954868171522866  0.8352695397413599  
0.33874158579480684  0.7717248820193612  
0.5560261921342856  0.6565085205635189  
0.10923806324694091  0.45949489906243884  
0.2968975168294921  0.939487142087248  
1.0039967234104046  0.06700327882412277  
1.0275153160103245E-98  0.8659812367061664  
0.4940543670080507  0.20359231159313784  
0.9281926555077898  7.712730641500194E-29  
0.9273355390898287  0.8315919655649047  
0.9366465178446718  0.7177520598223126  
0.5894027135416515  0.5707647802835665  
0.7004854606685985  0.8898532513566654  
0.9053473483086537  0.923060384116011  
0.3332652884224792  0.33811231531717945  
0.3973660673380463  0.37392439531318805  
0.11432569896506405  0.3929067042923901  
0.9624974904133089  0.8982044034718489  
0.48284718638004837  0.5466656227313  
0.15332935975655942  0.4143474537854841  
0.111185529366315  0.0  
0.19120411050168185  0.33259811641626513  
0.2869216797072159  0.05392874957369479  
1.292336910307092E-7  1.0548136328827719E-7  
3.2361156373820666E-207  0.7573080584035896  
1.3407648026355004  0.12644646745693466  
0.17331101907850896  0.9804651316020362  
0.8477117275384829  0.06836139980180014  
0.3152479058861084  0.017911899512600676  
2.674150038102058E-7  0.9894010042797963  
1.12643562823758  2.8896770256034525E-8  
0.1619691049748948  0.0525230027545029  
0.20165640904767942  0.1141852073231694  
0.9439022173460273  0.9080846048083641  
0.5985249783456456  0.36675892614757477  
0.8918930521547352  0.9171810805497737  
0.41702286619411355  0.616579936811567  
0.33820581354282375  0.8900553728113422  
0.9209885333388054  0.8913836351124549  
0.8536615268380976  0.3992505255096246  
0.5137212314797263  0.47952439069331293  
0.5967353566487458  0.9712998119217606  
0.7974535641953996  0.2778055266069865  
0.6897892305932964  0.5506810045268046  
0.0880447925612414  0.6778498798921052  
1.2035747030648953  0.3206915628709408  
5.356707476711522E-58  1.006585650068222  
1.11875018395773  8.670419083222913E-5  
0.5681098522830949  0.269638731500336  
0.7028146794514132  0.6634703465883751  
0.8166872394709345  0.8370795882713662  
0.5217515324263677  0.5168125561888175  
0.27601747004420696  0.6305016696786903  
0.3326070064631078  0.26190993768543686  
0.8913734153822452  0.8288459667455979  
0.6442572916973847  0.9018235989705475  
0.6938728786872168  0.2918346962363562  
0.42364768581930606  0.6959747603075157  
0.8359184339914011  0.8993815129005399  
0.07724635528014656  0.07285703965897013  
0.3703932615269864  0.4202410856799118  
0.20289528619346864  0.6181981903761568  
0.4102221025384187  0.3372389033006697  
0.23633999483648085  0.7357519796179306  
0.7846619457171548  0.5225756598840581  
0.6217414283080483  0.2596013404418001  
0.8186442568648647  0.9040968603905138  
0.6715642944306898  0.0865219674377477  
0.7508461452596236  0.33445406111252673  
0.9867630082367436  0.4331073347349936  
0.7689530664018707  0.618340117095711  
0.39457451605672345  0.42208956719608737  
0.2196263451081223  0.2883804687568414  
0.5043265671813096  0.8492782085739475  
0.9022317741815127  0.22254476174005156  
0.24818030760314774  0.18220278274422658  
0.7392780099754721  0.060615857624503715  
0.571980690019184  0.1463813017528148  
0.8935853293588906  0.6121481863557802  
0.3908687462891419  0.7265307264752918  
0.3813073485714583  0.6431461550053865  
0.6720382431940063  0.9535562806665214  
0.09555427404723475  0.3386510935376055  
0.6243177226844678  0.9585660994277586  
0.6145102903192613  0.792463597248096  
0.659808007010802  0.2122588815141103  
0.3982671658476829  0.7792144139067207  
0.6087078163725486  0.09971905386736382  
0.32085513854941744  0.09010820117029454  
0.7241706462563211  0.3521240198000666  
0.7268478694127567  0.34107122732733836  
0.1278841414436769  0.4824827237306093  
0.242027534768685  0.14153590616261302  
0.31888773861244063  0.9200175681989311  
0.8437577949691277  0.6338289930827464  
0.28548032216036234  0.8443185468744622  
0.6246892012660887  0.9313313288541932  
0.23166810992741635  0.6301155533249077  
0.9610514458166585  0.8918561184819276  
0.356532312602174  0.17469406241567711  
0.004725591984141058  0.01955726083587015  
0.8426009254678046  0.5840106589098486  
0.13143181091907272  0.14918117399919023  
0.08488913022985471  0.2621691666540892  
0.5731566243869793  1.1618579265543847  
0.937190453429736  1.5658351869346426E-250  
0.31969979729444103  0.6112696213055916  
0.18775193692911046  0.31786816656588707  
0.3862723133750206  0.285619835626543  
0.4449637247560774  0.4262227075103098  
0.8985407886023323  0.5110832289845265  
0.6619485287636112  0.7395361901444634  
0.32251962242097326  0.8351248578446787  
0.387348855660559  0.598693893905972  
0.38234789357288657  0.41970991431627264  
0.8597605136042782  0.36003058236915386  
0.10954296072159823  0.1261748432260428  
0.2787025207268138  0.6253242347444152  
1.1732619000308214E-52  0.22024615400888234  
0.09350640585722769  0.28067718814454845  
0.6273748290047025  1.6989907862445913E-90  
0.24476253183024818  0.4971475343774687  
0.009265427402713688  0.08771369947783289  
0.3519603594580072  1.6095221836971841E-143  
1.0273869697928155  0.9609280685945851  
0.4444043066832192  1.1446422896337192E-4  
0.2891453173080065  0.939003792170149  
0.24122940309218935  0.25337065423010896  
0.14336086465823025  0.28811911136007046  
0.396768357090356  0.6575513798733085  
0.30524531550022177  0.09633964709475519  
0.18588492977676602  0.22075483856444653  
0.8673298376360215  0.8694189686197197  
0.8760177515135784  0.8386595742279036  
0.032819387036487756  0.10233929886965885  
0.7532822391089725  0.664174672517932  
0.6685016295829357  0.6592726248123636  
0.9422033621826904  0.9131976599080474  
0.9286300471889061  0.7904350267145932  
0.5154081555261412  0.23391380044232504  
0.24352802280245753  0.778394196680239  
0.9099480131144995  0.9255096374323559  
0.3485923310105898  0.35891464874100326  
0.7848365455416678  0.42247075359564745  
0.6124703445783712  0.4821834515871274  
0.1084803864084753  0.10222359375739519  
0.6209525486232227  0.9632573591744905  
0.2868603427826293  0.23819542426676174  
0.9455188867006428  0.5786161393452226  
0.49587214710608224  0.4886861438763493  
0.8399916835795574  0.9129068188790462  
0.3413305005541362  0.3657790490673204  
0.29732327725566493  0.859702974006408  
0.6979082323475121  0.476741167844989  
0.8673941487225726  0.9129865479545306  
0.575349972258336  0.5463287141579332  
0.2159042139742967  0.36526933234214726  
0.13951765522638113  0.10722875314423203  
0.23706606960970192  0.3632792564114462  
0.8055285393193843  0.3530072902377748  
0.8039552915066805  0.8365250303988295  
0.8366477862667984  0.8685483207300604  
0.195246414528381  0.9302697308913126  
0.80072117346763  0.9375593939275776  
0.6669683194081776  0.2258672721130699  
0.14321298434101404  0.7723028554246909  
0.4952988418021525  0.8803973620259301  
0.8861349548289016  0.15299797467648055  
0.34712477642658207  0.24996186224707223  
0.7245952389530518  0.8791066883295484  
0.5241160118453337  0.9213219018050807  
0.5214514304191373  0.4491582940686994  
0.31043780621742495  0.570648076824322  
0.62132111107932  0.7536479743103043  
0.47827367170529506  0.8466400146301182  
0.20458308731596966  0.8064716395915947  
0.17083514757982407  0.6620334576090496  
0.6008231606113473  0.9011255835547126  
0.5121726286823605  0.5785453457698884  
0.21773682265824235  0.5290587661375796  
0.8931168627757708  0.9226322865664981  
0.5566807517883391  0.28653482137848285  
0.24290945496153432  0.45191290590000144  
0.3335391415940344  0.21230616372393832  
