1.0432311002829808  0.9372332589481391  0.8286978645936679  1.0385557387307502  
0.0  0.01749061955616534  0.0  0.11145052392962124  
0.9113938279822791  0.9531070886710052  0.8175057655657868  1.1608890791801665  
0.15845811349750763  0.0023117285581752615  0.0  0.0  
0.0  1.365122057584166E-7  1.4276298020924385E-7  0.0  
0.7062064900287921  0.952816427198695  0.775751067078536  0.4092916212555251  
0.7685959774891284  0.9200813132780958  0.846842284430516  0.1897737491072485  
0.5713869049809448  0.5893637410672995  0.44748382041186424  0.04576610124534311  
0.3445430598364829  0.6938391490764068  0.3687162349885605  0.1801981475517642  
0.45703439138470003  0.8916898802271598  0.8782241083157576  0.1982373986729179  
0.6777055046256637  0.691350533673436  0.7126444932217989  0.10360451353874887  
0.8594713419712315  0.8938180755766642  0.887552666706197  0.34211878324361905  
0.501006669063863  0.9659418351642931  0.7640424875746197  0.12240396783254251  
0.6866824846839973  0.6744316883643255  0.8446650257055477  0.04664992842792175  
0.3420214904733643  0.6975469170018452  0.8382983673379661  0.03970159621062967  
0.8116481197829803  0.9389154312245693  0.7576723043030006  0.17621460949817982  
0.7350597746803411  0.7867459704397713  0.8200534914889015  0.05078081129294357  
0.5761685196050109  0.9593754082797669  0.7779575871469121  0.09299637000413528  
0.6261675731136142  0.9635431248646777  0.6930651322824388  0.3364324401634227  
0.39563925732683325  0.787221791285854  0.7675169295216226  0.11735200379875295  
1.0495321099482544  0.9294686715294372  0.8429085005815379  0.9758118297526368  
4.1352960066465866E-7  3.077563508565658E-51  0.0  0.0  
1.0280814373896643  0.9648483552280345  0.7927542983896242  1.1242817367482407  
1.2011517693068467E-7  0.0  1.0104903034131065E-7  1.2499737396352782E-7  
1.1386162271405302E-7  1.0783074431956594E-7  0.0  2.0332142804333202E-7  
0.6695779561541959  0.7224205610356398  0.7683908741051944  0.08896950973935065  
0.49342418827062784  0.7901902684879032  0.9460682427000654  0.2120480988694148  
0.8200889250723774  0.9411397436161987  0.7898033045783296  0.3790772477247013  
0.850460902695969  0.902110730849313  0.8801419315230581  0.30807149179495186  
0.7214395186675795  0.7244477981006308  0.8275833602051536  0.1043030683773779  
0.5215288287498651  0.6281304272344992  0.7983757001882812  0.049261931069535525  
0.7023519312352847  0.6872736080174636  0.5441933006558559  0.1746204074571077  
0.27141211990079317  0.6145428778738306  0.6811334669900736  0.10447291726240601  
0.3928012880975334  0.8080799814817164  0.8862773176117358  0.09156282919152928  
1.0243402607916132  1.062054609503178  1.8373391184872007E-26  1.1875452622365295  
0.027407907361510418  0.0  0.26750900932880517  0.0  
0.0  0.0  0.22761248478682988  0.14668700196115514  
0.0  0.0  1.3938096565006515E-7  1.715209012925648E-7  
0.0  1.2732657244493118E-7  0.0  2.242911267859602E-7  
1.1594378482400893E-7  1.0293187453456849E-7  1.0772513966188622E-7  0.0  
1.0420643556950258  0.9300677460120316  0.6526855452916296  1.14280815420785  
0.0  0.045481774603116774  0.04744683766479569  0.017210431485782045  
0.9543006056399755  0.920944738507373  0.8561050459934153  1.0451933391424304  
0.0  0.07806463398222559  0.008467684458572102  1.4365037589297298E-199  
0.0  0.0013546748021060855  4.718851098692247E-127  1.287E-320  
1.0190316179702865  0.9628248471459127  0.7617387472206743  1.1366815242081916  
2.820669451579294E-127  3.893E-321  0.0017882975568818662  5.395612972979952E-8  
2.071621996755039E-224  2.172338727833074E-5  1.8043E-320  3.076420602310971E-4  
2.4255004844513116E-156  1.262656599592368E-4  4.291394393319389E-4  0.0  
0.4871879007542217  0.600747989445168  0.8572456148942947  0.032340800511724214  
0.39383977040594403  0.5917324463891238  0.6625362467479394  0.033906842718067154  
0.4395318423475293  0.48664404523065397  0.5313011574720823  0.026788825441130735  
0.7492812282606467  0.9011963580506236  0.8967236916748541  0.4248215751367397  
0.8681943136983379  0.9035808536038348  0.874735057830447  0.2846679303105699  
0.6181862691568657  0.6843273888601934  0.440529741122464  0.12076606282893763  
0.5288999584626486  0.9486717053931456  0.41953241204782865  0.16357082873812484  
0.6266640197591113  0.6073009076512517  0.6265754667748696  0.015226537848694335  
0.7017089690725576  0.9063158666375785  0.8871551772503813  0.3545544305813622  
0.9370278825368525  0.8839285122465822  0.8728037173347538  0.5029211705843758  
0.950800139196054  0.9135516314835408  0.8570689327683421  0.7685567728290272  
1.050499552753231  0.9238641599716568  0.8487882143091882  0.984158268276725  
0.0  0.029746046778990946  0.0  0.1779778723485559  
0.833569431145749  0.7672621506969376  0.8790400173735657  1.1336627860611859  
0.20655420977729855  0.16028016157804903  0.0  0.0  
0.0  0.011866229692207936  7.9E-323  0.06427283193855869  
0.17489476434691342  0.46265928898458114  0.37553065075789066  0.05726613137242655  
0.8398185425997405  0.8923789446495642  0.8888423569574588  0.3927226073980129  
0.9154029949117672  0.8859945604636846  0.8772633146768795  0.4565630613861041  
0.29828684461294375  0.5380791714443498  0.6445329991649698  0.02749561535183765  
0.925197642948906  0.9039485242847498  0.8697640618654436  0.579210095897901  
0.742479191682414  0.9490817759899837  0.76571928545274  0.29479165177936106  
0.8493740018322989  0.9184501740944649  0.8537341566168819  0.37774343732740284  
0.6340725161656594  0.7175215117597872  0.8890405864321811  0.11976724963017887  
0.8121054089627205  0.9031796070858966  0.8879922925016276  0.4739165662988448  
0.8741828001542886  0.898475098758281  0.8829813301700653  0.41258539938287647  
0.4133711449584166  0.884229615511738  0.7384829356938049  0.1671652615569911  
0.33864851566929066  0.5574386697376212  0.41381586777805635  0.134144277276335  
0.7962407594026838  0.9546986963954379  0.557508456526714  0.2676635439773456  
0.6558892772494503  0.9448599637968594  0.8162007219148408  0.3057789061515988  
0.5618767393711082  0.6058276099327924  0.7587940084205997  0.06900390511023294  
0.9491867058870542  0.9435769657623996  0.8745116731352442  0.9290409118142373  
0.0925809614988781  5.9E-323  0.0  0.15840974039082112  
1.048160370744262  0.9442011827778312  0.773859844855223  0.971364417531735  
1.7E-322  0.03097815288573516  0.027978696236114715  0.10999423683356861  
0.0  0.0  0.0  1.6726206384210006E-4  
1.0234968786113412  0.9628427139392121  0.7578210629306267  1.1394301927728772  
0.0025744501927794958  3.6236831067795653E-79  0.02045128839273669  0.0  
1.920392050516229E-253  0.004115108780630054  0.0028733256085860534  0.0  
5.424332272488139E-236  1.1471302392715169E-168  0.02572802919157496  0.012816001060672816  
1.0785107914049699  0.9447383241243559  0.6806229916719055  0.6793000407952967  
2.0E-323  3.4326713153179376E-268  0.15935679537296277  0.2427636509086072  
2.0E-323  1.2153810707143393E-147  4.415191760753651E-12  0.42468387150466497  
1.5E-323  1.167608423480537E-117  8.462408864176552E-22  0.5008511955249101  
0.0  1.0978990859668802E-217  0.0030760710533904037  0.2523987874446385  
0.40201784896829706  0.9210184259899525  0.8505617808495453  0.1853631313045615  
0.8324887797746082  0.9214717728280657  0.7281880684977943  0.20445762711720247  
0.7265807132826663  0.8258351376555136  0.447531664465434  0.13317401821076097  
0.762528039908027  0.9261006809413214  0.8335614300123294  0.1240361817426743  
0.4602131888026586  0.49162926265882023  0.6098550378624628  0.07658793412452734  
0.9445554611785479  0.9079246864929629  0.863611214707931  0.6622906155707226  
0.8593989454660366  0.1845782803337204  0.9430612007450319  0.4829052383231593  
0.215862675267867  0.8212620250852707  0.1520172403546765  0.5079240448969644  
0.6133257503856506  2.644933890187389E-56  0.32380701650949034  0.19312768968283783  
0.40438762691069885  0.851863963244956  0.5807604118565669  2.084702021665343E-7  
0.1685454201608871  0.09292384120664747  1.8802984133715266E-147  0.3333029706894905  
0.5345847124358831  0.7297785229100892  0.605553581491007  0.24650779922667937  
0.5484112106089225  0.881235934791532  0.3886553947827306  0.11174548584225184  
0.5713473164562897  0.8709466176241384  0.8362599801801401  0.22153753102805804  
0.9541989151418582  0.8788472251106579  0.8675206963748944  0.5840939409436275  
0.5270284456761171  0.5830735817590886  0.6549780471574492  0.02369387739434583  
0.7815043799084851  0.9368918176280862  0.7617829197554367  0.22408087360695517  
0.2926313165809268  0.468327233051654  0.597757375293487  0.04638717637233102  
0.8676619124751299  0.9038055239778918  0.8813294010583438  0.4617308278249684  
0.7197083401502901  0.9088648517484171  0.5246745010001889  0.08305818205959248  
0.18873890959842804  0.4666558903344408  0.2185739810549908  0.10429341014167885  
0.6257903548516953  0.7324703557054495  0.6952559128748743  0.06823207168383144  
0.7293446149623705  0.9449916859456537  0.7949380695062872  0.12229511269035637  
0.5517459792315492  0.8511345114024468  0.9140429205052286  0.10554096086944288  
0.9126322184570289  0.8952732001688392  0.877515336731321  0.4383755868325058  
0.9256064593027882  0.8755115150102304  0.8786416282594557  0.4022798651102783  
1.1412356221525972  0.1344285176067239  0.3711623675645066  0.9358316889840844  
0.10007075609155382  0.7584685535523171  0.33549619847810025  0.5135159436093467  
0.002585535773446645  0.1379146439078956  0.724409780335832  1.4459700395743997  
1.100890434225663  3.437830270587214E-8  0.15692144062072694  1.4107510279488375E-276  
1.8499824924325248E-199  0.8847637937517572  8.424301344863753E-195  0.2443437647349149  
0.7556916330874633  0.9207402563752881  0.863179689611664  0.49529055515292686  
0.15234131729346997  0.2946282012839874  0.5860127761468027  0.010431586596534892  
0.9301284874035104  0.9118269212605388  0.864143853822831  0.6710210747605044  
0.4707707360309472  0.7130713754147994  0.8980753427548136  0.1909752317443433  
0.8180004681717211  0.928018630472708  0.8270689776888717  0.18391713901558346  
0.6445661287000833  0.8944352782481446  0.8806748129330173  0.16907713753775197  
0.2780978851423535  0.3743273777371423  0.34840489593832585  0.10634384791115382  
0.7048004472522712  0.7711525601016195  0.7394867728493048  0.16954534558996218  
0.5234863442595594  0.8279784427916148  0.3926637200046188  0.11679334823974033  
0.522825294129619  1.0612723694153003  0.1309228305546799  4.9E-324  
0.0  0.0  5.75605E-318  0.6363636001092599  
0.0  0.0  0.5544211804725923  0.04988890193899046  
0.9588331387201188  0.09160086499637961  0.03453117588887601  0.37009155207004923  
0.0  0.4844220471976167  0.0  0.19623759178835484  
0.0  0.0  1.249197516980024E-7  1.975456498686731E-7  
1.0999098992406726  1.9305291917427152E-263  0.0  1.666604440745023E-10  
0.010623848734547664  0.9588476686608599  1.0649775478989643  0.5117012880212175  
1.2469093269776341  0.4074227272000732  0.28758143284199034  0.2483008794726289  
1.0E-323  0.6791705045325823  0.23317260453911612  0.698108935349987  
0.07011606051489734  4.396385022712496E-39  0.18561835096116908  4.9E-323  
0.7139339646440599  0.8203078331055672  0.9452439363347235  0.16182420398994204  
4.304935785250515E-298  0.6093434267835772  1.0492230364464453E-7  0.5229994885304033  
4.9E-324  0.6442393793721696  0.01403880641155373  0.3764542242780122  
0.3025241151201607  0.4643783234856899  2.5992132435630045E-69  0.8111975491163007  
0.5745154573249807  0.5280840471650359  0.3827519426685609  0.08044525941159575  
0.8760023602529787  0.8914083256470814  0.8848828705214914  0.37174955563846684  
0.6423266534482563  0.8661296024645528  0.4435269837859634  0.15801530840073638  
0.4657802075917398  0.7664045436042873  0.8726346996838061  0.09695336217372781  
0.5903983230996166  0.8159184393475511  0.5812640000142795  0.2508836149833183  
0.5326716635418008  0.6731058048112116  0.34816438510073394  0.12118607550240434  
0.1566417015246814  0.3761676031170788  0.5367133134967907  0.02330869865044065  
0.6980422906588665  0.8250490769799262  0.6469879009841853  0.14440872565284812  
0.4281784723392019  0.4421250607599917  0.5974475010485981  0.008995362698147914  
0.7009905597706211  0.8172227196962532  0.7111266217610959  0.1213842118878375  
0.37695432303716875  0.4459290239732833  0.4216136405706415  0.024572275273795855  
0.15817379702051348  1.056035689655501  2.1085934618721193E-60  1.262124134679216  
0.7163964382178087  5.187781867836154E-112  0.9486101606866498  0.6174906531146798  
0.3629183375220245  0.3185377424823942  0.31153001130756747  1.4141890149415062  
0.6274638552856079  5.628141819074068E-58  0.847003684846559  4.3949941729149716E-244  
2.3401944444049347E-103  0.6195897111984554  0.0  0.09927813441121075  
0.8592873890185367  0.9134647867418293  0.8633540327989405  0.3879643538476671  
0.7912270103132782  0.7955784350735269  0.863427839556872  0.12743484395218532  
0.49127238449259353  0.5958832972708069  0.5597036307488846  0.1765956468643179  
0.38511117057075517  0.5730743729706  0.42334162977241246  0.21882467415772386  
0.23325267765120727  0.43682354711461086  0.3939677604211692  0.05327070041175118  
0.40510735984320223  0.719687693162167  0.4265224995537844  0.08593158875131061  
0.8690764647943006  0.9165435295899941  0.8533283463228287  0.3392112183430388  
0.8635206115305826  0.9295648140851696  0.8141829440012938  0.26746804261569435  
0.37111454204950717  0.8107226787515424  0.745023550312933  0.19017447250724331  
0.6369566841775688  0.6428270459592292  0.5433251867839014  0.044612620690162266  
0.6020990853710712  0.9042853974566044  0.8747297898078302  0.16954126385908527  
0.9281832032326437  0.910276041928186  0.8660745819743235  0.6380235487055395  
0.6290097242395711  0.7860562799211481  0.780649160566888  0.10031893855962765  
0.8760564453547529  0.882757508036072  0.8882184445119289  0.2875537012544277  
0.6622826740713176  0.963015421548801  0.6236698890387962  0.2550459889938036  
0.4959525646868027  1.0523030341576918  9.554489630705209E-109  0.6406074725933656  
0.7657279907626122  4.9E-324  1.057485306998899  0.17528505616461412  
0.5747860278584217  0.9614424964000502  0.7419605217111193  0.1583717820249302  
7.559748674002136E-4  1.0040906640512541  0.7037067995065895  0.11214243688291191  
0.46137847179006075  0.8761544771171654  0.7262297243037265  0.2213356327184957  
0.9508443517863429  0.9439785870503135  0.00954597009764859  7.425021742034157E-65  
1.083888663903515E-87  0.5426221007208383  0.7866377839498722  0.5038129395277345  
5.693542165681602E-171  0.6520328659116318  0.4044703579983166  6.737864483891669E-85  
0.5009822481314693  1.0001935491014655  0.23489471241641008  2.3303453068128794E-60  
0.7166835306111364  0.7837368326171423  0.9037782222488275  0.08248479492784952  
0.6962169747728258  0.9504544405606228  0.7825051625248143  0.19130217875955483  
2.822955501953162E-15  1.0131043365731054  0.6170437403017532  0.41378260981073267  
1.392062751857303E-13  0.545434515921013  0.5430628294794607  0.09218828768470798  
8.552695338617037E-17  1.0092634581740056  0.6668376735958161  0.46927217540853566  
0.7109839492970675  0.8531272469435166  0.9137029485094226  0.2534562939599087  
0.556155906842402  0.5453740745317621  0.5822158470138517  0.022470901035261986  
0.47237931230064406  0.6664209686534301  0.647843750397793  0.04935542920443742  
0.42742771461560347  0.5024275725423022  0.801507908411128  0.016043707934690885  
0.7660543683789651  0.8586926027508861  0.789923087801827  0.1909786509691615  
0.9045978615719971  0.9024003715899529  0.8771493468096855  0.4521635222306142  
0.7246719410883362  0.5908200471838144  0.16962600421918578  0.9225475480873172  
0.32391123639382396  0.27708953178938567  0.5800219040897917  0.3258172166741496  
0.9772488513376864  0.3587128905755805  0.21389472785623168  0.39603998635576937  
0.04862969623964049  0.02011258319870046  0.45771084113491173  0.635042997794788  
1.0E-323  0.2817378413035629  0.41847762013095546  1.0E-323  
0.3529920185343919  0.39028255195166506  0.42582570703658934  0.09166226463667698  
0.8768898558107685  0.8831352812604711  0.8886449303293136  0.2590578637340947  
0.48491235052262116  0.7689867231830676  0.6077693994124552  0.1258228553253408  
0.44855296123780675  0.8857076618352566  0.6442840955111347  0.09280186304207752  
0.5754057459576033  0.7685260860538171  0.7360710796347741  0.05855013536838032  
0.35577796823863317  0.6189886074976505  0.5215182455255302  0.22830010493794783  
0.40010122889638444  0.6446514745956051  0.8197782624509199  0.20542913672078275  
0.6412431131231118  0.8979451278101097  0.8999640328805676  0.3085839685262408  
0.8865583117651601  0.9060670675135829  0.8732924111335614  0.36240353246350054  
0.3091567493874717  0.763196731958545  0.6048558165352029  0.13369451904642318  
0.8972786854765669  0.909001156203002  0.8723218232314804  0.5811127364966094  
0.3886505039194204  0.7873255419939589  0.7558584248639454  0.128594081898149  
0.8150306708206  0.9203745728024852  0.853320439298336  0.3734021487095087  
0.3374604498183348  0.8483926977834575  0.8314712290721392  0.12830845600711327  
0.571603394289793  0.8175460679388946  0.9220693590130976  0.21127666841714704  
0.9932465002646437  0.2066995566554475  0.34956324712986264  1.4169675630920417  
0.06760425795787417  0.8004608860152548  0.29617630791703037  1.5E-323  
2.918973228912037E-62  0.09329313008789047  0.08361183462858304  0.9510472695834482  
1.2844577319803983  1.4513625116924615E-81  1.20110433422154E-101  0.20981032365496255  
1.0E-323  0.9328633931553576  0.6953087875158135  3.1159625622253816E-111  
0.6035943889296774  0.9571600919663887  0.7835496589227895  0.25154212404434506  
0.8202953353444015  0.9450143224150194  0.7462478111336005  0.4285410412333336  
0.23218185352275014  0.45799008301458705  0.3557329613405012  0.05908217400090602  
0.7919717750061205  0.8510520313961111  0.9023094521662536  0.28001654028695955  
0.913296364641803  0.9068936167776349  0.8728433319918032  0.5214624466277172  
0.6046662069545974  0.7898846695086753  0.7808198368529695  0.09604558631121733  
0.49245108188361697  0.9028464327488351  0.7744914856613292  0.2725804376717991  
0.6451676261825408  0.7943525796053953  0.7227307337060508  0.049094235001706454  
0.9265395110038627  0.8883882730431527  0.874962488990977  0.47487511442259295  
0.02708008565658495  7.61469112075022E-204  0.9631218812727127  9.619406110595266E-276  
1.0E-323  4.9E-324  0.401558385890345  1.4016097881696366  
0.47094768962988215  0.8068883714501305  0.0011235418175634352  0.0  
0.695222512647642  0.4955721217788213  1.478354386793757E-140  2.0E-323  
1.2118850805671958E-7  0.0  2.9552575205390867E-7  5.173727032001199E-58  
9.1E-322  9.83E-322  0.004854677192479612  0.002801162527215609  
1.1570027662039375  9.64752304903575E-100  0.5214146154591541  1.0609082651464946E-85  
7.614085296318766E-191  1.0478066328993916  0.21535368463711557  1.138908717557465  
0.5258721830346937  1.0438865836229307  0.045763626577449056  1.1678408001612821E-65  
1.5339539440240958E-79  4.9E-324  0.8859696622882961  0.6481781122684888  
2.5933806595896705E-101  1.0219281497592771  0.44508026529737  0.001307314432921659  
0.477596225894643  1.0410162725810256E-57  0.8562086754587078  1.008073653070563  
0.015623684144103757  0.6372751534914692  0.29279627201350833  0.054261711308692735  
2.743441764209814E-158  0.7084311003369622  0.9431049222278859  0.6273206669705912  
0.525428211396193  1.050969897749674  0.41527138757695553  1.9892775054077943E-30  
0.8983125352308333  0.9325058232459659  0.8086503085911644  0.5153668139483913  
0.7821267831408056  0.9468683039768878  0.7157460214709332  0.19977765048931492  
0.2403734619598553  0.5049714445493956  0.3085999554962851  0.15503175680322012  
0.866594902190248  0.9030257121594321  0.8752642058376132  0.27863159035155854  
0.7941186583690495  0.9021064254961747  0.8800640272609238  0.21846718825961053  
0.8430061112006623  0.7776568034949345  0.6176882330299116  0.19478163213448935  
0.41966448531990547  0.8615474046849394  0.8916531524706767  0.17654263769501682  
0.8020407391360519  0.8834092841269909  0.8970274139589636  0.32122916325579504  
0.737147083619835  0.9288781270836756  0.8386326572760381  0.2638111048449826  
0.3717588765237988  0.7359408339684679  0.630136372858694  0.23254680895219978  
0.6112399787823226  0.9047980297227529  0.8847416821563853  0.2176357211022506  
1.0225426710058902  0.8939972753347144  0.8729460828195456  0.22980631949441585  
8.594909971556932E-16  0.8870173722318453  5.540074455106883E-102  0.44221109181947155  
1.2075862944096871  6.679882769846434E-4  0.4843923852232175  0.05515500998205458  
9.375573545599517E-4  0.8535559634723753  0.5112760167294337  0.10453693451700355  
5.604312703143705E-11  0.891037490616146  0.7648471744755356  0.15256929406985248  
0.3907637985211363  0.6632388912750993  0.44452688409234026  0.15237741885811007  
0.6102962989945528  0.9033397927009822  0.8943504091743238  0.3503470632702819  
0.6663815421021677  0.9495228962553803  0.7962664783176427  0.16428312500965928  
0.38924876002307335  0.756733104315037  0.5194251608429271  0.2532510711821006  
0.6442113436410266  0.792575272572642  0.5675247790637146  0.061424424337022554  
0.7006661633560152  0.7450980142736353  0.9268964153774227  0.03771708578746425  
0.5881933011392549  0.9714437006198491  0.5451552608217924  0.19955248125931993  
0.8138140621901839  0.8998065733278627  0.890153396978317  0.4236666757497838  
0.5564974343646424  0.9418608901009454  0.8263272657765443  0.28415562623055446  
0.6209369157740987  0.5643205640674287  0.44878526608472913  0.05712064402032948  
0.29849522512945703  0.5475872978995021  0.35312593974894696  0.1725824695984162  
0.7062189800018737  0.8977166558394692  0.6031088751862212  0.17545482384079536  
0.7291854068358877  0.9081750819235956  0.8779798076225852  0.2731867074615519  
0.2981896246123615  0.44443267216467247  0.4011292188900791  0.12252419358028047  
0.6128584519950815  0.9436239554018092  0.3700745873242713  0.12760445446567534  
5.965678148374984E-12  0.9883739285648946  0.8101271778021137  0.3310988600190256  
1.1826160443574247  0.3161754580892835  0.7884547459625123  0.10893304898736973  
1.117698410525393  0.6631082585398382  0.8669672555966705  0.2465282770184594  
1.9944342086767834E-11  1.0041726486542975  0.7270976557308934  0.31507752562587305  
1.267079868077123E-12  0.8999935016390229  0.5709343638448067  0.23513836477687367  
0.6495006910469117  0.861603447862401  0.39187608508060295  0.11617980727092266  
0.25115118531570824  0.4852662911115738  0.3824508261312615  0.1631929797205425  
0.2841570031591412  0.6509207172114765  0.45939750654390843  0.15770823059474054  
0.799329573716444  0.9093795478670057  0.8838187035146092  0.5559114224965093  
0.4471754437609409  0.6736710290572846  0.9120347431430986  0.18699638476309435  
0.39557839707434606  0.9671464889853123  0.7716363250668233  0.21119830901572492  
0.8486890234456269  0.8974842522693878  0.8793724027996929  0.19540611822563145  
0.5998813974045701  0.8413278750739359  0.9325118223868667  0.1457740235271549  
0.8492025961957926  0.8509872157566174  0.8981874160968897  0.17861294717919673  
0.8593295840507956  0.9167026690577498  0.8568097666444866  0.3895838226225362  
0.6758198762599866  0.857695317169843  0.9224687691181178  0.09897119656663333  
0.8768294479169308  0.8853131436630032  0.884986987853239  0.3827537128902535  
0.7496312320259818  0.7792114050702889  0.9197270477829477  0.07706439169716289  
0.557785313139206  0.48792587556136097  0.5796767923412385  0.018130190739544028  
0.5505789579246525  0.6118919921452711  0.7378273420465662  0.102595262652631  
