0.8382264888425467  
0.01380425619757508  
0.8330865273968605  
0.04223265469681656  
8.562826377856388E-8  
0.390672530383506  
0.832866655506959  
0.8328666554911873  
0.8328666555073925  
0.8328666554987717  
0.832866655505677  
0.39410636735337123  
0.19228800621701087  
0.8328666555085973  
0.8328666555077577  
0.8328666533872252  
0.4424193247946152  
0.8328666555071882  
0.8328666555044311  
0.8328666554673847  
0.8346108123928425  
8.488657977176853E-8  
0.8508302524273345  
8.475404171756662E-8  
8.53775980583553E-8  
0.5434704512552561  
0.8328666555066926  
0.22125807918137028  
0.8328666554960238  
0.4824195772486116  
0.8328666555081518  
0.832866655507171  
0.8328666555034391  
0.8328666555034663  
0.8085060078515115  
8.517647304537142E-8  
8.59062123273228E-8  
8.567357972296931E-8  
8.520404813641427E-8  
8.509130699595697E-8  
0.8490971425888435  
0.006477657334067335  
0.7887893849711793  
0.10999522993127665  
8.511532147571345E-8  
0.7830178491068928  
0.05614712215869381  
1.3807009331830136E-7  
8.699999987261118E-8  
0.8328666555077355  
0.8328666555067449  
0.832866655506242  
0.8328666555085213  
0.45957896967383444  
0.8328666555047461  
0.8328666555044479  
0.8328666518711356  
0.7502626467548228  
0.8328666555070371  
0.6478752212458639  
0.8372017558281527  
0.021926551383487158  
0.7911412423642504  
0.07456353940959472  
0.008172569922694743  
0.8328666555030687  
0.4275294225049971  
0.8328666555022113  
0.5477607564402633  
0.8328666555070652  
0.8328666554716493  
0.5333425242478147  
0.7948243933456027  
0.8328666555081436  
0.8178800628828495  
0.8328666555081689  
0.8328666555066119  
0.832866655505207  
0.8328666555072968  
0.83286665550709  
0.8368186152567044  
0.024485415265787222  
0.834935500914895  
8.516499362607774E-8  
8.470816503578137E-8  
0.8467261592528921  
1.6104554124503345E-7  
8.939157049781785E-8  
8.673695005033826E-8  
0.8451968803359697  
6.875526154924176E-4  
0.001526605429468705  
0.0020944786288048787  
1.4271505773772093E-4  
0.8328666555079924  
0.8328666555082637  
0.8328666555075445  
0.8328666555078602  
0.1985466839038486  
0.8328666555001595  
0.5122065448846446  
0.3975437875707076  
0.4086562301356804  
0.3110707853281889  
0.13669371377663317  
0.8328666555074555  
0.8328666555029518  
0.312504548225926  
0.4285489349025067  
0.017516161874399177  
0.8328666555056267  
0.8328666555085807  
0.7872112254808883  
0.8328545422475371  
0.8328666555085132  
0.33400334968079204  
0.06613331728022465  
0.8328666554719402  
0.11848883219027043  
0.8328666555085128  
0.5165938507772075  
0.35312661567971476  
0.29594310862783857  
0.29716651689609774  
0.2164820078175817  
0.8109299076837351  
0.8328666555084738  
0.8328666554811739  
0.8328666555058412  
0.8328666555081411  
0.8328666555070698  
0.8328666555085341  
0.8328666554396437  
0.39187487379565145  
0.3838519395731613  
0.1443917959902053  
0.0834061967656512  
0.0860355488100633  
0.049144908975366525  
8.52810518501231E-8  
0.3257603673607713  
0.47755083642601204  
0.46767995997996564  
0.36574331050987446  
0.06354825387285334  
0.44184848568634094  
0.17480519425393143  
6.456948087693587E-4  
0.49712338418800406  
0.32465686756626827  
0.8328666555075467  
0.8328666555067981  
0.832866655504969  
0.8328666555085599  
0.3518281688170894  
0.16110774778546585  
0.8328666555041816  
0.8328666555077682  
0.8328662101061549  
0.832866655501073  
0.4774970286241994  
0.47357219618142044  
0.3380492854120054  
0.27729829745615836  
0.17070728112224923  
0.03697540039781385  
0.8328666555081937  
0.8328666554996703  
0.8328666555057948  
0.8328666555083626  
0.8328666555052467  
0.8328666555082613  
0.6082532171775018  
0.8328666555064829  
0.832866655505502  
0.8328666554713575  
0.8328666555078492  
0.4933299671002785  
0.8328666555013687  
0.005107442785140249  
0.6473360642403571  
0.35366354157584506  
0.8328666423766418  
0.8328666555079552  
0.8328666555061588  
0.4598187165183726  
0.4619260000215096  
0.11463521022355708  
0.00424678117194457  
0.8328666555075525  
0.1420214239394036  
0.832866655508053  
0.8328666554468314  
0.8328666553212242  
0.83286665550704  
0.8328666555085822  
0.8328666554912189  
0.8328666555075864  
0.8135356033897366  
0.4432333309895577  
0.5597376378375112  
0.28766399792491104  
0.5119223239646712  
0.25204148892713696  
0.13417607015907265  
0.8141656446049764  
0.7864991038304512  
0.8328666555082418  
0.8328666555077566  
0.09863778853108816  
0.8328666555076758  
0.8328666555057276  
0.8328666555043327  
0.8328666555080959  
0.26757521414023105  
0.8328666555079263  
0.0776412779522633  
0.8328665849743633  
0.8328666555084413  
0.8328666555082301  
0.6306660517419067  
0.33868942281042225  
0.27154843431702774  
0.2564579315125658  
0.2856666825150473  
0.8328666555085144  
0.8328666555076615  
0.832866655502635  
0.8328666555070242  
0.21915210894311035  
0.832866655507332  
0.8328666554998191  
0.3012258045223492  
0.8328666555038384  
0.08814107284774167  
0.18614003237398982  
0.2790845297093298  
0.36408258647259517  
0.027095376984530906  
0.07136103012893334  
0.5745356975069836  
0.34698054798432326  
0.3812527115581721  
0.19244905895786074  
0.15315681508698875  
0.34507711765416316  
0.3469739511422306  
0.2180248820256782  
0.8361591944520723  
0.8328666555006703  
0.8328666555083635  
0.8328666554983405  
0.1701241287826338  
0.8328666554994071  
0.04135968265790892  
0.8328666555080689  
0.8328666555082666  
0.6361620167690681  
0.8328666555036192  
0.8328666555085454  
0.5872828580022564  
0.058288887432038444  
0.8328666555058462  
0.8328666555085708  
0.8328666555071323  
0.250134816757218  
0.2634173411352969  
0.8328666555074932  
0.1267123361414757  
0.5375145268814508  
0.3337075011188981  
0.8328666555081278  
0.30587435955957726  
0.10006219333123567  
0.0025076167360168805  
0.8328666555000181  
0.832866655508044  
0.15451849465115639  
0.8328666555048216  
0.8328666555085735  
0.8123673301401544  
0.8328666555085807  
0.5219851756245478  
0.832866655502159  
0.6834124223636756  
0.8328666555072896  
0.8328666555076767  
0.045349267488870006  
0.832866655508356  
0.8328666555072186  
0.8328666555058722  
0.8328666555083666  
0.15860853336748915  
0.0055105471463372455  
0.8328666555083938  
0.8328666554465114  
0.3012697653157167  
0.8328666555085256  
0.8328666555035292  
0.8328666554960626  
