1.116699257690682  
0.01916027840879291  
1.0407949598435684  
7.946560513453359E-5  
7.998327418292356E-7  
0.7810151262636555  
0.8451059884021381  
0.8975432866829443  
0.6865616554861332  
0.6636935734654053  
0.7745639764932446  
0.8175310780284206  
0.15793363045148023  
0.8936820247478166  
0.7377413037438434  
0.8400784109422663  
0.8767081527973027  
0.0016779744529791714  
0.8995780229622493  
0.7996504703948256  
1.0894676862495067  
2.5746767756350492E-6  
1.1099028030530014  
1.8239846552141512E-7  
1.856894323290647E-6  
0.3451958987630375  
0.7285728866676177  
0.5114652061332837  
0.8689754428687039  
0.10283098128710058  
0.8680914042479495  
0.7179076418120575  
0.30903291164201335  
0.888509817904435  
1.0275369238878629  
1.1465517638166262E-7  
0.12314361352728448  
1.6972472244829347E-7  
3.2215565327038274E-7  
1.020390220638217E-6  
1.1027284388867953  
5.270045375357191E-6  
1.0099474590124673  
0.08647812094225282  
8.033199186892144E-7  
0.9724505105763276  
0.12938311025069354  
3.0343863040610905E-4  
9.534270123052324E-4  
0.6416043706982731  
0.6784010931695281  
0.8997372083638218  
0.8975612875508094  
0.2793040543972448  
0.8890766143349077  
0.39018316856263396  
0.6586680959420568  
0.06351386948586848  
0.8984222285625564  
0.8946836966871056  
1.0984395987267273  
0.03496000885896007  
1.0524262709884915  
0.054254827369821866  
0.012064598252087479  
0.8984072794676785  
0.8955235268467032  
0.8997507687426687  
0.5810535012293868  
0.26359956057148753  
0.7440445005053226  
0.47083824883385894  
0.9004506132801452  
0.29785810769811444  
0.27473311611243106  
0.9002757764463981  
0.5543222932833783  
0.8972054871427055  
0.8636243646227616  
0.53823083666162  
1.1080307066431823  
0.020957395826567807  
1.06045167361565  
0.030158249945523633  
1.7378452852328052E-7  
1.0899168740449299  
2.137384899218219E-4  
6.600297193363031E-5  
1.689031997707155E-4  
1.0687249808621784  
0.003010507710806096  
0.0010166412951154392  
0.0020987285274518385  
0.0017399407558858048  
0.30576160070543307  
0.7078628351228613  
0.7155292662111016  
0.4414546836079205  
0.6193610541837052  
0.2154475300194028  
0.48024661633867494  
0.6838748783187921  
0.4650570657993287  
0.5110049881512759  
0.22152696137890698  
0.8958790422724733  
0.8196991942215721  
0.6814470952021152  
0.7235595949727632  
0.1509550489178752  
0.8549979342820727  
0.6489577816155668  
0.8995858591818853  
0.021960718011008632  
0.1922761656356975  
0.5466840000638253  
0.8837919654134512  
0.459007629567679  
0.8624950951133465  
0.7243301005084862  
0.6345573401883929  
0.4199090648934288  
0.3850100583962496  
0.2989201133433855  
0.5848853098707414  
0.3441060025307873  
0.38670621258457116  
0.17952254167555043  
0.8188597857976282  
0.855225370505666  
0.8348024476081061  
0.22040351159779908  
0.8997736612709816  
0.10852227808589308  
0.7084958978619887  
0.12964316771710185  
0.2114155251380354  
0.1929847046034029  
0.06544926876995687  
1.3057194363162163E-7  
0.3375263573851747  
0.7998534659279439  
0.4116126577204477  
0.8282083270943431  
0.26797594909864547  
0.4060186841326503  
0.380388714016533  
0.10315764137784461  
0.21055075225017508  
0.7759367753947433  
0.7065320450762116  
0.6743449881453359  
0.20157762630865175  
0.7546972440628316  
0.7400841652179053  
0.7742663416903162  
0.6979920937476567  
0.5261775644830584  
0.4125257024779869  
0.3905674725819032  
0.35449572317144634  
0.8840621585178897  
0.49255193965211214  
0.8250735350761766  
0.2448174696636594  
0.21930970598133545  
0.8789344683407601  
0.4879234365432391  
0.8990358937563485  
0.5216319387697057  
0.4338667628820976  
0.42324653898701164  
0.07442338414030389  
0.893758161241241  
0.07292024096764554  
0.5257451156322491  
0.8901670033306779  
0.8893463597626206  
0.6758493487447832  
0.3720693529382029  
0.9602234184602197  
0.01235564137866261  
0.6120475871164909  
0.8968752854837365  
0.4276894616879865  
0.5130580980418827  
0.4246673353733948  
0.31730624128587426  
0.33960668267488764  
0.09604372177111273  
0.5400657408580323  
0.3490942126498558  
0.11691774117215095  
0.3914859489886394  
0.28802717073215184  
0.45874582737478026  
0.5938339556418875  
0.37313018133178816  
0.8983443255909418  
0.7726349495620355  
0.6859267251594251  
0.41543084821510623  
0.4803379936451753  
0.28892513302880757  
0.19584481984240903  
0.8146712662393507  
0.7923109863470307  
0.6125967188893334  
0.9003404632024434  
0.8946693910141721  
0.8868537365785352  
0.8675087916732525  
0.2256817212007751  
0.35810799851879926  
0.856951104282343  
0.044070760579986094  
0.8302773781887061  
0.8960125222555237  
0.8973509130811769  
0.4787115919929213  
0.8221317951486794  
0.27631545287180515  
0.5892737744870787  
0.38027627048550156  
0.444782488055533  
0.8327531607033091  
0.6048722719695523  
0.36685039914044476  
0.4555392169383335  
0.7403397018728795  
0.6281199303659535  
0.8764337201050826  
0.29237155272622617  
0.13145755141173915  
0.13897313511330944  
0.10802785125465442  
0.2669339132321454  
0.34112527510118384  
0.05654297165561514  
0.18891923937586155  
0.8318857040658512  
0.2899938917732447  
0.6701251157366807  
0.09269248367547692  
0.3095177913312108  
0.10797512702911422  
0.33884756268668204  
0.3968646671658061  
0.845890790074532  
0.15599637120715865  
0.8350998360643449  
0.5255851486815568  
0.2820078688933639  
0.5530056079465229  
0.03633745686839125  
0.15790278394455567  
0.5371991627215494  
0.9003451514514218  
0.14261465899136852  
0.8938428860071922  
0.37600425780462093  
0.8004491503746426  
0.5902735523478599  
0.009861180474779003  
0.8954243476318146  
0.01542288893509286  
0.596391291969284  
0.884190666853674  
0.8983719253317398  
0.7193635911596651  
0.18914786602321562  
0.2758284645524928  
0.21094997636347942  
0.4885878532547165  
0.27660567895887134  
0.6854035864927697  
0.8504263609511242  
0.8996400388537634  
0.6818842691903936  
0.2525306333701099  
0.3633831355279211  
0.8828453673226102  
0.19866413583938  
0.8951823452034917  
0.8966253065444386  
0.2906848872708116  
0.6542069169745325  
0.8498861376418033  
0.5824823439295383  
0.5387838193982208  
0.371490600328637  
0.6080180371235184  
0.8898192197641862  
0.8588102325368726  
0.3623361683741083  
0.025466761876928562  
0.16398083446048287  
0.7954430283145721  
0.48696925662880425  
0.666537971982547  
