1.007312948793021  1.1120514033258535  0.6471036030455889  1.1412213232405515  
0.07593329877803089  0.0  3.2784613509978535E-34  1.7297067285856502E-282  
1.1940501664583065  0.6969981042131368  0.6327950118260397  1.2126477026746403  
0.0  0.336643202357856  9.374178890859678E-80  0.0  
0.0  0.0  4.912657696375329E-6  2.430320790093578E-5  
0.677478058193951  0.268509731305937  0.43475567449271013  0.4244144393764601  
0.45839004777361203  0.5328291584146464  0.380085297626191  0.21560154316927652  
0.9053003307011964  0.3948249394232682  0.5218482078356679  0.3632000597888161  
0.5837474346814157  0.567022154410639  0.4854900501974882  0.34440856362717515  
0.6090605665711684  0.23743308834800175  0.5002604944206287  0.3475687390039012  
0.5025647432620937  0.36936740627282005  0.3890686235415207  0.3609568156094766  
0.3696046601546949  0.5488880925444944  0.5031409855824417  0.25140171652349186  
0.45795799731996767  0.28415730283057056  0.513896980861521  0.3196601821423576  
0.6780062927543495  0.5933731385334592  0.7507278886912683  0.36788939417299504  
0.9743538325922133  0.6160753846926321  0.767784268675877  0.5013276390848458  
0.6512404268161496  0.2345546031096075  0.6326075490223113  0.21350979767036768  
0.7399119317647614  0.763629582254373  0.8755609925822376  0.41909424167220083  
0.9472369065889543  0.3977183068932352  0.7424541296365108  0.5126970061325568  
0.8872135056510921  0.46007895915960695  0.8049285100816556  0.6187949481297443  
0.39438729111506843  0.5576212261786551  0.3600786655875306  0.24649483123516872  
0.9505132347897294  1.1258738212596124  0.6713927684310341  1.1116758090428323  
0.14388375159097222  0.0  4.351272592605645E-199  0.0  
1.0815943768856404  1.0821996116362054  0.6845764230019994  1.092027096399503  
0.0  0.0  3.231144217493457E-4  5.394851750218794E-4  
0.0  1.7891473685290992E-4  6.207954838098944E-55  0.0  
0.7757344407213853  0.3568842793046359  0.8749623634914129  0.5686885328893525  
0.5318620678398917  0.1955622862641159  0.5463984380385606  0.38956912211074674  
0.5314411333238823  0.19591257522690042  0.7990585951917629  0.5193907190142547  
0.9453647662145734  0.5905855948164045  0.7970780856686152  0.5731624401239039  
0.28871934973233454  0.48936794575888737  0.36193630762994544  0.18720063132427378  
0.539890345920275  0.2735362084209084  0.42373599154840874  0.35518849354266335  
0.37213581585404565  0.39671153957470756  0.6207939728402978  0.3303343324740242  
0.49704268985331335  0.4618933032839756  0.402868053190047  0.4036947544058358  
0.8276363500761366  0.6632830628596473  0.8085556287240087  0.7494509864261584  
1.0957869988169096  1.1778203282571094  0.7020751615953205  0.4996470718210864  
0.0  0.13755840978472306  0.007835881289506  0.23664036242280034  
2.63951316549E-312  1.842337807522023E-180  0.24804316364372234  0.31677461340601676  
0.0025531269706141222  1.1454898058071684E-133  4.263649885685588E-105  2.13968712713235E-70  
4.402098107617572E-93  0.001981432514294734  0.0016816386127438674  0.014329877646836962  
2.756841235005205E-5  8.823669601291001E-5  8.068193447345454E-5  0.0  
0.9337273315232354  1.146437710040046  0.6392593207703839  1.1094584659527875  
0.06261012867856197  0.0  0.007662823255265907  0.03566454758032267  
0.9589253156384969  1.1261486446690419  0.6822100935956875  1.0730133499279138  
0.11075120407187239  0.0  0.04122872607204738  0.04419434445650806  
3.527156118796593E-4  2.233576596411358E-53  0.0  0.0  
1.254388911254246  0.2557106047837312  0.6715427388758523  1.1148299538314395  
4.0821656220930246E-27  0.07069540465306175  3.3636961029732104E-50  0.06523421862091991  
5.772272957883717E-88  0.01095545696370447  7.045164694947357E-74  0.07083991279420528  
0.03622939557103385  0.0133757992527883  7.792684442072722E-50  0.0348801638870537  
0.7074587370207137  0.5091676639460854  0.5030841617080871  0.4587099109369919  
0.74913984743522  0.7497479221015128  0.5949453457329617  0.5751256253736365  
0.45739835683434266  0.17421018931879317  0.4997322121524243  0.2531408466709909  
1.0603678065138993  0.6483662527742311  0.7012326059973851  0.603828787330693  
1.0366003548855804  0.8964023958186971  0.6896462584803218  0.657001812505754  
0.7585808771373371  0.3889351913207149  0.4323353353602738  0.36145902590809603  
0.5568170783587714  0.22704882696329046  0.5612496028792688  0.4479897311423215  
0.8993549921688845  0.6567144766675752  0.7912540268697509  0.7245256765185412  
0.7349677525410925  0.7235650013308578  0.8659196628587666  0.4098344644758535  
0.5723902431997188  0.22131685360824851  0.5970750189512153  0.5080109402612447  
1.0131630264728855  0.6571716903149369  0.7585663308737619  0.6537239361875004  
0.9767516122597988  1.0873512603596405  0.6095210008117915  1.177825236649473  
0.13541881588146445  0.0  5.804639677646032E-16  1.236785013547112E-215  
0.9870218790003432  1.1120010249577215  0.6568230670554374  1.1509970561574714  
0.1999883080215718  3.501498342996364E-110  1.389809408270478E-231  1.7549025155524186E-135  
0.06074508505802699  0.0  9.4E-323  1.9305292913753406E-177  
0.657402816818581  0.3066192923681577  0.8172129560695629  0.480223719266193  
0.8771023965669479  0.6324706181247097  0.7356786479700924  0.3696247650230906  
0.7805192411459736  0.437700407817306  0.6884898043205646  0.2608301504691324  
0.7444035004518044  0.5907804343802562  0.6531963173123826  0.3023252150059738  
0.5732044199723266  0.2540861391795223  0.36467534030620247  0.3373208726554588  
1.0260102367435266  0.9429524085908749  0.6776997441443684  0.9175441322137472  
0.9095145150493841  0.7076874102646249  0.8168442435354238  0.5985940835462022  
0.7009650915698393  0.31923339215216645  0.5942780341344792  0.19607895395347796  
0.959721782781489  0.5702329466639826  0.7557074148728692  0.5915292342840087  
0.4674282348481293  0.38898911291774885  0.2828992989926563  0.31108762639386056  
0.38914717043360525  0.48243584526648403  0.47145539570137424  0.28436714466822804  
0.8786653992094897  0.6638697633482571  0.8067997046248241  0.5393026181340349  
0.9669820210370952  0.6113949167425414  0.5709407267596768  0.3780979105815746  
0.9531125771593978  0.7293796407845556  0.7587868295117939  0.7851767157029688  
0.9300405461530652  0.6849741071831945  0.6488885955776972  0.4875486488798546  
1.0206311061902171  1.0595515268414974  0.6331917116190653  1.1237815830603863  
0.08877692961950541  0.0  2.328296337276743E-46  0.018557853501533602  
0.9120727465018689  1.096461172938087  0.7277948249980699  1.0052702853770559  
0.11334043003550755  8.796518011986784E-112  6.072297875622183E-18  0.09421758577180939  
0.0  0.0026142054301187324  0.0  0.013106518429291834  
1.0757610841009713  0.8968353316760078  0.6609364385153538  1.1553517912535272  
0.2529721391690609  2.1098177844470727E-7  0.4503426466406125  1.268740409580997E-28  
0.29334003267697145  0.2959711637272834  4.211046246046498E-87  2.722564065457978E-21  
0.1151035364724169  0.12362499595731857  2.577206599529724E-144  2.7738875742523543E-91  
1.151104904463942  0.6545764102636689  7.563790589432892E-7  0.8705339766947686  
0.11563971009325318  0.1816409751512865  1.2632642736276039  0.1282664327462702  
0.12657615780419781  0.2232475130358281  1.2810032199521428  0.04323851251928212  
0.23106941305129988  0.7100470326424781  1.144263969490212  5.960459048971894E-7  
0.0254197593034953  0.22185291117453523  1.281944200805874  5.2688709893801945E-11  
0.9865775522168959  0.6896789533537636  0.7787639132772375  0.5950234462692545  
0.8965874348261266  0.7130093523108711  0.7876206052732252  0.45659628706443045  
0.9350880230650874  0.7966993347736563  0.6446833708965267  0.3489786679898343  
0.7366631770247037  0.41639171647232165  0.8510461507334854  0.669494917874631  
0.4408911182242365  0.4683261576187005  0.5680970353488137  0.32513008926892756  
1.0260035303725885  0.923512135051673  0.691620975662424  0.8117891334254215  
0.43214738712991546  0.7756986036096104  2.7927901063948296E-60  1.3156033974896677  
0.5173803488067668  7.334772646770882E-10  1.2803126228489647  4.088060967302379E-69  
8.77922327376439E-28  0.8474120574419882  3.6025112921476324E-27  1.0775982659674916  
0.7884631323232781  0.23352301082873814  0.12923952655805426  0.11333414400795223  
0.11716606243331859  0.18285200004586777  0.12301911996605296  0.05933425880588532  
1.0282949401075545  0.9220209008504217  0.6816689096774012  0.9212479392028234  
0.7936281594049546  0.3797053896640163  0.6640413337173261  0.3243833122980718  
0.849696080637943  0.7947106408145753  0.531807823536398  0.36638317057453446  
0.640937775157313  0.40222060886596595  0.3643146548304861  0.22515109022577304  
0.5890218418769949  0.37629880696612306  0.8775177953925117  0.5077014701347898  
0.5965777346626343  0.41566354527017096  0.35762343810506336  0.17353306030318244  
0.6099577221690846  0.3658129119041879  0.45073472329047465  0.13995893899107006  
1.0240001030896795  0.8323074517793637  0.716440338874517  0.6305054916456341  
0.24756755685810955  0.3426947784731414  0.29911392783307866  0.16907610981321855  
0.6787237612162104  0.2653562277612728  0.5610254687601206  0.4501423925190985  
0.4629784494140371  0.2859039104164485  0.5552604038420997  0.41884355267517603  
0.7888814669758636  0.7694421332666556  0.8287462733617524  0.4610442309806956  
0.521298795203054  0.28246189205447997  0.7345699178716634  0.41056040796679705  
0.5459374957768599  0.5630211587050201  0.6379106102853288  0.4155694608752791  
0.9129320900076501  0.6652081512464678  0.8236183985008837  0.5713866894665076  
0.024934057421367468  0.5114189838240172  0.6272503341746687  0.996175317637246  
0.507846666203363  0.2770719468356481  0.4467383342671325  0.17035522343518267  
6.644492933905435E-273  0.16808164741109477  0.3553326776831793  1.2009740062859364  
0.6623591578517072  1.0232773843012322  8.08400949510005E-72  2.001808589729157E-146  
1.3540731181433892  1.3066193848477087E-146  0.09930294130077202  2.0202828517647119E-25  
0.7257727779549374  0.38048653737699506  0.8291810104526568  0.5595061704123478  
0.6646917480803461  0.6206295153902518  0.5569927982627118  0.45421469302015277  
0.754492348512711  0.5076687381624482  0.5374375796618323  0.27844033077262215  
0.926622969296376  0.7617119497432756  0.7301288149535953  0.5195356304186072  
0.3336978533033144  0.30651349806484246  0.2981304432585122  0.27392911659675806  
0.5603201654015744  0.5221642820079077  0.4094496817380529  0.20269021603609566  
0.689237170609808  0.6201767725125163  0.7531935762986458  0.5672565601087236  
0.3489013623727756  0.4613692188062479  0.6022198896799019  0.3188831647062666  
0.6231414803928155  0.48141842318164674  0.44529258840744834  0.4425375107931606  
0.3929421064247201  0.6775417096721615  2.519480217140154E-210  0.6640682495509812  
2.911182677645516E-55  0.2967645796325532  0.24491260360367223  0.39598693780291316  
1.26348566618996E-111  2.4635611281230203E-78  0.5405884573033469  1.579988228822111E-35  
0.6198455550747295  0.4035319432895259  5.280666114754101E-209  2.122685933689534E-123  
7.618914465740459E-70  0.0  0.6271164309227534  4.737300430949588E-102  
3.9759368488814086E-140  2.172765934172923E-137  0.07771963617900439  1.112388425650756E-75  
0.16646689576612533  0.38422009327179385  2.1678573977543965E-31  0.3082797040844999  
0.8239928412422729  0.622503258288664  0.9886319997211381  0.5529839264650463  
0.662260854134074  7.590987156352662E-144  0.28640443563149204  1.2612755825393196  
0.33951804236143207  1.3338870217528056  0.22473507655534278  2.252468805639235E-130  
0.12498336989493182  5.689249921665151E-30  0.09217427560393257  0.07825450801931974  
0.9646735763243565  0.8831844014704625  0.65293787839643  1.0216198931065392  
0.2622293630153727  1.1530209210681442E-35  0.5393873941014368  0.18006521025161729  
0.3617197693757894  9.749638486878582E-7  0.4220696089545409  0.5380073901145256  
1.2341506917800837  3.52000313531421E-70  0.6618963556663785  0.23378384562120152  
0.5628710248541954  0.2785809350476952  0.5536406492108936  0.19779409298727574  
0.5689592481866098  0.19760085003488376  0.3177257047603934  0.20090877787847786  
0.45322031176897  0.3886844519220682  0.3661540846594799  0.3740317630445479  
0.5842552583923464  0.5927899644706766  0.660213927644094  0.3606059799026124  
0.8878029421091544  0.311000088400233  0.5247883774324943  0.4397771724249513  
0.7028902773943237  0.24937686143291643  0.8102654536095368  0.48335560587271303  
0.22111476767269536  0.05826508044700853  0.48759851277965427  0.2005298290144372  
0.45103177413213447  0.15237076366004873  0.49605923109364436  0.1572508030014493  
0.5156791510453509  0.33779273866409476  0.7775625918390694  0.5155640071078336  
0.3500478705425395  0.2663629986419724  0.4060975397836622  0.32459927730092974  
0.5913072571460294  0.30627074747962524  0.34684222576725904  0.1677368274467262  
0.16736710151286996  4.033489091096668E-40  0.10826039968484187  1.280005531140855  
1.0632410178244611  1.2010583984995964  0.21730685880249787  3.6959552605412825E-59  
4.3281356266400816E-43  0.7928658736720827  0.007423075517352784  0.9858745385461669  
0.8123138428644359  0.16603452994098356  5.560682932477825E-11  0.3409002292244558  
2.4541654704340527E-5  0.13432883877799134  1.0088218054570814  0.09391350362510668  
0.7289902742851421  0.25957536070708914  0.6722697511658459  0.4062776415157562  
0.5492060981883734  0.19889622109981156  0.670277542048334  0.4205599654245257  
0.30263785296016277  0.17194841958571802  0.1730739490465222  0.029156504535981793  
0.8430427438111302  0.4871074609410873  0.8274570493254676  0.46060049390027374  
0.2321091712815987  0.20072432296948362  0.29395147839170277  0.19451781818950983  
0.852481941345604  0.7538444004180426  0.8260803162348074  0.44964886670304133  
0.5389140673231593  0.6465542112837632  0.5027014991409914  0.2835040274083672  
0.5594479234748566  0.25931786705676313  0.37858250621015693  0.27270701850215706  
0.9263834512306723  0.6215999202920713  0.5683771270165069  0.509395367764402  
0.3056821012818382  0.27846602354188676  0.21006695228492817  0.21096983655069082  
0.9578793448491755  0.7073186497860743  0.5506966823575914  0.4659090487863702  
0.5383248991352396  0.21793099336051083  0.3094622052069891  0.27206729894443954  
0.3419488617898542  0.1899891868167625  0.4007797403000819  0.13571113932059334  
0.7817741178568146  0.5137280180729394  0.6618925928732599  0.539675913152099  
0.8026461642591305  0.6231248218170631  0.6653414305780163  0.42205745848171966  
1.3390290258416032E-11  0.6642571605976707  1.2236339648832055  0.18866301119554432  
1.2691612585945098  0.29024503263811446  7.812277172713021E-61  0.9230683878730146  
0.8731983779147702  0.49832306309302693  0.7267936605800233  0.5543642204620975  
0.5120271300318545  0.43480326670782676  0.40589977924551063  0.25241749618082077  
0.7722690600036495  0.6729126541768091  0.8746605852074077  0.5387965096536032  
0.3922484510754839  0.9184639716120997  0.5878997655798001  0.32412154588026576  
0.3339632626657388  0.3118843667988969  0.16363487383813066  0.8423605163926182  
1.1216777742659476  0.240343847417017  0.7706359779650703  0.21453628501013222  
1.3053860668701074  2.423247267707677E-24  0.5722494876800068  0.48339494897331603  
0.5948707335738338  0.6729606423106949  0.4141246831553105  0.30388472669300354  
0.766030831184031  0.3440401645038776  0.8612096279267019  0.47128250909823394  
0.2395938329386753  0.10880192603073771  0.20697195156104592  0.14894662529111768  
0.778654617147912  0.5633349525183816  0.633110778582182  0.5509117372944164  
0.44805407752540927  0.25608864674019005  0.604343124615603  0.3764932630073956  
0.7378879363498961  0.7487365280535403  0.7677219170351963  0.47169142234716654  
0.8158031229936109  0.3533114317496068  0.8502057829328699  0.6275399049726156  
0.4636707923218441  0.5138603483145315  0.8402820258827953  0.38194036726697156  
0.5571487022451377  0.551115981327811  0.46147394567948646  0.2941290418526398  
0.9689284431941954  0.7663805060210251  0.7072720570492975  0.5591439852862896  
0.49020491358618307  0.2646943009529356  0.7120539137126128  0.3211117736567638  
0.5218095039055658  0.4235814323185177  0.543857243457063  0.7367077117969263  
0.1312691707658153  0.7852441543601059  0.15036764954369106  0.1691630180505799  
0.8191406396729962  0.4742727745650358  0.2684774161948205  0.7720650179885346  
0.16513288895520628  0.5161052885111912  0.203800032231911  0.2310092281273773  
0.4618570396322101  0.14315403710847013  0.13031019093084273  0.15198212117916352  
0.9967854897483512  0.7691132044195259  0.5727675893880535  0.37428328987289633  
0.7662715204684808  0.7643609058143115  0.492661925011301  0.5392909809083813  
1.0231229099974049  0.8278096504621792  0.7166146813960408  0.7939237484849418  
0.9839424572461286  0.7581268710189143  0.7204305906482783  0.44937416827981613  
0.956935279414184  0.6242881157486642  0.7634800989489092  0.6599151651587573  
0.7226997827909177  0.7253514181607766  0.5290004953123955  0.3906020724802745  
0.688725828154154  0.641109170875432  0.45765982017993484  0.2677896175556126  
0.2915098183608431  0.2042455713381636  0.5033044747464486  0.23612556454878525  
1.0075475028409338  0.8263790826813826  0.7299208754794747  0.7964369445373862  
0.849688475716829  0.8416869541572385  0.8009110330092363  0.702670935933591  
0.5610377681231311  0.3796781141743565  0.8467971041362842  0.4470894227974706  
0.8487189827279638  0.6846530046504283  0.4879264091806619  0.30046474735900747  
0.6519451685844883  0.5893275753784708  0.41296599026725733  0.24039401888434098  
0.9791518714976472  0.7089362117390801  0.7125854474132073  0.42870592665777923  
1.040193232992118  0.5973285923475038  0.7246824338598638  0.6323520085670962  
0.4652551165234414  0.8235999783673507  0.0854627541473467  1.3859446900103187  
0.8202566575230983  0.3320458045404033  0.207812824376701  6.602373771176024E-109  
4.490130714328933E-59  1.6091274445167184E-115  0.4512170698880279  1.0750198796298607  
0.18603575468817177  1.2792263463887195  4.8774274064065065E-36  1.7587416591105422E-31  
0.950667674279487  0.3595408245048319  0.6543306947844086  0.060300259441413206  
0.7521546429588168  0.6341181495927685  0.8481910450970964  0.4772641372252715  
0.6005352686929256  0.4344794257005845  0.33924310808712926  0.0719158528706186  
0.8454698347773767  0.8327121215070251  0.7475581604308237  0.890149507625453  
0.981737533917172  0.722847604146045  0.5412814130667406  0.4182817641533854  
0.4443599257018173  0.3973789593604322  0.4464760066213835  0.3036265594796637  
0.6399568544241034  0.6039478726770193  0.5734756224522818  0.4181968069889222  
0.8312656470782296  0.5828172462184646  0.5542516924728553  0.2728784293033331  
0.9137766368122009  0.7832311769276599  0.7881467357580345  0.6477587935739604  
0.7368263558120541  0.5586337008547567  0.8139920831205858  0.7669720801419876  
7.933938126721233E-128  2.4897665143785366E-143  0.1419066809058252  1.1006621710227615  
0.1341309080166919  0.1322986271995187  4.906605338359381E-38  0.026263603895111183  
0.84283095286505  1.826779101745256E-75  0.17530558552114842  0.36980570644417854  
0.09928871896033047  0.3767905320101183  1.1018166476166573  8.405658328288714E-98  
7.527419836885386E-65  0.6238505192669572  0.41977742859407047  9.368559938786404E-83  
1.1098643008489578E-90  6.091655744140315E-14  2.72121817158317E-4  0.04210393303885107  
0.1688306358934791  1.132502778139219  0.737511913608285  0.0035712909210694863  
1.0397736979328795  1.9357746558795928E-16  3.590135902961682E-6  1.0927434626100694  
3.546013848909413E-24  0.47936104986286204  1.0401003842028576  0.7578874000537247  
0.5323374381775451  1.2297965806595257  2.1978333412490062E-23  0.20622191479887506  
0.5993556809882107  0.4790734568086936  0.5618319566839803  0.06268371420980377  
0.71157387050115  0.016233519540522764  0.4333964094431379  0.4842192817140811  
0.628705258951902  2.5695724613666398E-23  0.36412628701007704  0.4033196620451484  
1.1951162832114535  9.941608894799788E-4  0.5936179039485021  0.5396369160848589  
0.9831265319040478  0.9702878717720441  0.7263846000358392  0.6306474476491297  
0.6477046474636019  0.4766821850828031  0.35811430196291005  0.37687588198043254  
0.7475634431543497  0.5572601378439175  0.8546008057347109  0.4593017193977743  
0.6320078885649305  0.2835506413316069  0.5415123703686682  0.5225610289560383  
0.9203391508820397  0.4003328062198133  0.6188262218719335  0.42353191990323213  
0.6199845005372158  0.3743781227363682  0.4535097416473731  0.2760461541606047  
0.9867837820560225  0.46037342709460416  0.7670058343948328  0.577394982058961  
0.7560538170487087  0.6507190200628015  0.5933208717179057  0.4845661522090583  
0.5267636578575736  0.30056444559925455  0.7398715686702028  0.30955990498425895  
0.9496625483637086  0.692936009550126  0.7155538130544897  0.3484552201290432  
0.7438954008590459  0.4021849312049144  0.8048615354520918  0.37708588089498735  
0.782504188945323  0.5498683258987319  0.6133052266841457  0.36374600829085574  
1.0007292320239956  0.0013774510994233526  0.19699100675864326  1.2451153613224224  
0.22478398896841353  0.7912445513319478  0.8893605269890753  1.0567565755604627E-44  
0.6157681555924897  0.5115323063811937  0.557035590771289  0.2644507953195496  
0.3575644418597819  0.5452203207707157  0.5146262458633789  0.26394714350683873  
0.6244010437018919  0.31958366046518843  0.50851853688863  0.1457848411128888  
1.0188057288821986  0.9801546339981068  0.6418076458189611  1.0295767471934196  
0.4499059292549825  0.643472144783236  0.3419205525429413  0.1626294627179945  
0.7848562500877864  0.3008268877226547  0.5073127769931468  0.3054683218207505  
0.8569975453509429  0.39722426067632444  0.8652449883631231  0.5090469611955283  
0.8827986148511779  0.6508724267192405  0.6593746540368056  0.4148638648001356  
0.8229162163310594  0.6394787952610654  0.861243103962619  0.5073940924092506  
0.8049068091184236  0.6083800040145908  0.48887098184225536  0.23345952877309756  
1.0473371623809389  0.739070431185274  0.7023332353287327  0.6310192041353118  
0.3271615907609676  0.36388831576555236  0.4368387604678129  0.21306208563074366  
0.35671852588768643  0.31213935156891365  0.34639318914272255  0.266758444936639  
1.0282208486821887  0.8828958118961399  0.6974657842844574  0.8636346202001277  
0.7934241162289605  0.7065997576839088  0.5363393016424943  0.2783102485399311  
0.5669574511665864  0.5646353120828518  0.5732968827399799  0.4452298114829936  
0.16333209133381862  0.2527202922449713  0.13548918044907163  0.0681090707724442  
1.0086336017435302  0.5856295974369633  0.766353139593612  0.558417158377741  
0.6802213681253958  0.27948491158094846  0.9301432608888365  0.351193456805528  
1.028899388786511  0.9321823150074794  0.68513786143394  0.8076751435830446  
0.2931469186392112  0.07602460264239563  0.684061777063076  0.2799455545159659  
0.40201748452292535  0.2020430672986921  0.42180569273435226  0.1407045082474662  
0.7627349157344849  0.7312700109703213  0.678577990833807  0.35682199404199866  
0.39465251216343505  0.19118670146943004  0.3908679126057325  0.12349556669756658  
1.0031585118325166  0.7570870453922947  0.652511495927665  0.36760782660588176  
0.8386664012399263  0.40097159829354756  0.8339315856021904  0.6031707023211885  
0.2877391590774629  0.1453828744743204  0.1438272777717643  0.196599157524916  
0.9361075732796915  0.7675350851063463  0.7861177560117182  0.5411617344681489  
0.8671107531619138  0.7535577264753538  0.82366241662106  0.5881763439092793  
0.9677928718918045  0.48200454085080996  0.7995856074328798  0.6274380810873099  
1.003263555396525  0.9045692170967666  0.7169850421833468  0.7299518002125861  
0.8196267292940995  0.6291086519481861  0.8150238018799502  0.7334071264162171  
0.9795309607701587  0.8845440147560821  0.7300132018355676  0.7310864487529947  
1.0189919506254659  0.6129666396252028  0.6954437308596607  0.5298244783887098  
0.7613607047883633  0.5764846536169875  0.8912954818087914  0.4969161962931412  
0.9515925822611064  0.5940898845898015  0.8002728936634645  0.5526269028850553  
1.035895325066928  0.5399097092659083  0.7483125608388966  0.7267724590038731  
0.4043146102170598  0.2689710507347592  0.43049236743185065  0.2334866824595817  
