0.8271143663645333  1.0083997319607056  1.1643415854752355  0.881063627639909  
0.0  0.0  0.0  0.07002355080598655  
0.7569039149009503  1.0489428047349405  0.789614580270274  1.0509738640073227  
0.06522707237355078  2.0E-323  0.24469232604706578  0.0  
1.6985505180681284E-7  1.4300129813082058E-7  0.0  0.0  
0.7656258719620854  0.8353485942488799  0.49113686355538166  0.7625720703655692  
0.4694758336542304  0.6270645481521188  0.38020129568918987  0.5394957875179823  
0.7899829951478938  0.7747772302796926  0.579877372581315  0.6694469348133422  
0.8121330859611997  0.8508241369800553  0.7299354273164328  0.9320374574937115  
0.7060281540347814  0.5631713739234977  0.3836702937629591  0.7684249386088133  
0.2674674355064005  0.21666566854847  0.11517206106832356  0.3495107026938722  
0.7908707834770279  0.8937833852116159  0.7797670597747233  0.9265419363095466  
0.8195064368301044  0.7651987313267239  0.5084965770792201  0.7955094815856069  
0.8177538784942204  0.7557646341368505  0.5934531497103542  0.9115785364832177  
0.761703843363192  0.4210624459958866  0.4236871075796653  0.5719261244769335  
0.6617532842359116  0.4463186590618264  0.438477397027492  0.37494103024050046  
0.4166788113537663  0.3954757594911134  0.26520389362737773  0.41024038251347117  
0.6424965889037082  0.6176287234580186  0.3195832895279656  0.8131183483607453  
0.5578948079368344  0.5884288313578093  0.3391856753746269  0.6720712768616154  
0.6690481576302012  0.6989734188149571  0.4356195401773706  0.7231111331498409  
0.8284698395057085  1.014771833450235  1.1710733631162555  0.84860181022068  
0.0  0.0  0.0  0.13859839441959068  
0.8056822706089747  1.0337921727121229  1.1412034224095526  0.9457689473256078  
1.1603531504723009E-7  0.0  1.2007662743364984E-7  1.1385163619923129E-7  
0.0  1.2384687439253678E-7  1.3450037674254374E-7  1.0241767089071506E-7  
0.21061020594097715  0.32882944605723097  0.18822614906767074  0.2498074372862912  
0.6352740927522819  0.6635325233950251  0.4312906048383347  0.5143583004441317  
0.6199648893111989  0.780098635000837  0.3885080565773223  0.8505945790725876  
0.4469543274361581  0.25791978514248204  0.20452006651164512  0.45689320730392097  
0.8074967445803554  0.5740909842214871  0.39630514250278065  0.769864519969516  
0.5071207272974371  0.37659452937318894  0.3419452842330329  0.29216984802315704  
0.6651339565848441  0.32599763589516284  0.32197425509722005  0.5041558061544895  
0.6219038064631439  0.5416311194889785  0.34667831450298037  0.6003620113389677  
0.729023187668663  0.8461425261319959  0.4395762443198231  0.8932166740419861  
0.752234748485094  0.9297352857413097  1.2332918064050842  0.7314164545318927  
0.0  0.2615055492829937  2.5E-323  0.0  
0.0  0.0  0.0  0.23024280155128632  
8.12305711891429E-8  1.0133812988022933E-7  1.153210906271464E-7  9.513722678811691E-8  
8.787738181963189E-8  1.196059561142402E-7  1.559009826094282E-7  0.0  
0.0  1.3526568095132414E-7  1.5068083433979283E-7  0.0  
0.8164740409581791  1.0202000739637866  1.1469856828270786  0.9418891358537544  
0.0  1.4E-322  0.0  0.04369198427910118  
0.7895990101290401  0.9698239653321435  1.2501591984593383  0.6576691764624971  
0.009193470377893077  0.08762725522048592  0.0  0.3181310922907466  
8.013363181748937E-8  1.043125573937899E-7  1.1172506127684283E-7  9.49937520927578E-8  
0.7031436745759037  1.0572187453176523  0.8133490550211843  1.0471680939106591  
0.10038465659925605  0.0  0.2809320333618386  0.0  
2.613543E-318  1.6256861359111726E-6  4.20171E-318  0.0  
1.6270827E-317  2.0639859740570762E-7  1.5073600147238176E-7  0.0  
0.604779293387598  0.4282387346284665  0.37908205972231623  0.5438776441624589  
0.37442890083667607  0.5453044345480409  0.28244792153852566  0.4655936994538869  
0.6424925957050903  0.6508297629869387  0.4643529653535431  0.6224436641202954  
0.8115416341495011  0.8479740770935325  0.6029661784796263  0.9282827466548228  
0.5551488125533589  0.4974784158089646  0.4194003656085808  0.44588831480616803  
0.7349778166236806  0.5255414161818145  0.32903000344565464  0.6804486267968046  
0.7972584598875135  0.8615025461674272  0.5200692647831803  0.914514039448259  
0.6971860306163531  0.4266284281731036  0.3168622021731969  0.6937324563298942  
0.8181100450458836  0.46822379337138015  0.3751348112519204  0.6863138852335557  
0.838894016084138  0.35265077113668464  0.4813002506663545  0.5287875174029061  
0.5803224580972997  0.394116193610662  0.3972735511096079  0.40046857084287174  
0.821360627911899  1.0273997779808437  1.1664300540079648  0.8656973771514659  
0.0  0.0  0.0  0.17530072067642  
0.9056725542914279  0.6224603130700637  1.202933068386043  0.8296459338475899  
0.0  0.16729053563464524  0.06331072314590368  0.10847854778439729  
0.0  0.0  0.0  0.05229473574068826  
0.7956554099413684  0.8924538503871299  0.8286522871895969  0.9177355720387698  
0.7521449145833577  0.48856835762617173  0.5452425192808382  0.4752860363463917  
0.6887932720169808  0.5617381602801774  0.501139831895285  0.4510445863806795  
0.8114248818198349  0.8449961269504086  0.5364944051680024  0.9182605381567591  
0.8035389206015173  0.8814257938010107  0.7912863640353268  0.9225206448493806  
0.5431660549284618  0.5235782704219746  0.34393334815564364  0.4622804640781557  
0.5518694322314688  0.39684303489971506  0.35847373271771404  0.5064525335238582  
0.811008187951295  0.8680722534190451  0.7728024443712674  0.925651537213108  
0.5318698691159842  0.36970033221439025  0.23755767811178433  0.6175709006564182  
0.8309001560698802  0.6244752286499146  0.5885841061534791  0.6908214312628926  
0.8293776026787157  0.4121626194726043  0.4933682051615153  0.5522954183830622  
0.3743085242673822  0.29845301790545264  0.1432352439228881  0.5080250579238178  
0.5148248890190761  0.20228597815354574  0.3327915905923146  0.3252884419292157  
0.47042308712768355  0.3708518223824216  0.2015501135349156  0.5741134709423551  
0.6139783850336196  0.39837670693783855  0.3299355696161363  0.4251723505161727  
0.8025979989570324  0.909435912570301  1.1877796488395274  0.8737979361469189  
0.005639975849421356  0.10817410714879044  0.0  0.09112687360724109  
0.8231453240830865  1.0243223735050493  1.1642125026007357  0.866162864907901  
0.0  4.9E-323  0.0  0.11692426684016806  
1.5175012919332774E-7  0.0  0.0  1.402160310616227E-7  
0.7672863775689005  1.0101410118538292  1.1103591477249302  0.977400621705538  
3.0897912002192925E-6  0.0  9.089383989216607E-5  5.037E-320  
1.332407236809196E-7  0.0  1.760131053343902E-7  1.1060919045467471E-7  
1.3933763618809375E-7  0.0  1.7108264609839498E-7  1.0347043293576427E-7  
0.703596440781818  1.0397127595313624  1.1139618163111378  0.9421571585158133  
0.4762660573738597  2.5E-323  7.4E-323  3.0E-323  
0.4743480999482059  2.0E-323  7.4E-323  3.0E-323  
0.47246237270064956  2.0E-323  7.4E-323  3.5E-323  
0.5626630650803531  1.8546375777793514E-76  4.0E-323  2.5E-323  
0.4402709475705948  0.6070079483091545  0.273358772633847  0.5683107143161122  
0.8300482528312115  0.5962491879112197  0.5423017104726516  0.7753530158470543  
0.7565623723668522  0.7239992723559912  0.55079813655512  0.6574356973800923  
0.6581831736643238  0.8603452664465058  0.3856179344215525  0.873487030921581  
0.8359102375248368  0.49188853717694514  0.4333016865192806  0.7590680580287554  
0.7979564847810788  0.8878531738202388  0.7898293924754187  0.9238097423257099  
0.37413838825261286  1.1478158625284147  0.4916163804146906  1.5E-323  
0.8558194091653181  1.0E-323  0.4882697425383325  0.9899957935269024  
0.5912027754631131  1.0086658777693192  0.249143619468236  1.0E-323  
0.5665660571827561  4.9E-324  0.7219079853774684  0.44534632630219784  
0.014695823466378304  0.0  0.39042225249857  0.43231791978633555  
0.617273524063304  0.25843809610363305  0.36556597540221836  0.4568473596857772  
0.47619576350706905  0.333927522122796  0.19757018997828305  0.4637337661361786  
0.2945286721983035  0.35332294711725826  0.22640384821840262  0.2418705086524475  
0.6517120909722522  0.554141549126645  0.3022951601449115  0.745275870565586  
0.7890075034230979  0.9019026657553322  0.8839859478530279  0.9081354091534783  
0.8414349080777337  0.41722335422667245  0.451435516613929  0.7019426969623066  
0.39489651775097334  0.17842382652350172  0.22706655828335637  0.32525414519556833  
0.6842772458611533  0.44416401396018285  0.4102402908516512  0.5701329200083364  
0.7756396814142896  0.3948667301145178  0.42737439517055936  0.5293365894988556  
0.6785347452326058  0.8725217939584827  0.39571046451025016  0.8949507323550345  
0.7555238094911715  0.7593375453212726  0.5951720813573901  0.6026971108296452  
0.4445035997087299  0.5981111175592067  0.3019352301860813  0.5218404848090166  
0.663245898066649  0.5248741618844429  0.490976989762426  0.4366245228194043  
0.8170860082345999  0.8364067095717251  0.7605858449646443  0.7679713686208877  
0.8124449702770407  0.8547735076956546  0.6626043076932935  0.812013366119188  
0.015792016734406538  1.0776652861004035  0.9372594993347882  0.02836614244429022  
0.5907068175987934  4.9E-324  0.6252807305267705  1.0413809507735787  
1.0463411876102073  0.4394100550526358  1.5E-323  4.9E-324  
4.9E-324  0.042902247124743706  1.52489390335115  0.0782979996709106  
0.0  0.008360191113123269  4.9E-324  0.9447127916612788  
0.5279207673651635  0.33964123406573865  0.4093284363199768  0.36637084753729815  
0.3368480821780205  0.12849974408477127  0.22655408233333246  0.22558273339555496  
0.554969144970681  0.2734003958354189  0.341695440139399  0.38768193023833913  
0.5665140143536841  0.6823014213186857  0.4477300166908094  0.6613663345664048  
0.8251086359844071  0.647337813348626  0.5973829180783036  0.8603869195851511  
0.8351319662739095  0.5360358114504827  0.5095540634372449  0.7073107695229669  
0.7449724513092674  0.50791773642095  0.4896943455455731  0.4627426680024576  
0.8088145900414152  0.8574484789122367  0.6200001249082463  0.8612800265951323  
0.6881880891776038  0.4764090752466499  0.3897743748468662  0.7155395320228809  
4.9E-324  0.7291384011072749  1.5530779432383073  3.0E-323  
0.9736970668718389  1.5E-323  0.0  1.5E-323  
0.14620195591788698  0.019279498916066343  0.0  0.2337749781315002  
0.0  0.0  0.6218881147639637  0.1734646740194835  
0.0  0.0  1.0E-323  0.44319741866174117  
8.858299617151487E-8  1.1315142742908506E-7  1.5769127273716765E-7  0.0  
1.0E-323  1.0153632324480286  0.2707291592040978  4.9E-324  
0.9610405705084107  4.233581924024545E-47  1.0183909230465522  1.0399210442011348  
0.0511092162950864  1.1872687667105757  4.9E-324  0.43632901718177364  
0.8648773043038174  4.9E-324  1.1500426482665895  0.41659775269946775  
0.1939005268140662  1.9302630352423129E-54  0.1803961892763163  0.10828510468533269  
1.9524474936781134E-155  1.1368739201538234  0.703253044022599  1.0E-323  
1.0552037132443477  7.736330482800395E-289  0.336997908862059  3.196809772202288E-300  
0.02130443455553116  1.73E-322  3.66E-322  0.004201313026428536  
1.291402050143333E-103  0.10107678934737845  2.8934545788917285E-209  1.1709519582374333  
0.7274935886960178  0.38489127143466434  0.3445220485602691  0.6870786921813903  
0.5038195480252184  0.25194906704405445  0.28657519363584416  0.30594271407163265  
0.6526890728987421  0.43479681288609556  0.3511613152238925  0.4644254531165977  
0.7167122639872158  0.5738958418330268  0.5534276301962768  0.5108422606375946  
0.7359432216096394  0.7684952618699812  0.5099880791062145  0.8169225713712793  
0.6037543697050436  0.4347200929602202  0.38590972719862177  0.5565217519538209  
0.8163458847501781  0.8168363706362524  0.6014695191542767  0.8088839222640432  
0.46151221341600507  0.3432692464648199  0.29756612503691227  0.45637940252519776  
0.445342956365818  0.4854584866622103  0.26034378930134117  0.564367265085594  
0.38065594937562813  0.3691455641339092  0.2299067861988837  0.41311154544800316  
0.6638228422097268  0.6516937039046415  0.42981784639244613  0.6344614595080879  
0.19510486204914385  0.9470804936821069  4.0E-323  0.0  
0.7142814797027541  0.6090437968427295  1.1082330399188705  0.9530685660361514  
0.8716534467287583  0.8360745250119276  0.10987043373926388  4.9E-324  
5.70454559795E-313  0.1462489114214664  0.008484500070381503  1.1703266054139099  
1.358095422724522E-5  2.5E-323  1.4772629730833968  0.18392087991288367  
0.3848499642643187  0.37147102134874527  0.19216804325214326  0.45803428700793813  
0.5604008788927094  0.6077944317008686  0.44997045179553213  0.44509150397123964  
0.8160077547013418  0.7751603589094049  0.6679664124772687  0.9441948400513965  
0.6888238202071706  0.3371783211749966  0.3709179506010469  0.49610241880762723  
0.4260332507114112  0.40523634322169444  0.23412376875289453  0.4398972850012143  
0.17525989404535008  0.1724619451216061  0.10013226642421473  0.18517684869012332  
0.6863050841736233  0.7590244659652464  0.516517325065969  0.5773332453814446  
0.7103128210114672  0.2806514626291704  0.44254112065118417  0.44010884634256076  
0.82582049548212  0.7034446806219266  0.5869789078092156  0.7134885256340557  
0.8173363795277315  0.7484395989304867  0.47097263788737503  0.9227224540157686  
0.8426801665752858  0.4327193697402236  0.4816633122538275  0.6312556643574209  
0.8126521216465282  0.8311587027175903  0.6251068632683634  0.9362888120898617  
0.8323637718904526  0.5765105072766624  0.5701378393095133  0.7304823797021042  
0.699317797178507  0.4245407601180191  0.4956426626574806  0.4255050211831219  
0.5480912490758428  0.32881569178881254  0.3366352424213052  0.37524508218013874  
4.0E-323  0.6034321524411262  1.4240069486925147  4.9E-324  
0.8412781114915292  0.3266895663212042  4.9E-324  0.8617868122801903  
0.526526676873071  1.0899896760824124  0.45119797500442804  0.7039268833943078  
0.76712112261233  7.068988632646876E-134  0.7739806066861488  0.9119459871363643  
0.515313132604315  4.0174443774351795E-155  0.3000024566197292  0.6226285771097407  
0.805731884114274  0.6619574003681767  0.40309201207072926  0.7712591986719558  
0.8619824385964867  0.7421714561111734  4.9E-323  0.7097518929669102  
0.8647335502059521  0.31603338714840146  1.3500725505439432E-199  0.8353890016028567  
3.7834042643164925E-16  0.006171598423571873  0.3426670659247556  0.9061845988073465  
0.5200614918427469  1.0957564072919352  0.31170032115253193  0.8109615282437449  
0.6688526353047037  1.0993006181738288E-149  0.40791045025948763  0.8383690996448365  
0.7385004767109465  1.3355237531861163E-168  0.5951428798355937  0.5319531564095231  
0.8037348524928166  0.882592447078594  0.8049056758599403  0.9216762597480789  
0.6525324423319473  3.338310833450124E-161  0.3315205972935296  0.7569315444828659  
0.8029395352749087  0.732348718792995  0.40675774823224764  0.910375432075862  
0.8388463044027638  0.4548639837523191  0.41074941916355723  0.7242572813715022  
0.6291309152828217  0.6978406841139677  0.3249120191587679  0.8617517411530865  
0.8312846659322164  0.5533157323487442  0.3573044642935456  0.7698787212006272  
0.6661009277802941  0.41838065944296354  0.4768022002281428  0.4514544885041584  
0.42295597838463733  0.4920483459875053  0.22067511284378685  0.5594719646885692  
0.1647152960944824  0.974237019869355  0.4829730010985726  0.6335035436562172  
0.6733617699577025  0.11970594569576952  0.6082915997992083  0.32440893539595694  
0.3465956798889989  1.0356170843019579  0.42564625443971227  0.37634257804468846  
0.4062498071297717  4.9E-324  0.5283116689456413  0.2613830745837218  
0.11779315710025741  0.07291930944707933  0.0029138304346828007  0.2389413850335183  
0.7446618202700297  0.5979846589919465  0.48555742077805286  0.6493895414789559  
0.7338816426381861  0.40965433607580654  0.4261854224537394  0.49117087200969073  
0.8011433759656618  0.8812797224053015  0.7490062259842579  0.926728823006705  
0.8335186122064682  0.5215613873350855  0.5619752094401104  0.5624482983741221  
0.7113314884499577  0.5007940744112788  0.38191078278633345  0.7686189517613639  
0.5326628865698939  0.5513378890712114  0.30333997073079694  0.6005317514057353  
0.8126650062484511  0.8422393454938656  0.7243598391144884  0.9312939968486278  
0.31521475308609687  0.5020387801646425  0.16098709357935975  0.5583292817089625  
0.36340887440916125  0.4587036554332032  0.22145740422799892  0.46146823095338985  
0.7806182578105484  0.6195975220544627  0.5133319711650564  0.6864206276648223  
0.4044327321990908  0.25224330741800016  0.16383418234914002  0.4064739117547853  
0.8243666795729285  0.6700455325314385  0.566408261203662  0.8390382302935941  
0.8145319007290407  0.8058698304373804  0.6984855334145047  0.9385017281780774  
0.5207669448210274  0.27613357974738095  0.26908470582165295  0.44271548706192987  
0.5049833336188352  0.40792823657542193  0.27392291069486807  0.5426015780879202  
0.6840043805170006  1.1607544348872123  0.6743882995451987  0.1501957685069884  
2.0E-323  4.9E-324  0.35417008974948416  0.99133496644253  
1.0E-323  0.7624439693530288  4.9E-324  0.5918285210384798  
0.8992365788505646  3.5E-323  1.2514719156478584  2.5E-323  
7.087034833024362E-285  0.23846206580607174  0.36528082748343443  0.5061981630289681  
0.8196384173235289  0.717148652690816  0.4756999786961632  0.8115860656563104  
0.4428835160332836  0.2999515257484488  0.14596064596434724  0.5046132932156616  
0.7318502658389715  0.7510152579601052  0.5413362534753667  0.742896213061748  
0.7848360247703223  0.9059147562350618  0.8954429284103177  0.9063003384104708  
0.6285716758117287  0.29127509785362043  0.3798578906435948  0.32295937417755094  
0.6738703614867539  0.5808253481230428  0.4428335900920415  0.5164383619064545  
0.8273288861259142  0.5963447822784059  0.4147450580680445  0.8681274711139932  
0.6408052256736583  0.7075219601756996  0.37023479402578086  0.8432182988621283  
0.5953821624251018  0.4663422277327067  0.3484536692781436  0.4768880683048462  
7.913648800210327E-8  1.0681178236904868E-7  1.1357084548727673E-7  8.921740894657534E-8  
0.5133077775972719  0.10778035920303015  4.554988309868473E-254  0.03693222478179509  
4.9E-324  0.3804844272894689  0.14508224825501864  0.6399006784298436  
0.19105249592516438  0.40174088668819935  0.9060014356348463  4.9E-324  
8.32300526813763E-8  1.0890777489101256E-7  0.0  1.2209827936537284E-7  
0.0  0.0  0.0  1.7358694797615825E-7  
0.9021245161507468  1.0098027563937373  1.0329987584116718  1.2058412814314996E-140  
0.0  2.375231410482295E-202  0.06552404041667877  1.116163023770801  
2.0E-323  1.1883032994213765  4.0E-323  0.41503136638321975  
0.8106912306725383  6.392735711720601E-249  0.6711104632832011  2.3445892598769897E-306  
2.0E-323  1.0E-323  0.379256792975674  0.1624673754771585  
0.6517973983064684  1.0620857247555253  2.0E-323  0.9042740359281308  
0.769285477178849  7.627434543303944E-211  1.5084799502780764E-6  0.774681008746323  
0.7562936711619322  5.789749791640687E-169  0.0017898308954710255  1.011908391801325  
0.8226008839149893  0.7028289758029566  0.5732319527359114  0.8385016706969283  
0.6632863236358653  0.7014576318967055  0.3511830250519793  0.7660579869120339  
0.7549729579295974  0.3850112332043198  0.39846008783690534  0.5299802596451979  
0.22695985515854078  0.34832086078348956  0.2013512824033336  0.24429363635412796  
0.7991578790936252  0.6041089786991132  0.5449991154049104  0.6587566362026662  
0.8007784515538021  0.7360486256339437  0.4179427361919778  0.8223446590090763  
0.7391349278861087  0.3920623580912529  0.355215283010401  0.7467125063699956  
0.6477439338688594  0.5609279485927504  0.4471788232969285  0.5977448518771907  
0.811359567740948  0.8471609627921642  0.5822666233599612  0.9319983268210112  
0.7767895021631225  0.5439328938979257  0.4051176607676239  0.8060726696734225  
0.7486730863247131  0.602459793529249  0.43133445309816354  0.681905918920094  
0.8124975928406932  0.8335868170219773  0.5849985074479144  0.9239317794566673  
0.7478325909381747  1.007790522166871  1.0467037818034228E-67  1.061706660195237  
7.0333087606050995E-224  2.5E-323  1.390422043299306  1.5E-323  
0.594008854487122  0.6778773650515525  0.5564008670101704  3.432567813489037E-7  
0.828678731769117  0.5812507212248704  0.4148206412215456  0.8483306126732769  
0.009954102073307675  1.7645160924778838E-27  0.012544870185253649  1.0116229608046985  
0.596576859581242  0.7224622493536691  0.34102640384188804  0.859488980563297  
0.5292261830359041  0.44649359415734374  0.28076309430646734  0.6269312260040589  
0.5630193325234533  0.7227765312269697  0.45550420521821516  0.5722817784497642  
0.6799807761287582  0.4906004857538995  0.4515115328529504  0.46941074642582076  
0.8087997942398648  0.8533562522657125  0.5595608627728662  0.9293130081638882  
0.8134847926812065  0.8287911740859326  0.7323897438942771  0.9324968625373738  
0.4587750290553783  0.4431262959692021  0.2732726382425643  0.43647946937408405  
0.4538730628959378  0.47479189997581217  0.36021374607771484  0.36081044080871894  
0.38212062865374835  0.4865297472370536  0.2878697228439158  0.3542759215873084  
0.8118698460226295  0.8440904349887345  0.5844528038097392  0.9193916136405492  
0.7102021570041221  0.8405406690305235  0.42361123549414254  0.8584639421409395  
0.8198754922784529  0.8135740789695954  0.7680853741007672  0.715564991739875  
0.5857981407620968  0.6491186603339979  0.28876924703102697  0.8409524018709386  
0.6404739505074485  0.6059120364227335  0.334304152052474  0.6933322890057838  
0.6423352716567204  0.6665038943642642  0.40921731123262456  0.6684473543569136  
0.7787569864853805  0.8555101947860156  0.510585461748108  0.8570121771253006  
0.7881800514814385  0.804603975799031  0.3887067448004396  0.9019954637020434  
0.5592912805192697  1.0838514588688306  0.5357123737849034  0.6759665419027231  
0.7738438238326365  2.3623290637545136E-168  0.5841493298398849  0.6087472009085366  
0.6461901087970882  5.102997122405689E-154  0.373673281773258  0.7943557159634939  
0.5810836849135192  0.5667014430242925  0.45211780674236124  0.5809021677570223  
0.8152490541423241  0.7845424886654984  0.5391449656406108  0.931249278393739  
0.4653711887743213  0.6892237307663991  0.2983240268942264  0.6997146270182372  
0.8113554426759342  0.8493948658727478  0.6082961129326415  0.9340392516679081  
0.8160007179198672  0.8138621668984527  0.6555838889550358  0.8498185828584146  
0.4507091322501648  0.25414423321572766  0.20496993507255692  0.4186453054297834  
0.5188208797549972  0.4042713415709089  0.31193290103570775  0.4561221515156439  
0.47857554379864  0.5032650291088947  0.31690555971434914  0.5820309607870925  
0.7034743325266944  0.8304471897841766  0.4861772063739791  0.7643601675650522  
0.7253673332640049  0.5641184968770842  0.39769987763542675  0.8352554754791341  
0.447223726669578  0.38132889719764795  0.2655179243711495  0.44646888195640416  
0.8133371200229961  0.8105573467718824  0.4288227664357413  0.9056906061224848  
0.8335776571811525  0.617922030254274  0.6115790595476833  0.6043246869575037  
0.7856198216900468  0.5009459987797888  0.32717197733153625  0.7657130512011454  
0.8322874154298628  0.5877551242714687  0.5468539240359187  0.7115296265948975  
