0.8449559939446757  1.1155143143043025  0.8471410202245249  0.8580299323080564  1.0504939974119272  
0.010781844991488822  0.05442852409660646  0.0  0.025295804579294184  0.0  
0.6585072897457469  1.228348109448789  0.8669859329960118  0.9126124737500563  1.0187173891805683  
0.1634971932745539  0.0  1.110159223487383E-208  0.0  0.0  
1.3181490973471247E-7  1.4197843857256333E-7  1.1886026844422144E-7  0.0  0.0  
0.7253451254318856  0.013338200696504385  0.5510782831951544  0.5595697979536203  0.42305728021150346  
0.9525054721437705  0.24327890321418358  0.6909796496624512  0.8485187676052516  0.4498545430788467  
0.32764714630132385  0.17977446484320767  0.1947322464479785  0.4348590759224337  0.267094845647233  
0.7829391566640311  0.3259721595329063  0.4929891301657892  0.7152100443020214  0.46881413105052877  
0.8337521783966726  0.2672142820307134  0.4488782928841224  0.7891525188859198  0.41743263890479543  
0.9332937497493445  0.5211840659002043  0.7147223844779386  0.8506542989602359  0.6257885009812149  
0.9199055742966069  0.48864076852968985  0.7710000166191369  0.8591387985351876  0.7095367468148941  
0.9023305068424895  0.3985999190536518  0.6714615451893454  0.8907885729135698  0.6525745409839302  
0.6673484076927856  0.15274762449432155  0.5594800998849532  0.659458438008477  0.4653148554715474  
0.6346676809361569  0.20606335578230284  0.47027625798436085  0.5563636617085009  0.5156080238663441  
0.6250054484431881  0.20305508889329388  0.5743688170641973  0.5392591354471614  0.2745471393461616  
0.9219703694806959  0.4400817165312853  0.7621888594900238  0.8610395805531074  0.6979490211176025  
0.6210803363442424  0.06377158603898427  0.45598508598732246  0.5605984724132939  0.21540036711841667  
0.4145295583163499  0.19701686577653268  0.3236520049628141  0.4326747178647617  0.2562514402056127  
0.8002420154111147  0.23905904437253905  0.4651073385176825  0.8093669883008698  0.3294161589947182  
0.8259968030141858  1.0827537244363867  0.8418953280331553  0.8374219183987587  1.0701987452122517  
1.439970710588559E-7  0.0  9.776081605967791E-8  1.1972780900128584E-7  0.0  
0.8260990934958962  1.1751960227765157  0.861245159659415  0.8889745046328983  1.0332192219000993  
0.0  0.0  1.3562614645928178E-7  1.6035712268883091E-7  0.0  
0.0  1.8316537681100554E-7  0.0  0.0  1.760404681099164E-7  
0.8022174779371758  0.14741141081377587  0.4225973472997823  0.7425010443733099  0.2530374830433686  
0.8700557855825657  0.2562655322476685  0.5694899681226678  0.8157494209277859  0.45973255573294797  
0.9227893199954246  0.37786347188487607  0.7547686691282607  0.8648214338877517  0.6948954008919074  
0.7945022392989909  0.18457272543130446  0.3862908417809757  0.7976554136665035  0.3336267186673951  
0.9154818434899118  0.5715209585328196  0.7879118929458119  0.856563092697634  0.7346731324721059  
0.9282124709767858  0.47168086223748035  0.7493931577506651  0.8543771615471808  0.6560463382339652  
0.9263959405204769  0.3863529627599719  0.7470838963151849  0.8616622092118418  0.6724083910210749  
0.9384592963748021  0.37757608476135296  0.6060074440647284  0.8655400983450201  0.5207393621804235  
0.33400457334056743  0.2649286797964997  0.27534334117412684  0.38928952835859343  0.2937739057082482  
0.9676714820577306  1.1482868186534012  0.8394999617353083  0.9424983711849327  0.6015425146265767  
1.2741318104266595E-7  0.0  0.0  0.0  1.7408442794734394E-7  
0.0  0.0  0.0  0.4162037485017811  2.0E-323  
0.0  1.63027205404161E-7  0.0  9.303552597900911E-8  1.6167709136079703E-7  
0.0  1.6489056187853345E-7  0.0  0.0  2.503404098163427E-7  
1.305038416598683E-7  1.2970120474805466E-7  0.0  1.2746084439774965E-7  0.0  
0.880529265586675  1.10331233156983  0.8591043129354236  0.8185544369205507  0.9969301573333844  
0.0  0.17058559271321186  0.0  0.05876674647499108  0.002122804812227136  
0.7833911071790626  1.0943365019214673  0.746426602177399  0.8337703346108047  1.0715670284867838  
0.10306009820435744  0.05651184226664056  0.07075021513776002  0.021690729585762857  6.4E-323  
0.0  0.0  0.0  0.0  2.8056316528240207E-7  
0.8301216506572388  1.1198225240964585  0.8742116794097142  0.8359648665268398  1.0542421315998687  
1.0841539574873365E-7  1.166744483265839E-7  0.0  1.007404443761675E-7  1.0525535275638828E-7  
1.7303053910174542E-7  1.2685257118894662E-7  0.0  1.2250812434289228E-7  0.0  
1.3084247569423279E-7  1.425118650631029E-7  0.0  1.1064599203635677E-7  0.0  
0.9361422672078165  0.27183714427551947  0.7186878963337281  0.8621149422323283  0.6046321977254409  
0.3423207142662448  0.0037480772733598233  0.24948232654532346  0.2643729193380557  0.2652329970293139  
0.9452167808927036  0.3542101319715453  0.6646496299119851  0.8541911798346215  0.5120923801237532  
0.9235223261408916  0.3824139922692288  0.7538674611417021  0.8639290766565559  0.6895682018680029  
0.370264425203776  0.015592255741183758  0.24305310043427047  0.3420120623237778  0.33889517831746674  
0.8454317045222589  0.04868915367759309  0.560214816914074  0.6081744005117938  0.3892582500932671  
0.6902193631060152  0.12363895981084481  0.5003108262846814  0.6859723755149447  0.37202992256676404  
0.918604555440935  0.4394768550631322  0.7533132095513694  0.8650130170760917  0.6892541635627292  
0.6803311615915919  0.1705819412581591  0.6303614268481315  0.5793549251359492  0.5273121562922327  
0.9203359444140483  0.4432117356845314  0.76612081463919  0.8620023587448724  0.7082148148044421  
0.8768161733530102  0.034534063855017734  0.43164228362683  0.656553176454147  0.33693414361610335  
0.8305366427189868  1.0922218317549504  0.841971401594655  0.8445494686370606  1.065093120630174  
5.942593048482079E-7  0.0760314473310159  0.0  0.04182884893130832  0.0  
0.7560578182871649  1.107110520856483  0.8096835495151992  0.94007623813583  0.7476980444364033  
2.0E-323  0.07622853815415645  6.9E-323  3.0E-323  0.20567512538092053  
4.228492827033058E-113  0.03563599667560585  0.0  0.025902617253311437  0.0  
0.5610955378756024  0.07046507148564145  0.38457165838331137  0.5700132794864505  0.5854914475608252  
0.7491047507225931  0.18505256127275937  0.47548004818114503  0.6991115145079153  0.628836032353485  
0.9409540973804722  0.34606416811239266  0.7324061727281858  0.8500563298505884  0.5266532035523345  
0.8931127541312319  0.3820960143331595  0.6496433061169952  0.9006238889428047  0.5197615422562356  
0.7384645317694573  0.029999845948310486  0.6027570080726803  0.6049761204682299  0.3811511207647519  
0.9293511242181934  0.3711381979970442  0.7392151294737783  0.8605516375865384  0.6532493283086069  
0.4586706525605747  9.190260698925726E-4  0.30791949560552817  0.33257043589312235  0.19369221462178307  
0.9315845494414002  0.20449732147912741  0.7141411046577011  0.8703872298622607  0.574149345881114  
0.9300795707907149  0.31240634240455883  0.7334083600535795  0.8640394979384353  0.6498396799409416  
0.8788931567119073  0.2603463131235243  0.4912741288834845  0.819773673659106  0.5889279767465789  
0.816123402369535  0.14245883905168114  0.5876037148445619  0.8377907529245712  0.665748826792919  
0.8086722932931313  0.3224693939387806  0.40634704520914067  0.7509390010475292  0.3908345767259896  
0.44436060022664  0.03754939911913876  0.324698312858243  0.376491228322411  0.2692757768707524  
0.513332330418292  0.27257465092018485  0.3184578750488545  0.6542806855525665  0.35405055496798266  
0.5458535198322346  0.2733052700711457  0.3529136860821289  0.6261283707951686  0.4032964919910523  
0.8221636965935496  1.1851009174084746  0.8352600832398626  0.9230022116903569  0.7646771329352389  
0.10568775609056748  4.0E-323  0.0  0.025450268203063998  0.09042104716287774  
0.873670155833456  1.082590500234274  0.8825292510118258  0.8409018892381492  0.9431974946123083  
0.01184729860084489  0.08210582504909243  0.0  0.04044431727167403  0.0  
0.0  0.0  2.0955454829976178E-7  1.534147646951835E-7  0.0  
0.7937749208798381  1.1158572426528923  0.851435787125687  0.8635576772916158  1.0617466904731232  
1.6159201484131093E-7  4.742819292597495E-7  0.0  0.0  6.409939849260805E-245  
2.1917E-320  0.001630248232774184  0.0  5.306E-321  7.0E-321  
1.56918349379249E-7  3.5192867194092904E-7  0.0  0.0  1.0965680213168947E-145  
0.8196157090333712  1.1563226777519082  0.43760295157605533  0.9138253400605619  0.951511613446717  
3.483917398916864E-55  5.9E-323  0.7377839399699909  1.9685202660089126E-40  3.621089918036053E-13  
1.149609466064802E-249  0.0  0.69582904073418  1.5E-323  9.690249733296902E-158  
8.465496564754634E-208  0.0  0.7300610384991533  1.5E-323  3.5739291506282095E-206  
4.439918266345134E-265  0.0  0.5817663440811973  1.5E-323  2.8196579918365283E-156  
0.8667581534848712  0.1525043599969652  0.5626503380588405  0.8766802506194855  0.5956932090372121  
0.9345707647321986  0.20049506577028933  0.7131825171319544  0.8686893394436517  0.6261884732755771  
0.8471287132411224  0.06893020827496703  0.6654336029024115  0.8321713846358073  0.5676123862003463  
0.37882247938306374  0.013170626767186375  0.17569690354340392  0.25049542248330664  0.12100776912518606  
0.6910904811648466  0.2576704239174475  0.4564181770936999  0.7379616545412473  0.4584498874983577  
0.9378938360699518  0.13380896691616215  0.687204458410687  0.8721023588281342  0.5805149033886935  
0.39427590155904535  3.100180238672282E-13  0.48631334214257804  0.3608812615391154  1.3734197034385478  
0.43436376788446945  1.2723323722700337  1.0E-322  0.3998762157928679  1.5E-323  
2.0E-323  0.0  2.0E-323  0.22186854407342788  1.3655274114152616  
0.42418741659139053  1.1768259606288984  0.6832174755042641  0.35650998683703783  3.952486205E-315  
0.2755333174097229  1.0E-323  0.03776304061990684  0.6533176426607932  0.0  
0.6371708592865545  0.11886916645128988  0.4199687428434961  0.5739918170108419  0.5471690061337262  
0.9141092858087665  0.6594032113595917  0.7975647925262433  0.8515300696563767  0.7415067273205865  
0.5255909986813574  0.04280988191000735  0.37664496976041795  0.5180164432217574  0.27069142151904146  
0.9349654910865032  0.2439073873005429  0.7163664966742176  0.8652985173107554  0.6208894445162237  
0.9174372155694843  0.5748456044237992  0.7837426338549112  0.8549169620637109  0.7224609360634581  
0.468940747992356  0.022164027877109894  0.4148043354084659  0.41420909600555966  0.22352469509147435  
0.6596402057078842  0.1540615707559405  0.3819450143511723  0.6226890809554915  0.22846312787341955  
0.8851272362511016  0.1556159180735423  0.4578604855530983  0.7545831560504338  0.3855104437288161  
0.9134942449082297  0.03276997965146322  0.6161914257110651  0.6978797681530242  0.5723791787936515  
0.9453764781730654  0.3567170953552456  0.7363580801698931  0.8437924240153475  0.4670059527472905  
0.5196845801474531  0.11740793955944077  0.4151305311057701  0.4635595104022986  0.22313225775007878  
0.643213247321876  0.01702616067309752  0.3704414824974829  0.45283910770299446  0.4029634789995861  
0.9156172020537239  0.1385263817474286  0.7233196181410372  0.7907432792630179  0.679746677047836  
0.5226104560713785  0.07045040341559336  0.4132499716225236  0.5143744777587989  0.2833092596780554  
0.8552113408927484  0.11815426829301065  0.6082274621700783  0.6542656970777014  0.5314875450630876  
0.8742666100900734  4.9E-324  1.0E-323  0.8228556697751155  0.8174400879138228  
1.5E-323  1.1657542271656682  1.0890964173777409  0.018559668174678644  5.4E-323  
0.0  4.9E-324  0.8916709878987108  0.6873407478607646  1.1259569485618075  
1.4440074105413112  8.005661069843703E-213  9.27889278546552E-167  2.0E-323  1.4627935621131224E-4  
0.09068515368340606  1.623061453005753  0.0  4.9E-324  4.9E-324  
0.9341299702313941  0.4054661707481624  0.5050899363305188  0.8639907755922221  0.4143527104330247  
0.9289922460315412  0.3389569421867717  0.7373504428018729  0.8630723424522154  0.6571592895240949  
0.7791095997963876  0.049285510944859494  0.6671446089537899  0.6113024128548082  0.5669595821632771  
0.5783715874766651  0.017683334179310922  0.4544684575181591  0.502151132833529  0.40950453298114253  
0.6229061823607056  0.11347674583332046  0.3994002860431069  0.5152105744130796  0.502977673419564  
0.8350422815524796  0.2655615357245501  0.601650157786909  0.693226862030779  0.5533384536454491  
0.7576880746994458  0.27804986914642454  0.4114511339011181  0.6560473738137027  0.39982572943430417  
0.8902733439369215  0.32380824241357004  0.6765643992927481  0.9056362517387743  0.6716062795321933  
0.9401459137277677  0.12493882277199866  0.6887498164128764  0.8705623332775513  0.6010351729710139  
2.5E-323  0.9699748947791578  0.0  4.9E-324  1.168844863729145  
6.151790616241809E-157  0.0  1.026777447880483  3.0E-323  3.0E-323  
0.0  0.0  0.0  0.5283117564406717  1.5E-323  
1.2030683085982357  4.9E-324  8.159586617245742E-29  0.15515897313767474  1.5E-323  
0.0  0.2774319570017186  3.383260401195802E-201  0.4790178322746657  4.0E-323  
1.1772214143081441E-7  1.251568106700556E-7  9.574844256491051E-8  1.0834916982372075E-7  0.0  
0.5960648071688199  0.0  1.0717534177497419  1.0E-323  2.608851694948027E-286  
0.08560916746497631  1.644217487190508  5.130992796111493E-65  0.9671132271056636  4.283191724786986E-112  
0.5785452214022835  0.26622256405239536  0.045111391874182005  4.9E-324  1.1857820572116466  
4.9E-324  0.8393801540947717  0.8334255304830916  0.5698599262233076  1.0E-323  
0.06378202922359644  0.0  1.9484701695595816E-152  0.4572766470416752  3.0E-323  
0.6147311527638153  3.521985581275874E-23  2.5E-323  0.869750371760802  1.1859110471622851  
2.0424337975218046E-32  0.4222622688410574  0.062032610531411576  1.0037800904847853  1.4204230887856053E-198  
3.542872221529262E-32  0.5472510558416893  0.06169883037028136  1.0036538319303956  1.1947613627580296E-209  
0.1816317273744339  1.2718553179439052  1.0796774559349802  0.35614006839092843  2.3151189519889213E-264  
0.7328831665484727  0.19171533856898493  0.3478729988497175  0.717406918940665  0.3703569547184764  
0.9191263623727057  0.5462529442568069  0.776982154981951  0.8557596525183646  0.7134481412102169  
0.6287021325945498  0.026515220092019766  0.4437815215683759  0.5485409607717769  0.5383302211471027  
0.7944916130338833  0.355062879768525  0.5562594101755816  0.8525543586308413  0.4813195753459122  
0.5568037803550181  0.03225927338456066  0.4488711519276569  0.44806705029285293  0.3869967414372162  
0.8582746607845785  0.22605235213020186  0.6292876500628063  0.8794746024956802  0.642659801152768  
0.6711878070742463  0.11947132389975633  0.555928568936542  0.563548195267573  0.4260986421993672  
0.9593681777875679  0.170732186033859  0.584771771413335  0.8406329987761711  0.5287728037267758  
0.8371237824522023  0.28476427101404006  0.6828603752335993  0.8321233930316575  0.6134707535173844  
0.2661366377743877  0.03509184820533028  0.21079299418944475  0.20807877187720758  0.16978103440192682  
0.9498848784951067  0.07213485267486919  0.659456799017179  0.866537532184458  0.5287387084037115  
1.3589351033945198E-218  0.3495622662681604  0.3455131956643993  0.9597119345890419  1.2438095147483212  
0.8072142850091217  0.6808579863869796  0.7650634284842702  1.3334E-319  1.0E-323  
3.1344139348462174E-38  0.3877654712495101  5.998391354279687E-66  4.980568077611542E-303  1.4132012321837932  
1.3053729413762218  0.10154947783523702  2.2974605379587758E-82  7.598177550853891E-13  9.683338269321181E-166  
0.012098132494360519  0.52528627772631  0.07502521686476134  1.1177996179292216  1.0E-323  
0.5437276556852212  0.22347685178093302  0.3232295673879087  0.5065091529378827  0.28399113184357505  
0.9331999930997097  0.16517808181431878  0.7411431450411292  0.8600261913474868  0.6202310893191747  
0.9458851932362371  0.2221154380518937  0.6826987566400432  0.8592987793218398  0.5053651197963517  
0.9460449228902377  0.004047242744302556  0.6922842896519303  0.7576241853753626  0.5337217359060676  
0.9248811598626511  0.4225451722606887  0.7560975763009937  0.8598915198412687  0.6758004684481123  
0.49008757899127436  0.05436502539430223  0.3254649348766614  0.38249978084806346  0.12242782393584656  
0.8923105879883166  0.1652359114842649  0.46232069486971916  0.7998196021748138  0.4931120778100266  
0.8586587891651799  0.24886384975189793  0.4151489216557961  0.7250015807810264  0.3397047728765971  
0.9548154309678973  0.061121472896828545  0.6214502066100371  0.8662547415186397  0.52835520829302  
0.688253091325226  0.16411705190072776  0.35200574623267245  0.7015767813327664  0.3292019812335198  
0.8415300869847444  0.23707798888795686  0.38652938673563997  0.8301855137422925  0.33403260834673115  
0.7023429294611779  0.09900559941864377  0.298889204652064  0.6469743949619686  0.1932228802572685  
0.9042137607114764  0.21874430324347294  0.6209518087442661  0.7204870733383282  0.6678318573848941  
0.8972209642952097  0.27268235820739983  0.6188842268499676  0.9088830786429278  0.6596260395776024  
0.9427585657391147  0.1208395033264878  0.6677121009923067  0.8705603163425432  0.6031204287680137  
6.1392636851535084E-99  0.7296615332951727  1.0E-323  0.9714071925830079  1.1041511539000288  
0.9672101295597226  3.888201155427963E-247  0.6617964347516593  1.0E-323  1.4575494189596264E-140  
0.9576231094470218  0.1302797663516868  0.4344814858259714  0.5541721519452597  0.8394126689393046  
5.772514114960743E-10  0.8801773802823318  0.6862670054027176  0.9967106651232214  0.005061557617145722  
0.006151897735284414  0.18217960394471175  0.33800226815167994  0.4920598819703661  1.2085606871844713E-14  
1.0716998844985866  0.5845020681560344  0.0023430602696264138  1.5178884640504201E-18  1.3236273708467283E-11  
3.330750685800537E-189  0.6470770207875728  0.5947344134125936  0.9143651162252793  0.9990407665296275  
1.034137866462053  1.0394110827762226  8.070000076217382E-34  1.145809053695599E-8  0.02520183767851182  
0.0014121000906320077  1.2661337235748216  2.03E-322  0.0035744659487567288  1.0756805349257683E-56  
0.9497595102404315  0.1566066051793946  0.48400154699771075  0.7390766252030807  0.8353753231004941  
0.00961154803208515  0.41112017251481153  0.527567355753313  0.8143112874119102  3.329446773834695E-14  
6.058375582125586E-9  0.28264323950457615  0.3683838618206629  0.41674866433929425  0.0013022543797536993  
0.016116174073538256  0.2168035374646923  0.7943642794939494  0.8191732997752451  1.8642886688119813E-19  
0.46781427284965726  0.1205013106699008  0.3473576630974799  0.5705276084068407  0.31018259531998954  
0.9277665325929431  0.26593317138948924  0.7425778001446663  0.8678507151522111  0.6680407898969132  
0.9260447013867894  0.18163175232182938  0.6950673066322307  0.7464622365001315  0.513605936332594  
0.9147286553395705  0.624564008879635  0.7940064694773654  0.8534150818597557  0.737589785807886  
0.9232234761095701  0.5305692892823193  0.6913966519524788  0.86153204164347  0.6104713651279466  
0.6823197456462791  0.20379309960592065  0.42622676332961745  0.7380031622386181  0.373369106420964  
0.9202667008917983  0.050623871630810356  0.685401942056088  0.7228519032336005  0.44180852022103045  
0.6601916568251506  0.7151675114849699  0.6746115933258474  0.1224227420411024  0.7001406758628733  
0.08367478174201172  0.8812883876960869  0.517487166212681  0.08256154061049133  0.3868222637912824  
0.8395931040229022  0.31337378327822  0.40694326271498804  0.3165322721277126  0.6326462208003232  
4.484223776438138E-244  0.48516422284026955  0.3778477083820184  0.5199336713791497  0.14607312388320018  
2.5E-323  0.9523931795516849  0.10706165892716166  0.10595159601793928  0.08759674034877352  
0.6771566638425315  0.11628479150356588  0.47514845415613627  0.5412711990991248  0.21906164224087385  
0.9265830229024092  0.4478385113728587  0.7508938443528733  0.8573253298148419  0.6696564461035688  
0.8239904464057571  0.17853464799899624  0.5857753204734991  0.7848453341175086  0.6587269817305164  
0.8334074901035313  0.16149770678881717  0.6016594532203976  0.6953598403033658  0.28298197820239956  
0.8749205110832461  0.2637841003260533  0.6079789413971065  0.8375582238471382  0.7077954507759158  
0.6856584398043949  0.39437986943513953  0.44473684691879123  0.7279985031268802  0.41841720997844406  
0.924862962380163  0.42403114017406174  0.7539360565506724  0.8601114627464538  0.6804782554655532  
0.8902485797756993  0.08597581787907287  0.4537825235689539  0.7157264879819781  0.2706582350062008  
0.9316269378810379  0.23337185707524957  0.7291381028653732  0.8676365260226538  0.6316359426616733  
0.9357068190837441  0.32796516322017316  0.7341203525801274  0.8340293683205067  0.4211683987960472  
0.9365246626582189  0.22901965220995865  0.6924941444928664  0.8677762881395439  0.6385235480256403  
0.9475892507565197  0.09614519181976294  0.5935331349094701  0.7402724169786441  0.6103961480495735  
0.38498041903653196  4.1030723968319105E-4  0.23112848614966094  0.26488419679467334  0.0784656208691251  
0.9295759884470861  0.26857279673351603  0.7213671652390855  0.868740235910892  0.6719067921678883  
0.8232625220312103  0.2726775674651636  0.5750638874791348  0.6713844065997719  0.458544619182532  
0.8277795098053738  0.30647350882723723  0.2073282988598007  0.9407086172771295  1.0519587159149748  
0.09113495171204616  0.9638758837547162  0.5072262040395942  4.9E-324  2.5E-323  
7.657203901195552E-35  4.9E-324  4.0E-323  0.9887923881253002  0.43906047440177676  
1.0153126641024253  0.20599166420288537  0.926816503643039  4.9E-324  0.0333588763219293  
2.5E-323  0.42076202174998  0.0  1.5E-323  0.6707983686024782  
0.6254512595363703  0.21536940306994495  0.5631817656270964  0.5844624317115797  0.3264961068295518  
0.959844130605805  0.03611765953944764  0.5975462452469138  0.7525444574766603  0.4995763459254063  
0.7417701283435628  0.01811068342415335  0.3885409563571988  0.5619719336900659  0.22790289953158024  
0.44627542077993315  0.15279360670115633  0.3743421099385183  0.39304280788098617  0.2609903813815175  
0.923197501944838  0.39879628641216663  0.7487640796026298  0.8639716775642373  0.6997693489351638  
0.6111073922091987  0.26598493780275434  0.4662151880429406  0.6394999533699505  0.5832217777335672  
0.7209163548090237  0.09921334875200818  0.39488070675003445  0.6339458182785707  0.3645171472404852  
0.9296157463740514  0.33085563902371284  0.7355729419904112  0.8631431011566484  0.6528559632140134  
0.9173790864862915  0.3661142721905236  0.6599432494549963  0.879805666687612  0.58891024816762  
0.06500256739026375  0.0  5.74404934455173E-29  0.6904376737748511  0.0  
4.9E-324  0.0  1.0599377614838514  0.1869881265998031  0.10039441628300805  
0.23319116785333618  1.3950743081564383  0.0  1.5E-323  0.1690859526035041  
0.8878513265076953  0.30464235074101376  4.9E-324  0.013460142515669666  0.9766487403534428  
0.0  1.6775862586385812E-7  1.374949034898381E-7  0.0  1.6175091768754916E-7  
9.576621590571499E-8  1.0937601108795092E-7  0.0  1.0742937689204465E-7  1.0967534423590333E-7  
0.8837501530288016  1.1285824630222032  0.8566965642621073  0.39741756715636645  0.9246558428650897  
2.0E-323  0.9853772661908425  0.6159213162685319  0.9806919835158016  0.17824318227609764  
0.6419590777261038  1.1456530699975436E-189  1.0E-323  1.0E-323  1.1389463861440656  
0.03555732765189635  0.44938474815473484  0.3839309400350577  0.28313527774096087  2.0E-323  
2.5E-323  1.2600383274664224  0.0  0.79848861037075  5.521730398666729E-71  
1.776316070846507E-29  0.5949658990441323  1.3285126511227134E-21  0.9821863755523934  0.21021375287563168  
3.104387535491888E-88  0.8378111935765663  0.30147844106469257  0.9997646664577101  6.694363130004574E-5  
2.0473089755221044E-75  0.6256072633639582  0.2533390229759979  1.0001710042360823  2.92340870733447E-4  
0.7213897282370353  0.3093569227914563  1.0207243007364057  0.28790833111941566  1.0E-323  
0.726020004821151  0.1375919724238962  0.5076362746798166  0.7934783718579078  0.4879893491589263  
0.42437830813020144  0.08254331930554087  0.2296869943346887  0.4499655562088381  0.1567898911972936  
0.9186191931720434  0.36992517447463785  0.7501801402156201  0.8680208826649145  0.7571512886722709  
0.7307579646327185  0.3014225336875463  0.5273988596936742  0.6197027983509311  0.36143997175829323  
0.89862967232191  0.25563041203254605  0.7608912459755572  0.7492664361564715  0.5329275616541889  
0.8844070289997364  0.018214467060598545  0.4847252469588277  0.6441439594389963  0.26093890554453003  
0.37917744427691485  0.2877253485832558  0.24483757364395306  0.521694056484582  0.3909520222201687  
0.83179956018018  0.05141695823412321  0.5819793417596425  0.631911863011762  0.5335802274490593  
0.9201516235730149  0.17301158049469734  0.5502494041393546  0.8370335293477524  0.5683371559476809  
0.9461517139552074  0.38674665558825566  0.6301530531517735  0.8560954621255639  0.6225879974945681  
0.9221869055162261  0.2550082474241742  0.7694865038719791  0.8260529750118536  0.7176507923574962  
0.750359752006676  1.2766544520309164  0.582948544269063  0.3560046020344535  0.7516230845983664  
0.22355299678440235  5.399769892463374E-99  0.567228155748586  0.9989082847170154  0.04575051710233943  
0.9430890397875026  0.24651293591989162  0.5389685293040825  0.6678733945167086  0.8520518799330123  
0.017394860540908916  0.7048022386760833  0.6759411200471961  0.997533477430229  1.910863234207459E-21  
0.361471996228313  0.003819276489361161  0.20147842273077252  0.27071803420532625  0.17713084471983037  
0.8861490458806981  0.20944623429477013  0.7537977804875554  0.8289481206768462  0.627520453142226  
0.9154912172276981  0.6268886110351224  0.7926192807361836  0.8526764643972593  0.7328657296370658  
0.9300823047915451  0.4628747706778648  0.743482557480011  0.8536572524487189  0.6438422229471922  
0.9779876058282717  0.08557010971967396  0.5862101185633036  0.8313227257965603  0.28555017949470823  
0.9448270033838728  0.11196738578640464  0.677751468649251  0.867465566738493  0.5615329900273978  
0.7569446040318997  0.43262312446878254  0.4526415664575102  0.8905929457434207  0.6032566152220573  
0.8265089013448204  0.062144481042229964  0.40282539305737286  0.6415093134552302  0.3722194896802663  
0.5563771110122174  0.020819523021314006  0.3400038672643668  0.3984445463538618  0.2463073253965272  
0.7439029483611556  0.3360192114166991  0.49735631335820996  0.7173230542059145  0.5582702767892218  
0.7066848035414098  0.0502406273588555  0.33787407183865564  0.5029804647439328  0.28995144956416086  
0.9527274598704288  0.15026858159319625  0.6179903852392971  0.8276498261846365  0.5616238947065103  
0.7902161346428705  0.34132779754555137  0.5228998473506994  0.6828160166980854  0.4609476349947464  
0.9189169913838252  0.22574224659931288  0.625372847643443  0.8168660082386889  0.538925996009471  
0.9371420111915473  0.32773374486203677  0.6955815221339099  0.8602448142430211  0.6323213182144751  
0.9441981672864108  0.0837794427621394  0.6510351224589195  0.7653032036547768  0.6176392591364331  
0.7723867099727655  0.16749268563473724  0.5431647185762791  0.8367797417585826  0.3252687576768963  
0.9526590532997755  0.3567866020704939  0.6492956054705205  0.8456722345541734  0.5153566358577781  
0.9823101144579318  0.13722178348863928  0.24349368164224391  0.28133666828308906  0.8166597701150087  
2.167704125410406E-8  0.12464988865162095  0.4777266283413578  0.5244802624581438  0.001120998447942674  
1.8851644375018423E-12  0.5562194452274272  0.6989688344046865  0.997281706477342  0.0039167199326603855  
0.9216540907314701  0.4468079050282951  0.7643930477880853  0.8606743708809845  0.6979477867058705  
0.9430320229276329  0.11701436866075221  0.570785100741249  0.8798150091881237  0.4769704040623708  
0.9059505540049181  0.10095260016500435  0.6642127201325319  0.8647992608720488  0.6844882700672363  
0.8450617118019621  0.3542537310093885  0.6477721488017316  0.8694616676545878  0.5090150008750858  
0.8123445543965734  0.18425711217778595  0.6366967926944538  0.6676117058737425  0.5960969448876904  
0.5663500707073454  0.15602320069881612  0.40296348482680294  0.5205595690383941  0.44006102772852385  
0.391952490278624  0.1719456994325027  0.30819944805397304  0.38997396346682545  0.3513756570110093  
0.6395711879854156  0.0984152117411094  0.4241104081719177  0.49285284264334134  0.3035389409377117  
0.9295231016143362  0.2837330847386392  0.7286555477310636  0.8669277112146333  0.6608265111798076  
0.8258054008328446  0.26490899830030656  0.5546846758283221  0.7135870402503932  0.40035752836134303  
0.9272554342340302  0.2517784961852243  0.7314320329183001  0.8707261372114499  0.674934102225256  
0.8152938172078353  0.18140894950074946  0.6807355981385841  0.7464167080561996  0.5883123408624694  
0.9290072294961987  0.27083871886531363  0.7312595068666091  0.8678541037434094  0.659600074705389  
0.9234660932516433  0.39876948377105104  0.7550209770473827  0.8628800283519407  0.6902423433562994  
0.6682908264996861  0.09831620049376262  0.33559084667378847  0.5838547158373155  0.36022666166573997  
