0.9648158668886485  
0.01405552469292117  
0.9491773660396348  
0.03031475813488994  
9.775500783019138E-8  
0.5120370184259899  
0.8354591178190205  
0.8413256919210741  
0.834982079610353  
0.8392221297847443  
0.8413553984262  
0.8396953881989514  
0.33132621823232716  
0.8408297055161126  
0.8364451556089607  
0.8333135499499351  
0.7441180405593782  
0.8372066986880421  
0.8369655039489493  
0.8385200146116643  
0.9634561810112019  
9.781481972671602E-8  
0.9813663077554807  
9.920833251531492E-8  
9.815293452098894E-8  
0.8319386832819555  
0.8405961324832585  
0.8403851682579773  
0.8380932778079843  
0.8324112940337992  
0.8356663582921549  
0.26091458193544925  
0.45283340957483176  
0.8380249284195138  
0.8495427252264688  
0.05572261199608213  
9.952935234559894E-8  
9.846140813839321E-8  
9.83236709561677E-8  
9.758106246486152E-8  
0.9661894945460039  
0.030183960314535616  
0.9315910366122934  
0.08817087274481827  
9.948198656581676E-8  
0.9658187092013455  
9.696616653157332E-8  
1.1093371485653655E-7  
9.797687203466538E-8  
0.8381527653307331  
0.8404584890636786  
0.3094359010476593  
0.40309030293699477  
0.1924322381099996  
0.8394352861785507  
0.8368369020927251  
0.8383576969919285  
0.8415521939705158  
0.839119154980827  
0.4840766028725766  
0.9574129701841688  
0.022357575398384327  
0.909324131605546  
0.09603545288576629  
0.009365225247451207  
0.8403439340398167  
0.8414140699715221  
0.8406740567461569  
0.8408508401145253  
0.14934264721974497  
0.8408902877886385  
0.8401262443488804  
0.31761204300669443  
0.2893054032475504  
0.768442252619447  
0.8399592707021946  
0.27053447483407833  
0.489917696472286  
0.8386275407385286  
0.8367586736526456  
0.9252617323485557  
0.06133939961651404  
0.9616206189302297  
0.01534241137534209  
9.919737244863788E-8  
0.9748455997003622  
1.6473905962389126E-7  
9.872872161102084E-8  
3.291669308909792E-7  
0.9173209777123932  
0.019638188784554974  
2.89255786544693E-4  
7.945503548064151E-5  
0.004516737961867252  
0.015693507023150473  
0.2129803483253314  
0.8364175586610214  
0.3976919345246605  
0.6193947433777651  
0.837985653537199  
0.4162745307865067  
0.49434313087706633  
0.2848593670412147  
0.4131474712627887  
0.15617850740264827  
0.8389682306264971  
0.12441644527788362  
0.8359144448298622  
0.8414051909592203  
0.6695082831196698  
0.839333257945502  
0.5291880756134526  
0.7903271264906209  
0.5396579946505807  
0.8388031466064406  
0.0237624705572411  
0.7038663095854978  
0.8260320464308649  
0.19582280081722256  
0.8411220248204869  
0.5355482688863314  
0.3849200379829165  
0.4579095010233202  
0.2516983000928541  
0.3916600679210929  
0.8375181317894823  
0.5949009715869702  
0.8408257405640585  
0.07756461746829196  
0.8415353324207236  
0.8393326333692998  
0.8403905141986524  
0.8354951949383169  
0.8410168693993364  
0.5871722801938036  
0.054989786244404495  
0.052182702447131225  
0.2255884037554403  
0.057793794020459685  
9.900064198485099E-8  
0.359388387911826  
0.6914524369147615  
0.5526341604837269  
0.3028541500816132  
0.0834970317007966  
0.6480154846021949  
0.24923378168819144  
0.0019723660429345116  
0.24802307462489828  
0.711857077738644  
0.27025756874282314  
0.8383905637545119  
0.526466138225973  
0.18254517912847584  
0.8345098504639337  
0.7822023646288702  
0.7723190055053092  
0.3445454073366238  
0.7165451661679055  
0.8363043721346122  
0.49641818680200817  
0.5497050877899462  
0.44317928270167045  
0.5096123633955479  
0.022053675450380516  
0.7674405227166035  
0.5731855149450699  
0.8261887638662162  
0.3516411722761682  
0.1894417114604402  
0.8414011097374781  
0.3417107798583019  
0.49843537900150814  
0.8336871571921362  
0.8409290121908651  
0.023922558620787886  
0.8386908718588474  
0.1792634011045139  
0.5947090303328947  
0.5868462087673935  
0.7372243587616324  
0.2340148897205726  
0.9166184031105444  
0.24400057087246543  
0.18110320450658784  
0.5267943462965123  
0.5343857055817482  
0.698803474812365  
0.056169382502022976  
0.917184896506743  
0.03613502656575796  
0.2282229514942509  
0.09907080774653254  
0.8321423338425037  
0.803917117626761  
0.1087780070008169  
0.5808353470968329  
0.8408236407314348  
0.8392818424780003  
0.8307173873823513  
0.7082014891447127  
0.28452144937497326  
0.5855007498821141  
0.24779559082316902  
0.19313760642009303  
0.008718756389503906  
0.8407036180964541  
0.8397906406618487  
0.21029980969914713  
0.8407640493393964  
0.5387547625096429  
0.3741060283269369  
0.8360689539717572  
0.7476602724598417  
0.3068838685633689  
0.8410249818971894  
0.10184092976439742  
0.8368378929989719  
0.5109389723927751  
0.8392463973969312  
0.6669394170998046  
0.18650226919784763  
0.5652271218876744  
0.22672221704292253  
0.14351385229121746  
0.11615549013441594  
0.8357537864300699  
0.5100296270597992  
0.8401668024571152  
0.8350450370489396  
0.14898565226823082  
0.8409308607503814  
0.8395654510048608  
0.8410199604458763  
0.1677738920257718  
0.16069303736951593  
0.24440523437579348  
0.38661628629074457  
9.857634985851231E-8  
0.12133394994649262  
0.6389881765957252  
0.002629016201197779  
0.5747793552989673  
0.16055598739637358  
0.07553823916540942  
0.4875011575478884  
0.060233723375330284  
0.007498540655874546  
0.9195865381074765  
0.6080612978891876  
0.2604991736293003  
0.15437990664008128  
0.8326148116439291  
0.4787355617778591  
0.1691614597344233  
0.6288370548095719  
0.5152801444233412  
0.8406257292847634  
0.6350083285242262  
0.8411424053670017  
0.9216255926048059  
0.13301869053679893  
0.9170749511870113  
0.065029342516961  
0.057056475866242275  
0.5437800232739213  
0.8401927903617442  
0.8415187122174932  
0.8369849450141299  
0.6908063684110102  
0.6397525917684392  
0.8379659649509538  
0.8383734536281843  
0.24321169387315336  
0.789213508180403  
0.8410303165754364  
0.16075433605075454  
0.8406539460584129  
0.6832340964262991  
0.8359742339460171  
0.2490002561037459  
0.9169656304970228  
0.8993097227510384  
0.06918036832396947  
0.2546204562945547  
0.837680198243539  
0.8383130532651836  
0.8407359925909398  
0.36678703471001095  
0.07022636374471121  
0.24978950872211308  
0.8359468941903617  
0.8385410922024219  
0.8333919147721391  
0.6109506317144956  
0.49342962669275664  
0.7782057057784969  
0.8405372857576074  
0.501371314057599  
0.6214312862519645  
