0.7735569232420596  
7.80828923734261E-8  
0.7313511800652874  
0.04219923482555465  
7.871161196512905E-8  
0.7714057253079073  
0.771405725307906  
0.7714057253079082  
0.31430795552051355  
0.6280797864174807  
0.7714057253079081  
0.7714057253079073  
0.7714057253079017  
0.7714057253079031  
0.7714057253079079  
0.7714057253078352  
0.7714057252990687  
0.7714056631538982  
0.7714057253079066  
0.7714057253078991  
0.7674587900966993  
0.01832217893796207  
0.7838671909392838  
7.862123683185537E-8  
7.839968072977216E-8  
0.7714057253079056  
0.7714057253079083  
0.7714057253078966  
0.7714057253079076  
0.7714057253079081  
0.7714057253079034  
0.7714057253079043  
0.7714057253078623  
0.7714057253079081  
0.7109881410311365  
0.03779035186839545  
0.04222071475142093  
7.90905824066999E-8  
7.870238422943797E-8  
7.864792724474505E-8  
0.7806311356707422  
0.006213249750085647  
0.695615186407278  
0.08608827396354203  
7.900825122393586E-8  
0.7205546594776095  
0.06165323182690964  
8.924836061077786E-8  
8.096072162151298E-8  
0.7714057253079057  
0.7714057253079065  
0.5994268962460948  
0.771405725307867  
0.7714057245454325  
0.7714057253079055  
0.4674003955177616  
0.4393087190481229  
0.11748028166369713  
0.7714057253079085  
0.17611214402358052  
0.7620665961778438  
7.795271161390651E-8  
0.7266900041308927  
0.045599257891198154  
7.824295660103882E-8  
0.771405725307903  
0.4288382334171758  
0.7714057253079074  
0.7714057253079061  
0.7714057253079039  
0.33123494014968863  
0.7714057252828403  
0.7714057253008861  
0.7714057253078774  
0.771405725307905  
0.7714046602109561  
0.7714057253079083  
0.7714057253079073  
0.7714057253079045  
0.7714057253079085  
0.7476038317999073  
0.04789547775458611  
0.7552989528641488  
0.008944270115590952  
7.840866198193045E-8  
0.774918733037835  
1.6653996278887542E-5  
1.3058438233806965E-6  
4.6396033133012746E-5  
0.7739873571366029  
5.862933681220851E-4  
0.006409736345213546  
5.647104434055407E-5  
0.00398424719188809  
0.642734534536869  
0.7714057253050934  
0.7714057253079059  
0.6184943426384172  
0.7714057253079081  
0.09779983948110446  
0.3513304195160719  
0.4033354466278594  
0.283453479255745  
0.3393317008862337  
0.1632082752398785  
0.7588707367596965  
0.7714057253079034  
0.7714057253079086  
0.7714057253078987  
0.7714057253079073  
0.7714057253079081  
0.28513079713668915  
0.7714057253079077  
0.7714057175716941  
0.7714057253079066  
0.7714057253035387  
0.7714057253078968  
0.7714057253079053  
0.771405725307903  
0.7714057253079083  
0.4039759975060184  
0.446666389909247  
0.38848710429343103  
0.22763311413695625  
0.23394817795123649  
0.7714057253078973  
0.7714057253075697  
0.7714057253079082  
0.7714057253079039  
0.17752440537668343  
0.45200266486401736  
0.7714057253078901  
0.7714057253078885  
0.7714057253079073  
0.33785586851359606  
0.08298323614436136  
0.07564373010169431  
0.1926953891899342  
0.09794902163063056  
7.832135409411808E-8  
0.14536563774779446  
0.5890760999696864  
0.2940711160632481  
0.3473387542109171  
0.1252666005184261  
0.4915096887624619  
0.4483467274064398  
0.05063539259200277  
0.05652898487570435  
0.7714057252997591  
0.02003272339209302  
0.7714057253074783  
0.7714057253044518  
0.7714057253079061  
0.1330238339232328  
0.39365287725023906  
0.7058866324942054  
0.4757325378751429  
0.7714057253079082  
0.5277619426928742  
0.40048872602649016  
0.47086510970692874  
0.3420407000281  
0.49940029492956856  
0.1413633017183653  
0.7714057253079071  
0.595534440788353  
0.771405725307903  
0.7714057253079082  
0.29668811932373107  
0.7714057253026547  
0.4167792986981547  
0.7714057253079031  
0.771405723942596  
0.7714057253079073  
0.7714057253078966  
0.7714057253079076  
0.7714057253077395  
0.03834376256395422  
0.21435640523419688  
0.5144473971442006  
0.2309412804219673  
0.7714057253078878  
0.5422804959759797  
0.771405725307906  
0.5977805057329545  
0.4298594601845549  
0.4101725312586322  
0.27029682991077847  
0.7758596895006034  
0.5416981001833738  
0.7714057253078958  
0.3759987179391821  
0.5422633873705405  
0.7714057253071052  
0.7193356624361961  
0.7714057253072617  
0.6584756010300193  
0.7714057253079082  
0.7714057253079081  
0.427916873913562  
0.336474435873649  
0.3941714145786027  
0.1798530434986126  
0.13906865305331442  
0.7714057253079059  
0.7714057253078955  
0.7714057253078722  
0.02261673001527468  
0.7714057252976291  
0.7714057253079056  
0.039272912653894466  
0.23199912522272287  
0.7714057250137341  
0.339821203696991  
0.7714057253079076  
0.7714057252809278  
0.7714057253079066  
0.7714057253079083  
0.7714057253078966  
0.5024933572620736  
0.21714736906168086  
0.21095888275815494  
0.31674736842834605  
0.2092020248385493  
0.7714057253079081  
0.3216787745551658  
0.7714057253079083  
0.029981984521731515  
0.4250739943252125  
0.7714057253078882  
0.7714057253078502  
0.6973071432662912  
0.7714057253079007  
0.05720507860741481  
0.09565235484143352  
0.17933128008777302  
0.3170130584396677  
7.893661067397264E-8  
0.12331613547649833  
0.7218995761349021  
0.1549930565952148  
0.4639926518695996  
0.12031895020743051  
0.09957966802644196  
0.7758596895006035  
0.2349560575465879  
0.2291708951282031  
0.5483551097260282  
0.7714057253079052  
0.7714056981758773  
0.7714057253079067  
0.7714057253078734  
0.771405725307906  
0.771405725165386  
0.7714057253079  
0.7714057253079073  
0.7714057253078278  
0.7714057253079063  
0.7714057253078958  
0.6185564823989298  
0.28195623385566265  
0.6584468826999994  
0.2330183126167905  
0.5921505315616009  
0.5378691730024051  
0.7714057253079044  
0.7714057253079083  
0.7714057253079006  
0.3014591034849134  
0.7714057253078966  
0.7714057253079061  
0.771405725307874  
0.7714057253079076  
0.7714057253079081  
0.771405725307859  
0.7714057252091363  
0.771405725307594  
0.771405725307892  
0.7714057253029235  
0.542281010313853  
0.6295989847100597  
0.7758596760726534  
0.026591571861931475  
0.4264428722527481  
0.7714057253079083  
0.4722203824868944  
0.7518858683977568  
0.7714054936917807  
0.7714057253078966  
0.6485674373896393  
0.05728766088383895  
0.012594060080120864  
0.16516444612330747  
0.7714057253079083  
0.7714057253079081  
0.7714057253079053  
0.7714057253079076  
0.7714057253079061  
0.7430593499573064  
