0.8569463252273155  1.181242991602493  0.9678229517019002  
1.625850823215998E-6  0.0  4.3598512819103564E-243  
0.9051760586718818  1.0725588689326688  0.95101203683608  
9.324928307379648E-26  2.018382527464317E-6  6.900914288584237E-134  
1.7891759192354685E-6  3.3277487134436286E-15  1.3200056298614757E-7  
0.9785811110493771  0.34886113870579605  0.19235484760550253  
0.6593975323436966  0.6875792604039874  0.274448353486669  
0.9824756444221021  0.9072824956580509  0.4138801105561426  
0.5914731362363045  0.569513964231574  0.28428224050466644  
0.15395265501402386  0.402846752750991  0.13790009014521798  
0.3048427714591232  0.9278828514313121  0.27638017776918616  
1.0258195212031391  0.38685713644859554  0.3631042108314343  
0.8773103578079049  0.898267430717683  0.28163311862824125  
0.844632719244082  0.7405513866445751  0.28361296898148863  
0.7518440887526483  0.8314886793984138  0.39300646908881304  
0.7601956273937995  0.3364069938121243  0.3462386461514184  
0.9483923796907111  0.737413556378379  0.5632791181350731  
0.9489111963073045  0.9410043467188411  0.4941106713707586  
0.8940955780618104  0.7712765541115882  0.2618647384120479  
0.9289268006686711  0.9138165803057757  0.4984701640519601  
0.859997056004605  1.1602753095403695  0.9621448666780438  
3.487249082265225E-5  3.2570186862222445E-91  5.707461509316944E-8  
0.8569463252273155  1.181242991602493  0.9678229517019002  
3.8680480454726657E-4  0.0  5.436298786854716E-5  
2.1096071181442018E-7  1.3739407742977777E-88  1.211357230664365E-6  
1.0137885694355446  0.7214080175266805  0.5444302966415479  
0.983769756813657  0.7142356838923498  0.3251607236351427  
0.6613895208857111  0.7813404067756998  0.32439685816056185  
0.26901435749281866  0.269650088511748  0.10411623564295244  
0.8855731432418545  0.780325339607367  0.5551105634106722  
0.5861695629672319  0.3361513726562874  0.27789281449288106  
0.33384605868510925  0.8380496127603562  0.210166389071145  
0.24542070155283668  0.8689588565963944  0.20295260079454258  
0.48567178354526863  0.3700895681296264  0.2234853892861607  
0.5815025462465232  1.2286717466402635  0.9618131332882023  
1.255851256379009E-192  7.199205797584299E-6  8.515575513303704E-273  
0.2968272997592692  8.177673833291994E-166  1.1804762273699116E-79  
1.5426670363951745E-279  3.631220030874764E-7  1.330693380029299E-7  
4.6651008972039524E-7  1.2925419882795965E-7  0.0  
6.95742534732734E-6  1.6908919318685824E-288  3.525538022234369E-204  
0.829656078555511  1.1688638197030368  0.9446262070233453  
0.027305550922451325  0.012921160426453858  0.018848192073909725  
0.7818907730257142  1.0706176421281604  0.9319803273838281  
0.05710516820547444  0.09418527745920162  0.05734913882752632  
0.0011962414967210597  1.5947862132076773E-284  5.6115120639647715E-53  
0.9806167528549173  0.8992829564745631  0.8620355913178226  
0.0  0.1916735205155918  0.02816419729513879  
3.47349382415236E-4  0.0  7.931824227699323E-5  
0.0027568674509917688  5.0507305235277244E-51  2.72214408040263E-20  
0.9164545768826824  0.8986534343726079  0.5649683091677596  
0.2575820027769384  0.5233517699911974  0.12086421709804547  
0.9523122743846605  0.9517562131227478  0.6728110911467616  
0.46589705224512606  0.5496471245254504  0.3415787740958867  
0.9612601220739813  0.9368298306897218  0.6777454527428585  
0.852625423025836  0.6681364741153054  0.4743074091458959  
0.8114849696962343  0.9286283274954468  0.28184148290329275  
0.9567297757987802  0.9433193441651669  0.6853510840521203  
0.7355456792771989  0.4298216268755134  0.13466687700672422  
1.0314254536568759  0.413112242675323  0.3755877521610886  
0.9659122846413728  0.9338300001703643  0.6500235233351921  
0.85576441356128  1.1582950301118629  0.9676239425891121  
0.0  2.078180617601225E-7  6.04633577335198E-32  
0.8262844059785378  1.164766103027927  0.8874290961490644  
0.035118014747715566  0.030808681241785388  0.08381931319086881  
2.941852922258381E-109  1.1943010560550964E-7  1.3794605268792687E-7  
0.4476956298111602  0.44872214173449465  0.13029790100380853  
0.8880168202005339  0.7513624024337279  0.2665475984011147  
1.0163297925408492  0.7434310927146957  0.5272172972839005  
0.9621109155155532  0.9390779447815629  0.6036453358915883  
0.8781458772202182  0.8522123045199049  0.571323627528203  
0.4117888700628578  0.5597843187894384  0.21776644144480561  
0.49076055593415474  0.6926401699811565  0.17498005739053626  
1.0123765141397107  0.785483572818386  0.5313479506739895  
0.8764331926256332  0.9793226242146457  0.6187932191929266  
0.6751691305308073  0.4882319884152223  0.3553320564195272  
0.22640951756519315  0.4440885806837644  0.14242147147459597  
0.49011866877835436  0.5818104692926988  0.36138066030826704  
0.20560435137178867  0.26637511994263796  0.1571454515407568  
0.6511587354709384  1.0432437556756708  0.5365044165019217  
0.903550247638287  0.9880187968558417  0.7897103309382634  
0.8685060298626476  1.1781834661523614  0.8476717071744393  
0.0  0.0  0.10640134762106469  
0.8601715667559882  1.1833604330934222  0.9568039367246056  
0.0  9.98558735897316E-6  0.0  
1.433392850027976E-7  1.4409867070250677E-129  2.1693360481585085E-7  
0.8700063704611402  1.1027376345379498  0.9539919496546456  
0.03884189794386473  0.004800576374240293  6.4E-323  
0.005395297813762  0.013525955636164433  0.0  
8.762141971161545E-4  0.010215436139150854  3.1E-322  
0.8959994798923517  1.1301980726504188  0.8024599506490355  
2.945003582808573E-258  0.004087180545634706  0.0035030890229902317  
2.446004511540683E-102  0.1354244327545067  1.3243579760004056E-62  
3.918431014497675E-270  0.01135216138413721  0.0053683891872155715  
3.1963963004254022E-226  0.0642198884398706  5.641060498621651E-55  
0.5858577277294376  0.9304924858249272  0.32595599175273593  
0.6098346362374878  0.8874584133627934  0.2593411252275899  
0.19862607996253734  0.8381982485666711  0.18477647828848937  
0.36556866318426284  0.27422023436281473  0.2530412846044265  
0.6664202026415647  0.6716907553012282  0.19235547604423497  
0.681255897777693  0.6359112722404017  0.3505047080844208  
0.47224888337593246  2.5724374465508112E-194  0.9035462008014545  
0.3603399563578528  1.356738018324365  0.03711885669288944  
0.18518845290884983  1.480304509926719E-97  0.9892951956148405  
0.4910707308423406  1.0371875781591986  5.424822342702514E-29  
0.11320131106230498  0.29711436875126257  0.08080348538358503  
0.9458625908155757  0.9580981462017736  0.6653593631814905  
0.9843833110990815  0.9050957906209194  0.5996573378445381  
0.5669473413981201  0.358558272197446  0.19237397191540487  
0.8080674484729762  0.7258419230029076  0.48677059148092955  
0.9141969845461092  0.9818706801078585  0.7709968180344071  
0.7419740873631223  0.9872603719100345  0.507104223729919  
0.7435686426536906  0.8580729207139525  0.48528199927495574  
1.0020068963168642  0.390631174591347  0.39138175420805865  
0.4986100722473096  0.3672538831234721  0.2010584686891545  
0.43580871444194685  0.7497141291394718  0.3720276714777583  
0.6955003827247278  0.9454407391458687  0.4862142149306227  
0.8744552489804117  0.5936341609749591  0.2536742810895999  
0.9643029604422441  0.9365686893629389  0.5742160222038554  
0.8226824511183182  0.5034460912108056  0.4608935043323378  
0.9395963531446019  0.9605714177463504  0.6555731176530443  
0.4627657697308695  0.133091828798954  1.0446940120579182  
0.36695975672826264  1.180357539006486  1.7713461886124297E-253  
2.253490752344902E-227  0.3720073269026224  1.031251870781986  
1.0587018042666272  0.1443411436149164  0.00984152041688463  
0.09096884850532373  0.9720993752239822  1.0667085401998772E-44  
0.7580954802467097  1.0139800792740854  0.5428584097948967  
0.6697074347625712  0.4543820536729502  0.16502983545926464  
0.4356886239474811  0.5910766876843438  0.2515090538663987  
0.8996667162756714  0.9901020166259052  0.7961347551282376  
0.8736854816435381  0.6615992296248077  0.39455024530574706  
0.5117437514938817  0.31666923922969603  0.274995284645884  
0.7735599224497125  0.4450672604317121  0.3940945617534785  
0.995960906915697  0.8741581575678516  0.481442940359221  
0.9097876844878888  0.49415216693857283  0.32645106044286154  
0.5697713965181921  0.28860843256295354  0.7613617198194897  
1.9870902746082105E-188  0.38869322921399496  0.168715390232142  
0.46972541194322237  4.7262132154761885E-7  0.05988203476099702  
9.966382585572722E-10  0.10857374772684357  0.1891932384657134  
0.15073805484025082  0.20382634975543776  0.29720421432156996  
0.0  1.568765640599631E-7  1.2287473621760042E-7  
5.181520534991702E-75  3.45171588662396E-310  0.9470723307559983  
0.6942571311673259  1.470494587796308  0.07177116164063597  
0.17630466440029735  2.590844713027368E-66  1.0101616135356442  
0.6432444274649153  0.773239358123504  2.2399649075184284E-128  
0.13900433482356267  0.24149010188796757  4.692619078846169E-131  
9.63031003208376E-12  1.221724474930149  0.9703074019063002  
2.161182620816185E-31  1.2128361623745338  0.047831199544296744  
0.26966305235174004  0.3585159333259265  2.94877899270369E-12  
1.0766499672368108  1.7969862517917774E-4  5.428043595325179E-4  
0.4413863752452193  0.20404563243767573  0.06455623370951072  
0.7389273732027035  0.9617225799108821  0.30261813376351865  
0.6298596099705097  1.0191226874575485  0.47710737299615835  
0.401641195038319  0.267658701956452  0.20050696673273435  
0.6963268640666431  0.4994058400965422  0.2618230290766997  
0.7074468206491095  0.6801556419835045  0.21918919901489467  
0.5058179218681809  0.7733330450450755  0.4008526936222078  
0.6334600307475556  0.294333416447149  0.24142467553080618  
1.0319621969236659  0.633959437407839  0.4613393576027813  
0.6887123932310106  0.31444702519340345  0.17031089800408797  
0.8978520632427777  0.9909822165748102  0.7998380885135485  
0.28719751032309365  0.24253386488160866  1.0035935090898234  
0.6119829912452676  0.7003527439486581  9.572620713882327E-39  
0.3288462430397383  2.195618497935657E-160  0.7792289956602486  
0.6277296535803828  0.8503377920912336  8.003076895244318E-6  
0.19931040817381193  0.7418746797857405  0.18072365870069199  
0.16607192385801733  0.5052264663234025  0.1654002055856986  
1.0285809227872693  0.6048906075539429  0.4467827879508554  
0.6308944199275306  0.5724094902216509  0.2828946881624671  
0.9608612393791006  0.9325503332470331  0.5471571279071478  
0.3414147443202546  0.8778041481865275  0.23289966946868948  
1.0322395841135914  0.6890521625268105  0.26751935392474296  
0.9112437406113146  0.9355207404122032  0.33834935960164264  
0.6998399490910914  0.6167687629312413  0.4574343920732377  
0.6595059273805062  0.6099172803391083  0.2533924360524471  
1.0197825085372452  0.809293824798166  0.41974941192020276  
0.8771949722248819  0.6982654477665888  0.18398028799227997  
1.006637307599216  0.7615472228407724  0.5799701624113359  
0.868433671971939  0.4322286698718287  0.14766500988538453  
0.9711198419290638  0.8423412310755836  0.5101066810984121  
0.4289775420097311  0.7517493463260373  0.3206068534176293  
0.8465165406143028  0.8852841406952261  0.697129635749555  
0.2820351728707322  0.37392641032283414  0.23444869396632423  
0.4486186060869522  0.42889354954209175  0.14521673764185608  
1.0710976281727675  0.6510557642129284  0.03458487828007826  
1.0890208314474574  0.5448326554174656  0.04635913295151682  
0.1745265626307737  0.221818120029032  1.8141775676714698E-55  
1.0293677050062078  0.4349506400364065  0.6730659813260409  
0.4107157817468265  0.5428882486470228  0.24104427333470219  
0.4899105384810161  0.9933532687008496  6.752639002557236E-12  
0.781471178791501  0.776967287350006  0.9731510138288244  
0.4677287197596569  0.3712050872461791  0.3071931127825791  
1.0814280801815983  0.7725628944654284  0.05780281059085569  
0.7436290225331322  0.42927074885945793  0.030382739324033386  
1.0477278504844916  0.8743949599953458  0.05674224869135604  
0.7876217461833264  0.4000511925858235  0.1574308996426237  
0.6771157507975619  0.38460462106397525  0.3010374192942412  
0.7048109082916374  0.9572606658760752  0.2651828457839149  
0.9420821230635257  0.9604559976827541  0.6626792745847232  
0.7585436634692851  0.9576487227209148  0.41166164760999735  
0.47214590529317135  0.553993001066154  0.22433778591120157  
0.35503795437140545  0.5680955654526874  0.7360863849482967  
0.42546181731886773  0.6774916505853614  0.21180020229654453  
0.15226698642487999  0.35237809073124954  0.9340004382275576  
0.19486935763157798  0.6762178208194812  0.04920856294671767  
0.16715677685159055  0.29175707007901114  0.058585629984219435  
1.0304246167773854  0.7518002898850494  0.3243539444075535  
0.1976714565567179  0.7255937349721316  0.19446904049327937  
1.0091383514768555  0.7613480911422779  0.561985323823862  
0.7463881512708929  0.6185349735958912  0.19870709512303697  
0.6134228608823256  0.5651555198075487  0.17110964721114663  
0.9334850962839134  0.5618350728664375  0.24831650816565048  
0.4611547590909179  0.6958306136582967  0.3718282352892789  
0.7399606536961365  0.6874720500179246  0.4763097467591365  
0.971584697932171  0.924188129526058  0.47490845020577604  
0.47507727143097317  0.4493420452019973  0.11505020733180552  
0.7604716557066492  0.3800570091360464  0.17380170445440654  
0.946060105697945  0.9583493080968188  0.685069241653517  
0.4686686560705726  0.35422093531470256  0.28254508581336246  
0.48220604207512496  0.317794630370652  0.2142944782596093  
0.6799376160801938  0.650773190792233  0.4649409548879045  
0.7112705102488466  0.2834592922550692  1.0620798314221993  
0.1766420533218752  0.8085283817627047  4.9E-324  
1.043547956733538E-124  0.2868822067628561  1.0608995541268476  
0.5889707778305977  0.4790401990695695  5.455567973295222E-18  
0.37017121645249457  0.07766980116673695  1.4052523852177822E-63  
1.0202316605443764  0.6304042533901728  0.531773859726106  
1.018436244866552  0.8047579129518068  0.4155186014177055  
0.5719203556089132  0.9608608005956191  0.37517836725746845  
0.8556290598086159  0.3817444497076596  0.13601607292292553  
0.6492703884000248  0.5076709683150116  0.33370092667115764  
0.7101000358295847  0.35352648414098425  0.11814829533520264  
0.27865799082159454  0.6805310831173443  0.1774145760941629  
0.9925798084559857  0.6556298754076132  0.3663791012276485  
0.9569577011473133  0.9380017111975318  0.545217264924438  
0.2247613279713273  0.0  0.07327439218603113  
1.0626352975534979E-89  0.49961110788012414  0.18712535552963525  
0.9663199536088775  6.169150276604531E-147  4.9E-324  
0.0  0.4636060525382032  0.5710870851981075  
0.06881972673505307  0.0  0.028469889602237123  
0.0  0.37466735922022837  0.021715016795405887  
0.04880753932008512  1.4301515871587334  0.8159745174633813  
0.796443140067501  4.431406274292437E-52  0.1762938991051802  
1.0107678565650555  8.680144930318377E-12  0.8435047588365475  
2.404978730177638E-96  0.5903819592093822  1.6379879653315481E-295  
0.985079061982896  0.361556078068571  0.11954597688808877  
0.7881959084911297  0.9506191839326343  0.9696008582226292  
1.0414135005400622  0.9008285003768144  0.069458037139579  
1.050901668855061  0.8728886348097105  0.06393702960537803  
1.046320497193628  0.8980034940928896  0.08135848347033751  
0.5876332319325045  0.7865002385373595  0.2708928217178207  
0.75182844081627  0.35158419128082496  0.164456136080223  
0.4291550489257514  0.8814748174936394  0.2723465044608859  
0.6253518311128172  0.3907609626011287  0.2579598885569952  
0.965434714693572  0.9351206884752771  0.643048215573335  
0.7760120949434433  0.41767142280727304  0.22812074351582265  
0.8659663716119791  0.92638844212595  0.4236501160722682  
0.8809739817470313  0.6274163819937724  0.4668489848140559  
0.9653663568963872  0.9352776273571102  0.6338762978692473  
0.36604675191373903  0.6460610403507601  0.16856593266710032  
0.016870391258856077  0.0751450751785291  0.019507510382079433  
1.0780362567052706  0.29635575958476645  0.7394709046907181  
1.2185723587685994E-72  0.9731270090737936  0.08917439829000574  
6.167597812393602E-8  0.6437636418646753  1.008019215193501  
0.09424278808320267  0.471959927910106  0.08652655869504552  
1.0530956672369418  0.9151366908113676  0.08542291529118944  
1.040896368715937  0.626237725368773  0.38442317151310207  
0.9544287675617994  0.9477059743110292  0.675392125873459  
0.5609485335023898  0.46395908342046055  0.3757357313331202  
0.9607638046423244  0.9417409043904016  0.6323735849519836  
0.9573077336864259  0.9460036512753284  0.6533797583219192  
0.5424745523546494  0.8668564461992777  0.4163503955359115  
0.5732909248233775  0.5721764647931452  0.346044104339442  
0.567881286381017  0.30794003280610066  0.08636298237223013  
0.6423866340157682  0.9035890022736256  0.39777380879283647  
0.3239638350922804  0.2745380387911492  0.08156520977507682  
0.7604364818499046  0.5409535355353223  0.36821501983632693  
0.4762823100806958  0.406455834867202  0.28508368011359525  
0.9913481140798684  0.893205534807669  0.5731205542817505  
0.36620707181925366  0.23899272923058576  0.12085269874320284  
0.9708314424999159  0.9270146906789843  0.6333259620722539  
0.7979105493666436  0.9241722891230463  0.028771074807620863  
0.12346438983374594  0.6857638891285145  0.9634734236938914  
0.44324110781994197  0.5370297425245654  0.9635388030070291  
1.0453842309018673  0.8894893785264347  0.06696090484673371  
0.9327097612650246  0.9092367639020613  0.2955704767946034  
0.26060786804085184  0.8265659981752925  0.2712781279696388  
0.9276701053804186  0.9729594257747343  0.7441778909821714  
0.9438168465731531  0.9596027259304551  0.7080995897314533  
1.0307530418536857  0.6712723582383872  0.44178605616932626  
0.49742211318850377  0.25900022114749577  0.08175936975563582  
0.9606431166429273  0.491302225963577  0.3667599603660398  
0.8990570704744479  0.7884746598894703  0.2836704200817231  
0.738449066815086  0.9112719879719264  0.2402393826144181  
0.39844485768261484  0.436027546880523  0.2917700430662995  
0.9214052021072979  0.9294451651431525  0.5669595204894186  
0.4391736986013847  0.8004736626669721  0.31523111571161966  
0.9612052140425529  0.9399371270245234  0.6068706831885045  
0.23971875434862103  0.3102162693084625  0.1268535593943496  
0.7992448756170477  0.8551176129016461  0.414941047019377  
0.7269299878069772  0.646085991649752  0.32406619381974944  
