1.099948373207681  1.0007684401753474  1.6396239479036412  1.1280559820122043  1.0331125333346642  
1.1484231166010315E-5  0.0  0.0  0.0  0.0  
0.893181488362204  1.0591799058974942  1.589136757943358  1.1497583606256911  1.042350146066843  
0.18812316639422647  0.0  0.3640839295064178  0.0  0.0  
1.8082843647736615E-7  0.0  0.0  1.4073160047776848E-7  0.0  
0.9103968021573926  0.9575475540111342  0.21374972438349224  0.6487316497849636  0.6852776270740485  
0.248267912329397  0.3253119121911093  0.09143278836373504  0.22344169104897424  0.17344616264122756  
0.8896031882878821  0.9168426769218438  0.1443891290882146  0.6443305769331065  0.6558623849667127  
0.7898004897889441  0.9337909611582692  0.36110811328509257  0.7221534900725343  0.26641186365475106  
0.6655589181170923  0.9575970058363903  0.25413742643760073  0.7827066196593645  0.5935135548155228  
0.6065533422120757  0.8901621329051475  0.18039691599080326  0.5364561777331163  0.6654181259336662  
0.33365706109464516  0.5251002045853796  0.18735873576590256  0.35258788812211406  0.22565607927373993  
0.5090031558303603  0.5241625084906546  0.15626159990303057  0.22739705657179624  0.40540120149746717  
0.5069343929098272  0.633998643766704  0.1625633793957673  0.5372259162704719  0.29691334404240893  
0.2969667356878597  0.4367282513004829  0.1522413105381111  0.3040470052471001  0.18992119067629157  
0.5860104178727253  0.7476130784756083  0.1939287506116069  0.6354559871741425  0.26318028967704926  
0.3192542579000762  0.5833096531741309  0.27368293669939275  0.33095395584528725  0.1761943337924429  
0.7285272420110207  0.9641457867876561  0.392606492568692  0.7049978432435665  0.6492528356408256  
0.7126468418101665  0.9431332288614446  0.40847507887167794  0.6173568182134201  0.2932731772469309  
0.8851350865355435  1.000853997577182  0.25953463756069434  0.7627469473531221  0.5290323276976348  
1.097307236094349  1.0337725254325802  1.6278644213402147  1.1255250677641198  1.0274261557951927  
0.0  0.0  2.470164192848909E-6  0.0  1.1194893770492112E-5  
1.0954152214367685  1.0002263164185679  1.6389481658820328  1.123691733552338  1.0346602068360082  
1.2640032841756548E-7  1.1111267541250173E-7  1.5303084905337173E-7  0.0  1.2562767582617384E-7  
0.0  0.0  2.488108172754418E-7  0.0  1.8126862968424294E-7  
0.7838320513994503  0.8356988798763197  0.22835264512492823  0.6581743284954347  0.3871869487127102  
0.6649799109246659  0.8085219339546338  0.26075077424724225  0.6270372600352532  0.2590774487228075  
0.6329813239129229  0.9448899016597627  0.34002091095395826  0.7188115910026475  0.44762534305603524  
0.444991636121488  0.5996097008109683  0.15881867239533426  0.4912763294237655  0.32454501449232415  
0.37117580804206246  0.7635457626280824  0.3813814234257039  0.3796313969238466  0.3732264006396688  
0.6599343455159066  0.8883683833928472  0.2474509193551334  0.4930926543861355  0.5689397539173091  
0.447421373134181  0.6295868756526096  0.19241893203327012  0.5536448243433577  0.29732189588579183  
0.7076720345246769  0.8829202306010346  0.2982980615310281  0.5132428889837881  0.4805231509611366  
0.6892139645596262  0.7382137500346662  0.17413237475560214  0.6128763443355026  0.35314461618264104  
1.106848377931492  0.6273442218681288  1.8669253100131982  1.2263119634415767  0.7551308366421375  
0.0  0.0  0.0  0.0  0.3893535575449815  
0.0  0.3578387746346962  0.0  0.0  0.0  
1.262808040585869E-7  1.1471855215784442E-7  1.5436961304555361E-7  0.0  1.3104531229746115E-7  
1.3544254417743492E-7  0.0  3.0833425929803E-7  0.0  0.0  
1.1098348644454991E-7  1.056492124536145E-7  1.6356424488646837E-7  1.0936677156448346E-7  1.0475207822061131E-7  
1.1083148192119465  0.8722297618772897  1.7033002068182972  1.139942595491525  0.9952795003627884  
0.0  0.04274860938434035  0.0  0.0  0.056918864782776454  
0.9814723993820392  0.7035846356883081  1.7916976180904114  1.1569709102793564  0.9890037619773159  
0.1078187333541214  0.1443954394319424  0.0  4.4E-323  0.0760184784623291  
1.0882736484281432E-7  1.047136052397364E-7  1.72031127950051E-7  1.1246592307078822E-7  1.0144903853295454E-7  
0.4534799829423354  1.1023629877296428  1.6259570347345276  1.1965828369430471  0.9170696511431702  
0.6811912756093229  1.0E-323  0.7873510568274906  0.0  1.3726913758345382E-176  
5.779827249465473E-128  0.0  9.808632665237287E-5  7.4278412711094466E-6  5.758095851893339E-5  
0.012143910701673578  1.4955198055109508E-295  0.17434926884970015  0.0  1.447952808528467E-121  
0.7050705491147505  0.7299011236957668  0.18281649954988255  0.6420953665046143  0.2735141977949442  
0.29518159391918936  0.39291728759630973  0.13827325898028428  0.35467814001841697  0.09312232820788362  
0.7244177658436098  0.8227785003805524  0.11739773831281097  0.43410888296594474  0.7883064617511887  
0.46165387069689634  0.5542436045138518  0.19743991461408608  0.29495800829442453  0.3571251191752432  
0.49863215955782914  0.6488961992038278  0.1957590524966786  0.47551499248899515  0.28257835132932996  
0.5454637072539659  0.8621741304215227  0.3639904525962639  0.67921563209889  0.2635097370904209  
0.2809444003761751  0.3586420013289049  0.06456399449917896  0.18422234800904294  0.29438783519064693  
0.65141363216526  0.6601883279067929  0.18533821915145796  0.47467682135505224  0.31689217066650044  
0.6678525461667911  0.9421312223777517  0.2440785670314151  0.6664400819083129  0.5617961222309505  
0.7154597221805233  0.9642990065156428  0.3473729463143402  0.7354299874990058  0.739913514329235  
0.5126656073354667  0.7143927268299501  0.1966088962353342  0.6840383738277473  0.30991859184837195  
1.0944397812230693  0.983988502737114  1.6456342002624065  1.1248825039451815  1.0375489756420144  
8.133274457695697E-6  0.0  0.0  7.879332098219503E-205  8.075169711799389E-7  
1.0162355601495519  0.9662175692307992  1.607725298347914  1.028781248454926  0.9953792469701169  
0.12414652152871192  5.913546504184421E-4  0.010764529843695681  0.13527338460326838  0.05153609417522945  
0.0  2.9967409871008132E-5  1.221133E-318  0.0  0.0  
1.0778830067646854  1.0312016212026824  0.5212159293749365  0.8836110382880107  0.7603050187560162  
0.31013908114166594  0.4843360001387718  0.04961314377979305  0.2874715199981344  0.49171776135807177  
0.8177680166509782  0.9775344836039527  0.2520743158182477  0.7899374590191782  0.5298937394104123  
0.4440037060969793  0.5345563811526862  0.20273248743580383  0.2554992440677495  0.24641399016660404  
0.832656940334022  0.9688914770886576  0.20658352087418277  0.6904406406252406  0.649250199050177  
0.3604523646370483  0.4596887624924094  0.16854834017822692  0.37308588381384616  0.16405513544318087  
0.6980255729754054  0.6986250960689986  0.1398069645294317  0.5129704283675849  0.36582361693688414  
0.44726656286518063  0.64919473239505  0.19099891433128185  0.4576181763019686  0.3277467426800462  
0.5933941163814481  0.8809442129442357  0.3488158699487428  0.5785596997560943  0.38208761261949786  
0.44513891606066797  0.513804748731949  0.10966195512986901  0.5279014387588872  0.2018952309501357  
0.7985882682586943  0.9863878353542557  0.34417944979218745  0.8678102669708476  0.5949665604511446  
0.6124405999379664  0.6636875947995173  0.10701608341166842  0.34890670671863155  0.5298358595190266  
0.6261343614667355  0.9351977345510102  0.39725225086269794  0.5424894432848409  0.4814095046669634  
0.3408128570637442  0.5069475453479799  0.18596402363687872  0.45320207502898086  0.11270257105053065  
0.4329947852693568  0.6471975158056626  0.14688771849349846  0.49585000769920734  0.3551505422804593  
1.0963821604267439  0.990277273012475  1.6096331478550379  0.919806621990788  1.03349048352595  
6.9E-323  0.0  0.037226910434904364  0.17955316930059548  1.7115184345017976E-299  
1.0900242499935473  1.0318230130897676  1.674946899241817  1.1458624328706544  0.9195151973507997  
2.0690883653739217E-6  0.0  0.0  1.0670894874062217E-7  0.0  
2.556691328777727E-7  0.0  0.0  1.1685733025970613E-7  1.5744199169220963E-7  
1.060100802897325  1.0321830048283616  1.6198884013302584  1.114861728825342  1.0354040470515977  
0.9879385201139941  0.03351931907804935  0.022201789658329123  1.5E-323  2.621623798610348E-10  
0.01030113905443695  0.001935191943751972  3.8830346952596754E-142  1.3702950380694593E-189  0.0  
0.4115204416318314  0.022607851497804532  9.9240291350743E-310  3.5E-323  4.9519285109012395E-140  
1.0955397001029015  0.9984517651267834  1.6365259590808392  1.133837771882816  0.9879225372510131  
5.722624039844494E-38  2.718217988639E-283  6.891322542908971E-171  0.33188109104985974  1.9345926342104384E-128  
3.6163420220276403E-4  0.0  0.0  0.0021498744785059132  1.7881249885836635E-4  
1.4160404820330773E-136  0.0  2.3965465743152577E-46  0.439140454242702  1.1746277692929726E-143  
5.2088475875485837E-42  0.0  0.0  0.0033521238810992463  8.898148201583733E-4  
0.4617764337740473  0.5444058351081866  0.03213741216461844  0.42056939471757543  0.4559799931634322  
0.6780857496776999  0.8291202559518122  0.23063499339735322  0.6136054525866251  0.42453661472097526  
0.5030902379428843  0.7230501305689141  0.3135124695565425  0.3673359052274143  0.3679469527347734  
0.25629312035291485  0.3709364864846195  0.11770764183937164  0.1928436294389835  0.29210133435722435  
0.43337389242186614  0.6571855923242015  0.2010338021758279  0.5308794753248741  0.26815103406043167  
0.8399346407640568  0.9874609586840538  0.39807277948219616  0.7251924488884809  0.5983648842345762  
0.7210490352174399  2.9460922317674125E-218  0.6281404305258619  1.0763163061596999  1.1609337707854626  
0.3502575604270261  1.2400793926578604  0.849073128593791  0.12322295831301341  1.0E-323  
0.2621733847810429  4.9E-324  1.0433228984878501E-66  1.1081006328178522  0.8659017865270137  
1.2951846913697544  0.6547664654534996  1.2291413491712635  0.0  0.19332969639956418  
3.825228275896435E-264  0.41935890927035807  0.5492426914988481  0.11381295283166333  4.143707E-317  
0.5086008908154731  0.7360093250775928  0.3367300901799599  0.30748632284212885  0.296758079633443  
0.7396851687601487  0.9721488368528249  0.25658811820756167  0.7644896478629627  0.5708412505211327  
0.31859854686349676  0.4059038357172869  0.1679051976546072  0.2954588278909399  0.11863442142702676  
0.41063852166893244  0.4584685966616017  0.12295544084582334  0.3195072331753358  0.19824221731561087  
0.6026273773279803  0.8721001326032763  0.26990290050162885  0.6498371019981689  0.42901499316394126  
0.4228924501623895  0.815159537900628  0.43356380476990036  0.5099200935510512  0.22054812576699903  
0.6064525069680727  0.8631506439860949  0.3173110490621953  0.6670544637906364  0.33632784113053676  
1.0616936340366203  1.0347507956291997  0.4129386848527487  0.839058124564061  0.7355456195488976  
0.9467510601545082  1.012674858317251  0.3352875076915777  0.7715747522589289  0.733180893585706  
0.7469603549693915  0.8758761443076862  0.1412889981913165  0.5907821996719557  0.6627237844206748  
0.6575043306505467  0.9516952550402675  0.2908652572080917  0.691891798408877  0.4610794625480899  
0.6194942104289077  0.7821519157853561  0.26698633783777276  0.4677159252626231  0.3519127244042399  
0.37777732142424714  0.48332735706059465  9.167632215164772E-5  0.2740046912992105  0.6185589076632947  
0.8714118631844108  0.9954366587217028  0.3870700994906776  0.8000398585740691  0.6084691575246334  
0.42707281940544106  0.5790156125928434  0.1629570604313021  0.5643681472684966  0.24576051067285237  
1.395517557243695E-151  0.0857263082320725  1.9462506445583856  1.165860449028412  0.8218074812705655  
1.184550595674587  0.8924257677954068  4.9E-324  3.3603344084312665E-270  0.2339677571455624  
0.9633231570284476  0.0  1.0E-323  1.3683642160198626  0.002148712325863364  
0.11264844902635876  4.9E-324  1.9511672773295592  0.0  0.19322041154701086  
1.4534288234428145E-101  1.3886832260406878  1.0E-323  0.0  0.14657200425729888  
0.4012372488607987  0.4818891840567458  0.07463834333379847  0.439609942919347  0.2883797654181671  
0.8994262981779034  0.9873627474301507  0.32065803067330484  0.6507576056233674  0.8040340123018979  
0.43997546172157415  0.6928556042805541  0.2120750233906421  0.6315425622073197  0.18487646920978457  
0.45040069020444  0.566658319660714  0.11239427837049358  0.2647552885852509  0.5336876324835537  
0.538976219230971  0.6280049561889978  0.07280933289261707  0.3259944552733476  0.6071885339912959  
0.7133760338661727  0.9121284589475199  0.39808738102856783  0.5000175301588535  0.38211145692645243  
0.507806617623917  0.5997034079570477  0.1349495365453065  0.4058003114189272  0.40964161570830454  
0.7743464106890876  0.9298143719005768  0.22922565166354075  0.621671484787713  0.5081913634032906  
0.6054571188787905  0.639731346197303  0.08255525993436612  0.472169346431028  0.4818734234766924  
0.32731477160426475  1.0E-323  9.522591172766073E-23  0.11887423769820053  1.8334556347076427  
0.0  0.0  3.3284664732233078E-6  8.370782805618375E-5  0.0  
0.19415101862607953  0.5216699624003962  7.576495740247832E-185  4.4E-323  1.2660970237864894E-82  
1.0125122816640194E-90  1.5E-323  1.4715353595617546  0.2945847721157315  0.0  
0.0  0.811648007036901  1.5E-323  0.44888867578094116  1.5E-323  
0.0  0.0  2.613702585035788E-7  0.0  1.8456683797090302E-7  
0.0  0.0  1.1412937824864542  1.1752821387600842  0.4235002797508559  
1.3784903138741151  1.314791825952  0.7250123619140946  3.5786862645355454E-38  0.2723850519082563  
5.487228341249687E-200  0.565888240516271  8.184003509317148E-99  1.1485358660883034  1.1230024891858776  
1.310113992457367  0.19904239303484242  1.0144103314674875  1.0428759370296946E-121  2.0E-323  
2.9613785159079978E-289  0.2907287018711888  0.8962658130443543  0.0  0.0  
4.396071072042738E-52  0.8378699336759831  0.2772347815586405  0.40443011415332975  0.6023993996991405  
1.267853551270497  0.7196249088890987  5.208845795448995E-185  0.4624949446530393  3.7004165790955285E-94  
0.4975335351810403  0.7403446824740271  4.169923528099837E-108  0.5017049774131813  5.709617356220286E-95  
0.746207039613763  1.0185297383965226  6.974312168399873E-149  0.015981095015762857  3.1983062811757756E-82  
0.6057535199254832  0.6406645832025549  0.09731305372006532  0.5652734581138289  0.36860518552944455  
0.6178268991155484  0.9406675058995748  0.22499006646358774  0.6590962664365448  0.6295186219659432  
0.6457666541129929  0.8458013798314445  0.3265538575574107  0.6814658065993501  0.2363343307301757  
0.6481854533424022  0.7047880392313259  0.029381858765660577  0.5960271425132413  0.6036526688038647  
0.6064244742178738  0.8516487888680763  0.2460838970636381  0.615417904661049  0.4704251461673699  
0.5318130495089312  0.6317191963225314  0.171817520089629  0.6038292043039911  0.17508302090462016  
0.3514557633479086  0.5625039445674983  0.27619189395223825  0.2811388627560518  0.23339307367255563  
0.5362333885786661  0.7616653771626443  0.3287770087049188  0.5593264977291427  0.1968618243945847  
0.7522837428644603  0.9565852397310952  0.26889694295149713  0.6836283948834289  0.5080970209268413  
0.33286329968832434  0.4381740526030031  0.1137829326194864  0.2832202659642152  0.3324706966112364  
0.6060811773671165  0.766848662385406  0.14383066005438477  0.7175088172140452  0.43883389038434095  
0.41937973875810614  4.550854098156616E-49  2.6229881810887603E-111  0.9604778834676875  1.3875854610219056  
0.6218179678564462  1.037431392885385  1.6739635377157978  0.07802675573518825  4.9E-324  
3.0824366949022226E-20  4.851272688336692E-68  4.859862270578489E-28  1.6500799221470162E-10  1.570930532772004  
0.5779709317993932  0.6142618074253009  2.8626912253098345E-149  6.5444039182095044E-239  1.0E-323  
1.5E-323  0.16502983290393594  1.8191674186659756  0.0  2.5862517232301272E-107  
0.7690134139812959  0.9746970926764428  0.39912117959503807  0.7946005645830032  0.755274766022843  
0.5318948963205616  0.9149134549603785  0.45624045670446667  0.57834044015344  0.30811151610223636  
0.5083434691598113  0.7646818729496799  0.24462681330867084  0.5811030235227904  0.2931248133809445  
0.6675016468725543  0.5881507959013728  0.10769438174172444  0.5007608580758253  0.2652708180394291  
0.9195016046069376  1.0102179435468777  0.26231408124191374  0.7658831419366229  0.6047398023741497  
0.48305687143519643  0.6828625709223143  0.08041530955930336  0.5054539317865729  0.6208911248708789  
0.6849337672451049  0.9539851633859057  0.39852814574482753  0.781974880702209  0.30473894117518535  
0.8867388890085883  0.9924846603481365  0.4048664031397729  0.6699878850257633  0.620459798093401  
0.587432592741307  0.6400369653665032  0.13285566202980947  0.2547005504583784  0.537914099014112  
0.6197332761188362  0.793562426900112  0.16305360374645242  0.5990700649789354  0.4192351776592466  
0.7210645201483942  0.8064411056218111  0.18041717514718586  0.5345576824890674  0.44989614373415954  
0.5690710174923543  0.650689082726396  0.18791646145516003  0.48536239566754946  0.26761733719328423  
0.5481818249456153  0.708575326208827  0.1936819851766982  0.3637562914977327  0.5263661501801478  
0.8573209437893611  0.9914666784705318  0.3584892093516654  0.7239168136597017  0.3383723023938407  
0.9865114824852331  0.955572108544745  0.14815035585723013  0.786183384799378  0.7508426863987303  
0.570597647785808  1.1026838877324752  1.829658877940242  0.6374682423644261  0.8214771082971501  
1.5E-323  0.8517287082848131  9.636870915980205E-90  0.6967958428524191  0.6251758320614992  
0.5821413288125147  0.6345279718504188  0.17901877454177165  0.3536351721131149  0.4174943836922925  
0.7670507571748757  0.7411368183960978  0.04812618863531871  0.572777570205777  0.6009793201468884  
1.1462343799535928  1.1022837367646676  4.1214379609556664E-11  0.02777742697446473  0.8033696189262265  
0.8061524980405445  0.6980171624721438  1.6901451341632274  3.54209358970039E-139  0.8804234196673139  
0.4076698293639221  0.6259529593123925  2.004384606568488E-62  1.2988981816762248  1.4870754732092468E-11  
0.4680162213550194  0.9088326865300552  6.799355306283139E-77  0.6897448351725088  0.35343713169614277  
0.40588330107575354  0.479783574780256  0.16402726653244523  2.8161938107254845E-154  0.39555108130126776  
0.5053931933334903  0.4556260033646005  0.9127283062937601  1.258189162944507  0.2501520538634988  
0.792034615701194  1.0510092877567265  5.599181206375411E-19  0.028244282683455538  0.7620737385320585  
0.5135417814062858  0.6312537553415445  3.0820093141141946E-17  0.017433314403967084  0.5336993506944903  
1.154060881114056  1.10235176377472  9.206319495492311E-7  0.026925499830565944  0.7842245907151955  
1.0244365090482421  1.0907837908386977  1.2660706621057852E-6  0.0288194695580589  0.8589446233410781  
0.952955581103298  1.0074400119365474  0.3006868114659442  0.6993688053632371  0.7024802444274089  
0.3597228208361354  0.4560959395723512  0.048894492090040924  0.46219247085032905  0.2813244799930161  
0.9285867428649213  0.9997906886179343  0.3753177400519835  0.6105785250624806  0.7542214809641117  
0.43503834950172204  0.715804745468564  0.15797844628479982  0.3891352644483027  0.6536696285536029  
0.7211833708998276  0.958302701940563  0.3831667819829459  0.694746904736823  0.30620069685374124  
0.6899821049618632  0.9539991050740069  0.4183678665553547  0.6972487244174886  0.3116272580406969  
0.15094874095819674  0.561985326843547  1.1411720198470858  0.9860609605232412  0.8215450727183665  
0.9379561270098107  0.3712958443835799  0.6926185572158486  0.08340068026211588  0.61393445076489  
0.28979248952080366  0.22666526018163016  1.0562244249624089  1.2440589311557564  0.680289061604239  
0.8777732032055676  0.3046494465808673  0.5028903751035045  0.05058049376215326  2.1495176081261684E-26  
0.1414769320304791  0.37525720414374153  4.4E-323  2.1078180506188272E-197  0.35240037576229527  
0.7463321548527194  0.9626927337551845  0.23564857932074926  0.5604327091784418  0.6951461679520639  
0.5894837919177676  0.7817800418747284  0.12435598893245602  0.6458190157079677  0.5291493332869208  
0.8673479958685925  0.8944981471546604  0.15602056476990536  0.6381278236461411  0.6247404868851201  
0.6780421063965747  0.9534258198504016  0.3841112329891443  0.7787608077710244  0.32477337782912635  
0.7681759340787814  0.851312249753225  0.16651389139247236  0.4409578080343863  0.7030449339686667  
0.5627266375167963  0.8182208415056124  0.25721202240603175  0.3693932797487767  0.5873796131604928  
0.7754250549490954  0.9714414113881461  0.37062368770503623  0.6477922144600647  0.5897624805327317  
0.7001379298117618  0.8425592598114194  0.19559183108856668  0.48468174022665683  0.5248667016469682  
0.6173410899265286  0.8104397777327774  0.33138258521827035  0.6200658804572257  0.1930618638666523  
1.0196275758170503  1.0176024421449719  0.4369987900420268  0.881238986889657  0.769849002550469  
0.7399891332532738  0.7375196491386156  0.08702324512509026  0.4795978261395541  0.5975794657695872  
0.76784900996  0.9615069146182658  0.3160068024355876  0.47306877785369167  0.6454671632970025  
0.36484176667799206  0.5032262922032035  0.1921431873430382  0.3362335478856915  0.2190210834319371  
0.651960455682937  0.805563889336686  0.27574584064488883  0.4361547719544851  0.4514177674758597  
0.6012952842751693  0.7709809175862637  0.13729241822317845  0.43954798169177883  0.6346183250916352  
0.28222687601815083  6.1821042796674285E-12  1.4092675391862945  1.1375941722461607  1.225858890590526  
0.5131992963898826  1.2848231671435988  4.9E-324  1.8530080636843996E-287  6.041279361856314E-264  
1.0381750234447789  0.47430099959270805  1.5E-323  1.3703057306720476  0.12111221985185346  
1.2732540482596486  1.0E-323  1.4861230158341536  0.035739934140294305  4.118580121556701E-15  
6.303539484372073E-172  1.1346481711603382  0.1401744624206458  1.0E-323  0.47174610398589994  
0.7469204755723111  0.7883728367338196  0.04840738940748975  0.6409060468084913  0.6456925307532424  
0.5789807994551871  0.5934190068678354  0.06375330819451108  0.5376711073067172  0.359721135450491  
0.7279379994674892  0.8046663734959638  0.06421358414990617  0.61090623044175  0.6826582979760462  
0.6361211745566805  0.9263622979525119  0.2687376138101476  0.571093866898312  0.6050722215235883  
0.7550600078491999  0.9701710576383779  0.3241163431007636  0.6449187610575671  0.5961432057505258  
0.21087086006406233  0.26079701184978377  0.0914463985503861  0.19760994051489178  0.1268075292881069  
0.6144632111944432  0.5929413784909023  0.18623823044804386  0.4661646862162808  0.2013758076411183  
0.7917455271014543  0.9595779978657232  0.26119739804800496  0.5817099676339327  0.5037935907926803  
0.6491742549790135  0.7174454329326987  0.28289412088099786  0.3804110320883581  0.3474094393150633  
0.0  0.07141196993359837  0.0  0.09731058144832566  0.4603916880577985  
0.1141096430326852  0.03372781842749467  0.2970885721482572  1.4085878121372926  4.9E-324  
0.0  0.6905461359067796  0.2532699255127464  1.0E-323  0.7033415172600392  
1.1813903818980815  4.295209772762244E-152  1.0917559504986838  1.333311636452927  4.9E-324  
5.4E-323  0.0  0.19663412324700477  0.0  0.09970333358964448  
1.8857503876777548E-11  0.3096360374598855  0.0  0.09858102345275004  0.0  
1.1180766254191579  0.4187885236937518  1.7585236966286486  0.9739204693401268  4.166472105124552E-122  
2.822829268261232E-9  0.9503902325727625  1.046394646299512E-58  0.03647084182447903  0.8903879098405105  
7.631406019435829E-80  1.0519558660937216  0.09305375410340205  0.426969309392455  1.3194707653198074  
2.077240921058546E-18  3.424470253672708E-237  0.9823874593767967  0.0  5.200924404330748E-116  
1.3442870862377272  0.024781039049469024  0.3602461981404994  1.7099618887200748E-62  1.9278997880351703E-21  
0.2717391597440484  0.5425224479259425  1.6267805237696722E-6  1.3010705522867114  0.08438631102458374  
0.34531346222343484  0.858006260499941  1.9076548684777356E-80  0.024628851251175157  0.6479225522151498  
0.4237362790500245  0.9884166437565532  2.602892529871714E-96  0.025629173547239023  0.5524947153079762  
0.7223866163474882  0.18493740199490608  1.6481673239837558  3.583877404497545E-230  0.4480454300662425  
0.3889379059809584  0.5322977214096323  0.11848318881692477  0.3567042798236262  0.3186152364359138  
0.6617098765109741  0.9577116606313645  0.2792633352031598  0.772387662239963  0.6134201509222673  
0.5247609563417812  0.8431527578853268  0.1708336788220513  0.5697229592749807  0.6393487027229857  
0.6185371188955529  0.7672134684352969  0.1539650933148323  0.666396577740888  0.3579126902323537  
0.5952947679635655  0.8147636503504695  0.17754700777394522  0.6485500461476092  0.4184763365869481  
0.5267128235826355  0.4809309607671171  0.10364506211430033  0.3147533797238905  0.2616393585921481  
0.9895352706743359  1.013137210340954  0.3861300929558418  0.8711530445870803  0.743903654438358  
0.6519227621974971  0.9397961907040797  0.26766833217099073  0.5220213154796893  0.7374169559613056  
0.5785702666180506  0.656129570310136  0.10224353519671145  0.4733038353885649  0.4888350464794591  
0.7395559891226277  0.9614213281799302  0.4357689649096569  0.739756859253205  0.22275100621865498  
0.38115698900297607  0.7925038899242843  0.4371993110719653  0.48404157016070726  0.22974114059610132  
2.9189194626822015E-43  1.1005698898352894  1.6896760871635275  1.0149879897925296  1.0153436366048678  
1.163194138854872  5.135531418293207E-192  2.10939237625038E-211  2.7421169882825183E-9  5.3682135576471225E-157  
0.26252672006919753  1.0115790725849347E-35  0.8881464689903736  1.2635094949899635  0.29849435553378045  
0.8837952607792496  0.025426331559834852  0.013984430548392162  0.012687722853611272  0.7129697699944579  
0.8197109755869758  1.0862644713512786  0.25836645010503  0.6574938480792476  0.5348583578424871  
0.26333214585239095  0.31905217917915846  0.042747788449573706  0.3865579632849491  0.1007880016365686  
0.8116383812237857  0.9699007395012238  0.414269288467745  0.5572134341611623  0.7943583101410149  
0.723593332129833  0.8738536692275936  0.09801320472955476  0.6331423366277306  0.6792622536617585  
0.970196709152897  1.014668654590326  0.3161314619032039  0.8290336434586831  0.6548753195017099  
0.6383356939405803  0.9335577260481733  0.3983846791783487  0.4416118410229969  0.5075299326554165  
0.3299714094876468  0.33910113485699483  0.06309798560126473  0.3464729673967368  0.12551841378139947  
0.6905631625786905  0.9546616860426926  0.18706737713074756  0.742145693855653  0.710715899989621  
0.6026039027145147  0.9161332162354932  0.27639323452181147  0.4605500677647448  0.7002140498438947  
0.5144244250386719  0.7449765023881404  0.21360080416120292  0.4818482062161362  0.4777287448161339  
0.3104755163299377  0.4642109805455728  0.08454732432418148  0.3614747033749563  0.33015838413753845  
0.4985184400605221  0.5245974493423414  0.05076152686198046  0.27100512728062787  0.5432034914796388  
0.34781911098811147  0.44169972234248706  0.0818209034739556  0.3866118379291465  0.2706922136475058  
0.4651315683469347  0.5907821260033953  0.18835922813117595  0.5501177572341236  0.15858770430986394  
0.7745644869425663  0.9743561310671641  0.37579222587228267  0.7099260003162098  0.4635062608228608  
0.5244770660158818  0.6291524860255083  0.2900469472592968  0.26723179633302163  0.2535853551595652  
0.5482586985683864  0.6491065871667783  0.004377761401054495  0.015124653550772315  0.43858337451324075  
0.9667877614180498  0.7518894892561421  1.145738869932662  1.2046030599510644  0.7100834192316066  
0.13344335658972445  0.17536707299294632  0.9116776826967253  1.2625437982821164  1.9103718300583277E-11  
0.6964379111998094  1.0160722964193152  1.999840585246872E-15  0.027226122637587852  0.759409152439479  
0.5420723209599121  0.9139150901665407  5.869872037995685E-17  0.021084480172215116  0.45514746703983  
0.6384209292522044  0.9330878839877872  0.3856499460188821  0.4351503232290821  0.6153109377512678  
0.5302838776667272  0.8245987745617285  0.20251583220542738  0.5943051356248473  0.4420292829327165  
0.6661202912824861  0.8012525951614056  0.2890951219663703  0.6247569775584905  0.24125712633788915  
0.3824563360022892  0.6593877243455941  0.3409320904654784  0.3658928727420487  0.15086808631968351  
0.6933383363778438  0.8059636182345484  0.15818040872063222  0.5215055806489848  0.5716541863338382  
0.7190003450127865  0.9492431454401777  0.3767894317498363  0.48803220794108054  0.510579588826241  
0.17982184236323462  0.2931019451727757  0.0878481672478629  0.22574121330342278  0.1471714937181851  
0.5381971899814525  0.8335812036790603  0.22448358509958372  0.6728121366605756  0.35863172060834614  
0.6947180227992938  0.8535447257690789  0.11640746791371344  0.5830850031211305  0.6526000696548842  
0.8759045136035337  0.9970374911921341  0.3559557153796152  0.7870195241923225  0.4814168440741035  
0.5194193445719938  0.5104478089227112  0.0404697976542586  0.20562000753301604  0.545079905877539  
0.8165784904041723  0.8981552502158539  0.11955661517064071  0.6876311694917088  0.6676719299811577  
0.40879630801672356  0.45403712811414104  0.15534271688016407  0.3017316065208487  0.14185017591306898  
0.7660174236373319  0.9639019141555765  0.492552459017711  0.5160157242183645  0.43017305183649757  
0.205447508824044  0.44648714195180456  0.24925931157766937  0.25529051375829487  0.1047457533932153  
