0.7775815395323175  0.9778499189685943  1.196867217099258  1.0741538182073211  1.2541064576612149  
2.3186159914573348E-98  0.0  0.08806333632641843  0.0  2.432469120409291E-224  
0.9266580813221593  0.9282477423305745  1.2880087962001843  1.0228717306850574  1.0567683200827396  
0.0  0.02896948153963093  0.0  0.1665176363992859  0.1977188092502444  
0.0  2.9698647811083104E-243  9.959235992066348E-5  2.326624729828163E-4  2.3600005294727303E-94  
0.5547275022040408  0.559179344465312  0.28352006090776494  0.4451824360630258  0.29188034034596144  
0.9784924256635588  0.7358566529372588  0.4887297741530463  0.2050530282916638  0.4955413621398293  
0.5473523342607565  0.39077226692528527  0.26542093857510146  0.011809871241699741  0.25812189798500546  
0.41437227062148296  0.27381440827741144  0.18276755137637501  0.1135897562119837  0.1518118589439046  
0.6399355702491528  0.7600427718511951  0.5138768063566889  0.2592149029934793  0.32470653175523373  
0.8640527518840789  0.6585185890334784  0.46846912588784323  0.15226990371972335  0.41766780751816823  
0.769768467776877  0.7625222109912048  0.39688731550689993  0.306338091965245  0.540453806087285  
0.4321415668978749  0.34364048004844017  0.22696233664690504  0.08199171819288528  0.20490990790150454  
0.9573078772350317  0.9508867429705513  0.48943700626123304  0.43193107254435503  0.6585373256978679  
1.0681290307695546  0.9348168863794161  0.5668292335416799  0.5614296328995371  0.5497968848576573  
0.9330135499386482  0.7754960558688464  0.5628836766003159  0.30176830099345997  0.348377213353718  
0.41530676794943044  0.44530947912913765  0.22876225277774676  0.13812975553075585  0.2928086268545816  
0.8338588300922823  0.6914666044590411  0.5296314964848288  0.27346262742717725  0.2962254034306955  
0.9589625500750313  0.7654063533432015  0.6039288619343257  0.2684744853298812  0.3204174185675527  
0.5908669173650236  0.5357588866237856  0.32900660815147  0.09846010856540831  0.3289439333719174  
0.8692753473791209  0.9252935829702147  1.156399656945057  1.074372347459379  1.2357973967888576  
0.01014420413531901  6.4E-323  0.18607165525453426  0.0  5.6085752263781836E-123  
0.873755774794006  0.9667464982921282  1.281460686109727  1.0361108612974619  1.2292062035599822  
4.8924860285795696E-120  3.0207241681198185E-6  1.6280880646907157E-5  0.0  4.64013090343415E-6  
1.4475105725972465E-116  2.0076159328268124E-6  1.4198897136192118E-5  0.0  7.159425763029579E-19  
1.0200718116092133  0.89658330277473  0.6345308558053014  0.46573357083010225  0.3927212855323167  
0.8879259878482595  0.9576896796765325  0.4576246314998972  0.43249186360426706  0.6850919903660702  
0.915024431760174  0.831528021567483  0.6065046520158536  0.3586642740156468  0.3859859286081919  
0.9324168531027537  0.8625940935278994  0.48372687078050136  0.3755686953954606  0.6004651392258499  
0.9202859721631609  0.9602910178653759  0.6513433595704529  0.4147652969486824  0.5986809293593868  
1.0223215980469724  0.8944397607091942  0.6176146732009105  0.2884433040830195  0.5279674167361106  
0.8525768118000475  0.5567961858587076  0.34392325782667044  0.3769066841915694  0.3310784417975914  
0.6020164105668079  0.6115183606312454  0.4446961300887481  0.2950607524240812  0.25895477236433706  
0.6995328219338945  0.44044430831861175  0.2832979886694169  0.14331530140218146  0.30991700367179864  
1.1440501002519498E-38  1.0214665297992414  1.4641959741733674  0.9945259170204747  1.5039421316051307  
0.4149404379127087  0.0  0.0  0.095550433520177  2.239691248410068E-217  
0.29004847871571565  0.0  0.5456392678550112  0.0  1.791647219620198E-162  
0.016163171272350355  7.649518953101E-53  0.0  0.06646005269996375  0.0  
0.00146429862103831  1.890922985634333E-147  1.6410098274066275E-131  0.0  0.0023392239452997804  
1.2939968082715307E-246  0.008451279849619285  0.0  0.0  0.0  
0.8246388799862117  0.9866330775587541  1.2410123778197306  0.9896804648141941  1.2526309741973616  
1.479806413567859E-10  0.0  0.13155201925938906  0.05732710609592501  0.0  
0.7920813688950263  1.0300224063772139  0.9348288761287102  1.0205392154264108  1.1477146104599931  
1.500485746069811E-213  0.0  0.34895534047600457  2.3765847141616242E-46  0.038458835520297385  
0.0  3.9223404936911854E-14  3.0460285026509316E-133  3.7410790989528816E-5  1.0434697897925367E-5  
0.8542683026373948  0.9407128631247936  1.3067607841312217  0.5401647106010288  1.254546949728476  
0.0  1.7949518551119292E-20  0.0  0.4442224525537564  4.4E-323  
0.0  0.0  0.0017190849879985762  0.002812001039259312  1.5937822543858756E-114  
1.7921532942013552E-81  1.1882735454816515E-4  0.0  0.0  7.122396666779334E-41  
1.0264760382980662  0.9469456339063445  0.5450768343322079  0.3738079341856215  0.632786175170491  
0.7948776740879949  0.9571162405634921  0.66273220371056  0.37210692910089144  0.41448039301208994  
0.8829908401233327  0.8834329234310057  0.5671909142037243  0.2889327368603387  0.4539193511799651  
0.5436039561324995  0.583555545280954  0.2710386161250319  0.2383368012430825  0.43166042187737547  
0.41643164442164277  0.4112774655311231  0.16286680448049062  0.3374341368003786  0.2781151776618542  
0.9494596015338197  0.9562182114633024  0.6801327677649688  0.6221629109951613  0.6291017882489581  
0.7180551507148424  0.6026134741764394  0.3758748014547318  0.18397385343872763  0.3539876446567395  
0.7980423511795105  0.8437366906637839  0.5430782875544592  0.41826693596611886  0.37426609491614965  
0.7623425553296477  0.8495491754785872  0.45879646939210333  0.4598370748958016  0.494175349909991  
0.8404370364997641  0.7481801776797912  0.5092426226910982  0.19360574151875176  0.40850258954753454  
0.8277670278961236  0.8996625439083838  0.514206358605129  0.3032212597376986  0.5674402202281968  
0.8686993086868561  0.9500007728095643  1.1377782786732653  1.0741947033622121  1.2346540133130592  
0.020182200772169163  6.180410326857021E-174  0.2839550609995985  3.6345594520989506E-198  0.0  
0.8525211659069148  0.8345624737708188  1.1372781509481047  1.1252695362905873  1.2243171964391026  
0.07672992946111432  0.09791333164495239  0.157060049057231  0.0  8.187675475426014E-305  
0.04772763133094181  1.63E-322  0.0369980141735628  8.132985896999994E-247  1.290771171081739E-214  
1.0243171450996167  0.949595524440099  0.5841226298704175  0.6197371677031894  0.6416059626101679  
0.9683525076958969  0.7545050880006884  0.44838440572530225  0.3133048145741893  0.5652669070268246  
1.0358235010390389  0.9442975890885787  0.6345757503532367  0.5880149844451954  0.6453372293563514  
0.691204621607171  0.508362647642207  0.36605797567011716  0.0540066525549309  0.31544058145816595  
0.9778841237089712  0.7949965645431493  0.5607201401554538  0.4896490261363338  0.3807635421952295  
0.427679549679626  0.3705793572912814  0.3042960310860315  0.09988349611547052  0.15822179901141198  
0.5792822353471034  0.5340085922147463  0.41315542308738273  0.32546891717075616  0.18917011655834695  
0.8866729887007557  0.893443505052525  0.5672309584841417  0.45723350965998083  0.4336519774114532  
1.0171201354834936  0.9296947725996952  0.7040214085002688  0.22320988168584857  0.5542895240584786  
0.5485606212463372  0.5566030889590895  0.32384187506553747  0.16965036983964057  0.3269791745350118  
0.7426806884864985  0.5854562078284355  0.3969570272716318  0.2561611446286121  0.3231005471463731  
1.0664189309677399  0.7195402495282461  0.48732368726516634  0.4299831874699565  0.42769753008874134  
0.9220589615879594  0.9405861989799833  0.6462164269074367  0.3789422246649859  0.4379406630330986  
1.0727030047937918  0.808369644362032  0.46960517214158254  0.32996816460800643  0.5639977844489332  
0.6270113734551165  0.544095847866324  0.3188232290668588  0.00458093846123773  0.4074536686341721  
0.8333088104478631  1.0030143130113571  1.2312809392786712  0.8423338950072078  1.0165617401986413  
0.023476135173869837  0.0  0.06828641271830076  6.534855070872575E-182  0.20256907329453389  
0.8603398318538094  0.9504365472336235  1.1570060692482322  1.0682730148137065  1.2363509214623185  
0.09724824619320645  0.0  0.08263148097698488  6.530643668406489E-4  8.826640318242136E-134  
3.0205415689546578E-65  3.245678396133756E-6  9.979371763532509E-6  3.45545995697746E-91  0.0  
0.9061276448089054  0.6125800407198754  1.3094696469519669  0.9219988332249289  1.2232982392368  
6.721490279483655E-58  0.7381102889115442  3.7750518017002785E-111  0.12376498474588697  3.043057211913801E-250  
4.374437158530392E-122  1.0167347371151862  3.2181567351951555E-171  0.23305442874650145  5.5504769991273534E-173  
4.109274167455871E-8  0.5187738023062936  1.3435433622741217E-43  6.817511121214645E-30  0.0  
0.20373840219905062  0.9941036227590664  1.3190088621656895  1.0018676902621535  1.0191361540500352  
0.11041452002019618  0.09639124422743493  1.4608728887392205E-63  0.18079933908059725  1.5542873155102012E-151  
0.04625822893663752  7.621570436280091E-22  0.9105645009116434  0.2581696796671176  9.570777271113623E-90  
0.09903818094480259  2.3614775810681254E-63  1.785585406308184E-42  0.17789946236305043  1.2237403950238428E-194  
0.12374896651193339  4.276246765007326E-96  7.089699156706253E-36  0.16239195656690528  1.3826338308819794E-174  
0.8331744351478481  0.6850888024092436  0.5533856393866413  0.12278798414290094  0.3459067282004935  
0.8040815512785643  0.8554341990457177  0.5262152528226354  0.42025622807688173  0.456296101306912  
0.6219158763096048  0.6504316773680717  0.39783033174285193  0.2118247158463936  0.3214988000937632  
0.8606229208310202  0.6071114425146013  0.3599764373846456  0.34775371329627425  0.3843507856161813  
0.720650641361136  0.6947703419442494  0.4188846354742738  0.3917811563445808  0.3573438225660986  
1.0389769694873605  0.9073183339980206  0.7567501161769324  0.3441103128308353  0.6307104269765338  
0.6591862412411073  1.785750978971788E-213  2.254546708580281E-106  1.315374148702399  0.8298661961277848  
0.09352784910190964  1.026538839102959  1.4353116434707274  9.087539155073097E-52  0.3789282631814231  
0.6553789585523554  1.9951532854399143E-216  5.802420948539962E-263  0.7505418493110708  0.9057515868060576  
2.358097193732935E-11  0.5812740971074264  1.3218658347730659  0.3859842942079459  0.11124637641549494  
0.09014917891544275  0.38528056909257896  0.4210765030133604  0.0  0.18834478921326886  
0.5647903505859747  0.4847165526047989  0.25978203609143236  0.09240961806619707  0.41433725420180073  
0.7298695376625928  0.681482211703196  0.34603827042892576  0.333036537035684  0.45353131913127015  
1.0689496236748388  0.8193890154035871  0.5278856607738287  0.2939800864213274  0.5695421685444355  
0.6506402813054579  0.5562070404780848  0.3101601547118965  0.23406474365116783  0.3627223355588566  
0.7796876122426569  0.8447052812313585  0.5973865952838872  0.45729154617216383  0.2975593797823003  
0.44927760245359705  0.4371843435535125  0.20271757011049324  0.16125523657165247  0.3475693384153753  
0.41975668130761795  0.4833158891438274  0.31706234242796105  0.15114281959092152  0.23757892277366238  
0.6338627911765147  0.5909941729030159  0.35623313154070174  0.07547015949506763  0.4336301620083572  
1.0258301731966197  0.9249593062729573  0.6808189570676353  0.2559257904452258  0.49514447682331186  
0.7490512310961944  0.6102235922248697  0.39612098809612367  0.24738177389596955  0.3310080184924723  
0.8979015170949705  0.8487747990039426  0.5814664735385993  0.26955386963609995  0.4395444436846513  
0.8310012863571169  0.7474416364956368  0.42146431459785766  0.41486952120102494  0.47085753336879804  
0.4123066949314048  0.5428181873683265  0.2645582873011954  0.3698850166528754  0.2629603873124491  
1.0066001262084712  0.8316811600157255  0.5931199855470064  0.32721866677239353  0.44434380427356474  
0.5044470780636813  0.3769819620568909  0.33812394876429247  0.17625218179709995  0.13137725122438765  
0.8525007327632393  0.2965472604324617  0.1703913950005051  0.19079892928743242  1.3588198748713982  
5.369933563694174E-42  0.6860986378888237  1.0217020581685015  0.6877403613825506  1.2320531972550665E-134  
1.0659094990015228  2.957861539484126E-106  1.187977245356228E-146  1.053117223903908  0.5321616310152262  
4.42374386E-315  1.303980969848301  4.014039243807759E-170  3.165544935282722E-73  0.4777428667973222  
0.1950974888867564  2.053993429236141E-139  1.4798428240008676  2.362679935913311E-184  1.0695853371927915E-96  
0.8359883284830667  0.8674469919411666  0.577545663139804  0.32358503974738884  0.40137679290831596  
1.0122776032013558  0.9487367818975465  0.6415831789596166  0.5295295305771485  0.6919832800651207  
0.9919634950757084  0.9230916289835345  0.5361165385179433  0.48731589226183963  0.5601506043050787  
0.6821562954471668  0.477162488739589  0.31099997437023885  0.35608414209305544  0.20508966826357578  
1.0326379818908624  0.9070968027795113  0.8361534448695942  0.7394551043553704  0.9364676151847898  
0.8749851007248546  0.702724631465225  0.410945344840217  0.20192523892381709  0.46233769432762345  
0.8654237722932496  0.7948394181008867  0.5423151562083791  0.08832516326088599  0.47178554693051805  
0.8513721314316851  0.8448116813415739  0.40426633677065427  0.43641712362290597  0.5822318897715096  
0.9428914824035213  0.9035515161576914  0.48442234908293824  0.27390145671210664  0.6233300476364364  
0.42080652309708966  0.14367424845962826  0.5232155891572349  1.6625418523478652  0.3982448314456863  
4.696976360614107E-183  0.26756619833592354  5.085530560371483E-45  0.47171936982933116  0.3099442619013812  
5.728203444699537E-4  0.0  0.0  0.0  0.0  
0.0  1.6380898116195445E-65  0.0  0.0  0.74539468350557  
4.1747534583437695E-89  0.0  0.7904988134264975  0.0  0.10352225841370731  
0.0  2.401863131442838E-6  0.0  9.756319564759547E-6  0.0  
2.3564614364795105E-91  1.2835890130107874E-10  4.138856574970011E-104  0.12924746911531965  1.639645268567092  
0.9230507846271025  0.9254979242689265  1.3083371186893857  0.9471151368516487  8.665133791866283E-231  
1.2820912381328986  0.0  5.587342098531826E-105  6.438179591926595E-99  0.6761659647670785  
2.0087137367152305E-191  1.013554599394349  0.6613014979531451  0.6760741177098469  0.028736081419124083  
0.1517650257912503  0.1720793196038069  0.35456756261484185  0.0  0.16241822763546881  
1.018821225467388  0.7966099176734314  6.90364431073624E-50  2.9353654574213547E-6  1.2608852708366451  
0.1493787939334586  0.13326529947536814  1.3596785253096262  1.5140468010975314E-114  3.220970995185832E-69  
0.10349969021616351  0.26806689051379307  1.3213873800205866  3.76751379335554E-131  4.638588244520194E-20  
3.4271196771668307E-53  0.5407376052447399  0.18715570470441795  0.18863022426646375  1.3129577806990635E-59  
0.6458798447901712  0.5719299943175812  0.3673275943259043  0.2907901674437226  0.28444957915881647  
1.0589645229790503  0.8994680051814968  0.639382793211185  0.41360114695128714  0.5480962780898098  
0.8878661734444638  0.8860203390783915  0.5671701723431154  0.3364794718903437  0.4746425750710113  
0.6603518198287226  0.6489712082842192  0.424315482883546  0.22644113232743615  0.36534211711215014  
0.7476381300015791  0.8202232672874397  0.49992484394647274  0.251027679635895  0.4478415835910203  
1.0157990743680558  0.9293797273740331  0.668337785668578  0.49563998051252245  0.4054943408796767  
0.8304462122285797  0.778423177923821  0.5724524066924757  0.4551890200257162  0.281775534740898  
0.6124828663639776  0.5474412370265628  0.2971443232412453  0.18127652593363866  0.38771112969297095  
0.9601752408116394  0.9540489789242639  0.5813788530158811  0.47961192180837336  0.5398267008585369  
0.7165535716409788  0.8866580220866472  0.4507206437941371  0.25718131990288906  0.5756055686104391  
0.8191008579777647  0.8907139329961197  0.5789601308412685  0.2758973723040979  0.4452677693779337  
0.9539907490645435  5.344694903623708E-239  1.3803003165102805  0.1453006577573108  0.7873638906879664  
8.308317039504424E-59  1.2413154898626642  2.935917871669057E-82  0.6213398084478507  0.5289857498540154  
0.6630754666681212  6.881080053811531E-29  0.21511083493893454  1.4845274045194363  1.2451436377050316  
0.5197462007169519  0.967186125295566  0.5714758418944405  4.271463445877425E-43  2.997337186043449E-14  
0.782094917101023  6.376979983306162E-31  0.8718906774676481  3.866830890308712E-34  7.736479033961308E-52  
0.6234965460064398  0.703898784154669  0.4011002687321874  0.22010504305643117  0.39178576091850487  
0.8696243379194188  0.6686820768755479  0.538024555943215  0.3087574658901272  0.2668873699983749  
0.6326314593423646  0.553158853074949  0.38795079517939535  0.1584000149774287  0.32332857491976214  
0.7402010865495765  0.623643019309909  0.5336831440261138  0.14083648196433873  0.26751790528466035  
0.9638835400418707  0.9268345102944648  0.5537017930580909  0.451974788240643  0.5412284216049783  
0.7488437633545482  0.5581268970941311  0.40066374207789457  0.22065324615953436  0.3270592302672735  
0.5681450356908126  0.5261420577872347  0.3610180389431833  0.20237136013842136  0.24004993364939298  
0.7758865387612369  0.558823552738223  0.3279309457320646  0.13638427142853016  0.3989063326873113  
0.8840940140281528  0.8168344325211799  0.5278930402178355  0.4123814533716485  0.4025262945666447  
0.7332322165914081  0.5530213627850962  0.3826282882224714  0.057257620374492585  0.36050989228404406  
0.8585100298396108  0.8885652644495442  0.4612919422434691  0.5920842018759509  0.4707001371818522  
0.7651947611365932  0.8656052042909064  0.5975140774280484  0.36580263996954143  0.3598915922634529  
1.0484079337848187  0.9233042211092626  0.7421533120440802  0.6893562649370528  0.8187403204487844  
0.9483088072750862  0.7777843780358973  0.44111743275534815  0.5496675062462117  0.41698834218874037  
0.5361197032490669  0.7240136903802151  0.42666446653485185  0.21102350758391258  0.37596544890782113  
1.0407879953596986  1.1648759186658018  0.395074676043524  0.23639714014333654  0.644434324934646  
0.7105633280229157  0.13858087451289058  0.05070150633003215  0.6375226979492165  0.1867905524710728  
0.8796828810101568  0.9369650784280956  0.5851236987329674  0.21491494865890087  1.1148032986208123  
0.5817207710539576  0.6993594911912395  0.5068448279988362  0.2244577640516968  0.29573160335692517  
0.9751832168808694  0.8915221963497029  0.8140908247905078  0.7133933845942543  1.3847700946322097E-45  
0.6243956510888192  1.0132134272316227  0.6480756170955543  0.2564176462507326  1.2409485519175318  
1.0045674028729414  0.5981408136432842  0.44111147362611236  0.38116420725743494  1.9183541812009727E-13  
0.9758455139780172  0.937581812117663  0.7505830387627402  0.3246771661963164  0.593519996305949  
1.0818987440030297  0.815422435533929  0.642639438898758  0.5586239640211157  7.538787658097598E-17  
1.054807840510712  0.9246660467822184  0.6182252250963334  0.41739942917509226  1.093003733427355  
0.6697325672828157  0.7735171861081139  0.5542580430048388  0.1894406942667783  0.36782678336317814  
0.6594476561588065  0.6075043085144077  0.3603544021232469  0.42701007123233364  8.185151444781525E-52  
0.7503389225542971  0.6039368997953636  0.6179776719351328  0.18156870346062537  3.995408872961185E-60  
0.8517580310923846  0.7650817276821685  0.6505678839094826  0.3354172426459678  2.93096855311265E-56  
1.0459181768188794  0.9161780518843051  0.6025404663017215  0.3853347927815657  0.4859698732299707  
0.7467784223459913  0.8318992435162906  0.46549250630541716  0.414758050695614  0.44615597506524807  
0.9346611247665695  0.7833376466721902  0.43415732637740656  0.4897458669701949  0.46302671820760144  
0.9792944501192529  0.8148169016170015  0.4846943546238858  0.3457921993428545  0.5122174638879152  
1.0701051914146058  0.8999446601003308  0.537335727739544  0.4075622726661921  0.5908544233730314  
0.8317412343888706  0.7080663699572914  0.33911248610690536  0.25351844591660727  0.5823195404414488  
1.0790675772084835  0.4509589134665859  0.82454762963699  0.362250267531528  0.7051602452026009  
5.807923865795153E-97  0.4369629541219684  0.56630621002991  0.6651364074315388  0.38289206583148616  
0.46118435969514593  1.2897878203407793E-14  0.41083010210782905  0.6501561491190471  1.2860733862098939  
0.3493628037188672  0.5073678688004308  0.3896082265514102  0.45457745980656555  9.214413477531566E-265  
1.979457833847741E-29  0.3609364241087388  0.581669614979252  0.12996586450740452  0.14858100132478325  
0.5738319827685959  0.6908338292481342  0.4294382539574358  0.3027559407337615  0.33315543308861273  
1.0741098084706626  0.8783951206521703  0.5096151709873128  0.3908078532830065  0.5975808164741604  
0.6716072997285456  0.667669163132017  0.3865933081355023  0.34861188504545054  0.365967360393238  
0.7578569760292855  0.7169930332445288  0.38914078824020115  0.3262477666982964  0.4851643596434938  
0.7287206303704853  0.7692210359693257  0.5320850797707829  0.14073746784497732  0.40648815150299095  
1.0309383548923912  0.9217828626797575  0.7251123954493102  0.36074911999932885  0.5049694832615422  
0.7457683885767749  0.8088289621711631  0.4215140173160449  0.3499009091382194  0.4996992880021276  
0.802932984359983  0.7426197718856706  0.5808903712691496  0.280127607252037  0.29311756779933834  
0.8233169066386625  0.8420348729559088  0.5999981359457776  0.19343981517658573  0.4528372236693649  
0.7568635876987736  0.9245906197861904  0.6541607795061741  0.3116778612281014  0.37884260835681877  
0.6215933940312629  0.4246703890536883  0.3375266226151006  0.179228085212927  0.2199683369009436  
0.8561651391330303  0.9007054219261237  0.5235685351371021  0.5002807311745234  0.44362090525299236  
0.7693302864036842  0.6697696659274421  0.46047638777179084  0.1715241290697824  0.3814394690931132  
0.7486230837270954  0.8905892468460785  0.5081745996907615  0.3391539910428642  0.5149938056841079  
1.0453956285741113  0.888882084845547  0.7809345294849683  0.5991460701679178  0.8295791568298275  
1.0712496703285148  0.16911517928415742  3.741910264066324E-14  0.6374385158837415  1.3294174794669815  
0.0  0.8866120468606213  0.40669361749134025  0.6480345395274544  4.679079427929561E-174  
0.891860689827576  0.024801294043636235  0.18304076296909555  1.937018199187593E-140  1.0565009287918496  
4.918434410597887E-41  1.031166538227091  8.684725495704506E-52  1.0497230463246137  0.7450456429073087  
0.18264368924207341  1.0665951147682362  1.0587098169639835  0.05576197761784025  0.2595980497592584  
0.9935856409647293  0.9464144652123712  0.6366609615898836  0.2415688254424354  0.5875887802940704  
1.0708665630942755  0.9324877504867406  0.5516761022638919  0.4314869286345319  0.7067414903822654  
0.45020390129577453  0.27782448084905587  0.22306974622212708  0.03330779492447385  0.16094484112433655  
0.5180057032669215  0.4749506770559063  0.2566685434697993  0.21236459646303796  0.30092929997328943  
0.9503777687034113  0.8171976299010834  0.5894076672582008  0.38997792676399573  0.3936443727787714  
1.0610601062810503  0.9159014394619787  0.6447211301092522  0.511021320113075  0.6020310670223042  
0.6201768013016907  0.5690584791911831  0.38199410881774276  0.21309577448558034  0.3012665106563435  
1.0653187860078392  0.8326110668490614  0.5917573363768951  0.481973261484246  0.4221613700708892  
0.5480436420452056  0.741332540077909  0.4030496112083436  0.21952123390152956  0.43389919423772627  
0.9025320509783641  0.0  5.019766925479019E-191  1.5121767080164227E-19  2.0167356265881115E-271  
1.9063394887622756E-214  0.4095059934677782  1.0E-323  0.943582608972241  0.0  
1.1408324208517035E-232  0.254755363702114  1.0419713452819648  3.572493246480293E-75  0.0  
2.2838826753748213E-65  0.06385236496668031  0.19833467904205812  0.03042292488406182  1.501400725981156  
1.268905068068984E-180  0.016945233671127564  0.0  0.3623489717315486  0.06382754436381823  
1.5625853736489587E-4  0.0  0.788224325069574  0.0  2.423436126417283E-239  
2.3841006636303132E-28  1.0846129555699107  0.31740625306823766  0.2451902457366659  1.383986621311369  
1.0514368079236878  0.09257473678218058  1.005236890745696  0.7192236744780159  6.281535257432785E-117  
0.026619641624175523  0.5786316490215234  0.6901967010201409  1.2427249227396177E-81  1.4230170792558563  
0.334331698593176  0.1416783033977678  2.728084108949954E-30  1.0529188744340021  1.0E-323  
0.7564483664669912  0.1859058399691923  0.564356855149636  0.22210846441699272  1.0726457169960631E-150  
0.9681133714437115  0.5719256543512208  0.39608760322198605  0.37190017810340437  0.618321555311358  
0.712513384689299  0.6215502791187377  0.4579000277802939  0.36060913755035046  2.0800504685699465E-27  
0.6995573305606562  0.5174233983170065  0.43437785790325395  0.2997555100043743  7.422588376300973E-59  
1.0516520852171196  0.8777510626117194  0.5656751485906599  0.4497089226554771  0.446491887468376  
0.5714614662671941  0.7082229524317988  0.405083826904809  0.2755008959978177  0.3457500875066157  
0.548810350156857  0.7863662672837041  0.5606115181717678  0.31445403736825533  0.27058284919800335  
0.7206497160591965  0.5412012165976449  0.28817586676295515  0.32854828508448874  0.38232587625224573  
0.6183373296961793  0.6829365054165795  0.38070746215064233  0.3905582082002988  0.35560654087226573  
1.0453355628919103  0.9332536624753465  0.7141232730773315  0.5660754351420594  0.7111508569979084  
0.7519873184901481  0.5545973929711888  0.2657450257328396  0.19508331476137744  0.48829198249020567  
0.9432109922552837  0.6979104135056061  0.4788827674075683  0.23961334884753693  0.4461867950695943  
0.6576858431363571  0.4956997701974605  0.30492796752588736  0.3885957437628373  0.26200299229227675  
0.7188163373811852  0.8201386336030543  0.5078340058645258  0.18740612404762738  0.4809738191101412  
0.9613951874511341  0.8419083612972933  0.602459796947426  0.31190603783613213  0.4193610990146485  
0.6816845473467178  0.8697972511295264  0.510204774337571  0.24422681244750152  0.48790048085645  
0.7595667182835694  0.6007856405496823  0.5238438126489446  8.777747625941239E-45  0.9299857733867357  
0.7892873651665864  0.7549891283160765  0.23203829343964158  1.1689555624251662  0.06739451725492598  
1.049530792912304  0.8967833087914311  0.7271967680326478  0.4734043852975104  0.7230177002981562  
0.5229763302121189  0.493239039910637  0.04269828661023112  0.2630983891764491  4.800646492496576E-70  
0.3311568071692616  0.40907586085925995  1.3262021586090391  0.31747382220635095  7.328544925327334E-15  
0.34111850624790185  0.3253993973520342  0.19403149673149678  0.21827991734784236  0.16710526394807795  
0.6939142002242616  0.507651511790708  0.28836292238957617  0.26300447676375704  0.3304384525053332  
1.0087379179751275  0.7461608041445462  0.4952696184479845  0.3472968347637749  0.4516153447992066  
0.9400504731984971  0.956817494755174  0.6492936644714437  0.40376238462082786  0.584068401269648  
0.7176970290673027  0.8202572446424661  0.604394902878826  0.16066939830159488  0.39499086649567783  
0.8790530668085739  0.6188701945664169  0.3353702758259548  0.1802747296207053  0.4927381934465894  
0.3875425785578058  0.4700351104716691  0.29070510267634503  0.15215368935128684  0.21536546080937952  
0.637633914771698  0.7541634990445545  0.44412649186064007  0.21182439999490407  0.3886589017853036  
0.6612764190318406  0.5562641536686096  0.46291994186133273  0.30711695365772157  0.19487545606596357  
0.617510048071687  0.4758553783546808  0.2709036862492375  0.17084725598011855  0.3318959774879883  
0.9098096135809177  0.9562115108190132  0.48990865391754185  0.4404813652030787  0.6185928440897153  
0.6881665607704204  0.5220769123128647  0.3685239496804296  0.08006220760017758  0.301048297088559  
0.7608250304209531  0.5304505631383294  0.4046678542548761  0.09306652250691123  0.30564941836536674  
1.060991288105427  0.9251040072791828  0.6603793568395786  0.6437767082727771  0.6682142672689035  
0.7154591366903594  0.6013868423968367  0.42930605262806965  0.32933387822939164  0.24364029407999307  
0.5706543593061771  0.5346661384316105  0.4078551922038009  0.3247473519820307  3.735708508704286E-53  
1.0473219663391655  0.9121713203502863  0.7617723298950673  0.6518046338788666  0.7751297674731622  
0.7770809547502031  0.860500556858363  0.4017405265865451  0.1961079858892893  1.1376676745908254  
0.4861126706102995  0.5819519780755602  0.4115636047911155  0.356923456234285  9.011000947915972E-51  
0.4018810557641674  0.34026701083133476  0.3455844399271833  0.18516306023238582  1.8711324360159213E-57  
0.7114340304749094  0.47334629128800476  0.42810842812229244  0.12187136138363391  0.18681481861061214  
0.9322569516250434  0.7338796311547506  0.42015595525966287  0.394211204123763  0.5040288451913991  
0.6772722248786723  0.6252661865403373  0.3586831685405814  0.35933927692652623  0.39712525112481906  
0.7465094664482101  0.7713238204786689  0.4178429074518186  0.23973156445336674  0.47994891177362253  
0.7003325242465089  0.6255710815052216  0.4104984765744298  0.0464766770714472  0.42791128158091224  
0.7503035764369643  0.8204314843156794  0.467146781728947  0.19128320935416449  0.47892231707884936  
0.6044273615007748  0.5769911030485004  0.2926180866848937  0.19462279793683498  0.44728533708348184  
1.0477739125103922  0.9407331099552738  0.556360427830452  0.44528989202012026  0.6168020284666458  
0.9986562017467877  0.9498075611240578  0.564767224547343  0.32194380887037405  0.6275561495805972  
0.5170679974000073  0.533191345043308  0.29454857461236555  0.029080899651179277  0.3890497489122861  
0.8581922026924399  0.7413281814358689  0.5434924016803178  0.14725366097946843  0.37532429581438004  
0.8154586751358158  0.6463513762271004  0.3638928218164515  0.4158776312628395  0.3815861960557768  
1.0592402205697555  0.9244317663805769  0.6711073908880598  0.6073790853815808  0.6814248192093475  
0.6439158196292716  0.5327659576136983  0.37786725281487216  0.4338164870341126  0.22361001120373394  
0.6425144304643733  0.657763294489746  0.3742429273410881  0.3899140815832267  0.35336742537268906  
