0.944375388872979  
9.430064274401487E-8  
0.9319131795647909  
9.336316280150923E-8  
9.446553492368115E-8  
0.33110390633584885  
0.6680894337482202  
0.879972394135136  
0.8677081732293371  
0.5415818921034524  
0.3486587655109896  
0.08630522163678263  
0.2010733888436189  
0.8712927389665559  
0.8674521606408233  
0.6304910571808966  
0.872836047625932  
0.8784967291573832  
0.877931649208905  
0.08245407765853933  
0.9339984211139862  
0.021452151700728426  
0.9299183968345086  
1.0066677371696606E-7  
9.520389837159017E-8  
0.7503606977770885  
0.8794019385769963  
0.8780170382841018  
0.3290278471017456  
0.8804112748516296  
0.7056856931419355  
0.8800001549529873  
0.8139579788906179  
0.36249830467792643  
0.8868522334923356  
0.05060321258510384  
0.057790320464294914  
9.622115444793294E-8  
9.569000415677237E-8  
9.628532646743304E-8  
0.9432196089109107  
0.014276481490556289  
0.884557533513263  
0.0982141216785  
9.535865553391899E-8  
0.8754783869124134  
0.0748145161895541  
5.864125675773894E-7  
1.9065873686158405E-5  
0.8797103517782693  
0.09353794492489922  
0.09341495657123422  
0.33433104562135096  
0.8090702848112509  
0.6029264983297125  
0.5323144027836669  
0.8571356476374506  
0.31000510379624124  
0.8537993439495299  
0.5626215744422542  
0.9385577108381524  
9.511102400086685E-8  
0.9070503739080921  
0.03271496272804826  
0.007735910108568819  
0.5181606878336394  
0.8800734737383901  
0.8329889413347144  
0.3181466943073433  
0.41761204175916655  
0.6329194861939758  
0.8793158280302906  
0.8795246391602816  
0.7990994309263699  
0.8704034818156619  
0.8793250251684132  
0.8795407880899905  
0.791650068736188  
0.8793521464423996  
0.21042746052538688  
0.9284668565413791  
0.026449958916042595  
0.9322221639565932  
0.011967196590384574  
9.357351431492093E-8  
0.9419688427663694  
1.4316129257119697E-5  
6.021681853281044E-6  
2.863056547463519E-5  
0.925219772885238  
0.004531166572103579  
0.001611112954441295  
0.015639513824326583  
0.007827179577464365  
0.8801320491440957  
0.880162567093542  
0.5973155985154001  
0.8789552175453609  
0.39701044106446093  
0.8783904536072946  
0.5507314840673719  
0.43366352821178306  
0.4039157569890982  
0.35361912702001036  
0.13911758579699243  
0.7039054031887139  
0.8788752305039377  
0.2434360657533646  
0.4648924028795758  
0.8803223382390362  
0.41388708209559166  
0.880391504921244  
0.5043689648022833  
0.3228686302307382  
0.3230701035101922  
0.6188038255190241  
0.8803750532072099  
0.8803291521088789  
0.8791252079242207  
0.24031658998153513  
0.5397931021458965  
0.41391111146411996  
0.45130648341241814  
0.3668266899035029  
0.1604793483045896  
0.40519708740818056  
0.5800829476331545  
0.5346800694384558  
0.8479893221426082  
0.025078494152713224  
0.8804067161253974  
0.8790712129677914  
0.8803670099623611  
0.8803929866608035  
0.5136331411043948  
0.1155323416039912  
0.17331645944164653  
0.17835629194961697  
9.63958304874679E-8  
1.3103920878549854E-7  
0.42094631902147644  
0.6063178493412007  
0.4410651786248551  
0.3232338134539654  
0.1369071695159001  
0.16296360869769766  
0.29022438438555564  
0.01822005811941063  
0.5056667513324614  
0.8803595644768928  
0.46356668809384266  
0.7093957009479492  
0.8637890668106262  
0.45279526410191356  
0.874929164260674  
0.49418947505828215  
0.19926806529232063  
0.7585957242933257  
0.8540061310163427  
0.8448727253123597  
0.4280127155495324  
0.4684192643685338  
0.24506789353646738  
0.688204957412299  
0.003847610740716406  
0.8398152864165832  
0.8693246333841804  
0.12200558567490133  
0.8472824873693588  
0.8804351211654767  
0.8794816298207802  
0.30191055416132634  
0.18186485590643295  
0.8801660847409385  
0.7196080621115387  
0.8801115159519055  
0.5730311288908283  
0.8794974441016703  
0.20500188121601873  
0.4517263588665101  
0.6801687672534452  
0.5254383759537671  
0.4475176219890457  
0.11991321871623757  
0.10427727372534268  
0.45605292068832093  
0.17198281049276087  
0.8803217919027427  
0.052356621639478865  
0.8776350902096829  
0.6520639349678264  
0.7345101762873767  
0.8801704604673387  
0.4370528489938929  
0.7718781824212875  
0.49587376328964317  
0.8702597776071794  
0.44026761250472135  
0.8804032945546617  
0.8798422298004994  
0.6057651889532448  
0.3388584753421399  
0.5733725916542631  
0.25287483089025736  
0.1495003493479573  
0.8803693859821361  
0.8803732985512414  
0.8804154164916648  
0.8804113527971604  
0.880173149465128  
0.8795657426244512  
0.8768251366012708  
0.6217243947618369  
0.837294937072705  
0.43439478456274927  
0.6738909033508256  
0.5379252367080286  
0.22168186107689342  
0.8804149447884572  
0.8802817823886557  
0.6823818255245615  
0.20730103974940964  
0.4662397742282495  
0.2530835011993915  
0.19104308821995641  
0.30147181397026984  
0.08965843366566394  
0.8788139883244523  
0.5735691070805099  
0.1303637092847222  
0.8803250044263328  
0.03211094586757231  
0.8584236114249356  
0.1270995204655257  
0.18616645937466964  
0.19629915447616633  
0.17120297445060154  
0.2898613411964024  
3.3796886127816197E-7  
0.13845670433056487  
0.4539561934148457  
0.48947082811263753  
0.5229544993189843  
0.2718167009315519  
0.24701629631756264  
0.8774947829118008  
0.8804074241310279  
0.21333905716549184  
0.8785821820845588  
0.21032781370315284  
0.8213586214424331  
0.5543012989739596  
0.584248383227802  
0.8786275839926242  
0.8796580529396595  
0.06202906837136697  
0.364959137131468  
0.5974362289475044  
0.4152925998752011  
0.8802482892689861  
0.6978823734159747  
0.2386784123260038  
0.8030150128091931  
0.880429167275938  
0.8804067537483355  
0.8780007866472138  
0.044695609419267826  
0.8803967451004425  
0.09491495341607892  
0.8797174660607197  
0.5375081670001501  
0.8804355042741204  
0.8803213989504096  
0.12749209137353926  
0.8783761146099962  
0.8789847528391109  
0.8798333038055443  
0.8803304632496571  
0.8761227346648071  
0.8803216658329841  
0.4563558510795597  
0.8802381519108199  
0.826059765798095  
0.615324251678468  
0.8803159481551072  
0.8803700430768774  
0.7664521386815137  
0.8793163527900828  
0.879817638209541  
0.8232793169878445  
0.2624741473676225  
0.3671948902633544  
0.28839814781583206  
0.46496926869123867  
0.8800298378832425  
0.8784846867194956  
0.24469082942648104  
0.8800750540497964  
0.8068038481781932  
0.8783113239015968  
