0.7481937317707363  
0.011065207761376223  
0.7246152113600918  
7.592214970738936E-8  
7.605757784475612E-8  
0.7517072972564887  
0.7517072972564887  
0.7517072972564887  
0.7517072972564887  
0.7517072972564887  
0.7517072972564887  
0.7517072972564887  
0.7517072972564887  
0.7517072972564887  
0.7517072972564887  
0.7517072972564887  
0.7517072972564887  
0.7517072972564887  
0.7517072972564887  
0.7517072972564887  
0.7429051546177847  
0.015018573556597452  
0.7578960417737688  
7.584106721147165E-8  
7.599302328093546E-8  
0.7517072972564887  
0.7517072972564887  
0.7517072972564887  
0.7517072972564887  
0.7517072972564887  
0.7517072972564887  
0.7517072972564887  
0.7517072972564887  
0.7517072972564887  
0.7245796441565211  
0.038486898415712734  
0.03956249381257923  
7.597473039852413E-8  
7.578889537051738E-8  
7.567227167328462E-8  
0.7539224671127672  
0.004555777962906451  
0.6881002980782066  
0.06513550381075017  
7.598500818389139E-8  
0.7182263439678782  
0.055879378166762764  
7.634906327789016E-8  
7.617036326423676E-8  
0.6074006117304565  
0.7517072972564887  
0.7517072972564887  
0.7517072972564887  
0.7517072972564887  
0.7517072972564887  
0.7517072972564887  
0.7517072972564887  
0.7517072972564887  
0.7517072972564887  
0.7517072972564887  
0.7428401862837337  
0.02232386842894311  
0.7009317800931176  
0.04281396504199586  
0.006315694924015127  
0.3973825851397017  
0.7517072972564887  
0.7517072972564887  
0.7517072972564887  
0.7517072972564887  
0.7517072972564887  
0.7517072972564887  
0.7517072972564887  
0.7517072972564887  
0.7517072972564887  
0.7517072972564887  
0.7517072972564887  
0.7517072972564887  
0.7517072972564887  
0.7517072972564887  
0.7222795250250628  
0.020765330623437453  
0.7308866826832455  
0.023784488076077758  
7.614080250923272E-8  
0.7559281030541068  
7.672109401122982E-8  
7.697289370143084E-8  
7.655990021170862E-8  
0.7521526600361811  
7.61888962884642E-8  
7.583277106167196E-8  
7.621094765074332E-8  
7.617668841090376E-8  
0.7517072972564887  
0.7517072972564887  
0.7517072972564887  
0.7517072972564887  
0.7517072972564887  
0.7517072972564887  
0.40583223665858315  
0.3535871658151211  
0.3768687909991583  
0.29901320279404403  
0.1288191357994675  
0.7517072972564887  
0.7517072972564887  
0.7517072972564887  
0.7517072972564887  
0.7517072972564887  
0.7517072972564887  
0.7517072972564887  
0.7517072972564887  
0.7517072972564887  
0.7517072972564887  
0.7517072972564887  
0.7517072972564887  
0.7517072972564887  
0.7517072972564887  
0.7517072972564887  
0.4206006783142366  
0.3738583510302647  
0.27697167145510065  
0.33896122368166615  
0.1746262475913519  
0.7517072972564887  
0.7517072972564887  
0.7517072972564887  
0.7517072972564887  
0.7517072972564887  
0.7517072972564887  
0.7517072972564887  
0.7517072972564887  
0.7517072972564887  
0.29758340170280817  
0.07656714467086363  
0.07677946209087627  
0.14406390261381027  
0.07249611546335993  
7.532474456745291E-8  
0.26260892404984065  
0.5575279328989149  
0.3759799305078293  
0.32858132958747244  
0.04677956442699653  
0.3964162180000448  
0.12092657629259508  
7.692168942916743E-8  
0.25985740729883167  
0.7517072972564887  
0.7517072972564887  
0.7517072972564887  
0.7517072972564887  
0.7517072972564887  
0.7517072972564887  
0.7517072972564887  
0.7517072972564887  
0.7517072972564887  
0.7517072972564887  
0.7517072972564887  
0.2783297604553521  
0.5160175304555399  
0.1538157033008268  
0.45807240156925666  
0.15352551717962695  
0.7517072972564887  
0.7517072972564887  
0.7517072972564887  
0.7517072972564887  
0.7517072972564887  
0.7517072972564887  
0.7517072972564887  
0.7517072972564887  
0.7517072972564887  
0.7517072972564887  
0.7517072972564887  
0.7517072972564887  
0.7517072972564887  
0.7517072972564887  
0.7517072972564887  
0.4583302698475331  
0.32342528017367  
0.7517072972564887  
0.7517072972564887  
0.7517072972564887  
0.7519441531209696  
0.3962870167819581  
7.898813862947904E-8  
7.89603365502903E-8  
0.7517072972564887  
0.7517072972564887  
6.761627143273646E-6  
5.940729219848902E-5  
0.7517072972564887  
0.7517072972564887  
0.7517072972564887  
0.7517072972564887  
0.7517072972564887  
0.7517072972564887  
0.7517072972564887  
0.4091337421460183  
0.3076009361891207  
0.4296504085031449  
0.15645153795165623  
0.11522781139029512  
0.7517072972564887  
0.7517072972564887  
0.7517072972564887  
0.7517072972564887  
0.7517072972564887  
0.7517072972564887  
0.7517072972564887  
0.7517072972564887  
0.7517072972564887  
0.7517072972564887  
0.7517072972564887  
0.7517072972564887  
0.7517072972564887  
0.7517072972564887  
0.7517072972564887  
0.5600864569093822  
0.18950401198698583  
0.23980415496961718  
0.19824469115216434  
0.2689628420524601  
0.7517072972564887  
0.7517072972564887  
0.7517072972564887  
0.7517072972564887  
0.7517072972564887  
0.7517072972564887  
0.7517072972564887  
0.7517072972564887  
0.7517072972564887  
0.01678886322677292  
0.12585035002468437  
0.22426592956394764  
0.1794728752347727  
0.02708143477789095  
0.05028560305378209  
0.5740642485998587  
0.23487646972993886  
0.548948178806974  
0.3083644091017628  
0.09139236062066598  
0.396293191354896  
4.259770491729119E-5  
6.711524924152612E-5  
0.39220893990176425  
0.7517072972564887  
0.7517072972564887  
0.7517072972564887  
0.7517072972564887  
0.7517072972564887  
0.7517072972564887  
0.7517072972564887  
0.7517072972564887  
0.7517072972564887  
0.7517072972564887  
0.7517072972564887  
0.5999092006604139  
0.21714005550461818  
0.39835584026076387  
7.920473405023727E-8  
0.39226831348940844  
0.7517072972564887  
0.7517072972564887  
0.7517072972564887  
0.7517072972564887  
0.7517072972564887  
0.7517072972564887  
0.7517072972564887  
0.7517072972564887  
0.7517072972564887  
0.7517072972564887  
0.7517072972564887  
0.7517072972564887  
0.7517072972564887  
0.7517072972564887  
0.7517072972564887  
5.940729221622459E-5  
0.7517072972564887  
0.7517072972564887  
3.132930487212612E-5  
1.4300849683233636E-5  
0.7517072972564887  
0.7517072972564887  
0.7505506893024124  
0.7517072972564887  
0.7517072972564887  
0.7517072972564887  
0.7517072972564887  
0.7517072972564887  
0.7517072972564887  
0.7517072972564887  
0.7517072972564887  
0.7517072972564887  
0.7517072972564887  
0.7517072972564887  
0.7517072972564887  
