0.9050575716107676  0.773718195018652  
0.023246756510206086  1.312415571588898E-5  
0.8896623341203863  0.769805358431169  
9.334444534720769E-8  7.824388807810683E-8  
9.31799199599012E-8  7.808001781318815E-8  
0.7705074977762272  0.7836415361622169  
0.24090492780909997  0.7603395806884937  
0.5105979543302106  0.785272532278383  
0.34129268578086197  0.29134147273383854  
0.5603256107167218  0.785135330377008  
0.8917705833672241  0.6645823482145045  
0.344561048797794  0.5826484452253748  
0.812621782210857  0.7078904017036657  
0.8508757821435736  0.7795221129875444  
0.6226021708819612  0.7817630623925185  
0.8632929822691957  0.7787242037404141  
0.5959911218046972  0.7850369080918671  
0.09655839960861456  0.24337274874460763  
0.8480532018665999  0.7797033290008241  
0.7883829840672527  0.7829127049932518  
0.8856585286732206  0.7832246220106325  
0.030839582222272576  6.17028647239695E-4  
0.9232226977340642  0.7814562396821247  
1.1218621419714364E-7  0.0  
0.0  1.259270083296165E-7  
0.840257308590114  0.7802037779502758  
0.847045678363289  0.7797680109043161  
0.5129469336816541  0.508932861732874  
0.6333425348936889  0.7849337583033628  
0.8175248259378262  0.7816629113466546  
0.3504892416464741  0.7857142710094798  
0.6975305890288392  0.7847549819725816  
0.8676904081918559  0.7782716481777654  
0.34215409040872785  0.38818527494779687  
0.8433619879002158  0.6949886266135281  
9.121683256813978E-8  7.828913109948264E-8  
0.0912872131720494  0.09817243439384157  
9.312111351496597E-8  7.739930816675513E-8  
0.0  1.1566699357794048E-7  
0.0  1.1514779612234922E-7  
0.9149688255859726  0.7785723965159473  
0.025202898080351595  0.028585187529605396  
0.7724693942227271  0.7806555644657606  
0.14535901272422092  8.471729472710652E-63  
1.2742239023942265E-7  0.0  
0.9259481923253056  0.7810635466029526  
9.315121185241582E-8  7.885918185065078E-8  
2.0799461394042866E-7  4.046776781139434E-234  
9.442286528765638E-8  7.884892188481572E-8  
0.78221250918531  0.7831642930225763  
0.4739459858956959  0.6028370361439471  
0.4553304420589798  0.5147862412696539  
0.417684758425579  0.4151058151654033  
0.2796460272764424  0.17410469119648836  
0.843231392481119  0.7800128678285443  
0.807373290804404  0.6894919803559141  
0.7868946165098016  0.6791165468448832  
0.26370016327299434  0.7859510056763142  
0.35426021280291037  0.48120245694765185  
0.738981728784727  0.7845712827254575  
0.8953590446306168  0.7859424615578324  
0.03902904366526948  7.05844211428405E-13  
0.9117137922557984  0.702878045069067  
0.06839094595403868  2.4024894869881126E-279  
0.015712584248903178  0.002702688679156762  
0.15355133704874277  0.5558985765990601  
0.8559369259748281  0.6692564165787568  
0.2371486297648561  0.786027017752439  
0.1798501963117909  0.5495646893709975  
0.41431959511811645  0.785538159409604  
0.8485843655146651  0.779669228930106  
0.6151155482395048  0.7849841103966221  
0.8392508312704993  0.7802683838131997  
0.6383447945520223  0.7849199307853222  
0.8414601657190799  0.7801265656491009  
0.8635598352218888  0.5486615046692251  
0.8501715695560289  0.7795673284524407  
0.7445519123065061  0.7344042977278767  
0.5460518243649914  0.5867664019399247  
0.8220133390238833  0.7813748114892554  
0.9055582505720662  0.7072751660170166  
0.025083633376335963  0.08712071038507835  
0.8950183850072116  0.7812280549904795  
0.03956446698290184  2.1638590212912156E-17  
9.095298062822973E-8  7.831551848595151E-8  
0.9219101682503414  0.7818506260492545  
9.445074369179098E-8  7.846133181990526E-8  
9.666432413895619E-8  7.820580368503687E-8  
9.977565180412911E-8  7.881727091979405E-8  
0.9059554517187598  0.7498799609454795  
6.877722419812093E-6  8.117379650261002E-5  
2.853354095512749E-6  1.922150839542367E-6  
1.336E-320  1.2401831088642204E-4  
8.875529625916796E-8  8.630942409893992E-8  
0.22823115758762302  0.7860516272486633  
0.5964120185535662  0.7850357464934323  
0.822241113007736  0.7813601915657136  
0.24525352859756033  0.7860046511586717  
0.464868477261423  0.5959873546666464  
0.7551304416483225  0.7842484243752851  
0.14744483173722686  0.772225686080138  
0.804363374210576  0.005052169356964811  
0.06358260292457116  0.6616299623081962  
0.5672464618170859  0.11644823374483836  
0.2729408931378861  0.048915119714520595  
0.14083965799625014  0.18593431553784345  
0.8266990707008626  0.7810740517999253  
0.8448401435391636  0.7799095966328613  
0.19577632566439207  0.6343129865363691  
0.8402219789764986  0.7802060457846475  
0.8544065438975135  0.7792953910102047  
0.20776028881931727  0.7861077288031696  
0.8221866145594119  0.7813636896091707  
0.6823335635395964  0.7847978747350978  
0.39705821402123714  0.46029520243323674  
0.7570944263643098  0.7841883265901795  
0.6247535910684386  0.7849574905564353  
0.3518800771654555  0.7302313224120022  
0.8507491280716684  0.77953024519648  
0.20779070132259483  0.3958351684852177  
0.2887946617009196  0.7152279736156651  
0.7915527987120645  0.07800059089536925  
0.0  0.7817392210859402  
0.5572228591646745  3.065872742058143E-243  
0.4380171765136931  0.0  
0.8392065885873033  0.780271223709313  
0.8519682215466258  0.7794519695474706  
0.22159932665158888  0.7860699265830479  
0.8643243067677381  0.7786577116437605  
0.8462640194111855  0.779818190694745  
0.6403153879323407  0.7849144835735161  
0.2749135516611162  0.4160174857180353  
0.22484682243211745  0.3702714210737616  
0.4189557362330176  0.7855253683215113  
0.2740218833885656  0.1792406025845503  
0.05380949745352897  0.1780515105158365  
0.14319386782931315  0.10640828734216357  
0.29390863441059817  0.15926370059212985  
0.1446768919798527  0.14290547464271888  
1.1242641252154316E-7  0.0  
6.290956985670455E-63  0.596457739025352  
0.9945809886682202  0.25307573489278756  
0.07660724394468772  0.6702103132054416  
0.5928540524576044  0.17066058077487836  
0.1285852204130145  1.5E-323  
0.3463923058721547  0.8045514473594712  
1.5210790247954822E-6  3.3595421727980964E-7  
1.0E-323  0.31143827309665195  
0.7505186144671326  1.4823290978095086E-50  
0.7654292414183861  0.7838485807434656  
0.8120884598317339  0.7819347874183757  
0.8455005745398075  0.7798672005894289  
0.8446125688951011  0.7799242054650931  
0.25310231237318587  0.7859829919647796  
0.7513645328875324  0.6288740440390554  
0.8274776278644165  0.781024079008902  
0.29257842138573736  0.7858740602052238  
0.7485372406381183  0.7844377515982267  
0.8473070616647301  0.7797512308118659  
0.41896655338132355  0.5368380954142745  
7.710933400486852E-223  0.7450053198915046  
0.877886837334343  0.010583282851313556  
0.071459678140352  0.8441914472112202  
0.7342172746380732  4.9E-324  
0.17502400020342593  1.0E-323  
0.8446889778238084  0.7799193005029639  
0.15417596585217816  0.6170654431484767  
0.4292996270751619  0.7854968297532273  
0.26920461140214735  0.2830664067378309  
0.894117521249251  0.6501956231159777  
0.8263207258789291  0.7810983363937588  
0.8144862834410936  0.7818257582210061  
0.09127581470323112  0.3886702992769973  
0.23203157491739235  0.7860411120946713  
0.4616264966524484  0.7854076414323952  
0.6786339239219871  0.7848081986079484  
0.8310045086585316  0.7807976998340816  
0.8790796775328232  0.546766296405925  
0.20090352929663105  0.5561992207722841  
0.5164223794725041  0.7852564626366848  
0.19583616795907868  0.6294079164780305  
0.646392430334101  0.22101152013531575  
0.6605288177035094  0.7861412018250384  
0.5680386999236173  1.8841790735419216E-136  
0.7402898967625953  1.8366388119109514E-130  
0.9176389955034586  0.5513065098671687  
2.421239871442844E-81  0.782157497260774  
0.005717342332983288  4.736901434906734E-38  
0.0028989809478394213  5.836184783652137E-38  
0.8033115201377157  0.7823033416797778  
0.8233073312457758  7.254853606433023E-133  
0.4494790494806668  0.7854411556381578  
0.8268861594312115  6.2345510286746294E-130  
0.7287506796287646  6.569451181391517E-129  
0.3904795495540055  0.7089546272236286  
0.8191492438438174  0.7815586465088717  
0.5413048928673935  0.7851878112334916  
0.7676239544700736  0.7837591020788158  
0.6171465754817068  0.5536840773962908  
0.8427899244241569  0.780041206716968  
0.5943304821109245  0.5916157900864317  
0.40298115156922837  0.2787233858928835  
0.37377907838046875  0.5816773351255924  
0.29962579103628567  0.09298816145090734  
0.24617322350564036  0.11256774076306783  
0.0409216211134448  0.07571407960265443  
0.23668882050438203  0.786028286549914  
0.6311713300868778  0.784939760076532  
0.8682562600014477  0.7783440322843228  
0.1993162094860261  0.7861314282539464  
0.07658527717193374  0.2759117122920226  
0.34613547367083497  0.7857262836507382  
0.849983171848823  0.7795794241579629  
0.18279918111816948  0.5687121741025638  
0.89486029677409  0.6453622845721191  
0.1871731831586408  0.7061894998249849  
0.8487838413654609  0.7796564224779351  
0.7491264914742197  0.7844253247379719  
0.16845370520289188  0.6834738432988283  
0.7967483793420792  0.7825716040600376  
0.3247870711278951  0.7821443940963172  
0.6349580615081649  4.0754486682114315E-294  
4.9E-324  0.76746620855459  
0.5035421079471134  0.13353102797325178  
0.20349351163827414  2.2365951079356282E-117  
0.853811249450641  0.7793336204717035  
0.0981184370859916  0.0623759331636218  
0.8422577931363745  0.7800753653221307  
0.33352887682042015  0.27872198880790144  
0.44103301920052757  0.5641005989772218  
0.8437380240837203  0.779980345578954  
0.21151959838963263  0.7860977190095727  
0.5656602446978777  0.7368124743709354  
0.5262039631095126  0.33194926198657915  
1.0E-323  0.19132710708783662  
0.29072846771384336  0.17066469370896117  
0.3138957515801996  0.05516871603514043  
0.07953524870872253  0.5828377210668997  
0.0  1.2581915150029155E-7  
0.11193467645990526  0.0  
0.49971582002553416  0.35409717785639333  
0.05992757605783666  0.8558902555202759  
0.5156454483271187  0.3058474905977198  
0.15895253672520582  0.0437126547568491  
0.19127081937976848  0.268760010341079  
0.24259050924485512  0.7940829290831394  
0.008593654523292858  2.3238726118450927E-31  
0.0074154386265639196  5.2429129844954446E-31  
0.957189393882756  5.040588302250932E-221  
0.7254698662712131  0.7846595353139019  
0.847619708363176  0.7797311597431548  
0.7594293394388345  0.7840931710646003  
0.8125507088043242  0.7819138442716842  
0.2994246250669788  0.7858551693363752  
0.8475464096257018  0.7797358653222287  
0.7019486482543071  0.6902063040774967  
0.4716665927040482  0.7853799415182681  
0.7855689966522376  0.7830274393590435  
0.8353561789178594  0.780518350311931  
0.39338319371356695  0.3402147259532664  
0.908375850281165  0.6451042032038686  
6.702165522961944E-289  0.12639883473896726  
0.012654030063562553  0.7991734853903613  
0.002800360249074241  8.807355842031212E-4  
0.9108160763760118  3.7911668518175973E-144  
0.2302373969521474  0.786046090491407  
0.8337749043150715  0.6537121162810378  
0.8204018735195524  0.781478245135866  
0.14972408445383553  0.42416396442395476  
0.3896668260034671  0.7856061766716298  
0.37971163333826724  0.7856336435992399  
0.8472403849345362  0.779755511273328  
0.6977225769769767  0.784754436422932  
0.6316266565893746  0.7752892497611029  
0.6398489774098959  0.7849157728480937  
0.40211790813798326  0.41835428347771086  
0.727208068812488  0.7846504601254334  
0.6970080015576148  0.7847564669483919  
0.21481230682802802  0.7860886602257141  
0.7540477128205323  0.7842808142383083  
0.23304806584566973  8.149804590860123E-122  
0.25576108476886583  0.7938326541288075  
0.4499067467678581  0.7901434438442131  
0.8236167856563918  1.1493973869888652E-132  
0.827048349138732  3.85459834605681E-130  
0.6318268909652882  0.6771881515935723  
0.8360939974580281  0.7804710175544581  
0.11744780959941457  0.11646026098817544  
0.8872761900372268  0.6906483344229923  
0.3617531789951636  0.7856831925125312  
0.35958016903636353  0.6472506288937699  
0.259304096544182  0.49904521799651536  
0.8040371211531318  0.7822734778318607  
0.845206037880782  0.7798861085624422  
0.3220719629162097  0.7677219347372363  
0.7416344903236498  0.7845448853002212  
0.3092523085875615  0.5785708779681623  
0.45073106355178616  0.7854377013803945  
0.5526498642486594  0.7851565090329334  
0.8472568185087278  0.7797544562857378  
