1.2847478288983478  0.8708544913060514  0.8695717708324285  
2.2887387414826967E-39  4.607950220796357E-38  0.1120541491274606  
1.148380642944997  0.8595857920946728  0.8815534607467168  
0.17460038123617222  0.0036348154981028567  1.1869588711522526E-4  
1.6793978931360619E-25  1.8533815751589534E-41  0.01051651381467637  
0.014779896959406897  0.3499946109615958  0.8692764329530067  
0.7399975615128731  0.5194169825419751  0.7180157241507562  
0.3618324345356386  0.6805749894270691  0.6409450835562615  
0.38659655721212915  0.363127271910942  0.8031390218693873  
0.5540891747681403  0.5218087470490465  0.834241829144215  
0.5164704799131407  0.7650274665332144  0.5167002600428804  
0.7591122672669366  0.8047728361010659  0.8835021212540884  
0.3509220682175113  0.8291172510427771  0.6442511306490067  
0.03249671057636052  0.10308665898526684  0.38368671297593626  
0.8481539773661544  0.9109016701140277  0.9070532247327643  
0.4782752926374691  0.7338044559800384  0.8066140346274967  
0.5300856167156008  0.6692611497564316  0.8579219557067274  
0.19135318577117025  0.8707735833858684  0.54868556397654  
0.6501319010376119  0.8609640789378594  0.9600633017583071  
0.5251445116921328  0.7989015696788137  0.8733328327259926  
1.318499876930014  0.879661612686967  0.7633652696172136  
3.169606340320156E-40  2.0897973376269465E-141  0.2103420839333937  
1.3138642973746695  0.8392909381695214  0.8470473988428517  
0.019294143912404714  6.389230813556381E-196  0.0038417073035920354  
1.947158227188503E-15  6.789868748691276E-264  0.09407507253866092  
0.2723634359026151  0.3788352894425849  0.4508506446271199  
0.7063955386078943  0.3455836731472666  0.5287810183150535  
0.20118190041460754  0.6700022624189427  1.0413412702608245  
0.6938896895452369  0.4505271975378534  0.49572549811257516  
0.26294508947272405  0.6768465679707669  0.5385873481494632  
0.5448634373111724  0.7379088169741579  0.42625512394441456  
0.20893776809177012  0.8922716009590231  0.9608726857076919  
0.6070703971897542  0.5541038603321826  0.9677760671258938  
0.2212447396132526  0.8676211756989912  1.0173451807304361  
0.7942610181902473  0.7568948546565125  1.1112170041638414  
0.11763476393189737  0.14894036808229882  1.1738427042798984E-285  
0.33139987855335673  0.07199380228682314  9.028070166768878E-110  
4.188158791639107E-68  1.8093512162054042E-155  0.0705059826506264  
0.03219123563393639  3.627858380763651E-279  0.010486218746470183  
3.5999228707949107E-93  1.4441014356104387E-50  0.08028822674825713  
1.2142223505847414  0.8854385352123076  0.8531647348145431  
0.16672638800224687  3.3361114463234813E-161  0.05491314787726989  
1.1745998484571747  0.795765028752935  0.7812380464509934  
0.125372533533956  0.10578997814989548  0.09753113142684995  
1.711467686739198E-51  3.0279067724017645E-218  0.007981225548625055  
1.0701802699199896  0.778285524475509  0.9506879144697189  
0.16170539989856375  0.1500103147263759  3.8819125792887143E-25  
5.386646200921431E-103  0.14642600415529916  2.290528089923347E-21  
0.1572578118413394  4.221704814917799E-91  0.07862542376864713  
0.13231208837604294  0.24864482791624684  0.6607918796172257  
0.21472241800345485  0.582155071714395  0.2600303455776005  
0.3031961214481258  0.4658277580628938  0.40777594581896615  
0.15996399975380862  0.49524190044693184  0.8110671434582593  
0.0841781092311596  0.15678555382890885  0.23167364982253724  
0.6605319782159286  0.7023847667370385  0.45530442185226067  
0.6319443759788563  0.9451203185925667  0.8964999100009197  
0.3971028137152917  0.5689507894255249  0.7702556201478655  
0.6407038123598046  0.8645474260435596  0.5154503796438656  
0.3585578981882499  0.7497534195866513  0.9668176060532058  
0.28657728184203163  0.9163846462562293  0.988955292084227  
0.9019703847040514  0.9610866375109357  0.8191213993699601  
1.3346268113322366E-71  0.0019567740047395188  0.0076931830170526  
1.2526355390796304  0.899989248922527  0.6124941822931741  
2.1803340848413743E-34  0.007592688040559602  0.1734190017090433  
0.176209144709607  5.361495417984157E-23  0.22670156313627973  
0.6451057054013168  0.9276531079681353  0.9452229721408353  
0.6686433257963946  0.8931314497338084  0.7884120872066127  
0.10808323258565913  0.39575552309797696  0.40355968487961663  
0.7634354574898022  0.5221180632718752  0.5727293171575677  
0.7155547182011205  0.3202563324378085  0.8229019467891993  
0.8172339343387538  0.9144743136348928  0.9155440266480206  
0.4184795290199005  0.493903530502461  0.4299014349853798  
0.536816721679508  0.8007537381109678  1.0032636971811382  
0.4969817508795052  0.353523426481393  0.8477911605068637  
0.502757383402433  0.638718622536686  0.6761260485843231  
0.7276627828018035  0.30812875534977974  0.4248465391413355  
0.23928457288496607  0.3482631239897634  0.4518888776813107  
0.7526371819694472  0.7718985063997406  0.8555895479613091  
0.5730555296148804  0.5278866861778027  0.3706909413143487  
0.6737163280856092  0.7172257157257651  0.7171664624417149  
1.2236068391672603  0.8287623257563766  0.8185050201290524  
4.726195979279635E-45  0.044554636854840686  0.052741560097672745  
1.319367599236739  0.8775080849730694  0.7690961950000312  
0.047519188785829815  0.02587778399447195  1.6064375921969124E-26  
0.0066550923172537454  0.0033231449518332477  0.00888846333570182  
1.2404764349055744  0.8054128326043662  0.8759102439496278  
1.1765304482703682E-43  0.21609461484730788  0.1337420706872838  
7.71537026507669E-19  0.2196412839699304  0.018146019127056615  
0.029453190635881726  0.1134820619029312  5.127017180983563E-7  
0.8181450809290483  0.9615501926508372  0.5735399735794807  
0.36347434546337154  0.19006158976702084  0.22536276274555989  
0.22317733821045102  0.2010275280348022  0.024228064175221362  
0.08574737367528261  0.5740023852177816  0.30997994792042144  
0.14927677851611942  0.19827588730856902  0.11748539441747892  
0.32007423361211457  0.19719960815723137  0.19622588205529545  
0.37847179683440485  0.346675945916427  0.8290675386982479  
0.17732779302326684  0.3469880846282275  0.42680378874977  
0.757496842966942  0.7533088477938872  0.9381727294332327  
0.5056755537874689  0.5255505985927724  0.9369051256056709  
0.2922445920927707  0.16020529241082623  0.46050006708446317  
0.9250349605364682  0.39782475624057834  0.3149441429235071  
0.09825538193474553  0.3781530725276836  0.7956504891232237  
0.8469202783025294  0.40367388450584374  6.891161980872567E-7  
0.3633917536925758  0.599066004335636  0.2705532500648864  
0.16567438984377314  0.04979064994282153  0.45260860126942  
0.0811784891888129  0.8327664498213243  0.4245581141305384  
0.3840650405379801  0.8079273459523281  0.9743899039708297  
0.23458046679087602  0.8734599517408006  1.0121647468269934  
0.5742812513079817  0.3822976755439031  0.4236783890658741  
0.7165354035409225  0.9434683634752602  0.7225667100005784  
0.747986721843901  0.8131923261737556  0.906935101277009  
0.7301625205476818  0.6987501227948294  0.6402109506806797  
0.19588546074828514  0.8167386621352077  0.44842909020064414  
0.41320131175200725  0.36510624386090434  0.6532529221203446  
0.7032650515334449  0.9281339250968801  0.8472812723455698  
0.3617155388964786  0.10090458929772221  0.2152012796689102  
0.741198271216197  0.8884373899862412  0.9285100913959684  
0.6604775095254329  0.4647421019211518  0.7678812753263566  
0.31644569856998095  0.9664174467717438  0.9402964962384933  
0.10555008549787687  0.5032164693358357  0.25263212551036235  
0.9413701961493333  0.009981961433978294  0.7956538754123422  
0.5372021975559165  0.664782996088132  0.20971104050678654  
1.1137864685388392  0.3775370247978184  6.503889390478112E-63  
0.1270226700174428  1.7952168590399874E-30  0.9391947399344007  
0.4002673303482779  0.033378097497406625  0.5057779990600062  
0.15695703004415698  0.53641662365702  0.507544407156496  
0.5024686571442005  0.9595427173841081  0.9047953520235132  
0.43803737696346984  0.7419696189095805  0.6460272902964963  
0.7763948784904731  0.7090082687217464  0.6181486038657091  
0.05509276528287982  0.8099366583478037  0.8875113461658998  
0.7430708809259478  0.9264266400618835  0.9139380650050822  
0.12510782840493145  0.48206933997524043  0.9719996427054688  
0.6827862091179755  0.7008683540205236  0.9675749354103614  
0.7324340738547119  0.7461697008047053  0.6909982583860952  
0.9202599234891626  1.1919104098539373E-9  0.5972424958522679  
1.0126327234053094E-25  0.6102448506594976  1.2247408702767292E-87  
0.2715432230496567  0.0  0.0  
3.2001866534235073E-13  0.16238276561191847  0.5078987856709485  
0.19630470824421536  0.14935992496418496  0.13399071309837765  
0.00571151098651269  0.0010723924542130237  3.7802481054262516E-172  
0.17333922818724348  0.29628858572180317  0.31892222558606076  
1.1948095309888713  0.8798973467519821  0.24188062841104715  
0.9562565016666944  0.0985439661299911  0.6335296452251584  
1.0035337922046013  0.3531320620848565  0.30467766759775355  
0.03240262746292634  0.1837027797637882  0.03593307581720187  
0.4364510948110469  0.7948482064879038  0.7705655867996845  
5.715400280066341E-13  0.3488517047926405  0.44605781162153596  
1.1320929322521379E-5  0.5229950343763  1.0528374546770718  
2.193669442369492E-12  0.12418680634403531  0.7647016356189879  
0.7162772138165092  0.5695120527912418  0.8049226617112842  
0.3151589886625969  0.32977580547940294  0.43447314285110317  
0.2602673358751168  0.6343430644162309  0.452117632525911  
0.3704642795432277  0.5459186565983065  0.7463390913451272  
0.2480549709011965  0.6230267706939957  0.8230760919258433  
0.21086015086027715  0.2136920339217873  0.29327127320396434  
0.13762814214045216  0.2616107314240638  0.1691419922373521  
0.022430875412024678  0.35590817506856826  0.5202500938349853  
0.45733083998003915  0.9203770149772249  0.9369210201190408  
0.5011134396146282  0.6152069802855922  0.81635822901376  
0.19127380786007708  0.7540647050218903  0.8507989794898428  
0.7039884333239508  0.02468629976679487  0.853259851425275  
0.30448222586612483  0.884241787216853  0.17069764116649724  
0.3973791177753534  0.6730919859270954  0.1737425845021429  
0.5759278162376111  0.4607647141250857  0.9454851051996997  
0.15539494956365074  0.5973906516461178  0.6796024269073117  
0.7478510095927404  0.927421682906362  0.9225289674296971  
0.33353393728548125  0.6432584899151809  1.049784418514238  
0.31707529513405497  0.5413002335181806  0.7994873341408969  
0.33854579742051044  0.9511432982622438  0.7755464533745747  
0.21079505092173417  0.19237154565435013  0.16578482313927423  
0.08846174383964421  0.9159647021477711  0.9537621390948495  
0.7264887731674207  0.671801638576052  0.4465330927852362  
0.6253105150135212  0.44590529567304177  0.7042727268431055  
0.261808719588395  0.8113189519170961  0.9969620740766335  
0.39171229423086107  0.40268455831413974  0.8491654747864512  
0.2285721075748614  0.747721499931272  0.3304959824974975  
0.268748694432585  0.3095753342034142  0.577783072046447  
0.16931236497290872  0.2898991288779511  0.7643970963382465  
0.09063817008873305  0.9341558579035684  0.7928400893093703  
0.1819546338287719  0.7339604574014087  1.035352245206654  
1.5009433781295376  0.08098174933286748  0.6702660825578128  
1.772351607989089E-21  1.1142110636585185  0.44546752330158457  
0.5333579043899296  0.6986885071062715  0.4137691464418902  
0.45212268508458603  0.2959846587330727  0.8176124536179981  
0.3123522034860151  0.8409685500652733  0.8899059717772043  
0.3473406487835341  0.09720069435223365  0.8435684618250227  
0.22579248331522425  0.8672192832620019  0.6538677808224315  
0.23149346165957463  0.19741782466012275  0.4459813295324007  
0.1288493102178711  0.2573707321861099  1.0668963045317261  
0.05522501561620084  0.08287987123535187  0.3383376003582335  
0.12326800670910913  0.2736133547457244  0.8522011507294235  
0.6565465584522124  0.2751291481748301  0.6928668331532766  
0.6324089296496904  0.8674415592085458  0.9393184669920759  
0.5529216211856827  0.3453216717495476  0.7619934012225964  
0.30647813068264684  0.3586335386442646  0.491260342344941  
0.7621775338512954  0.8802493104322263  0.8817432025276744  
0.1572924071173567  0.6319510622364182  0.9424470131078694  
0.12100687036565315  0.43393283284040196  0.6068595701362778  
0.29349782894027404  0.26202112589068793  0.2598929235376587  
0.21285775363415116  0.1755879876678073  0.4894879707209778  
1.2366757743561734  0.12388576067878808  0.7863777104934061  
0.29309531650820303  0.6510761425046615  1.6734212430684584E-34  
0.6008513463494634  0.24513154401103432  0.710627930441594  
0.35248376277518584  0.4665556469862798  2.0937959151186473E-47  
0.34832552358080004  0.22644903022962717  0.10334379836886023  
0.19313147408999676  0.41361768519401043  0.5088940470043537  
0.7366046999215359  0.9054090574657646  0.8926268025627198  
0.4805277189334991  0.9543615581796614  0.9203661624718731  
0.6030993543476502  0.6831203157614582  0.9669118200942834  
0.3499361300515541  0.277061530947179  0.6159037021643731  
0.058821641207084635  0.326159232463557  0.8420088427237815  
0.6790194794256101  0.8272722804665796  0.5863453323740503  
0.14079611916228646  0.8463870048773185  0.9267291242633754  
0.32448622186383463  0.7456594593480039  0.3546789991750148  
0.22205994055446387  0.8563880062934155  0.6683356754262151  
0.5471894427822824  0.9022063652749064  0.5241672782370776  
0.19702006590322224  0.35775503230078126  0.8493236944765384  
0.2911680670050787  0.5328172770578218  0.7315465423247955  
0.12191889494865078  0.6329685507286386  0.9081162248193233  
0.7179255763783241  0.6231977893405864  0.5193910299186533  
0.46282289856856884  0.9531354143124257  0.5743517787916846  
0.9727970009637145  8.64666541108516E-24  0.21398861873002928  
1.0990540645369355  1.2428789756517327E-32  0.16009272044079184  
0.15979933409786415  0.8549815647909843  0.4154515001289616  
0.1256338437306527  0.3126098711524801  0.39641492230919534  
0.32864808740689416  0.6640394784617043  0.4414333729175517  
0.7268811865910046  0.645170294661307  0.5156964147928946  
0.4536194377228236  0.7341468285316747  0.6326632538106619  
0.600039283532095  0.7918189721146587  0.9503375654051354  
0.6888223703676067  0.6254411900564713  0.9861997676869266  
0.09925291264516554  0.3514980130047261  0.5185250230686961  
0.18087936112806113  0.40325147773364584  0.9337456134295282  
0.5850039455563056  0.7950928166590326  0.44441996528167116  
0.7135667421736095  0.38456556703047545  1.0096168508191252  
0.28335742661720176  1.0215884439303014E-30  3.2549729109097466E-61  
0.17465448625203805  0.516837684846649  3.1074227302801246E-91  
0.11746105660817992  0.22361329079183123  1.2139718981606311  
0.9386091488281059  9.788392931104532E-27  0.5374213663985375  
0.0443555747329754  1.3937226035543952E-38  0.02115320812263203  
0.22992114466476285  7.411082968819458E-25  0.010089399746493932  
0.5576156579221544  0.7977575292924135  0.8273165630507889  
0.030819392397107452  0.404521261794507  0.535469597705414  
0.3296279819289992  0.21692982353903967  0.7252018432512716  
0.03878959904455124  0.8197874347755856  0.03872651818516883  
0.9507432593617343  0.5047374715419825  4.362384507509918E-28  
0.15262993533357241  0.7106652161194046  0.9982441570045633  
0.12113737446823769  0.7333958715717113  0.3918424538907185  
0.2969458659224833  0.38904712201213804  0.3264071705409069  
0.5825451692836927  0.9147084060868576  0.8338439924116545  
0.5303969781456341  0.629742857383614  0.7940868001556304  
0.5016066687189727  0.6368368356960515  0.6697085012484767  
0.12051377442554863  0.22076661189547261  0.9317458623267506  
0.5627043734703183  0.4571896927622269  0.9668310875778992  
0.3263397161815877  0.6835881222398495  1.0208007448975613  
0.8203709332231938  0.9170351698009356  0.7147318415254129  
0.6988962247862923  0.42641262379944056  0.8306635856763945  
0.12585421579979877  0.7135675304067159  0.99710499547358  
0.13041227228294364  0.3279484531550216  0.4801919149507801  
0.6918155180111276  0.9305581801637598  0.91470812549105  
0.4073599720001006  0.8295911854222273  0.5580581030558616  
0.09724810876400992  0.5593112254660264  0.8286053356442975  
0.7544896600473203  0.2899654202060679  0.05363569733113023  
0.997926357240718  0.6061346226778079  0.6943524421831699  
0.738784645559151  0.17046737741772372  0.9699254891674067  
0.2845277534896053  0.5721777571907715  1.0326802770932288  
0.1146482047765037  0.4760762673399324  0.8555939604918614  
0.22087423216934246  0.4086165960859041  0.28670977054069935  
0.6663940958977539  0.393187417002549  0.3368222973757849  
0.13203231731709247  0.875925366840314  0.9792929562332198  
0.5612527457759285  0.7540852838807184  0.48706700434870737  
0.17794298240770268  0.8004510769274338  1.027061428190143  
0.14651581571485356  0.7281388719643903  0.8392752818174767  
0.10051513944822904  0.8223420322367303  0.9953962957272344  
0.4806309926330878  0.9430298790609041  0.9584969050316029  
0.6272852029958226  0.36323781895760254  0.4278265746026563  
0.584363420325265  0.2894555856017374  0.2759963430120382  
0.29181106773197624  0.15032496566199707  0.4388010154403282  
0.012327870810622268  0.29293703561255136  0.7956869329346191  
0.5193249855730732  0.7870258744619452  0.9984355362106433  
0.02577429893267565  0.40452791006710187  0.5028398630997287  
0.8097857832448554  0.9058563488228439  0.8745298356639952  
0.219148333057734  0.8842000911094823  1.0165727020543045  
0.7535393357643567  0.7856627668634886  0.6003579452422001  
0.6727607465835661  0.9285741293340446  0.9384741297974064  
0.40563817980124045  0.3165129319658969  0.8228148920028241  
0.5900032623020622  0.9670924935709856  0.6425887987540166  
0.36276410877304377  0.21797998393969853  0.8811492498851505  
0.630767905142369  0.32601789078721993  0.5455923391762083  
0.7442851435241424  0.3738582305460817  0.6758913540905448  
0.7025154466724669  0.9241650784844392  0.9353268993782669  
0.35341618104576583  0.8320487662073195  0.4709473601780827  
0.8007473225734802  0.9150492995836245  0.9230340580735001  
0.02978094752531182  0.4164184687221995  0.5303852604848465  
0.6410540291062102  0.5407725007651026  0.566184240115016  
0.49679815255014986  0.44691953892219255  0.6983570393679676  
0.5577755842236795  0.28736722023499117  0.8206090353409646  
0.1008892478104224  0.5506587896729375  0.8957962344934315  
0.10892507507536223  0.8169251039556605  0.8902050597121621  
0.3883134394029504  0.669395051889229  0.9075317891628615  
0.5952611146653036  0.9028576956049658  0.6424560361585149  
