1.6654042660513433  0.7129193574860171  0.49712589664559126  1.107595102059613  1.127284873387185  
0.0  0.0  0.038508260065846796  0.07463518106528184  1.5435514085825964E-235  
1.5820314940948985  0.7371481437153445  0.606225956595039  1.22763415833053  0.7831716315004696  
8.30126369897985E-270  4.086577334131172E-270  1.967205910878596E-247  0.0  0.22495411091022072  
1.440284407342703E-4  4.093799658704043E-86  3.285738668750203E-199  8.94656349770847E-4  6.428023405793005E-4  
0.2541612021429306  0.42645873513149013  0.9214253768771262  0.6039551195880006  0.5705482927207726  
0.28924047755368754  0.5234657877284297  0.8105255947928014  0.6370145513756326  0.48403443149228786  
0.16238001847730701  0.4146345282009913  0.6793371797123547  0.4568460125712402  0.13345202293248087  
0.030124997493545448  0.7158258596966366  0.635302952366271  0.2144279467947781  0.3227926679847601  
0.3557591097572811  0.8395696372467412  0.7554513786986194  0.5685309591298923  0.5635854204925094  
0.31480352652849625  0.3274730751475874  0.43288235691047383  0.4515742416961284  0.10695881948362959  
0.2839048335492961  0.8198898363736588  0.9600831275514937  0.6553537058548378  0.5997006443541097  
0.5475135143679392  0.9090808515863995  0.9198396338257753  0.7973032688072609  0.6201660611324612  
0.45963449472517165  0.5595056141924584  0.9683788049674431  0.7544081189882611  0.6092030009115967  
0.2898508920145282  0.49880199755232735  0.5503745946033473  0.33669641549754936  0.43066292988037275  
0.3473643339410334  0.9491189276473861  0.9915025972988448  0.6055717951140072  0.811310360394717  
0.35946027852476586  0.422104666524273  0.556317446970874  0.5483285668337904  0.25883052570783066  
0.2877040825360594  0.7293204468195991  0.6889033781613868  0.5447105462355386  0.5119599050614593  
0.40057422730989367  0.636131549542519  0.8870035300031233  0.7256859307478903  0.5734014651494512  
0.2724320133122301  0.5767162518041101  0.6521264309460291  0.48488322471885065  0.33908767706733  
1.6260670247588664  0.7043003216510598  0.5480891545325426  1.169084002910593  1.1061528305891275  
0.0  1.2874842240994098E-176  0.0630930218416743  0.16798575500593235  0.0  
1.6262955714514962  0.697596790824077  0.5559782546975713  1.193080883177554  1.0985907319071475  
8.776367468821644E-4  0.0  0.005383151689700687  0.0  1.7934870742257913E-185  
0.005819295213394171  5.1731604882925375E-42  1.1782050170774183E-70  0.018949530945131163  3.139984351741197E-115  
0.5067612977024437  0.6951321337592122  0.9690652844727841  0.8281615351282391  0.5967032668606901  
0.4831239200835317  0.6360026728061415  0.8753429884498368  0.8509097385380865  0.3554031342121152  
0.37283421267664  0.7714157510649687  0.7636510549701476  0.4956793469265195  0.7309953658638867  
0.24631317032021302  0.9258049481098232  1.0168185856395748  0.7002426914285227  0.41933278052109124  
0.18751205711295646  0.43892856023620674  0.4638131523633485  0.179676615169457  0.5663369558731324  
0.31738308488449696  0.8965844229601628  0.8075214380577423  0.44946948193382785  0.5169380044078722  
0.38805381753169055  0.5640664025870386  0.8434930268646897  0.8469723375810007  0.2929951817009846  
0.23170980595655502  0.5072720539652775  0.7023261602763703  0.3716344848545965  0.6161501268906573  
0.17204855680267192  0.6759494733956288  0.5651289127186636  0.3825063712764435  0.2626732591178771  
1.519660024148598  0.6642207450228569  1.6722869780317014E-29  1.1424662288589624  1.2499066151711942  
0.056451862666331246  0.0  0.3471594878920998  0.0  8.67022085254755E-180  
5.081406831403887E-73  0.06692189501762191  0.32041045315486694  0.10373810781496769  0.0  
0.033950133339002035  1.0271722995840937E-167  8.217213995525436E-111  0.04378884541123738  3.36907894904531E-151  
3.2759865115473573E-77  5.23555198695535E-4  0.001036268391162704  1.7968266615765282E-97  3.686895973173626E-4  
3.342462289897082E-4  0.0016957658714111259  5.523272758904559E-4  1.0452535707102853E-88  1.6219871208222693E-4  
1.5904231993106317  0.7008606766827411  0.4956007250224168  1.1872732974771856  1.0890822454480567  
7.818825265935516E-38  2.075663660161618E-73  0.09413150173234508  0.008110894252486489  4.376638143624002E-123  
1.6315247154973247  0.5596781273494833  0.381902148556565  1.0883013452794361  1.0161207243725454  
1.6556768817040656E-10  0.12141863864264828  0.07886002516191605  0.19299987719282227  5.38352201582561E-58  
0.009412815246280737  0.007662671816608133  0.0024162015872248766  0.010391596593256735  1.4008059840145823E-191  
1.798311659923698  0.2667560954161516  0.5627047202647923  1.4706083790276938  0.46680736998738565  
3.0148369253953903E-75  0.07264760651131663  8.05987387816711E-244  7.662665028470658E-243  0.08999589920681163  
1.0561445325418245E-16  0.08668350401829955  7.514223684368826E-238  1.7454634292822757E-231  0.08831584473924506  
0.04239562257987238  0.14345466786184127  9.225802157501646E-190  6.323769965906861E-253  6.108600957924096E-56  
0.18033451713401405  0.4355920405760121  0.47904585815666634  0.19877833292483865  0.4564281522469536  
0.2935664041710795  0.7577961491394749  1.0311091851148517  0.674836469393827  0.625428361592521  
0.39732423196884054  0.9267700410221367  0.922986169148045  0.5087527441761465  0.7751607147495302  
0.08423995839469207  0.6107120758802465  0.534734504135299  0.2318514789468416  0.3008866463335717  
0.2899627720931828  0.8379226613607955  0.9441301750764943  0.7643768519836439  0.33658064723939934  
0.4210146338470023  0.4070769587215012  0.47934581746593047  0.6576520593292272  0.22942882120140168  
0.5554036168165225  0.9137016496037522  0.9030634878821795  0.774328411039675  0.8390363489666773  
0.22077079083386536  0.4057701286455888  0.5725936371547579  0.4887951394681999  0.1904273087571091  
0.23622303973780437  0.8890377335189821  0.9954553283747456  0.4653458149522366  0.7314205026140896  
0.08736185608860648  0.4306307450339696  0.46615371206528927  0.2605571255638524  0.2097060697473883  
0.24872117006133507  0.42041306249302535  0.5580619610867713  0.41330738819780904  0.2892160040432485  
1.6829867813698178  0.7682255819990681  0.4386752544853646  1.0472849048238424  1.0752451627654267  
0.0  1.1444910974982944E-294  0.04334166374938636  0.13837271074015822  0.0  
1.8264348213497463  0.5610964506267705  0.36518776763188876  1.123401050049505  1.1746131351063314  
0.13160034843720114  0.11757929184532448  0.02976143767740424  8.359678332537046E-4  0.06313646947691152  
2.5466779426718963E-158  7.78904519615674E-190  0.020859058729744296  0.043465191042323985  2.4975733606906E-311  
0.23068632692740043  0.45792392138830895  0.5344019204014855  0.5521520159204264  0.24850021601322614  
0.283578805675939  0.8238911825230406  1.0000048188824973  0.5652604274042271  0.8233788809480882  
0.3010117002325829  0.4544185131389384  0.7237351119380759  0.5879945078472272  0.3191946610538991  
0.39047587526539274  0.6476130706847267  0.9129048146057418  0.556946418243862  0.6667329080656577  
0.10489259834445075  0.34749159918623956  0.6504550021613746  0.4064808919920599  0.16539754499360343  
0.28900116158650063  0.8119503937635026  0.8060968945613896  0.39234286338503144  0.6581946715872478  
0.22628895915806616  0.6012653642012514  0.5571040814706795  0.2453411085803549  0.42449665954349985  
0.1489482819803669  0.6545288751564667  0.8903354596190796  0.28565940107243026  0.7603428908712689  
0.3431036270832201  0.912396727131414  1.0214238372040498  0.6707286193018186  0.5479786319238119  
0.3397871259694287  0.8702649227904216  0.7803327343907209  0.5036963656817346  0.6545073590376665  
0.38647938789884384  0.7149152218500517  0.9885615662959507  0.6667294972959215  0.6645888025598901  
0.3587385128150477  0.7073910923046953  0.8345284839913659  0.5068111694213263  0.6321018860048702  
0.5145421878133367  0.8507297260633635  0.9154819683422293  0.8321514001732546  0.8014963275716124  
0.22890633083864764  0.454136567701209  0.5297828180769683  0.3940938111909832  0.327587141160197  
0.2855331616902308  0.779316543528228  0.9394100798492202  0.5718489897848408  0.443266169852473  
1.5268822917840226  0.7172920538168727  0.5445564075148631  1.1233165374211969  1.100029969616579  
0.0256868516851637  0.006442780670662395  0.02026876916296673  0.026639962003279987  1.522376030040048E-52  
1.6641906498355605  0.7362576870148982  0.4170072100142512  1.0384819044223244  1.1550087462528271  
1.0009687033586157E-102  0.0  0.08920741200282374  0.11878537241097534  1.568190907170234E-290  
0.0023822066546745693  0.001733327299985161  0.0013247019392148205  1.198821388794256E-188  2.037526564033356E-102  
1.743083541220774  0.6322020033302211  0.5004152886851172  1.2160628094989334  0.6528430552498942  
2.4883857406003003E-174  0.03920393484227148  7.683494949911477E-30  0.01293671177778197  0.6013952973786904  
2.4416485574692536E-76  0.07826628352115299  0.028097579459101858  1.1002903451680177E-59  0.33248334707312677  
5.292204491814156E-217  0.014700950823764313  0.0065136136851737065  0.016303691888565362  0.444000458751688  
0.2958945922386264  1.2764269253491598  8.569548355848707E-12  0.7596719802214674  0.7256942031156635  
4.782350709102833E-12  2.9897191879703184E-54  1.3950131046482603  0.17346064355935473  8.577574976745794E-54  
3.73052975224924E-11  2.7341770617448306E-53  1.2860937480531967  0.21249241522458395  2.9233545293308733E-31  
0.016567897462921314  1.4588891567049681E-115  1.4663218220668641  1.493805952754146E-30  2.6964486106810246E-25  
5.241173181271075E-7  2.7498516183552257E-31  0.8144013504178349  6.277760903351051E-21  0.09903661735539236  
0.5366557656798925  0.7954583370157603  0.9532332917065529  0.8577603728902484  0.5549451307389807  
0.1946419836828435  0.4779944545377019  0.5761202718432209  0.42467949224271245  0.3091240619871488  
0.5078916514496875  0.6545600265145664  0.9211230241157514  0.8676517685633741  0.42241728651765087  
0.18438463198685937  0.7619346475219059  0.883791962305235  0.3943024382349732  0.6254390902333625  
0.15570492493624774  0.4179850372575034  0.5904824844334887  0.542821952032583  0.12937204387365614  
0.2911116997829872  0.678281484490913  0.8405697765138448  0.6220685791609685  0.3360268867134411  
1.2883755581071663  0.5595034310677796  0.6299605267313753  2.803835690254946E-105  0.3219327743808016  
0.2358241739100823  0.001269949973133834  0.12342457467842931  1.4922726026522861  0.9351790040339292  
1.6956251388204941  5.648471559884141E-23  0.2457111140335104  3.874668078219927E-196  0.39138767766684196  
1.5057964389841902E-116  0.4853775930766933  0.1408826048632081  1.1611609599996808  0.5271942182822386  
0.28322288591089795  5.479746774396975E-181  8.696111208782201E-47  0.5967077433693808  3.686866307046754E-21  
0.3354378552568695  0.9794098434064704  0.9566966366647895  0.5446022634739242  0.5391095210212377  
0.3530513485919166  0.8735978917280885  0.9832763347517864  0.5940950172097843  0.8261035577726918  
0.2526253788645871  0.753301729000681  0.9940296967219217  0.7033133616281649  0.4922370265376271  
0.482689498070394  0.7888972915122653  0.8660573708083857  0.5760579826755907  0.7249864269110088  
0.08690757693948112  0.3564007285908604  0.3008642371092819  0.1502125556626366  0.14708425681831064  
0.5422043863881344  0.6348172735706454  0.9588217224841433  0.8813559534415386  0.6020937282333687  
0.17839461447353577  0.6073538649861275  0.6291001159722643  0.41560162838239567  0.40589605567467274  
0.3182510634390986  0.8672307104860826  0.9995799133259043  0.7115437321636299  0.33908822697613417  
0.23542797490320916  0.5155964960248067  0.5154615087922767  0.4826931763671678  0.2685061620842779  
0.21498999780463773  0.6895958487308049  1.0002767292699977  0.6007725962505677  0.4898607371759708  
0.21754376829465294  0.7228346194423189  0.6561942570222968  0.4407557781341159  0.41865579447619844  
0.0339955063320147  0.5424120780978513  0.7769348347567155  0.22950643376160965  0.3784673894894662  
0.3633497441007432  0.8503035083175767  0.9962509096924336  0.7535223937214971  0.5664578275471144  
0.2615875313677087  0.8145154967734438  0.899145394288082  0.5434888488146377  0.6830744606859119  
0.09367593384748645  0.3836924522724119  0.5540388968084317  0.3635112252316199  0.23359664017288134  
1.9101066862862333  0.6726412884328915  2.26810728015524E-10  1.5172117487087243E-41  0.34841325148955754  
2.440826548179175E-93  5.442061212710858E-16  0.2781738869167464  1.372125596108839  0.7482497935947449  
1.0516487599237165  4.901964844189644E-218  0.8467758647403741  3.2196986226975135E-88  0.7518422107173001  
0.08434761405714329  1.322626069130928  2.6329426685999343E-97  3.216896426651527E-36  0.41714398390286633  
0.1919750570394927  3.3275675597994873E-31  1.428335581407782E-51  1.5148409500529236  3.006201427221604E-153  
0.3221167576451613  0.757373416815135  0.6963329876137515  0.547292833373971  0.5705146986156797  
0.5006965246585221  0.820969340897466  0.9439501566277698  0.819003872988378  0.7387873831074722  
0.2647914592593475  0.6529707507029396  0.8320442714816784  0.7240991743181402  0.2715018646684033  
0.3921888205787739  0.7480675193422344  0.723166353859729  0.6744362863822634  0.28645636011599335  
0.16128112241918788  0.37321935694637376  0.4372836579462065  0.2176939598595103  0.28660706331874014  
0.3272470415780253  0.7697400209967228  0.8672500374920945  0.5917564579988505  0.6859844232932744  
0.22411309422706815  0.47784748725076115  0.6826548161406144  0.39594629168397205  0.5916011834220568  
0.29487374318405063  0.455195050071173  0.7429972360459622  0.6758677128615155  0.24167380376816408  
0.317197160384679  0.9057179127351466  1.0171416457203564  0.6989230583129064  0.570000135778408  
1.5838418772575527  0.522431243774531  8.63442630680753E-81  1.691246636216241E-67  0.9240131052409151  
3.4051050829808525E-128  3.6861367206987077E-181  0.3580931573607784  6.551652339292437E-32  0.6973577914352632  
1.8690913433403803E-4  0.0  0.7016385616296011  0.0  2.2748029218481574E-159  
6.527178012646979E-230  0.36028205391394974  0.12177330319736689  0.42425763161689795  0.10129937835138578  
0.49189985608933295  1.0073976466173628E-88  3.712827703415934E-159  0.5772446521983202  3.741691025931599E-273  
1.671903130015331E-6  0.0  4.039570623807764E-148  9.777946338545486E-5  0.0  
1.2363593709690233  0.9554970745784429  0.35562006987266254  4.887961771423342E-86  1.3056391457495747E-149  
6.831713716334021E-28  6.731457514374342E-27  0.8603410090942399  1.0764997098260236  1.4272225271891412  
1.851870661297792  3.187316143907031E-12  0.7066841752288712  0.13517071348362744  1.244952773906067E-33  
3.0111729677730005E-75  8.206828195164382E-18  1.7774469158547613E-5  0.725059248029721  1.3380840343828835  
1.789676650636493E-51  0.2996552940542716  6.743537705667733E-143  0.3606464682922458  7.449598330848825E-153  
0.6929435759123417  1.1884082566477951E-29  0.8771742451402662  0.5618523754054596  0.058543589217099096  
0.438492038506531  0.1732256108061606  6.295467448188492E-20  0.6567779689271418  0.9905712264418294  
0.7025698283639881  2.2851486559369075E-33  0.6872951385211624  0.3920462844894039  0.20631905337129672  
2.710855764149529E-15  0.6883084706521169  0.7002898390460359  1.5881558776723676E-21  2.2542679253961628E-46  
0.30594599068753114  0.7656249690074369  0.9202399935253152  0.47862417786561734  0.5362529139487234  
0.225570923987163  0.7096539433547483  0.5873214265971929  0.2449932615313913  0.6281205585755242  
0.49922394215886234  0.8728666447442499  0.9393801868374974  0.7885065741201551  0.7430027529069834  
0.11394920920008389  0.21463183358562124  0.34471721780438697  0.3122660731945646  0.1662862112499141  
0.4184341459699618  0.9310002963698096  0.9088267702353261  0.5372824829208298  0.7565314336164738  
0.4237542187593703  0.8381305197594736  0.9522006301039417  0.7300669365162862  0.8019529853971068  
0.2753962886691103  0.6073115898073607  0.8365963474630025  0.4345464433761286  0.585068387559398  
0.3519628542174786  0.7784778411702047  0.9252823176665286  0.5038883421045801  0.774102935772761  
0.42338750332228814  0.7876864943167157  0.9540611878175851  0.8104477857044432  0.7362191029488477  
0.14209272400510456  0.3520782924046313  0.6205312559988047  0.37874061029091066  0.38104044947534443  
0.1158339784823182  0.630234031794541  0.6698003479831582  0.34306207986264287  0.42299974271551444  
1.7669492417221655  0.37597145961628603  0.2630774895788202  1.39070147032535E-16  5.622046478679096E-47  
8.6669490143149E-85  0.4773622441171084  0.21446713122869573  1.3854523640281193  0.3037451600181632  
1.4052448907044048  1.3621585414371485E-15  0.4739674068856345  7.348292466178608E-34  1.2819096189253387  
1.9784330810206895E-18  0.9738250960912488  0.5620822096449327  0.17013216810617032  0.07312588874771714  
0.9348135880173933  7.577682471195137E-54  0.6721711493597918  0.27972463078746085  0.630919115230926  
0.19256559031038395  0.4906908027917922  0.7864151676909091  0.5069079427227952  0.2134869625237296  
0.17831772094517853  0.5689928283705098  0.7893598232434409  0.47393910118707405  0.3441553461098506  
0.2963486889939866  0.8629997794959824  0.9889493312832278  0.39468679640160254  0.7859433710708378  
0.19853751413655937  0.6954051601310652  0.8596389764706905  0.46957122124747824  0.41511026400719836  
0.19622928786507526  0.5872355236082154  0.5062958138745269  0.2417659574046042  0.4568958261271749  
0.19528019422430162  0.5930046799004277  0.64252844219696  0.5355377450437765  0.2823218199348135  
0.23590267315769944  0.6304577737849797  0.9521408883486756  0.526343995057435  0.417810755964708  
0.6313848348811603  0.8817322430644797  0.8715848448860046  0.8144519980866798  0.856746955036909  
0.2841007390935848  0.6810888194645518  0.7211941099960327  0.6031227770162795  0.3657254493845621  
0.32332591833098756  0.49679827026198264  0.6909956636510608  0.49497550203905233  0.6051366067540171  
0.34354867502017955  0.3707867693111468  0.5361946851404097  0.3555176273394919  0.4177253165757553  
0.1646129449814734  0.5555912324854104  0.4736241394045509  0.2389939544288789  0.3931417244620219  
0.4048129667996296  0.8854993798362935  0.964377576447407  0.7200382954972189  0.6507329395481317  
0.215692268433697  0.6815087150635771  0.9290170226017102  0.41711584506182015  0.7179290242934763  
0.35413799477300706  0.9075270315934656  0.8180476963587714  0.6111969685645419  0.4078800207182488  
2.259567721383395  1.2162100507871724E-15  6.3796557057872584E-52  0.4769210767243344  1.0735615848967879  
1.3290964554852585E-23  0.9655623798739827  1.356398025097416  8.58536117246291E-6  8.979975285979573E-68  
0.48780548358749926  0.6999254022796264  0.9241836152602318  0.7497826856076998  0.6062937749731111  
0.2598278966996486  0.5199824213393947  0.49219851404184867  0.5872346314285102  0.1852097120326232  
0.24382064564385528  0.6893752640339781  0.9729398952208734  0.5156666660671294  0.7593820804021947  
0.19107848275829717  0.32663313070642236  0.4383417482132824  0.4447778201906227  0.08576416351968129  
0.2990625499048256  0.6737547238043612  0.7782412446160862  0.5176082986018337  0.5377887005281137  
0.20294663679791458  0.5681893587148589  0.7764808101614151  0.5581374223906547  0.20161389295499818  
0.2116782404055701  0.6749481248923911  0.8397722346072907  0.673925101225906  0.3650876037771867  
0.24603569282878535  0.5248309200130016  0.6850043774836416  0.4831959187557824  0.3237341449592572  
0.23211318366632003  0.31668412134070406  0.7086229200770284  0.4267026062614208  0.5946381873001166  
0.17159221337612868  0.3310583523655526  0.6018379437595027  0.48062250623305836  0.180191438134577  
0.09449944372941782  0.7192899577367371  0.8755826944462548  0.3576954924088153  0.42450074752454825  
0.4984468618031125  0.6585277792612532  0.8945703422219103  0.7357928474534718  0.6958048127139078  
0.5334341030619195  0.8704674618030559  0.9073313815263688  0.8138073161975573  0.8633074235737307  
0.10975318706292211  0.5736148756115037  0.6833034866418277  0.24149522853920302  0.5457823143211308  
0.1412202666965658  0.46910390466561575  0.6845327379838722  0.47282972859714584  0.16793649570532093  
0.11121077405658066  0.5892339837980639  0.6963197373970148  0.24702549166683466  0.5811245039354747  
0.29401410050663696  0.6848760672973604  0.8952588575373179  0.7270509678995264  0.30076090150449736  
0.3263591900217517  0.5105697647631902  0.7413670861481944  0.46354227988520624  0.48527347033676943  
1.629916090696976  0.33683922494529983  0.3918521990938635  0.8721032201117598  0.13967515667392036  
1.0267824957839342E-55  0.04210578170764628  0.19161446576524227  0.3932988813319414  1.0528861252986093  
1.1472357537913864  0.8248482693299999  0.3708568302694249  0.2591035119707419  0.10390448345386095  
6.750628075634372E-82  0.052774677157415066  0.5162153712945003  0.16455343239585773  0.724368314273042  
0.31332377174940157  5.032444952254586E-20  9.57031738461828E-52  0.6759427693781273  0.2769906135997245  
0.3110836193793619  0.8113402884064571  0.8801309524766895  0.6249229066336403  0.40121671755190064  
0.38658114530551924  0.5548167488346301  0.6603516252513539  0.6349497691151301  0.381394662720999  
0.19581780629045187  0.6466871222343973  0.7753532253422546  0.5127170027646476  0.4843591759878669  
0.3690017956134252  0.7903872675897374  0.8185404348823806  0.5051963749419615  0.8145062393200525  
0.36456421555720037  0.7901567871875846  0.9969112694272004  0.7478575011437465  0.5532538366727124  
0.07979811146888552  0.6333658449891694  0.6793719289201565  0.26595516336810554  0.42338047857842825  
0.2741413157452853  0.6157923244976514  0.6887954267037627  0.6090991927815624  0.200217501572029  
0.4273153353805691  0.9067977207512156  0.9100310013899414  0.6124402795696798  0.7270221607730121  
0.2758064606072666  0.7951039703268206  0.8455360377906829  0.6507701970323891  0.4418850690475531  
0.3157593121953716  0.7257853419225501  0.6367175616701983  0.4863986783587542  0.2983448956284385  
0.2555323922024674  0.5514741062309159  0.8645399422791195  0.4227781802799986  0.5896304813902362  
0.29526003091707165  0.37957371504633547  0.5176007232838441  0.5142880339071112  0.23153336507764133  
0.2651619108939502  0.9438491051034388  1.0418473409102627  0.6416781211121099  0.5739151425812298  
0.39326995910829826  0.7733090756666268  0.9072607481914062  0.8298107411374459  0.21553213351943448  
0.3225653066670967  0.7374423129740025  0.9825507198145149  0.8370483870730573  0.42419741154207946  
1.5758668131404885  0.6541113858595192  0.5895509127808585  1.810173603340859E-12  0.6474699941899689  
6.774891965697788E-55  0.05683398655641432  1.1773633424826674E-15  1.6887369930917553  0.20915107361645197  
1.5068795069005636  4.6463646820551735E-25  0.4390898831779876  0.14439641352646443  0.3952160366514826  
9.425482369925009E-75  0.7943749434319237  0.06222326998272386  0.5872737283219815  1.2088805347832123  
0.4393667765996835  0.001855585234551401  2.618164887586658E-21  1.0884914125794272  0.24638746141345214  
0.16627498681089628  0.6353700993969479  0.5111284794602596  0.23302075097795485  0.2481708373501532  
0.26888490362854267  0.6396226340547803  0.6671771878247991  0.5247642980179634  0.4528122887176335  
0.295149010610934  0.8186230146210886  0.9278275529836517  0.6129005946094683  0.6764112041510701  
0.18106167333382728  0.8244515328393888  0.9037000345330082  0.4121423004229803  0.507981202050065  
0.2921142939370646  0.5559528259330924  0.6063128032971491  0.4478496568081113  0.4257063214929552  
0.10183201705657131  0.3690953003727303  0.7145579108592124  0.4163643812530767  0.17216219855683412  
0.3600924027340826  0.8894641600254979  0.9909401655004333  0.732987936888413  0.6816426165490805  
0.17841009825809684  0.24074933481257588  0.40634237715263344  0.20478680288542958  0.3510420659362736  
0.34433740702742677  0.4222517718182077  0.5567100476339853  0.5718223188239788  0.38929708069694574  
0.9019760230821928  2.4654270001435038E-112  0.2919932933379315  1.6152764524303839E-257  3.978404113252911E-287  
5.308623036621065E-221  0.06165920751927822  0.5425079313737199  0.006203595887826003  0.2648516376609552  
3.225510006999828E-20  0.6355601101309837  2.3097424201541475E-61  1.2136312926553412  0.10240967449150215  
1.0514725819037851  2.3916896722045913E-50  1.0443307228643788E-58  6.935855475052312E-7  0.9836228971036765  
0.028930838737161336  0.16622788518699474  1.2540790372367573E-161  2.6986061235491016E-128  6.103499373420671E-107  
3.5723402630471336E-99  0.012685059830960558  3.3526282127602876E-79  0.30436407835595625  1.048970840066706E-258  
0.3282225146583037  0.481758962720716  0.14952345544555978  0.7875886323308889  1.2495568416839071  
0.3359521625644363  0.8716064758172409  1.184596662116019  0.5361277609570011  5.126044524702194E-35  
1.416644075971534  0.7184753668347869  1.2555682728568233E-18  0.4089050704425407  2.023196260917288E-74  
7.124449414437902E-43  1.3789349986318732E-13  1.112526735236564  4.028131161410327E-21  0.4498612144820246  
1.1105107967078856E-59  0.342353475972749  2.644847584531661E-32  0.41810434458791734  0.7926811175696581  
0.41192195974216594  0.6127849114605219  0.7574887773526892  0.7579718184229444  0.26260216801622055  
0.3367010218107759  0.8435370502932226  0.6944914561094672  0.5952920714353667  0.5104397212076104  
0.2587362686321316  0.6446612420730214  0.9611516826010765  0.6427551759752945  0.3354274845487801  
0.08843155318832856  0.7439295531874391  0.8731509627060144  0.37318792212367263  0.31524067346280343  
0.507059479190787  0.715156478965632  0.8209804488183317  0.7495197108376715  0.4894493605733116  
0.44816870136375975  0.9475035037430267  0.969273779375646  0.7153635675683095  0.6949100190255781  
0.10778009155900065  0.5538032980810584  0.4532472917480099  0.2388515313363908  0.2262529309112887  
0.24168928455198435  0.6130634307598415  0.6220461636730905  0.46959566807615877  0.2636767115277098  
0.3544177112397104  0.6847342950530093  0.9774404069613121  0.7392840955636479  0.4476501068508876  
0.44117366324146845  0.9171807671452784  0.97403976021956  0.7483774647523143  0.5671581828286605  
0.23975476963346956  0.4006904487514369  0.7577507216632733  0.6567772897004978  0.35099986374097225  
0.09649137516048917  0.14985286467409814  0.3622428133544206  0.2839239903066911  0.1975493630321634  
0.36287138313152595  0.7618000806923598  0.9795941881384251  0.7688897256900468  0.5819048347630711  
0.4432364274022606  0.6659312569405718  0.8078794169881024  0.7734897961983529  0.39766134244762896  
0.33395127800147434  0.6792725852928341  1.0110957062297543  0.7293882379510568  0.39453111939309254  
0.07224320015493461  0.7421361813023148  1.1688467421606643  0.2175866691052664  0.2640981586013781  
0.14031941640767684  4.319409821341612E-5  2.049428349884693E-14  0.14345526186115246  0.8818795039464637  
0.5009710707506412  0.828079256343028  0.9393437226846311  0.715369656787541  0.6204625122197129  
0.9239090906001941  0.2613588489552514  0.6729852941160545  2.2301540270692882E-7  1.074956187614863  
0.17868635711820238  0.24232769823833672  0.3382430275321589  0.21155689467678532  0.1875994941149858  
0.3119184606190392  0.6123047017540545  0.7577124006119769  0.4397235209379735  0.5024390186839455  
0.25211641835602216  0.6281760742722023  1.0266977513297155  0.535553043223388  0.6622093354729299  
0.24502409349478102  0.8822442823458577  1.0276895745490753  0.5278129650230912  0.652401237511898  
0.18372281199465218  0.3509865802431034  0.6670247174156879  0.6313648056091544  0.2359790422567675  
0.2227002926197965  0.3679321551285259  0.42634006804874736  0.263046585397408  0.3729163124037834  
0.42723768261273903  0.9467350307197423  0.8849746761151505  0.4909578488170498  0.7326859943212727  
0.37890959727518786  0.48249922107762266  0.547611711033119  0.6082582306766271  0.39148741364368655  
0.5820109050258312  0.7501557999207231  0.92934821869193  0.8519121470061517  0.608255764663156  
0.3316361453546744  0.7150213487495672  0.9722859942591993  0.8120458176317801  0.5429131991624311  
0.1398766343926778  0.5925634310204673  0.5217732022526984  0.3108461321020147  0.36090348367514663  
0.2347201556918716  0.3769783181136928  0.5453148835108909  0.5055265114727705  0.2576280218226411  
0.40943293311818824  0.8711295053376108  0.9591282389754996  0.5989444411192308  0.7830400997110994  
0.2835440492020092  0.7134514895949611  0.7560616041188519  0.3185882991529414  0.5406570459715571  
0.7116597546332434  0.8417195314023036  0.8572436185342354  0.8944172249939638  0.766212073578191  
0.20114660327651032  0.8107636291638228  0.9717971848950138  0.46095417158555935  0.39179157187342767  
0.19396382802981307  0.7448760296565715  0.7728530862059716  0.4479978859036485  0.2891986046509252  
0.40560161652848353  0.7017158298908776  1.014735110633357  0.7930487301108793  0.47629206435195864  
0.3718190033686537  0.47590147106655134  0.9720790546211429  0.7998888170547228  0.46620640027853716  
0.437635425824346  0.9448328271928266  0.8540915802510474  0.6916938925037879  0.6620757120227703  
0.44140864323632145  0.4247163732382218  0.659070156597706  0.5516390771053287  0.6060913917413409  
0.15324719600748066  0.7591168875653501  0.5947962096690226  0.28297785402931747  0.2548919377866789  
0.11109645674820588  0.1497260173677426  0.2363708704150119  0.20326343112631085  0.05241145790438855  
0.2982839545077101  0.6556258046421881  1.065462901356097  0.5804011519128508  0.5593150464729237  
0.25940718669821394  0.8490766915399649  1.0342942481312285  0.5570269483235296  0.7738386932313787  
0.6144267583311052  0.8165304631703534  0.8970820714727696  0.8504563904173238  0.7899118972051838  
0.35813874151679764  0.7273947383637829  0.7328629025793555  0.6565456145679356  0.39026561326601844  
0.14161767420063123  0.7660857241340878  0.9243138869166784  0.3620590731918057  0.7229613391182456  
0.48817211676582645  0.5510711617555983  0.6563541740023752  0.6709150148283988  0.4449069983268234  
0.3510115466311543  0.8422777881464372  0.7853848681040132  0.46585038998369926  0.6169978452616005  
0.238453448130819  0.4073176823722148  0.5579477216996759  0.40930270263664165  0.4182985156807803  
0.30956452646697463  0.35065464176504973  0.4657158168457056  0.4400940071696506  0.14841898123410252  
0.29907139400973554  0.6750721974558874  0.9492920838198605  0.6483624281694332  0.4131325496352265  
0.40222197342242727  0.3538983734320778  0.4649153256508976  0.5747084585146615  0.2592146862950756  
0.46832858257609594  0.8420413335718171  0.8957872778843051  0.6596126366742576  0.6375543124962342  
0.4479089490825749  0.9156163812314284  0.9661495420758526  0.7268413100428329  0.7511611163936833  
