0.866918988007329  
1.1666086657392844E-6  
0.8553381758046326  
0.04154282863783941  
9.117376469608052E-8  
0.8546368960046302  
0.35743431989959573  
0.8546369629702598  
0.8546360702794987  
0.8546368774433484  
0.07051358593580175  
0.45111816082754147  
0.5162954888881127  
0.5660039151326357  
0.03149799832824985  
0.744633227626654  
0.8546367981600805  
0.8546356015311152  
0.1661766002127341  
0.854636969062596  
0.8529182163838538  
0.022066598965042813  
0.8783069002457919  
8.92225701081753E-8  
8.858484380252586E-8  
0.8546368081080513  
0.8546368081573631  
0.8546368667827933  
0.48043115398985775  
0.32748276157238143  
0.8546345170212334  
0.8546365532676364  
0.8546364573694726  
0.14328539626954115  
0.774098224779822  
0.04135062183775771  
9.213942569506429E-8  
8.840424230133547E-8  
1.555615705051317E-5  
8.916619844966839E-8  
0.8716069828456018  
0.014853274028245314  
0.8202893106317747  
0.08157942265697886  
9.81497924026657E-8  
0.798562977163851  
0.06007566039903566  
1.621624411933632E-4  
6.389149097484818E-5  
0.3704963068131271  
0.8546369529299129  
0.8546369696382987  
0.8546369667703968  
0.8546366582133146  
0.8144238928019409  
0.8546369593693126  
0.18297487279791294  
0.4621973914384655  
0.5801610606723422  
0.8546369040478363  
0.8629916134313983  
0.01896104981508329  
0.8223239586057407  
0.03729683719979889  
0.009512050852657888  
0.8309342134864478  
0.688530329869381  
0.5480771851399069  
0.3515959852415076  
0.6167653945374358  
0.8546317266319798  
0.8546368818516763  
0.6113772932456106  
0.6485796540118646  
0.8546368512748819  
0.8546368910746286  
0.8546369427750046  
0.5068572464130895  
0.44838005670778325  
0.8546368574097418  
0.8449556113031212  
0.023210581709288983  
0.8643196403384904  
0.029951748218238372  
2.2897369277072667E-6  
0.8728081875152668  
0.001576616067496973  
0.009757030933528888  
0.005141225998353984  
0.8655495718963964  
0.03458188069035154  
0.02304232850785186  
0.00624585462357589  
0.09842919758898666  
0.8546369528645565  
0.5926111079168398  
0.8546369478171635  
0.8546368218143482  
0.5488867223851709  
0.7922822844401315  
0.40405560195755824  
0.4826492164728214  
0.37129420914681127  
0.34199259076671623  
0.14779820656157716  
0.5765260143447367  
0.8546369489427942  
0.253534515091411  
0.6130811236416444  
0.8546366164147325  
0.8546369766591386  
0.5142549319753391  
0.854636690031646  
0.8546369766661559  
0.4806014271469653  
0.6749447970635735  
0.8164637184434259  
0.40857562642339595  
0.8546369108609431  
0.8546369766633751  
0.4522366630449424  
0.4209878569480099  
0.3737580881603797  
0.29757613836312763  
0.2684750436501947  
0.3938863456109401  
0.5132067040103812  
0.8546369749095528  
0.8205277755270657  
0.854636879843273  
0.1337401020708389  
0.7688088643426115  
0.8546365856640107  
0.854636934238733  
0.48467004143148446  
0.11389271932610068  
0.04953168759489988  
0.14948071952512657  
0.14510756793829066  
8.842731302192096E-8  
0.2657558947847605  
0.6116323328833421  
0.4149024357190071  
0.37905025492557537  
0.07318515372917037  
0.5341272546788592  
0.2720185188275432  
0.05874324974247817  
0.3150064534300589  
0.12439700684413514  
0.05952729885463089  
0.4484923647933618  
0.85463696740974  
0.8546369160230759  
0.07026083110856136  
0.2599215904058676  
0.8546369501540432  
0.8546367804255638  
0.854636918058851  
0.854636762063466  
0.40626608438545386  
0.5152522284236737  
0.37191934990081504  
0.4488185784734583  
0.09074055847729721  
0.8546369393581175  
0.8546365909161409  
0.854636956911981  
0.6976184723064248  
0.8546369506870893  
0.8546369500554191  
0.34805492392689347  
0.8546369754200671  
0.8546369131242043  
0.8546369152512668  
0.3063578862027451  
0.8546368778704238  
0.5300413538315144  
0.3869585465551605  
0.8546369525054368  
0.5706983956329059  
0.442001063574878  
0.858352777092541  
0.015609115046036017  
0.5035896355366528  
0.3119730950061483  
0.7384298637551134  
0.23330224680233036  
0.44873426339754335  
0.8583527760550272  
0.2056752284369966  
0.34395028337161154  
0.2800104494154827  
0.0931615256379515  
0.46888752783634385  
0.8546351629218849  
0.681144478706113  
0.8546369256176974  
0.1150332806594386  
0.8546368526358477  
0.5473310438673402  
0.35316527475564985  
0.5140702827830143  
0.24824190909479413  
0.1939325884537047  
0.24670424770824015  
0.8546369785842844  
0.8546368760201006  
0.4415502556922429  
0.5494852489382824  
0.6456050652842024  
0.3552406318017909  
0.4833193929676139  
0.8546366842107324  
0.8546369558728847  
0.21685531239692452  
0.854636968914201  
0.8546270552707301  
0.8546368231858005  
0.3099072766068748  
0.5464797074140472  
0.27417269852606196  
0.3251150041807434  
0.35227256876703994  
0.27610542140213346  
0.8546369778830604  
0.8546369719296913  
0.854636914011677  
0.854636952162646  
0.8546359378520986  
0.2407664868653689  
0.8546369323872783  
0.8546281932669803  
0.854636898167606  
1.96821317958781E-6  
0.2094733733193631  
0.3370496538620906  
0.25430990876456405  
0.02097405363593489  
5.664650322884521E-6  
0.5529914653668241  
0.3328399505767535  
0.4966111597281573  
0.1675976758299562  
0.14720598925179226  
0.7227593505925548  
0.28242900653389663  
0.15922371492200457  
0.6296603128989938  
0.446664075832447  
0.7892766797207255  
0.31466546742701684  
0.8539828308285519  
0.8546358420209714  
0.5814596795141713  
0.8546369762932543  
0.34071473921026485  
0.5004150999510715  
0.8546369396453873  
0.2751609580162653  
0.6113301805080045  
0.33694226638309277  
0.858352770935225  
0.3632074262639902  
0.3887337293178541  
0.6923883793852295  
0.3892248053554502  
0.8546367854604249  
0.8546368709839339  
0.3533660943327674  
0.7332536399640082  
0.8546369158863943  
0.7471725025626955  
0.05679663919124689  
0.8546369494789907  
0.3386534057155518  
0.8546359416218267  
0.7616094528775362  
0.6198382030196482  
0.8021799598155361  
0.6331234097471458  
0.8217415297814445  
0.8583527799697205  
0.38862492882754646  
0.48229048052390344  
0.8546368436991241  
0.8546369673050858  
0.42419873419809934  
0.2312478874691065  
0.8546367320305892  
0.29175922993472836  
0.832305249183288  
0.85463682607729  
0.22464110684737001  
0.8546369542466171  
0.2811323982859092  
0.13287802920071518  
0.8546365752478806  
0.8546368993034368  
0.8546366074055082  
