1.1663700713366574  1.230175662056109  0.9798740028411651  0.7614710485382343  
1.5273772578674515E-7  1.4492149674520805E-7  0.0  0.0  
1.1994009442984699  1.1237191777189823  0.9534743719747656  0.7890912908736342  
0.0  0.1403143759446528  0.009065913307170586  5.4E-323  
0.0  1.3991999750123412E-7  1.2663031971450907E-7  8.477712454348067E-8  
0.4770859436028618  0.4224017252487196  0.42690136239570187  0.3782679230384985  
0.42417843320096243  0.8688962034728072  0.6463576615794783  0.2963299747043494  
0.08275977305465215  0.48700496781394104  0.5741517137458368  0.16612100398796462  
0.4454770511591437  0.8346137528198536  0.531909285481204  0.14219206561122189  
0.16017013969551158  0.7537170971699994  0.67917716539988  0.2605845875854802  
0.5637992527760968  0.7357407158170151  0.5817848002826709  0.4852544814798684  
0.39745589721617086  0.7500573868079551  0.7967634485664556  0.4288481567953079  
0.6505268391104466  0.6633828815119872  0.5098685832820234  0.6550703504460809  
0.3679985749241543  0.468557388524509  0.31009922498421394  0.4499419644056727  
0.21150137063370664  0.577288450471994  0.5419415911883808  0.10243498431475187  
0.4862977029437102  0.9997386973401788  1.000060840721638  0.40741582424216377  
0.6584361899953693  1.0437253423551593  0.9372316149057978  0.6871299108211009  
0.38410771282280154  0.7596525303897527  0.619295452375014  0.24271558044767172  
0.5551969478091278  0.7853806713131375  0.4709585794062042  0.5852002257506597  
0.20479098189538328  0.646337998028958  0.44020161007146147  0.07367656619524349  
1.1672512120861507  1.2258308403116502  0.979830941571978  0.7788531228313745  
0.0  0.0  1.47330909045083E-7  1.1954279237810226E-7  
1.14310603307854  1.222926319730012  0.9737028463949605  0.7792930221043918  
1.308103966487657E-7  1.2241643372111656E-7  0.0  1.0550459444087664E-7  
1.507286209463E-310  2.4178933127715834E-7  1.1644786037506989E-6  1.5787348659869534E-23  
0.20761090250264103  0.36685014644443126  0.3310678241307157  0.40619922101784667  
0.19672281961972002  0.51838727903494  0.5418346542431517  0.1385267764260698  
0.700172922956705  1.1222175705136468  0.944331272706866  0.629757278633419  
0.5359935029187711  0.5848773137093638  0.4082845544812163  0.3991994423666102  
0.35697651775970435  0.7731979483856886  0.8559126841862857  0.5337914956141091  
0.24201702361026822  0.6220192224671526  0.3786115948123953  0.21303651498056064  
0.3658601529614619  0.4913567505405275  0.317401864350035  0.11969503882814334  
0.48431334760704803  0.887445651271271  0.5696441218434152  0.38752390243386914  
0.34060168608638286  0.4925323030577181  0.3411602573052665  0.5082338550151502  
1.228196207847837  1.2297938670313704  0.7159982887058061  0.7960756327000237  
1.171227238427015E-7  1.283875938892405E-7  9.681563714312429E-8  6.457132845192182E-8  
0.0  0.17384488590624586  0.3725128428647782  1.5E-323  
2.106059244898944E-7  0.0  0.0  0.0  
0.0  1.4759481872857287E-7  1.05184232544559E-7  1.5523893005371577E-7  
0.0  1.4706636427680015E-7  1.1657270492822186E-7  8.595909480226111E-8  
1.1686308146216973  1.2251363615528594  0.9315947858171061  0.7853615291314167  
0.0  0.014242374222618849  0.052416094627234844  1.2163377220206633E-68  
1.2054198871289352  0.8860481899882782  0.8499180843293066  0.8137762117363824  
1.5E-323  0.29962172695490924  0.08909192622090722  3.339170969044751E-129  
0.0  1.4182429238764538E-7  1.1987126448441413E-7  9.460037820281322E-8  
1.1498423325091327  1.2228053123185647  0.9840994281441063  0.7759593260569201  
0.0  0.22405081052369508  0.10107252118699582  0.0  
0.004221680373097996  0.0  0.0  5.068011846059373E-304  
7.626832493565279E-5  0.0  0.0  0.0  
0.6125310831527732  0.6718009719393984  0.5265596846576176  0.6820797076081827  
0.44448641367600195  0.962702540548354  0.9175172296075684  0.4230824404120534  
0.5038269655694121  0.727596107041346  0.6496593293821169  0.5260873188831415  
0.6806821435433134  0.7927316322544272  0.7393233602098733  0.7263936923449071  
0.5270765314327338  0.6798712789944616  0.6446350999527719  0.6819558474574626  
0.28752571502846613  0.8203800113430936  0.7994698095713564  0.37798947631720947  
0.40777166201929543  0.5707307720164341  0.47570953923603787  0.22205402461941395  
0.0756087596276395  0.23626404216269192  0.2903185823188149  0.1619508382342114  
0.5998614340239943  1.0260083884931324  0.9161721938212735  0.709663076236146  
0.6312789115117349  0.5644128003848145  0.553325938052316  0.6770658785115388  
0.694484366228208  1.10403308005255  0.9262308602673603  0.6873094849691809  
1.1696452726678708  1.2265518101588748  0.9683147404202027  0.7791938291303706  
0.0  1.4135087162666146E-7  1.2185071277217785E-7  9.086166617595504E-8  
1.1455330732664888  1.1366040250408476  0.8820662864726732  0.8258945918041534  
8.741441589629932E-58  0.09343426076140689  0.1343215980760616  0.0  
1.1910708133785563E-7  1.298789454031688E-7  1.2064003302342418E-7  0.0  
0.6570662967511092  0.9613668818081615  0.7047982884905933  0.6282499260427058  
0.5598863925487217  0.8364796997340714  0.6944083725871715  0.40147264891490175  
0.1375570704497159  0.5415070025124173  0.7153685106394069  0.4416898117221412  
0.31370529569522876  0.5406353804798556  0.3116280757595611  0.4479348131482684  
0.564789060336258  0.9951403122963354  0.8191122137439133  0.4009174080845471  
0.5770140487647342  0.9373165448347125  0.7257047112395123  0.6139928879136998  
0.1704479871637211  0.40948703926161933  0.3287426783954831  0.1705865246863503  
0.30681434796386853  0.5294583369301522  0.5577117702686408  0.32936954462776585  
0.5082469728934703  1.1075949861807848  0.9668094087789391  0.3814835462102973  
0.22711601978069557  0.9623913004633515  0.7947168124413921  0.32051816203467426  
0.20151166816494828  0.5986199379921359  0.755411881247835  0.6114506735385227  
0.42361898387780084  0.7598143755529707  0.5413725621250924  0.31058438476916556  
0.4750488376229224  0.5321536223726261  0.537743714443441  0.40134451762267176  
0.5398689819941409  0.9765989941808993  0.7327451248960684  0.5864374747445443  
0.5193193650778473  0.9734243121570414  0.874529236690373  0.36793878084586656  
1.0554403744856524  1.25829828019079  0.9519975665114899  0.7519973017851238  
0.16691383157218573  0.0  0.0  0.025800349372283465  
1.1500815462903715  1.2247772300918498  0.9876395385206427  0.7550219029191709  
0.0  0.0  1.4005266299834787E-7  6.75141235762602E-7  
6.745118250453653E-7  0.0  0.0  0.0  
1.1469452391671904  1.2139263614408464  0.9924207377273437  0.7212780375874032  
3.2307851210037004E-170  5.841076271226828E-5  7.315503050618223E-5  0.0  
1.1921447247102755E-234  4.396616914194438E-4  0.0  0.004266391245976222  
0.0  2.010001439097121E-4  0.0  0.001906430651326893  
1.149798787034316  1.2386584070181312  0.9846633157219085  0.010488765946237448  
3.5E-323  9.328355461489695E-147  0.05377442665972301  0.26001853426483956  
5.4E-323  8.4E-323  0.052031450229119244  0.12713018432110879  
8.441052255864557E-16  1.6460364011465754E-206  0.14963296101686235  0.6740908327631243  
7.9E-323  8.34830702720302E-301  0.06169449367715495  0.04702613961051237  
0.34356397012697637  0.3536276315100109  0.3209128033984762  0.44401403065539796  
0.4627316023726136  0.7530383714190885  0.6914061870636093  0.5251444492481689  
0.3522433681893592  0.5748686369874783  0.522187703330988  0.499371235291279  
0.5059956796993109  0.9852983148534733  0.6866234558832401  0.44448930075266035  
0.17048961860342737  0.7369968516632727  0.648563529370767  0.10345767751077417  
0.40502777748164415  0.7362037115949834  0.7617553412373098  0.45268771733598845  
0.9965988638273972  0.0  0.7985276298577405  0.5572045176823748  
0.17358365466754697  1.294262205572885  0.08348253338767868  0.42251698676384136  
0.42098925216808497  4.9E-324  1.181267486643445  0.3700266036088329  
0.4979651648997224  0.8651992506774302  1.4037201190952853E-161  0.3524524596568323  
0.11122167799636484  0.34372670345204526  0.10830782189761733  0.0  
0.43730681473701866  0.6775430334486909  0.5895321213760335  0.241798440762439  
0.07207190681418231  0.5023341595930396  0.627438284503692  0.24170217537323613  
0.3729337993540985  0.9318916810911646  0.7343542353798751  0.3900105458349732  
0.2696554335879987  0.8914434429226078  0.716199667053669  0.19058826878826482  
0.3621364416425337  0.475691667489484  0.4101492105254798  0.5050719465666534  
0.21720602913900336  0.6959956982003566  0.7673264691339161  0.35589537806916244  
0.23600047322115894  0.4899124720394022  0.34463819199191564  0.06935787445384249  
0.5478749086962813  0.9732235551108965  0.7168940877941612  0.38472667114325443  
0.4045351581296057  0.7248252687803521  0.6247414511485119  0.32300734714836454  
0.5809580716696704  0.5747444700615529  0.4679283254520808  0.6640522015842326  
0.5700119899811645  0.8095156747753133  0.5804285073134964  0.5501754788840264  
0.4268604595872178  0.6587469142693057  0.7857450266595177  0.4426938728218673  
0.2119651473665252  0.4037565894398815  0.3705755289306887  0.10394280937245515  
0.27883267428066877  0.426499613275282  0.3577976929762793  0.49351978680080216  
0.6556647866278219  0.7942948042548537  0.4894751877266893  0.37455698904628576  
1.0855794436699997  0.12973033246930596  1.0315888943940872  1.0440047984782522E-8  
1.2437143713081317E-162  1.0165704078417361  7.703773622311786E-155  0.7566553998686705  
0.019698453997902723  3.063754336960304E-198  1.367100894402663  0.20658439218379882  
1.098357238260956  0.15743702992394443  0.0  0.24460934731830633  
6.4541252054673254E-80  1.0063740085150585  1.5E-323  5.713440985969E-311  
0.4137385510157572  0.39891061045591275  0.3046983298518327  0.39108622939292137  
0.1775735889077887  0.23471068216072977  0.28281721025700385  0.14610529462926694  
0.46563412984408065  0.9938057640798755  0.9742076164282556  0.4698667996626256  
0.3235906102111454  0.5635230132922568  0.4401753385203854  0.49464775450574083  
0.5520569245357103  0.9129662382557228  0.5826420843528519  0.5164525071690403  
0.7022457414459482  1.0320551050045257  0.8322920517171232  0.6142728118468705  
0.7922302858627871  1.0096468899947915  0.7688761864494755  0.7072278464886962  
0.6375891016340333  1.0607263725441642  0.7870964846080961  0.5095381933864278  
0.36537107504840327  0.7030280567328508  0.6715745245525906  0.23100066889285947  
1.0993925753018357  0.3580730489666449  0.08125846143442694  0.09393358430094613  
0.0  0.030808497527181945  0.1643769093533163  0.904123257463618  
3.5E-323  0.2970240098300878  0.2093129762375536  5.460827768366241E-54  
0.2465187721613428  0.19242456653609943  0.03229541719655339  0.0  
5.122124229130741E-113  0.0  0.2346884683028147  0.0  
2.3175362957176045E-7  4.628539604260951E-110  1.6523928064922264E-7  0.0  
0.8367698356721495  4.9E-324  0.6577608280167102  0.0  
0.9369713118088516  1.3480053815252495  0.21664376012898384  0.7721844474211038  
0.6105518986369537  0.14835736567386806  0.9530320707568215  6.1903832601543915E-50  
0.23164299218009093  0.4370177184070735  2.0270224577744032E-9  0.9854514836891073  
0.1613207674557847  0.3568559302260792  9.829941671289185E-7  1.5E-323  
1.208356105089161  4.635995036718753E-218  0.17353006513024655  0.0  
4.873143644710905E-62  1.3304857402288923  0.7084429786959131  3.875597304082029E-65  
0.0374183448616209  0.03449747862408292  0.03455560636814622  2.223433142493062E-116  
2.9048317233697636E-80  9.083451339565585E-15  1.0250000625132997E-126  1.037179246151802  
0.5372478071791507  0.8109131357848138  0.5501674925316653  0.5217752140769415  
0.046426885768049486  0.6015774354235253  0.678858464088699  0.18215632324481593  
0.578613565485245  1.0291469604996066  0.7853361806559532  0.5830165343254364  
0.5448091412987321  0.6682780032754473  0.4312584934180952  0.1755771081009048  
0.4030717494547291  1.0920948638673782  0.9054093522397664  0.47526310675349964  
0.5672949053034126  0.9829082224788764  0.7081410202268595  0.643429029582701  
0.46252432414615163  1.0053327954456943  0.9193649997026668  0.615269231216315  
0.5976495642667315  0.6921929432221596  0.48184975412653563  0.6626960933340319  
0.554460416032136  0.8506299823587005  0.7558319238527214  0.43755802124711474  
0.550030908629536  0.829032214736792  0.5312497792104552  0.2662506076439396  
0.45703182531836484  0.9740908197334142  0.8588132421176286  0.2534386377285829  
0.8025345326113313  1.5097236020763154E-12  1.1459716390212897  0.15417083856687117  
0.3395990528640621  1.3021076918711938  1.0523194533871444E-224  0.6219787967105829  
1.1873890107147214  2.275309146328808E-129  0.8528055222332832  0.7857127005231146  
7.287267099676475E-132  1.111128801336135  0.12810376616585176  6.12223339348005E-181  
0.4676759183815024  0.35284042704760304  1.3409654475098142E-194  0.012432578873343448  
0.44976772582020136  0.6196950976712627  0.705877070837005  0.3392324818462989  
0.6594088731669274  0.8965663785608293  0.7843024515781054  0.5906981929788909  
0.49757149323176075  1.0902828788322445  0.9059973929845951  0.6281619091030399  
0.30322311074490516  0.6898561740798547  0.7682574153867057  0.36762864758623015  
0.1894442962555741  0.7744197746038335  0.8236458434272305  0.19123553463948734  
0.06457481656279522  0.6273646993266173  0.7303290867520695  0.11789934492705441  
0.576307584698461  0.895127412432693  0.5974258697628514  0.43919818794005944  
0.07344956498379838  0.4640523764058416  0.5078828126741585  0.19145179368839116  
0.37691927092868394  0.9388105182328088  0.9512479637538775  0.28315134770253475  
0.5099996075130697  0.7334524908043966  0.41185045244211904  0.19599153309492418  
0.3552709333482511  0.8293376891944251  0.5750218910719836  0.21696222499841203  
0.3284887799827847  0.6023521659060165  0.687754528652523  0.39466754643233226  
0.37035264387751965  0.7116569710210535  0.5540018767016622  0.5320088605374205  
0.4302005735480945  1.0698050141218172  0.9375612356081469  0.44899511759386823  
0.5420260059584776  1.00029428762716  0.7399702383562214  0.4941560715712235  
1.1318079986915708  1.1903322024837573  0.9231843479882056  9.299212648593961E-165  
0.23822371354522237  1.2255162251202597E-74  2.4267959009027187E-160  0.8603166136814334  
1.226204477987088  0.21761444306439406  0.5563680244589663  0.4784019042673779  
9.901687554245779E-74  1.1265930249862157  0.7110639181453215  0.21311649160641202  
2.2223863186168894E-61  0.5478629410937268  0.3610214086728  0.05787329497281455  
0.3663106819739026  0.8768164978074595  0.685204242526636  0.5300024639669954  
0.16554596045230208  0.30161684777360537  0.825676461703047  0.8191820664578042  
0.6924525402020525  0.9888214596561506  0.10693810053681513  3.3813219271194966E-90  
0.2996403052282643  0.6436727987994372  0.04747713967735919  2.7884769794562576E-73  
1.185987398743152  0.7159198232366721  0.8476633801013723  0.799565966806822  
2.113122704459527E-60  0.7092753506043304  0.35367109846708916  0.1681012252720916  
2.8332545540438125E-71  1.178153128105961  0.6893718006375524  0.29866018972547154  
5.552809488212426E-104  0.7545656636889644  0.5923698101800855  0.38865973199041226  
0.222395441119347  0.9384334360534098  0.8467223440648289  0.24240610315379324  
0.5003343021312501  0.9560465859153123  0.9288911621479337  0.6587409609045074  
0.5788481873062881  0.8424872568537447  0.5637492432055815  0.39102457712638894  
0.6425435616627018  1.0141433222557168  0.7307158063657222  0.4833855482395161  
0.2370741475750313  0.9700142517571266  0.8542305276962611  0.17993860497722583  
0.6359126403885325  1.1281121578996038  0.9403118393929355  0.5778783351889519  
0.2151195734251883  0.6285841574161279  0.35350542584818445  0.11656971827280835  
0.5566409959420119  0.6314938219334733  0.9700220230135382  0.19256195207808308  
0.45226839746064396  0.6746544056273241  0.05952454451349637  0.31682117829576595  
1.2196967848735605  0.16975919904952164  0.7452059088607907  0.4507662542976069  
2.94009934756682E-138  0.6193686668159204  0.31561019550765607  0.3668152645034494  
0.03265130679571663  0.31095920360995766  0.1035536302630413  0.09690424608207063  
0.3660867563836289  0.4964689064947825  0.33611632312526  0.34841630873925994  
0.49986070761869156  0.9963574922149749  0.9922863834476591  0.4215533439913901  
0.4572278692403134  0.5212742845802342  0.4816031010251284  0.1923573400412242  
0.3429587010419662  0.6985962806714443  0.3991328297775171  0.1699696792022699  
0.3956403492591865  0.6162664923046897  0.5510802073629989  0.5972296183074431  
5.089782369242711E-6  0.2396754639773188  0.341646618866512  0.08494778258712786  
0.3556797796852913  0.877999845739717  0.8061066464056372  0.4326142348862552  
0.26191374455276495  0.5916520566984896  0.7353641726753373  0.4930963125968749  
0.5287923041473007  0.4785832758352525  0.421529905680892  0.5998509770077891  
0.5778494959443419  0.9210101191946671  0.9679805078378657  0.6575167899340199  
0.48038329326825574  1.062112677348418  0.932841445915633  0.5652193170990782  
0.27685308568889444  0.7877125150034147  0.8188290612367906  0.3240142058336361  
0.18854854275849037  0.3976811126707615  0.47994306744799714  0.33877910496748614  
0.3610503837789366  0.44188776017276266  0.41276130651092896  0.347528162957104  
0.4564564773867683  0.7834328650381941  0.8565874449545908  0.532475629823303  
1.297149080441119  0.3526273493017889  0.9581869759583017  0.8401469949714612  
1.0E-323  0.8733601451367125  1.0E-323  0.4174071372710377  
2.7423212601316594E-62  0.11967887179707068  1.2266666112564821  1.5916423935669485E-78  
0.8495882544177377  0.26106908427007797  1.2928797531154051E-306  0.6701279086096176  
0.19390460065774043  0.5550875183905413  6.312231095489246E-220  0.16962474327152238  
0.20102371347862336  0.44223351225460156  0.5522850034509938  0.2602908230716859  
0.30897498524043676  0.7154730703112845  0.5787613773367143  0.33627438633255463  
0.269625530317753  0.6201922433557904  0.6653238925992659  0.31709245471330194  
0.4271077011592724  0.4500688178739518  0.35469246134676785  0.15363667274586718  
0.42584970669757766  0.7042444476603171  0.6791298282416609  0.39335820839150343  
0.6870259854398948  0.916913131851594  0.8582751934244126  0.7337055540673518  
0.39464131562066335  0.5462298212374314  0.5948177742037452  0.2066806237629484  
0.3130194216281362  0.6442177684960113  0.3275107805518162  0.07075158751639139  
0.43402357902172867  0.9691949807714909  0.7437148251309955  0.2935850943910654  
0.07313004104357394  4.1471524246358595E-257  0.7579265064685622  0.0  
1.0E-323  0.1224478618254826  4.9E-324  1.135257874204616  
0.7017607702659825  0.7160479788103755  4.9E-324  0.0  
0.21700691626819768  0.1916397795613148  1.3047589575814815  0.27434486119360596  
0.1612162591364963  0.0  4.4E-323  0.0  
1.5E-323  0.399178431552629  1.5E-323  6.076980069289787E-256  
0.9027103309016202  1.357043856920946  0.07559987636062808  1.6023095024637626E-116  
0.15062873402824867  1.9801064544483435E-108  0.7597594366956403  0.9805894792293514  
1.0155183838454296  0.8881431846126657  0.6635635890988882  0.40264616753936816  
1.2345551184204984E-241  4.201598668105265E-172  0.0  0.8275623157749009  
5.3692829518056676E-17  0.2532199809403282  0.4818207469850697  4.1520055778365504E-26  
1.2084645133774992  0.4384061784695718  0.6957100527388312  0.6321413271613987  
5.632014618756289E-78  0.7018257605424583  0.5223962388805908  0.056638030714293894  
0.5136085677302377  0.44659734654558575  0.38778151016288187  0.5613126035936489  
9.012305582329174E-102  0.5597232807952468  0.40354209828877047  0.31886354903474157  
0.2615400342374675  0.7788906960779715  0.7501183992172958  0.37404267257874135  
0.7730759717195143  1.005830971817089  0.7652202069602286  0.7042269045860001  
0.6771377118870573  0.8699208974172769  0.5766911058660875  0.4452713033899511  
0.7107837073873914  1.0905065355437322  0.9191086524183513  0.7060902068083462  
0.433526173946347  0.7878437806200307  0.5953272686723214  0.5067715995428467  
0.3572293404803503  0.4957410657142493  0.5180389624985049  0.44273685304516336  
0.1330874619420632  0.30049594537438895  0.19132917288932005  0.131579378389721  
0.28615965673167154  0.7414889032531705  0.784414943013387  0.17654397275889805  
0.36631369360056537  0.49942083352465433  0.4397917445663382  0.3591027481691461  
0.27878226385951144  0.6987281982918422  0.7768523360825266  0.27192130084592453  
0.2622614123133672  0.6320736743261094  0.31932833447696535  0.10534296212722633  
1.2594016187772057  0.4112140932805104  1.0594001047143796E-76  3.2278739741696394E-12  
7.984287901703964E-102  0.4308328119666259  0.648697648717123  0.5917041175992903  
1.2406451856610534  3.0044997116218336E-15  0.39898750590521165  0.781057573081386  
3.3013308813577425E-137  0.07750812306056186  0.9575164135450067  0.48770718045235256  
1.5768187078100062E-71  1.0712993421547874  0.6276680826684786  0.18035981649965  
0.13146022016678183  0.5138926419042839  0.6734086084880943  0.18122148040300173  
0.4068585358738108  0.8212605168743344  0.6469961510880148  0.19897196935184025  
0.3726618630521166  0.8153199584748305  0.8583433473390556  0.668017713822345  
0.3128281983808277  0.9863858695725104  0.7553183983462881  0.3120140046443929  
0.3611131149506155  0.549697338061927  0.42159656535287804  0.5926991915669932  
0.7238753111451485  0.6362764975861904  0.47646500719899854  0.6923555948116764  
0.6681529084389873  1.0051080326549486  0.6696424936244373  0.3836723605728754  
0.5887578590402095  0.9065530819752068  0.7484471243489803  0.5210927666226857  
0.6129509084997199  1.0471340841067256  0.7362417657826297  0.3395086654202938  
0.48671389835820805  0.6345285589768891  0.4114529891597697  0.3277008293138339  
0.4313371953395437  0.9756758517691635  0.7748204636604923  0.11842084397010144  
0.5988572207814212  1.026994195433499  0.8502346615923642  0.35469643396177847  
0.6005367922950339  0.7489633215671506  0.7443798767895533  0.7124523375075327  
0.2718341990690526  0.45929404635601173  0.4802621967514703  0.5628463255009393  
0.3705861304143469  0.6762221361133655  0.7939500783079984  0.38023381243576443  
4.795500905987702E-62  0.9700549859052354  0.5562845134797086  0.01102207291314223  
0.3305854648980083  0.6560854912633597  0.6826163693595255  0.4514560606556285  
1.18654766430783  0.7683836268378871  0.880698115011022  0.45979921142059266  
1.6113491645124125E-66  1.1895295274399686  0.6546422088120183  0.2772157431443399  
8.612121738291119E-73  0.7401726970202378  0.45971665367038955  0.25703945868097144  
0.5589848468654915  0.6693042753518331  0.6983135096730971  0.5955598728800376  
0.4653585966068437  0.7686926333609556  0.6200231563470497  0.49075626575046916  
0.27168271540913735  0.6141184981047104  0.38280575412724416  0.28212385728966605  
0.3842018937765725  0.8540642704193101  0.9163904318582415  0.6382629506230415  
0.23852115026979867  0.7765515914185537  0.6052756181873264  0.2993061321675129  
0.1957989800501299  0.5706533186021152  0.7109337473253338  0.42941246628559226  
0.5297508161568628  0.7870758600130924  0.8372594866306858  0.6033121499851597  
0.664321193122475  0.9127712992066277  0.7021360006456707  0.5852896164723181  
0.2136736072294297  0.33836797877770625  0.23290395753147108  0.14261955673030619  
0.23663794018288462  0.7057505452145567  0.7820023381352994  0.27568230969928165  
0.6101392755405017  0.783714357966733  0.4925253774955829  0.5442696067329802  
0.41804466242202265  0.8814757075501657  0.5977925237478732  0.30791845391284706  
0.5091300056708825  0.8107793642632034  0.5742274875239339  0.19495570590340616  
0.2694373434288815  0.741969633537047  0.6127055346058689  0.40701496790433905  
0.4716855940311823  0.6930977864932469  0.6474359960474183  0.2766797139554313  
