0.8011794569736724  
0.013520558749781537  
0.762606794957757  
0.055466643193521376  
8.133464913630993E-8  
0.7883691391278017  
0.7883691389435405  
0.7883691391476234  
0.6887885142003193  
0.2890832120070824  
0.47384119967438365  
0.3852070817998209  
0.7883691391479886  
0.7883691391405406  
0.7883691391235742  
0.7883691391157271  
0.7883691363243558  
0.18319338476776567  
0.7883691387103964  
0.7883691391301462  
0.7919521123499647  
0.021687442023959964  
0.8094587710288941  
8.430716700453556E-8  
3.404433806743366E-7  
0.18351367883330638  
0.7883691391530574  
0.7883691390725607  
0.4537987739256155  
0.7883691391523611  
0.7883691391320728  
0.36650525101665266  
0.7883691383575804  
0.7883691391572584  
0.7659908964295788  
8.789366395598632E-8  
0.048971672887598475  
8.186517737045034E-8  
8.081226852399432E-8  
8.107614818678981E-8  
0.8044069737413213  
0.014507489975461016  
0.7467733403794884  
0.05793989151323382  
8.100115639997704E-8  
0.8094587710288941  
0.06038564271351  
3.8940175008282243E-7  
5.58534000450896E-6  
0.3201474164887981  
0.5419803798911558  
0.7883691385150651  
0.7883691391277483  
0.15832897336063984  
0.29402297171655906  
0.7883691388998408  
0.7883691390887911  
0.7883691391474982  
0.788369139140453  
0.7883691391576573  
0.7838035715885641  
0.02042123886681249  
0.7554115385091413  
0.039079253200676234  
0.008466183913674197  
0.6862063544619793  
0.13665836905179654  
0.788369139138597  
0.7883691337539657  
0.24965709082723844  
0.788369139150368  
0.7883691379756111  
0.7883691391391972  
0.6734744028032772  
0.7883691391431707  
0.7883691391535168  
0.7883691391483636  
0.7883691391462377  
0.7883691391473953  
0.7883691391388398  
0.7766106618480363  
0.01351345178308083  
0.7975174566249799  
0.028847766702172654  
8.131877059838975E-8  
0.8069062618663525  
1.5319508170880914E-4  
1.5218684673894053E-4  
1.4585497814893872E-4  
0.7957717194300691  
0.002939332834435577  
6.995977088631371E-4  
0.014426907248785892  
0.004794197592587041  
0.7878536680900331  
0.2096952404506605  
0.788369139156623  
0.7883691390926546  
0.788369139030298  
0.788369139133868  
0.3777404421822576  
0.43548216423131053  
0.24654476341104345  
0.38705085434011577  
0.071677933677866  
0.7883691391568826  
0.7883691391466092  
0.18728842003999896  
0.22314718965235358  
0.6992372675568826  
0.7883691391357656  
0.7883691391523868  
0.7883691391456706  
0.7883691391127003  
0.7883691391570704  
0.7883691387921569  
0.7883691391488281  
0.5771345192614902  
0.7883691389272617  
0.7883691391272832  
0.42038750518503504  
0.37771650529097606  
0.38254520813176623  
0.2931613834361749  
0.17546273196824913  
0.7883691383127273  
0.7883691391020053  
0.7883691391473973  
0.18951863418038042  
0.7883691387689017  
0.7883691391511148  
0.7883691390597601  
0.6834952183004501  
0.7883691391139891  
0.4392908872439775  
0.05169886408775217  
0.04988941926527  
0.1663989778841023  
0.10583809417684524  
8.191623118307198E-8  
0.19554942078552068  
0.5543143920484563  
0.33239646284740393  
0.3849870306030441  
0.10502445483758209  
0.4256318212178503  
0.3074956271275964  
0.019720488295984395  
0.3054546082318183  
0.7883691391576241  
0.7883691391293237  
0.7883691390715136  
0.7883691391589053  
0.7883691391261678  
0.788369139133578  
0.7883691391494474  
0.5561948553644677  
0.517453537065739  
0.3979008625584059  
0.33260476808011374  
0.3435980417717952  
0.44341481051521703  
0.21649888888722438  
0.7912934604446643  
0.2749220851913542  
0.7883691390813167  
0.7883691391512098  
0.7883691391519917  
0.7883691391417887  
0.10685544861654835  
0.7883691391580184  
0.7883691391543831  
0.7883691391431235  
0.7883691391571506  
0.788369139113898  
0.2814462006271012  
0.7883691391372776  
0.788369139045054  
0.7883691389488316  
0.7883691391587503  
0.4164760251398749  
0.2013576750697665  
0.7957713824917926  
0.5804020893135887  
0.210794824449076  
0.788369139149532  
0.5667297547619086  
0.03240146154754866  
0.7883691391254011  
0.5798336442017475  
0.7883691391225478  
0.5803962186455796  
0.5804723991347842  
0.580457335868066  
0.7883691391180587  
0.788369139133653  
0.788369139156623  
0.07085301997022578  
0.7127890371154149  
0.15503871083095355  
0.531942121895679  
0.337230922982079  
0.462157101144192  
0.20688542234346932  
0.08953998378867666  
0.7883691391371483  
0.7883691390995357  
0.7883691391009292  
0.024548221766152605  
0.7883691390997817  
0.5363596888610032  
0.7883691386361859  
0.22322842249616162  
0.1344728863179348  
0.7883612480084154  
0.7883691391442726  
0.7883691391492739  
0.405649488590459  
0.7883691391496946  
0.5514535987109339  
0.5884910244332462  
0.24400429828189787  
0.41142120693022594  
0.2236109530612538  
0.3200561411152339  
0.7883691391582854  
0.7883691391261353  
0.7883691387705617  
0.7883691391527109  
0.7883691355637541  
0.7883691391581664  
0.7883691391542311  
0.4153885881403955  
0.7883691390120628  
0.07770327816494381  
0.06874008262712504  
0.2425616513425112  
0.2381996850129647  
7.156898927617884E-5  
0.07586893166333283  
0.46864927371787085  
0.35533640103063807  
0.28556287684318366  
0.21629392459653768  
0.08631928945995603  
0.7957717194247941  
0.019896000907077993  
0.07152107303918812  
0.6612652697630117  
0.7883691391587937  
0.15342553061341296  
0.69031724655401  
0.7883691391308413  
0.4366250827735798  
0.7883691391380426  
0.7883691391464975  
0.6565077292262006  
0.03224242611713714  
0.7883691391439717  
0.2803243273030484  
0.6423131087005294  
0.20074445883352923  
0.7957717194246893  
0.19772173636917656  
0.5301451338924841  
0.7883691391235204  
0.7883691391461617  
0.788369139150572  
0.6619382025566036  
0.04608418494466599  
0.7883691386391523  
0.7883691391113858  
0.7883691391567536  
0.3565762032688497  
0.7883691391208446  
0.7883691391499285  
0.7883691391501051  
0.7883691390606914  
0.788369139126787  
0.6666391687225037  
0.4914290771606926  
0.7957717194317157  
0.7957717194318649  
0.5801674898794197  
0.7883691391528179  
0.5693149805016031  
0.7883691391356517  
0.7883691391397394  
0.7883691391456119  
0.7883691391570845  
0.7883691390289774  
0.7883691391542801  
0.7883691389522866  
0.7883691391584451  
0.7883691391524651  
0.7883691391588352  
0.7883691391494211  
0.788369009175355  
0.7883691389605822  
0.7543331929683361  
