1.2691703013492937  1.0701869541107158  0.9177684511030044  
0.0  0.0  0.05901226979978972  
1.0453154455410263  1.0229987090185357  1.0105296762420648  
0.1541775353918182  0.0  0.03524459301695319  
1.5706811529119196E-7  1.7878524943341286E-7  1.8966784052853797E-204  
0.27333048962802103  0.2823712218816874  0.6578201909606466  
0.2674696469056727  0.8474550545881073  1.0535322992164957  
0.5472424443811305  0.34902981658383664  0.9419882082559135  
0.6331884800209614  0.9345644498125001  1.0117237138338016  
0.22920689173304848  0.38438617206452097  0.7298901846581234  
0.08160207315011629  0.3242779094624786  0.5826604549418961  
0.2443794473737738  0.3209394991803643  0.5584342839081777  
0.34737255821396196  0.2474584715981248  0.543089399674551  
1.0292385126625507E-9  0.745601714144671  0.8690504301348214  
0.5365466475507779  0.9041897847537578  1.0259426473521933  
0.40983652680316696  0.48405384665466195  0.909244765654807  
0.1458605201607697  0.2765928815708196  0.4643425343657523  
0.28183909196008733  0.4928333963485593  0.8180279893178896  
0.40081508251789344  0.4040076853219944  0.8417076215744316  
1.2917451389714738E-6  0.2198889449679151  0.3154584948729462  
1.2823468155763373  1.082466068645825  0.8838172013806727  
0.0  0.0  0.09113675852178207  
1.212828384800279  1.060767079469887  1.0105706139713535  
6.92963507790609E-7  1.5205109537817916E-18  0.0  
0.0  1.1425829196558934E-7  1.9047890956703192E-7  
0.7512592054042964  0.9548905331405405  0.9944247435776973  
5.0935846349673786E-12  0.6487113533741242  0.6721874309453632  
0.029806979472407756  0.3328737351263182  0.4723408339267284  
5.381557492059942E-6  0.5861748774435596  0.8617347760252564  
0.024261932109440863  0.39100242173687516  0.6628211011697365  
0.1834156977383409  0.8231760380408402  1.0537381466562048  
0.4458317131590109  0.6109686560102822  1.0212716984206962  
0.11363597048028694  0.5453513230499559  0.8915673019646513  
0.39383304850370027  0.6290548408092566  1.01744772382372  
1.389705293090436  0.9204184495666083  0.7338617031632347  
0.0  1.315908333963326E-7  1.38990836108711E-7  
7.105456709688166E-158  0.0  8.439320060333478E-7  
7.297319215631448E-55  1.250415010178194E-7  1.4040369021658024E-7  
0.0  1.2709746208469162E-7  1.4180945766432192E-7  
0.0  4.36393241620346E-5  0.0  
1.2297694778181372  1.0572186607388914  0.9861286086588861  
9.8980514383565E-80  1.380613814874095E-7  1.4298417538473764E-7  
1.2225683124601663  1.0629355165497676  0.7845908125760466  
1.4496920639093056E-212  0.15141822063727386  0.2030292507885692  
0.0  0.0  2.0837189793128244E-4  
1.2011442286104732  1.0741647206713947  0.9864900656614303  
3.906468597083757E-95  0.012615701108157651  0.14269031525832948  
0.0  0.0015791500777518482  2.01568425E-314  
1.4367346532952051E-6  7.535518362717559E-6  4.6336911726002345E-260  
0.14857374754064098  0.4076005427355415  0.8538024275017707  
4.998448519921946E-4  0.7923714323329457  1.0241851543119005  
2.791881422595188E-7  0.7488225828081428  0.9329902161380733  
0.12938113525637346  0.5401149865269326  0.8658548460212662  
0.5647052595377197  0.8860654172480602  1.0220671350557977  
0.48000576366800846  0.7614085362224505  1.0279858329187912  
0.20512160920024314  0.28302919469827764  0.5554173312107358  
0.3028277803437603  0.8404639170242649  1.0525571755954162  
7.509997062718358E-12  0.6008443257168483  0.6577108918329115  
6.3511555029665815E-6  0.748278646089782  1.00138724567856  
0.01421516527809209  0.13012761622919283  0.18385276069184364  
1.2905127397519547  1.0907618625740507  0.8399511411942836  
0.0  0.0  0.120933816201194  
1.2016489454998964  0.9469196817943395  1.0192918081766924  
0.16759735351329197  0.09597932540163369  9.298050440631783E-264  
0.0  0.0  0.035725587094190034  
0.32839588325121843  0.6243391955432684  1.037559352576121  
0.5801196126208418  0.8875151147123919  1.0199159739104302  
0.3506333978107597  0.6648811305840645  1.0243499327759578  
0.35760429075917716  0.17620234252621234  0.49744681539171887  
0.007416001646848953  0.5278480210147828  0.827880379177238  
0.047914467937441765  0.5687971522888795  0.6918343453316239  
0.0426728008147971  0.7931285769774831  1.0428421405144315  
0.20751631887732205  0.7068418702869533  1.0418971821068288  
0.41777773511058935  0.39829843411356125  0.7656837906769959  
0.3842513719157984  0.5612863809705216  1.0257581921873131  
0.13110633176902026  0.189959041083095  0.3317701528413865  
0.017449835346300728  0.1117350875977234  0.16310364324665452  
0.5514480226537746  0.5562713999185036  0.997933538598685  
0.44352006527843124  0.7827265371675342  1.0343204822422913  
0.13839463506995903  0.4613007160220636  0.7832650114148995  
1.2485590205752708  0.9562516383954154  0.9554358658134194  
5.676926797659897E-84  0.12061972335241104  0.10721642675026972  
1.219139613494128  1.0241787660549397  0.9874399955413737  
0.0  0.0  0.10289447525991645  
0.0  1.915563148460295E-7  1.3909997853210112E-7  
1.224422864813042  1.0593401752419145  0.9914281352873596  
0.0022694965612458113  0.0  0.0013255066310157017  
3.034192784271848E-81  0.0  0.02884816712602162  
0.014501696711724186  0.0  0.005491311213653328  
1.0896206885456359  1.0473982765019252  1.015949847104707  
3.509652568085799E-150  4.4E-323  0.09129020738137196  
0.03150215918978084  0.0  0.05994899931870289  
0.08225583022336694  0.0  0.08698603013590536  
0.004372306424885238  0.0  0.04324680583318608  
0.18184517602676994  0.4250363586300768  0.8969384436229036  
0.45710729327896826  0.29724492561620436  0.8006165841390717  
0.43354473179472675  0.5350625782189128  1.0093030667403915  
0.4554230305131108  0.32828453623239356  0.72637034362898  
0.36787078195816414  0.3504677542365779  0.7431567242885279  
0.22629440716904703  0.12884705340529837  0.35158787474067155  
0.2881363855808949  1.174794093467346  0.4509975436687096  
0.9368993299252887  2.2612698042939057E-267  0.6636477968088367  
0.01981919054901067  1.1220072366817961  1.992776807805832E-97  
1.138158342982878  3.5000476546937504E-138  0.3587872265575263  
0.10942129477017795  2.144613794679538E-95  0.5110069733859842  
0.5880421931210404  0.5785893998080249  0.9952197924575105  
0.31355837247442137  0.24033876094826956  0.5082717655675059  
0.258326542537788  0.715287174740037  1.048705980283102  
0.15718271662932445  0.4784531131947282  0.6803494836391589  
0.4676003357271532  0.4626614143926503  0.9507033784285502  
0.16488404152348987  0.4597900301577104  0.8839004370101101  
0.09588245322603357  0.2825362852227163  0.5658853510138835  
0.12212018479707124  0.18024088714317435  0.29546287456999687  
0.21147141077593748  0.6325838712199836  1.0457283738527723  
0.16728998986272947  0.6024621137473327  1.0421039948955746  
0.6156104314570354  0.8683411116852214  1.0136755238528505  
0.3196953871639274  0.5528848221669075  0.9993386995493396  
0.3206417431253601  0.38507280739686034  0.7062131857118109  
0.20644651258360236  0.3924529611846908  0.6660997117549677  
0.2602158288880689  0.33023455358509013  0.6701786276936175  
0.7988685806116068  1.0837163303050252  1.2438461731666785E-83  
0.24572786598342322  1.849437964390004E-12  1.0043757099421236  
2.5928491580953046E-36  0.730734410419939  0.3796773565007132  
1.381229028596401  9.745368604699218E-57  0.055396287551920484  
0.11510269359085679  0.0  0.5178374099850587  
0.16362444820934716  0.7006962308017772  1.0482711114040388  
0.02049295350563095  0.5671027515028538  0.8600768317561316  
0.15710707801676674  0.6558985486009192  1.0463224483376177  
0.09287574554047336  0.6950735366288262  1.0460097589230712  
0.37930149235473576  0.38234661035395484  0.9198733689379218  
0.4502360598842783  0.8244639515973188  1.0355547853317628  
0.5491612568439775  0.9188753510976773  1.023448772969904  
0.4754170954208389  0.565392629241572  0.9955583059148476  
0.007477939732111734  0.26944851047419205  0.4763256189450339  
0.43526148787886526  1.2007392021903753  0.1309882214731629  
0.09976139061760078  4.3081127302621255E-303  0.38714262942539296  
1.5341445640322003E-101  0.2680833016802573  0.18922794473560092  
0.3878215218110121  1.0128205538610658E-63  0.34222990681464227  
0.2649085033000668  0.0  0.0  
4.9E-323  0.09290734620800796  0.0  
0.5075166814947762  0.8784233029228793  0.0  
0.3807016255027381  0.08864625155847439  1.3632525510367624  
0.3506991342133602  1.250987273870517  5.031258308731573E-24  
0.6222779303767326  4.9E-324  0.7179169575338292  
0.32871555885613823  0.08553598102276756  0.016271348273319164  
0.8248563256894976  1.1761778874022628  3.46771042829913E-126  
5.1706087322447976E-111  1.5229161454849676E-134  0.7969811465519351  
0.0037414491719557825  8.7276414851026E-62  0.0920487411741949  
0.5537498837956374  4.3615158190994094E-45  0.6855338381010819  
0.15274698461405908  0.2903769709204104  0.4672138416572617  
0.11470116193230298  0.05612778909238681  0.15837270563428507  
0.5161002761128259  0.40381025874956156  0.942115030735343  
1.5927426235287238E-6  0.3514347184188291  0.4893644113500779  
0.3241622891188936  0.7853316476024286  1.0487348188317842  
0.08246385385132507  0.14191765443608323  0.23496466486859932  
0.05178075740040593  0.30897374958608215  0.491068018572372  
0.21393153244245947  0.6786220413114826  1.0480743631108538  
0.3420094501410683  0.7736870231965229  1.0461434005507642  
0.42120985164627606  0.516118363901261  1.014771632993088  
0.12848447734043975  0.3622810155265894  0.5879002500780421  
5.926782780654973E-12  0.9544363577362136  1.0E-323  
1.2386286960866246  0.027806192205153922  0.9756679686425624  
0.39813672027426394  0.8204331835063439  0.11157473746125855  
1.9535567884853935E-49  1.0011151510600653  0.8955861555543936  
0.9153614736729304  7.461415428860512E-269  1.0530497108160079E-115  
0.2971258365881947  0.5415002358510168  0.8896715326399949  
0.0020638945134011607  0.3990009106878427  0.6309513609810101  
0.4854343881542264  0.1827052020917938  0.6512605321608944  
4.478541795642865E-5  0.8339898765193219  1.0207692998362592  
0.3303832518947961  0.7111311785733895  1.043680382898698  
0.004823994930315427  0.7771681302712171  1.0452798404758932  
0.5512112008569392  0.1618952179544992  0.5587021479288117  
6.666182506002971E-6  0.5958326066522182  0.674885764174827  
0.19150654839925735  0.8465430721756121  1.052635936214388  
0.22232861155804232  0.20680371018144275  0.5183390386994157  
0.5324999161811372  0.8145141809910142  1.023351543228901  
0.19858537891389394  0.8058944716802267  1.0529153501748898  
0.16904462187083544  0.4312864250981665  0.8895860960671295  
0.3178235568115433  0.7992776766407008  1.0499161932188423  
0.4456839377247339  0.5628304438098011  1.0133764774432132  
1.2014399649843263E-116  0.8728675217139784  0.8419353354807163  
0.8466921940906033  0.38482054362980267  1.0133491882481527E-35  
0.756511789686346  1.1066655489719803  0.20900148688545375  
6.802153577007873E-7  0.17592297509332508  1.0938636831538067  
1.124483372628643E-36  0.15134210195848777  0.6316543184253648  
1.2012932997364734  0.2336537863942934  1.8646835073834352E-59  
7.311145318072751E-22  0.799264559433694  1.1363103155647787  
1.4354922515643838E-39  0.44756798603506087  0.3591906269361731  
2.3929774328296204E-21  0.6110664149087127  0.2391386360912847  
0.797507195250532  1.0983086666327544  0.5804015050895781  
3.6737752917511115E-11  0.3404904225155231  1.1117792101306079  
1.3364750759712704E-7  0.2085433849374826  1.098524489786383  
0.012847384009012405  0.21543998762354435  0.3355470912437685  
2.062699327586465E-13  0.272658974956186  1.1041345273987904  
0.11219946449489869  0.4776245328067722  0.7800167423944512  
0.10802777010087122  0.6180820821644843  0.9671228673185264  
0.03775160706891  0.7824913301848553  1.049866274574194  
0.40159574835718315  0.5812220487947527  1.0215727021288137  
0.01386471920276053  0.5840321881848751  0.8427761567123753  
0.059871401511536235  0.7286171503716007  1.0189013132168983  
0.3291770616512696  0.9980373345739584  0.5143111211125182  
0.6942855063436993  0.26492886319384135  0.42390087325124154  
0.9097404558542209  1.0157380742476414  0.2181354762062208  
0.3181885877760885  1.9643602542856794E-65  0.5889952637615143  
0.1062828592956503  0.08097724522283288  0.2668642527893262  
0.41488664562198363  0.3523224398635628  0.8996682308927498  
4.843389455466094E-7  0.4842853882819259  0.5802674593692349  
6.7827988901863356E-12  0.17571747888419326  0.18323074013604176  
0.5228466540673798  0.8894124751469882  1.0279722501221604  
0.43903650432355695  0.7394714871321634  1.0320675417155754  
0.4795258297057686  0.3829417109856418  0.9219331103993365  
0.3669069811776847  0.3831730836728358  0.714884967810635  
0.024503250120320192  0.67664866067306  1.0193556945077669  
0.02667664447831458  0.4939014897640697  0.7638822366314806  
0.11289641434044634  0.6052340149888038  1.029970364426296  
0.40027587720511926  0.32499099411248666  0.823918477890363  
0.17887051297662623  0.11210785983578846  0.2668359928163075  
7.352971029093807E-7  0.7063546259929299  0.9611119466133885  
0.5833003443453869  0.7986562334674887  1.0145627430842592  
0.18088117911651405  0.3839067451939676  0.7915965274610324  
0.9116890947371848  1.2137953974454052  0.4364772919324226  
0.09767822710807937  1.9915905739038176E-248  0.921133657474096  
4.9E-324  0.7884252337779982  0.37155449496861137  
1.540018301462063  4.4413928387404886E-41  0.38964539599638515  
1.385797810300399  0.17599972603685107  0.3366093568004446  
1.542899548008692E-5  0.6394871649616704  0.8080156023289891  
0.5640191768399906  0.684611036593033  1.0094928089486788  
0.3680545437846352  0.5832817141284256  1.0206477154850018  
0.4726053013751171  0.3695282746648548  0.851971895451553  
0.39182690228562084  0.3479207391222679  0.8924343850647843  
0.2791706494313722  0.8628367818957794  1.0521019077201714  
0.35437489956151447  0.6057053771637934  0.949420644372192  
0.12830973978325202  0.7992343772307692  1.052918888593869  
0.24635180145596453  0.7835278334468391  1.0520759254438565  
0.0  0.301361222807751  0.06196650835953619  
9.284276547471845E-133  4.9E-324  0.8368507242356769  
1.1918521394680737  0.048466696972569424  0.17764245666869488  
0.8310148601989229  4.9E-324  2.569109252347252E-199  
0.11058294454681997  0.07227517010860375  7.444690912003316E-302  
0.0  0.1562193481519624  0.16326421769951846  
1.0759957586783386  0.061481677583134255  0.87310305957092  
1.6306637473774137E-6  0.4963639849041197  0.43825440138619426  
0.57458753886101  1.315869473786129  0.21111244138279223  
0.2574115469023145  4.9E-324  0.49294376742665436  
0.303956979784633  5.788425444883035E-281  0.19688624347457165  
0.0061503072523813795  1.1914120340677112  0.4599285390406805  
3.1833828513401023E-45  0.12767980333577894  0.9723834242916639  
1.4070118893988235E-47  0.32400162987538067  1.1070890885857676  
1.353599205937118  0.10824614749414797  0.2634883940115497  
1.5865365006965919E-9  0.6028070877632745  0.7676808547006602  
0.3401157830576995  0.6295005726898948  1.0363015220938308  
0.24207523333227457  0.5253733515974485  1.0258591877341028  
0.08292657956114555  0.41311269813341345  0.7687850207256783  
0.47271204350888857  0.7024229543476944  1.0245807663620041  
0.35023112234128917  0.5722693767691291  1.0308748159617127  
2.491205282846186E-5  0.5808946083668749  0.7407353772479378  
0.28110279283769224  0.46972028384085224  0.9818904656440539  
0.17331369192083032  0.20726739480086848  0.4482113097625343  
0.14828173574909634  0.8032777051424546  1.052547729370059  
0.28185943131212204  0.11529476763449203  0.3758854532134979  
1.0515638283730533  1.049536889106639  9.192419305822572E-24  
1.3569895679141813E-14  3.72279689711694E-51  1.0201749246639098  
1.059420236542117  0.9362021025696935  6.973893376814377E-22  
0.2091433110900279  0.006030779585951931  0.1851485250542785  
3.2818384894078146E-23  0.1204937031631137  0.6474445656259921  
0.0988246992240146  0.30630206547167754  0.6002726934997545  
0.5051392529620121  0.2528226890066301  0.699454253365222  
0.515980155174713  0.5057456466648851  0.98348546268783  
0.1974921667193785  0.31181525318750425  0.6667453221689281  
0.31279620454707024  0.8469564736299774  1.0519054009676656  
0.4178522481618507  0.39873134988543546  0.9675076487415832  
7.2487057579945795E-6  0.5946467292376489  0.7057426402406923  
0.11596883193527734  0.15799652813338116  0.3441981988613068  
0.5598933234363  0.9243721354831431  1.0217882721766285  
0.4583527581141287  0.4046673335354813  0.8175655414294134  
0.23457485822325835  0.4915542032311508  0.8029786495159003  
0.3063977396847659  0.8301905417536943  1.0521366263877239  
0.16418886451387635  0.15602101326076678  0.34046650861970573  
0.16259414572789324  0.36218250421863146  0.5548808442527947  
0.042515974002749535  0.36250284808246125  0.5801923110109315  
1.937616940892621E-40  0.13773400707824945  0.5153187884257331  
0.9680120116689708  1.059093413419375  0.8458829916024452  
0.46882902889911865  0.8351666637427301  1.0335679857031224  
8.290297431202648E-16  0.14199477647054  1.0072854504350104  
0.17541848993985942  0.5214946196253538  0.9444698829315508  
0.31516610348092683  0.42569110498909896  0.7964148990725132  
0.45861597570403273  0.6014303660948106  1.0047203559949995  
0.05324722501495492  0.7888789136462503  1.0486203285881615  
0.21404434664124117  0.5862045175454992  0.9793494905350479  
2.452711751072985E-4  0.5100966332928025  0.8467736332554645  
0.09456488886541665  0.7300853113144391  1.0420012817819555  
0.06593624375359401  0.39927710463297367  0.6962104883223176  
0.19370863133036628  0.4756407012657985  0.7941420117665723  
0.4641287884775029  0.5045416530605544  0.9943524361284874  
2.1113341121139993E-13  0.2149676351365769  0.20266234691735188  
0.4387278350376947  0.8628472258293536  1.0386626705774815  
0.17080866512646464  0.38652183162056153  0.6994393628970029  
0.28029570804271026  0.26686424551289645  0.6182623688682601  
0.29531604450428617  0.5701605736725751  0.8761645603413613  
0.1329933525403281  0.2715225522340813  0.42941404926455884  
