0.760494827953038  
0.014639121198225299  
0.720692638769108  
0.0414862667582068  
7.671669007448486E-8  
0.7552440439212241  
0.7552440439212241  
0.7552440439212241  
0.7552440439212241  
0.7552440439212241  
0.7552440439212241  
0.7552440439212241  
0.7552440439212241  
0.7552440439212241  
0.7552440439212241  
0.7552440439212241  
0.7552440439212241  
0.7552440439212241  
0.7552440439212241  
0.7552440439212241  
0.7618148952620647  
7.6067882891076E-8  
0.7648917936158464  
7.655234352926868E-8  
7.617187016036623E-8  
0.7552440439212241  
0.7552440439212241  
0.7552440439212241  
0.7552440439212241  
0.7552440439212241  
0.7552440439212241  
0.7552440439212241  
0.7552440439212241  
0.7552440439212241  
0.6697829871095857  
0.052027355699676425  
7.664120224147228E-8  
7.606834997869865E-8  
7.594683346339206E-8  
7.676727958034777E-8  
0.740724639466139  
0.017609725866594608  
0.7183096159200714  
0.04272390017249735  
7.648685172119701E-8  
0.7625489116728338  
0.07492587904454086  
7.674244124375385E-8  
7.696829383857687E-8  
0.7552440439212241  
0.7552440439212241  
0.7552440439212241  
0.7552440439212241  
0.7552440439212241  
0.7552440439212241  
0.7552440439212241  
0.7552440439212241  
0.7552440439212241  
0.7552440439212241  
0.7552440439212241  
0.744231731285044  
0.02337749960360458  
0.7458070429899748  
0.024695957214423483  
0.007767595927660856  
0.7552440439212241  
0.40674359270430904  
0.7552440439212241  
0.7552440439212241  
0.7552440439212241  
0.7552440439212241  
0.7552440439212241  
0.7552440439212241  
0.7552440439212241  
0.7552440439212241  
0.7552440439212241  
0.7552440439212241  
0.7552440439212241  
0.7552440439212241  
0.7552440439212241  
0.7457681162801418  
0.03306960665722756  
0.7457704672815045  
0.012041205110236807  
7.664606782398279E-8  
0.763777581101026  
7.76130747068462E-8  
7.710486728575273E-8  
7.777951089251444E-8  
0.7555119283605526  
7.58744361468257E-8  
7.601900550042207E-8  
7.58744361468257E-8  
7.58744361468257E-8  
0.7552440439212241  
0.7552440439212241  
0.7552440439212241  
0.7552440439212241  
0.7552440439212241  
0.7552440439212241  
0.4511906201047718  
0.31331745503462094  
0.28210047249621556  
0.29782084960903327  
0.11217463246577533  
0.7552440439212241  
0.7552440439212241  
0.7552440439212241  
0.7552440439212241  
0.4975275425945936  
0.7552440439212241  
0.7552440439212241  
0.7552440439212241  
0.7552440439212241  
0.7552440439212241  
0.7552440439212241  
0.7552440439212241  
0.7552440439212241  
0.7552440439212241  
0.7552440439212241  
0.49345571008611366  
0.30004630427266626  
0.3113320045625817  
0.2977129194944985  
0.1595718339791997  
0.7552440439212241  
0.7552440439212241  
0.7552440439212241  
0.7552440439212241  
0.7552440439212241  
0.7552440439212241  
0.7552440439212241  
0.7552440439212241  
0.7552440439212241  
0.36314197690727035  
0.04864411056869686  
0.05401426874258644  
0.17512646403983828  
0.08599075531527964  
7.65201563141982E-8  
0.19222915143535077  
0.578079854893703  
0.36704821533152526  
0.300893397551688  
0.06809415579548539  
0.38675402300587425  
0.1929819596323579  
7.737028371438672E-8  
0.3975671241989281  
0.7552440439212241  
0.7552440439212241  
0.7552440439212241  
0.7552440439212241  
0.7552440439212241  
0.7552440439212241  
0.7552440439212241  
0.7552440439212241  
0.7552440439212241  
0.7552440439212241  
0.7552440439212241  
0.3015217576356118  
0.45686790187679005  
0.7559836473675227  
7.655927098602723E-8  
7.73549709530319E-8  
0.7552440439212241  
0.7552440439212241  
0.7552440439212241  
0.7552440439212241  
0.7552440439212241  
0.7552440439212241  
0.7552440439212241  
0.6311133537694671  
0.7552440439212241  
0.7552440439212241  
0.01629130728509051  
0.7552440439212241  
0.7552440439212241  
0.7552440439212241  
0.7552440439212241  
0.30793587691308294  
0.5844899244144325  
0.7427345016493591  
0.7552440439212241  
0.7552440439212241  
0.38173049385345836  
0.3954859701080495  
8.083242259115402E-8  
8.02998168352536E-8  
0.7552440439212241  
0.7552440439212241  
0.7552440439212241  
0.7552440439212241  
0.7552440439212241  
0.7552440439212241  
0.7552440439212241  
0.7552440439212241  
0.7552440439212241  
0.7552440439212241  
0.44066761319584885  
0.48831862231761247  
0.26551876837303257  
0.408978037006852  
0.16031866463751862  
0.14089187283454838  
0.7552440439212241  
0.7552440439212241  
0.7552440439212241  
0.7552440439212241  
0.7552440439212241  
0.7552440439212241  
0.7552440439212241  
0.7552440439212241  
0.10796549065629395  
0.7552440439212241  
0.7552440439212241  
0.7552440439212241  
0.7552440439212241  
0.7552440439212241  
0.7552440439212241  
0.5425320751959637  
0.22612794445053094  
0.1737533028175529  
0.2312706169000755  
0.24278451870577156  
0.7552440439212241  
0.7552440439212241  
0.7552440439212241  
0.7552440439212241  
0.7552440439212241  
0.7552440439212241  
0.7552440439212241  
0.7552440439212241  
0.7552440439212241  
0.16153742613225336  
0.21173281571964062  
7.627513637779176E-8  
0.2658910181995312  
0.04281506977306105  
7.642050936235123E-8  
0.3180870653508086  
0.3886592114521219  
0.26480519247456646  
0.12638801808333378  
0.18908326300177192  
0.7552440439212241  
8.01323974403748E-8  
8.604969929831843E-8  
0.7574242700144679  
0.7552440439212241  
0.7552440439212241  
0.7552440439212241  
0.7552440439212241  
0.7552440439212241  
0.7552440439212241  
0.7552440439212241  
0.7552440439212241  
0.7552440439212241  
0.7552440439212241  
0.7552440439212241  
0.5199713284229446  
0.38027473718030425  
0.7552440439212241  
0.7552440439212241  
0.7552440439212241  
0.7552440439212241  
0.7552440439212241  
0.7552440439212241  
0.7552440439212241  
0.7552440439212241  
0.7552440439212241  
0.7552440439212241  
0.7552440439212241  
0.7552440439212241  
0.7552440439212241  
0.7552440439212241  
0.7552440439212241  
0.7552440439212241  
0.7552440439212241  
0.7552440439212241  
0.6735040872355971  
0.7552440439212241  
0.7552440439212241  
0.7552440439212241  
0.3993592513763243  
0.7552440439212241  
0.7552440439212241  
0.7552440439212241  
0.7552440439212241  
0.7552440439212241  
0.7552440439212241  
0.7552440439212241  
0.7552440439212241  
0.7552440439212241  
0.17120844557538917  
0.7552440439212241  
0.7552440439212241  
0.7552440439212241  
0.7552440439212241  
0.7552440439212241  
