8.337085497826255E-12  4.8291424706353965  3.0440082094645726  4.6869388896956  
2.0548782759635493  3.9591278368236367  3.5983055940626727  3.5743993093204867  
1.6612268458994448  3.1624457919798368  4.307215511515282  2.4872888133079245  
2.474896858967027  3.7841869619199473  4.009758290669894  3.7305977389595597  
2.752007550646985  3.710076080620515  3.5805281561982922  2.685062007544907  
1.1660133359391065  4.228567371592388  3.1355521117481246  4.1042064968671275  
2.0980924490527872  3.2699981539505236  4.640098088800133  2.691691005701496  
2.271436921389213  4.155203374378852  4.180014558414376  4.199116518242411  
1.8485246705950749  4.265515967080654  3.785375415960485  3.546231603614192  
1.6185851241851867  3.8979862120838673  3.818550138299124  3.984751106686997  
1.6632312581958657  3.2033242095529015  3.709354814303758  4.387608416457854  
0.005992188516437654  4.188862350501797  5.553985528064953  1.374782956641074  
2.697046418942177  4.176400206431795  3.31111551924157  3.348510526445321  
2.368961084100335  4.364798261287209  3.9521809541724524  3.2408649950665867  
3.431463307632069  4.920289413345128  4.129655588919467  1.038755045098813  
2.064777377195019  4.440544243644564  3.855681207129129  4.344497335744658  
3.4051140413317444  3.3731966329617578  3.4257255941985187  4.537236178241161  
2.5076002595072517  4.378665961913132  3.1695607559906844  4.502901017847372  
2.0166284950454503  4.819332667123118  3.4132865462585706  3.0009698545204695  
1.873061953893099  3.5854610059848597  3.971731304269545  3.791794030248359  
3.034114925306805  2.7396571695562013  3.769446403524305  3.7223579979117494  
3.3455208226905944  4.741086168770757  3.60855600651024  2.8857616826556676  
2.5423410249530978  2.745968393090521  3.008206077689488  5.402981101667073  
0.6925166002821228  4.946082620143008  4.7895000669536  3.8466886514923693  
0.8874098557924683  4.297086808658686  4.760111074288636  4.474337507074144  
3.611072971975531  3.9902871157177584  4.183200881954637  2.414061014863862  
1.8056424621935518  3.742241769534121  3.747035071410558  3.5182978142718437  
2.1815711901836776  3.332108594314925  4.305866973792927  2.8533094421186265  
2.457942762076555  4.171807299841446  3.754828648273592  0.7441561747544545  
1.8874113358405635  4.806765100772003  2.9689948058134314  3.6943771954302522  
5.066076465466399  0.5873603491765944  4.691233323351665  0.30400434492535694  
0.2370562495907696  0.22754833276945893  2.186570480911009  4.439731794270559  
0.8471495366929059  3.060493879621707  5.469869397888339  3.1975005457240555  
1.3323095064874835  3.1795219805808346  4.542505852991009  3.8249670324649805  
0.3235950782115639  4.847987137193013  3.9405296529762732  3.670590363573181  
9.162747836216047E-10  4.741945557079619  4.607287256674139  3.675294257419966  
3.502111229344037  3.1981572595617305  3.3693984939538533  5.382821081615589  
0.16709455580182303  4.237913441084473  4.431733146569095  3.251016238867831  
2.0448315265420742  4.955659053234922  4.0971457875098585  3.0748594611280686  
4.3524490067562285  3.87075114500432  2.7123537404800393  3.050251299965069  
3.2159118258362978  4.556449118579229  1.9587460570126367  4.50600985166376  
2.514888526253822  4.574770476852166  4.16806081516367  0.08804689985512974  
1.9666802695303718  4.4842620368450055  3.9397906442129003  3.0363853156957927  
1.3456976736376023  5.53468690030152  3.39311135686901  3.2463960389563318  
1.8333687411946096  5.24862468110562  4.102062388096672  2.971728060289814  
1.5770045795491368  2.3264360676393316  1.1198679228212644E-13  5.701532232120562  
3.121869938259921  6.079544428321059  0.6605598162232033  1.1482254262999267  
0.688711147517728  3.2531134871593324  4.556428588251822  2.429698054485567  
2.2224998976095987  5.421288165332216  3.5525294464978345  0.9731092673303405  
4.921758929619294  3.3735412932711104  5.120945262224091  4.703097869192939E-9  
4.38119103014691  2.0873191227311083  1.853839151929408E-4  2.6853553285480274  
2.2060500200089703  3.4886632050276236  5.338013880866082  2.166845746791507  
0.39440912755356816  4.224666596441775  1.6317281477743363E-16  3.9617725079075217  
3.8170862853887746  5.264298544905909  1.84335058906797  0.03240166926904018  
1.9953998490720704  2.6215811704430303  4.761270404265961  3.746761496181369  
0.4433355376976467  5.775011349999866  1.6781548280725693  4.808623150203477  
7.056124416531223  0.05936272538855653  0.4121857915558259  1.767223328991977  
1.702977062215129  4.740268957732181  4.161455143416475  2.745432194336037  
2.3306310620447404  4.259807133858196  4.3292570197328555  2.060917789839132  
4.382421112055332  3.734947720253289  4.118237240590977  9.78134777759002E-10  
3.0618862087139176  4.576476778630767  3.6482336853220767  2.111873029140362  
6.611438145724128  2.16456846354171  2.0472494059148  0.8449481714642517  
1.183016704726435  2.5965465529414002  4.294397933949551  4.160965055190668  
0.504649630983146  3.898727498514774  6.182712549477523  1.7873372444527005  
2.5240661247070406  2.476301909686704  4.934218479603869  2.141812953345228  
2.105747166348608  5.385350294103804  3.184549901058991  1.680518709771144E-7  
3.1717830441572525  5.340408271131119  2.730301582743892  2.812596648956736  
3.7437727192489403  1.0564262726166254  5.49921788817877  0.049845781745277026  
4.397934174108535  0.703962079940212  0.7633234357886196  2.80947156926277  
3.26662854772219  2.0466792677081884E-7  3.991812719997924  3.6260821412344924  
3.785395543914074  4.245134493095666  4.6213956031144905  1.5693927242343222  
4.089345917185641  3.655336087900218  3.5131922445376036  2.636103940729633  
0.7134933697948  2.7148170904293942  3.7711053770782517  5.690323085317929  
5.734246798523615  0.7539376892506188  4.400903869993811  1.4365262621174602  
0.5355645005881092  5.644905860158909  2.376896014634866  2.516036115476648  
2.150417938766218  2.96803916726844  3.9460402684269438  5.062759809230697  
1.552288306050237  3.6524155232219186  5.0873429575381275  3.4193540588270235  
3.748514265486133  2.8340038503243937E-19  4.549707500778406  2.986236699107259  
2.011337902831986  5.852434639358544  2.6412930789262514  3.4470451692920143  
4.771345769526939  2.903745940323089  3.289886795767681  4.7653277765800155  
6.067809797253354  1.8068728132819036  4.412243581611389  0.2189987755228862  
3.6309796227584767  0.401633549921326  1.197050070891597  4.994473213598587  
4.567003086546205  2.176203644525022  2.661664643562351  3.5816335273917974  
2.4726453684211753  5.3479155969674785  0.48755413554673965  4.172524221361555  
4.094065279663409  1.1968816747929019  0.831577977144961  5.560927139404639  
0.8700736117319101  4.9257068945096165  5.023556118752858  1.6686176644966444  
2.134698608535517  4.185290646409948  1.176770171254566  4.599732497796207  
4.47387597891518  5.449020719534876  1.885222521882481  0.648063180478009  
4.7808525169106915  0.28886370058308164  3.076936467519672  2.0947561853342567  
3.0678291774134183  4.488608133761977  3.4391372510020566  2.279364877994811  
1.4420147797101464  4.378383162246447  3.8867762736743794  4.973601557035706  
2.306841257012261  3.8476697695609436  3.597828798832223  5.302439723584449  
2.6902564164005233E-7  0.25593748180977294  5.457777011905036  4.335086263784933  
1.8346694387478841  0.6554603740964903  1.857740497906923  1.2101449723193998  
5.023872278654827  5.314657426158447  3.742359757256332E-16  1.9873613020082785  
6.193554917664959  0.08272923179133275  1.1263115970517565  2.065465998780823  
0.4695770725512776  2.814530635619955  5.631019483455713  2.3349214988491798  
0.2749526600236813  5.0535715821162785  2.700038008718355  4.710370509002563  
5.107725224467877  1.1378229255776109  0.6119128795906593  1.7094193718025326  
0.7394240535600678  5.325157669271799  0.9163573632414537  3.7032829020190614  
4.04732649933828  4.156694992058137  4.252487531891915  1.2376889595724008  
4.231341543984875  3.1397493070902446E-4  2.1424904756213112  2.322798962520706  
4.941833032024949E-6  0.684634336989989  1.1921482277611062  5.321790501345696  
6.299076809061389  0.5450728759948852  5.811205278708937E-7  2.4799517729099447  
0.7634369027429125  4.270659212486656  4.666661514690512  2.9520134332422403  
1.2515328869910827  4.81979566738285  3.3424648230412114E-9  3.051556341659594  
2.962495511538547  1.5540681913776366  0.035117478877470715  4.9118071454131105  
2.8779762532381814  0.4613720339316082  1.443931017786061  1.0467696061471417  
4.5566930778404675  4.440780614086478  3.2752501697302834  1.0155551042961429E-7  
2.008234691503297  3.747422346824047  4.967024935605144  4.118657378209697  
2.379900929800009  2.993160350480434  5.936409960934408  1.117950023385826  
4.1515242805026595  3.959803294307928  1.3831714771138541  3.5973540067564507  
3.621335171221623  0.5047565076304634  0.7998640318489588  2.8170271436411825  
5.594471155097794  6.261572205421509E-14  1.5754162844541282  2.1401475953931577  
1.6752289356122236  6.64744255601536  1.187353999925807  0.7199705723117721  
1.8527255440465193  0.21360295122641249  1.099732476604995  6.579380352317497  
2.4971361042591758  6.335443816259458  0.11021828724821912  3.399707691661553  
4.183511304535901  2.6353190446526904  2.833618428649941  2.3331092916350147  
1.4238029532865673  3.190708999735469  5.204338616301312  5.849210103212903E-6  
2.934256097020276  3.3496115402322375  5.118804719664293  0.3275536866387648  
4.192342100200317  1.301113423429024E-8  1.829526640397183  3.3840355714268235  
2.3324744776637165  0.6632692133682004  2.2495584957215526  0.7903520330913831  
4.371456628605237  3.69176997552579  2.808869888438923  1.483936154806664  
2.3097833392799294  3.244959262493021  4.831491921189278  3.810227910799647  
2.9174327544852643  3.156250346400901  5.061853956567025  0.7101892184263844  
1.1414503240561293  5.163058586932117  2.734670775559153  3.0750802644570783  
3.849761733349445  3.131677298122243  3.818608797320824  1.508575462392824  
1.342523445565342  0.5368493660629169  3.7919266143830854  2.1158021095539943  
2.8043281000695863  2.555118375104374  5.712014679247587  0.1795432051114642  
7.920490484232651  0.3165889929099688  0.012605154996570396  1.2691041504084308  
5.2116821641760795  2.902903280309478  0.9330720673399293  2.945819378058171  
3.1900370733664243  0.9163197973571505  1.9926252265389401  2.677478810680572  
2.0427398724331485  0.8198262248148821  0.8682472235152833  1.014855598574545  
4.035830915230239  0.9980463854474115  0.9236240333108717  1.8712536684514829  
1.7090279523946155  0.7973227316106751  0.9843985776600828  1.0040366842453405  
2.6022106944269083  0.9968653273333026  3.481098085057262  0.3275954985716066  
2.5529560021232167  3.0624956315006325E-9  2.951999214426366  2.7499771933127186  
2.0111011660804046  4.548251265931259  4.784414425442444  2.1075991826076077  
7.031566293491258  1.0004007910800128  1.6472673107837899  2.528690322326526  
2.032124897286017  1.9720197749197963  2.4402573774591896  2.9555887608407776  
2.688880990957225E-13  3.288050836039254  4.028165934041057  3.627973545011731  
1.7712210398882287  0.20972699968302175  4.4608915301426375  1.3603487948201507  
5.015442716246945  2.5953169331426693  0.4187972101483492  0.6559990820198567  
2.9950355829682818  2.5031711936504357  4.699832305769819  0.14566811380004877  
0.750027779438996  4.9945175602133105  0.36752893365882827  2.1093909802787922  
0.20794756999764585  4.854452542441066  3.547702451908204  3.8173009748154865  
1.5640087311789844E-13  4.157962004273465  5.233393725592455  4.123978957018091  
2.1288853993895054  6.319512808820813E-18  4.719911272043394  3.4495962890772045  
2.3450291165751334  0.014454759006451226  4.4701119376409  1.2808617403826126  
2.674465417276888  3.8739415061333538  4.266356785511394  4.509295942674906  
6.989809769680591  1.3259091231881639E-18  3.85422615442489  1.2509441839755617  
2.647489686180867  4.732922755712027  4.15154080958291  2.918402510155384  
4.4434245998918485  3.2840965924387726  2.096267387467115  0.16309628926256103  
5.985593281649792  1.036833636983679  4.106222692632233  9.402432688522044E-14  
7.55401334339643  0.6894295964053526  2.835845339813081E-5  2.161905397917638  
5.948429058383834E-4  3.496977273430109  0.8062719072667013  5.97705198164211  
2.9886132284555074  0.5783857279039801  0.8745180702767701  1.772745025287987  
1.6506049489030443  5.757519804140746  2.264361951333898  3.811607837962167  
3.095426234901727  4.96168753685926  3.1778393672012153  2.572723505433533  
2.3651525720460893  0.6282480327680721  3.936433582887338  5.2449062443922845  
1.9693977538160494  0.8573652123198492  2.494460268094685  6.519097243103843  
2.803393019416122  4.423027301535613  5.040484787017435  0.8887359639467872  
2.6428600279547205  0.5339360408273878  1.4351439204374181  1.018802019362726  
2.734209063921901  4.600386514274441  0.5375352711968956  3.2067554075902316  
5.116773766276854  2.5114008101888685  0.03853269726214114  3.4041985751858133  
3.089887865293641  3.6329573937651896  3.5696083939722745  2.42154748299742  
1.7129172159114694  0.7959990595143083  1.0662532351914993  0.9920771279628046  
3.0261815434959547  0.2797911805215955  1.4156115416343524  1.9606976890418368  
6.63869468372776  4.946218773305642E-10  3.9868840996913697  0.49227449521561545  
3.1153282946216407  0.6855929553251089  0.709442888308759  1.1307527200301994  
1.7126695191014303  2.5574471250280224  1.0529067124595974  2.601304415458537  
1.35687325151643  4.912630769515323  3.549586336130567  3.847962739536918  
2.6807732429867573E-35  5.786093573919409  0.9934886553167432  4.081918516137258  
4.047339321460707  0.8684377088250222  0.4696090807244449  2.4325642389873408  
3.13510465968173  0.7000815197781705  0.7116176739256453  1.0862011683741832  
2.1608563035790227  4.8890395655888925  2.514651398243475  5.092202181510841  
1.8053207848973611  0.7655874364083242  0.9740707613212697  1.214894573906477  
1.318386830435109E-19  0.40252250105692217  5.222191429602632  5.84205062186366  
2.555700158202794  0.7845309581495069  0.7797620876595973  1.062959315783547  
2.221797033423027  0.7698567425547481  0.855895680989837  1.0266813751034582  
4.992911965635791  0.7287424949133379  1.7357645587261963  1.8178069306895415  
3.2025021108905687  3.927520261618531  0.294343728515392  1.6645162104818172  
0.5844288569014963  2.189604723137468  0.22831062971212715  3.710699473295661  
3.0819769104028825  4.587903748363499  0.31316558310320874  0.9874830420016194  
1.1802818881998411  3.212810047024992  4.438192539385538  0.5184370615513736  
2.138490513332533  0.725455193618158  1.057950110130943  1.0022529120565016  
3.3312808293013796  3.6061934151607007  1.6313536800285415  4.744388872134243  
2.774295062361579  0.5897837514947927  0.8874384216235321  1.5710024231737745  
1.9720899956159053  0.49364303690489814  1.7324482598638373  1.8726690165521294  
4.6579740832781145  0.7197792134171556  1.4047763865521339  1.9011427013873528  
2.923109102160026E-4  2.6135538364562634  1.459876801826367  4.292525445561018  
3.267682741072964  0.7989915678915183  1.6500658053464692  0.7441000346660787  
3.8940543626528488  0.0018093708307759641  1.6648148271902758  2.4845884558478515  
5.116619996210545  4.039363907184706  4.853195672277071  0.3113646229852085  
1.0645378029092962  2.043791776396199  0.2781414722888563  3.14358093149546  
4.640741281747471  0.5473279558546279  1.8879004044791743  2.3372973176342913  
3.882327501906604  1.7302418291015014  0.3970172976422232  1.2807649681585394  
5.628388886539101  0.4462774478391605  0.8895219104188373  1.6447991412374758  
1.4741139189042358  2.558370153089329  5.197020382500268  3.6032594373479885  
1.7428182730723494  4.401375189874128  3.864871634299456  2.792011874477134  
0.6962664326910376  5.274298739112659  2.8161604103858486E-19  3.722722792620589  
2.865010112869785  0.15418145868628266  1.7117818199663062  2.4587425618604506  
3.98833304396831  0.46430600443014935  0.8355783510662391  1.2158678793709448  
4.28902954026816  0.7912335832263541  0.9418596628920657  1.0974796905616657  
3.5392793200208224  0.0029012251775753233  1.9240410573570268  3.002836612722444  
4.196579342498664  0.6734007534759061  1.7382363177938227  1.107527469779936  
2.691217741927613  0.48377266393889495  1.7589381681466858  1.0247405589027125  
2.044286977200964  0.7754391121285512  0.8948100859738511  1.0212902452879002  
4.029508481617589  1.03058583017704  0.7520474264041264  1.3689181119019767  
3.956780112780578  0.03657570115841062  1.7518249329727913  1.8815262489770421  
2.1245484121016673  4.9356561867086235  0.7559118967239404  1.0077480031402355  
5.580802640889685  4.392032758105093  0.18484309687121495  0.8532600590635063  
1.3747292087426064  4.793302348152988  2.7159440861618154  1.0149139653192738E-24  
7.361326304814165  0.5109943854434792  0.04702355073929792  1.2064347951546819  
0.7096698914927214  4.361475202299312  1.625875286439045  2.849326789734568  
5.46241365601249  3.6990043851076235  0.4980040667231042  3.011837664695558  
3.2427968506135465  2.664283425205675  6.082998086621192  2.1299408896307713E-4  
3.706481257003554  3.6375811135637437  4.9281684552206055  2.2783311604275864  
0.3702667991873668  5.075790943591658  1.748182691545284  5.374134033972376  
4.213225319909908  0.6088990545091345  0.561481322234702  1.1028816946112154  
6.478831432861524  0.28179262859399107  0.8086024774773843  2.136183050839182  
2.7925543155315182  1.0993291865665047  6.536339082980589  0.607671062562367  
3.6789976649864213  0.9984191459509203  1.4701014170385538  0.8289235459362133  
4.049422935169582  0.18705836095178008  1.728216116308853  1.0880292446045063  
4.218332535480219  0.001400194106475456  1.1360160905311567  3.9362927384283846  
2.1461036712669963  0.8648652961853529  0.8099635218146473  1.112409353893706  
5.125629576674392  1.3070148357977065  0.4685447267334694  1.6161707381816999  
4.222988837649965  4.332677088811591  3.962526595145952  1.5582523985816507E-12  
1.9935785418506795  0.45378952275397083  6.107222653759157  0.8967071953818068  
4.3098174468072115  4.157403883079259  2.2414938603142733  1.8652527636746175  
0.93253928144739  4.440513991548578  4.889078218666237  3.893203638556246E-24  
2.853956258597631  5.564980741896456  0.121379834439261  0.6305775915232879  
0.022882486254320242  2.7015613900117934  2.764783067974987  4.6360958296166555  
4.887949226386068  0.04196471271635695  2.177686779670513  2.636789359733401  
3.915707723271742  0.012131604394382309  1.9910341875623454  2.496026309507502  
4.148509815497669  0.1083887879459856  1.229055997252324  2.8025212232544514  
4.830720193474529  1.6185634172946077  3.3238732300113836  2.6271635375671685  
5.034994910059669  3.60553691458873  2.598065737706185  9.257448865566697E-5  
3.171682336257523  4.119035073258006  3.525693880688175  1.7565757609819312E-4  
2.2891717430025404  1.9276258249062568  6.465396769979798  0.6730152456983474  
3.552565432290677  0.21357660170204154  1.4858143952179543  1.4071430207204678  
3.0549992854763683  0.5639485544895044  0.8404507929242446  1.6249003394373795  
2.7435759051640645  0.6993980269749432  0.7833531965068218  1.0679512229252384  
0.30225657618101676  5.826732586382071  1.832158721008915  2.877821760410801  
3.7492094201676918  2.3649467654601284  3.0062349618940902  4.026641629848488  
1.045945876033636  6.307967453949255  0.9921091715006801  1.3389377698045761  
4.2918644919559785  0.9966293571973985  1.0119071949119236  1.3944845333487454  
3.464410676817782  4.9235887910702125  2.238744084019707  2.392463151153929E-17  
3.4045843960829196  0.49744488757978966  0.846605748478866  1.7813628590563866  
4.3788679819000755  3.371773000018654  2.421207582272616  0.1265207641151111  
0.4782327640644417  4.712272521110981  0.9667353379970746  2.092797942521577  
6.2217537697296015  0.5212111052954921  1.2129428926677921E-13  3.7511199118599485  
3.633743586045375  0.9020541128248065  0.5512142121797876  0.9238807683935758  
5.098625204003015  0.37291074441598054  1.9235029097512164  2.219391886218011  
7.874139154072741  8.021184698778053E-5  0.6789665596301314  1.293425540622278  
4.493107133031923  0.2371210721289391  1.5808231663845154  1.3279165743485808  
2.34054315173599  1.177386936573881  5.76139994690483  0.08610359104792718  
4.027617806357724  0.880676155804613  1.2441745890913025  1.0549682808650345  
4.3650842592634564  1.3699893485417887  0.7967711222937418  0.896395583489721  
4.505193051736627  0.03005949585923227  1.5962941979866332  2.3489554427572137  
3.434197983894245  0.9402026772533835  1.273262369659383  1.096057467639131  
5.0824086028579485  1.007615630827969  1.0774740673465446  1.6654875258885595  
3.466348596318685  0.2734979447936957  1.064188674434935  4.80338225848454  
0.5943582271223775  4.570712237899516  5.410101303809723  1.9424320239577053  
5.975028395868826  0.28529685136041044  4.340588855604499  1.8056333814772756  
4.76670231246647  0.7018597545978583  1.7140318490776065  3.068748050458664  
3.2044305793297174  2.733584074116877  1.6504775745341953  1.3666994172328544  
1.9138340179900357  3.071415495148864  2.763865585356634  4.171939275639153  
2.1449389174196054  3.1812473393466956  6.82623127765689  0.03462766418166051  
3.1270753475483213  0.835623780093545  0.5957149499861739  1.5244569877524232  
0.976164454113206  0.4839796532481548  4.473852429984881  1.115884704341579  
4.806558858170187  2.6422154584738955  0.3224009027199974  1.0742593995800427  
2.782310754835565  0.41843014050556376  1.2879965029845077  1.5472490828789565  
1.929473073821221  4.0651090206925025  3.204408444992401  0.4369058716885434  
2.3204370262090235  3.347565603130212  0.5406532602792536  0.9144284032012032  
1.4028773759222024  1.2972550931509428  1.558687845739946  3.8417578205939935  
3.7774943548541766  4.222098765905362  5.3675577008486455  0.7324952198272902  
4.073185185773411  2.6108290577907827  2.8473878267503427  3.7398543434129468  
1.5526940459708096  0.41794875155073485  5.943576142712503  1.3096280923663912  
3.6271560078537313  9.050456602532877E-7  6.314973528824703  1.190143269898323  
2.890771390930908  0.22496970668423108  4.499151427813701  0.9465280079216438  
3.3417637636078266  0.5927497250152164  1.6240981971506385  2.1881222969878036  
1.4439790061357058  0.8883116089217293  3.32415199261464  2.485762256897385  
2.7127257073618254  4.875298951390475  4.0539378432616395  3.43176647857414  
5.417573360483614  1.1201369401613057  3.1030653750274624E-6  5.6075291508562675  
4.083133895020258  3.138563846322748  1.4826094086097978  2.5647802001358175  
3.2493095160602823  1.901341629089401  3.478036350594701  0.05687890297075006  
3.3826607021532813  1.8504348285814314  5.187666964944617  4.088351045933655E-4  
6.173658955762473  1.2190296793924567  0.3005430273815239  1.8413847688327631  
4.105025960942565  3.567241749483937E-8  3.9156400544375165  3.6585653178256736  
5.262036550424385  1.173721152636307  4.973586837784108  0.6986217429022799  
0.17192796114725561  3.4391046812866084  0.4966953824716284  6.052502132118175  
3.2702408920807966  0.5441211520021518  1.072211475593214  2.0011674641295514  
3.0321870859176725  4.9736294622883115  2.0397966997618573  3.269373168974767  
5.466790094542017  3.0420082194848135  3.4169703024211757  5.058299629002438E-9  
2.920167628864308  5.3519497626397134  3.2164060724929855  0.6416052858291562  
4.719140389555116E-13  0.4686500010660828  3.6972146321925146  4.883764711792237  
9.335328116873943E-6  1.3694976813062154  0.6456147198397475  5.99893078433346  
5.827212302476411  2.235647218991468  2.910475672593674  2.0779753457708875E-20  
4.006093809625615  4.553301583725892  2.090278151431379  2.402593462516344  
1.7081951714557115  0.7973557647333128  0.9845715522869259  1.0040482855082216  
3.595929499393132  0.24283357436573036  1.299810325179393  1.9640209732785163  
3.4580382487606194  0.7344730371961954  1.2220026418830516  1.4965017868523407  
2.731028310735483  0.9318348328406101  0.9196791131890463  5.180688863452315  
1.5256075177928203  4.783010950893312  0.4670558672242367  0.9929705966744846  
4.868520563417675  1.0300222099410952  1.6657235534286627  2.591384480638231  
4.572956216193467  3.0673035897869765  1.0803272637027197  2.5097441235506373  
6.498127489592079  0.49703882583388886  0.0010798809395704157  2.5845985486890934  
4.609602280728666  0.24878371631538831  1.7794695899500605  2.905387311683249  
4.963586178950925  2.350611444024675  5.787104619477381  8.984421462752044E-18  
4.171390050897276  0.09330366181572705  1.1286921453937797  1.2620826274005856  
3.108260377653082  0.849284750360336  0.3162662042568148  2.642579018596815  
3.3021448600015946  0.13679278904226158  1.575110840725982  2.0232800390191534  
3.2114941271173216  7.02737767151844E-4  4.423646393928744  1.3155912675188721  
7.056114336309992  0.5752790841241233  0.897095025784863  1.7572612000090686  
2.125283159149162  0.566023933534196  1.445420643941698  1.4863447073540301  
5.134727194623717  0.8203812942661484  2.6446159004503995  1.8403485135409599  
1.69587900006309  0.8021777836151031  0.9898810531213126  1.0011650035981332  
4.768527279327567  0.7443307958926992  0.5836029454519839  2.6880798950082174  
2.718221136196676  0.3849291488925008  1.991058555163112  1.2359378135531487  
4.064839142346816  0.4289143585594463  0.7166172462313061  2.5702077752844597  
3.867636044812201  1.1785497123355262  0.6132206193889915  0.8943687593430517  
4.630830112856095  0.3648179951162582  5.540695801995817  1.2560473818019953  
5.028281253644672  2.86134526137251  3.89397745361596  9.032469804074218E-11  
2.543409915949029  4.906252744700472  0.14679839926875513  2.4902670786806116  
