0.82797578156757  1.9605918248076388  3.0580468887405514  6.434455999826321  6.517848977268894  1.2313848594417536  
1.0229523890716898  0.5333541079669302  2.5036601716408597  5.634155868736454  5.836630571459837  3.9236198013477184  
1.4918999952182848  3.5367373437695364  1.3648533908091465  3.416442755962352  3.068786642510981  4.78402380393291  
3.044383506906799  1.0822916275692323  2.339009887046832  5.412377511895056  5.777286893813755  3.22675734482844  
2.278165863514057  2.8796818510918523  2.573118772012086  4.223761827916512  4.297394104481851  2.9038669143798295  
1.6715609953981472  2.65166013583795  0.8035038032834367  5.140222524574817  6.665905630063085  2.9189585180178232  
4.486516194699646  0.002985965413663457  3.1120163349215177  4.0917574679102895  3.292105890723787  2.8700214490551477  
2.1832801080710538  1.1978763598410347  2.956758379283016  5.815505209954057  5.922294007480793  4.116515224174939  
1.572478486518405  1.4897932606252646  2.291034297860565  5.617604083904866  5.084084958351955  3.935288035869613  
1.9792296110598957  3.3824127259051724  1.3678470976363015  3.5894413917217554  6.41970470236752  3.257034319147442  
1.8405235107700886  7.176846770837631  0.3083679170298622  0.6044041724256699  5.791200771649472  2.090817225171109  
2.7290289164262576  0.8582541444119582  4.225671100257758  7.082364840741245E-42  5.316068861934499  2.3226203229380222  
1.8953002915693464  1.6108972108797204  2.8702440410176138  4.013237974739941  6.504905690750282  2.647753279698395  
3.9492259352775845  2.048639137002656  2.7608299810386234  5.166097226379538  4.391325522346477  2.7093620216005734  
2.3897841104943887E-7  2.9836076597817276  3.5632659072568784  3.5983865445647325  1.0508635382084772  5.878190500941334  
3.4401773999515655  2.7309983738025148  3.654621652806604  5.04884327780323  4.038221287838228  3.5640843603923793  
1.637194236475097  1.8020507006836066  3.0367201639312125  6.352001692919963  6.391763904753798  3.0370849026629982  
3.133306691485284  2.254232154158391  2.0593952344291644  5.529139073396072  5.521112724930258  3.9032724066345112  
2.0593618853621036  0.6029169304435448  3.3523300255901165  5.147238407065045  6.232135315650922  2.4789740836921124  
2.0655062082382556  1.9543436199730315  2.319789064442844  5.817369072672556  0.9973765708973418  4.750018447367537  
4.716503839830664  4.475684080759841  0.3911503298439902  5.086873601821553  1.9782475967235424E-14  3.6014723191528897  
4.796607169507614  2.6060097406248155  2.864034558458345  3.76069224066388  5.196572016688258  2.0756426984159533  
0.7122347004675011  3.2936087589425345  2.4521564675346634  5.063261882287625  6.980628930902563  2.3508617619480545  
3.6324418607845033  1.6111282723245588  3.7443119743398476  4.219039833165749  5.384879770474003  3.5574123598867735  
3.211845920633149  2.967049369112018  1.7141999945736144  5.266836292832025  4.041171513376026  4.188710928803115  
3.763653188348631  5.073252115370908  1.846644247455461  1.9678884745244614  4.686102037935709  2.9787873020405646  
1.917037426045291  5.4847953735808535  0.114940888995872  1.0301892903217353  6.893348006157748  2.493357520643681  
6.144982210127858  2.590238399976654  2.8662206204047473  2.476364578962152  3.668088562129646  2.6975683813625986E-12  
4.264376422003707  0.5856014625569665  3.289416540085356  2.3754126455196483  5.159974278041037  1.1052505225468015  
3.8859049324150776  3.336577316125326  0.48188902933066724  5.152357022247446  5.300307645512448  2.6678659779486154  
7.2277682206787395  3.312773714619148  2.3445000123718303E-5  1.4228767324734182E-13  0.6939250864506022  4.084237626569079  
0.9637258560373304  6.417133442666278  1.1012418436669449  1.438727233000029  1.0262523188503865  0.6532284430314235  
2.8093218342890482  0.041593512232891205  4.70462950726696  3.288828494353394  5.2993939090557385  1.476222431393595  
2.861117178823167  4.74077103862185  3.213133152361773  2.6211264386677784  3.6151703538608553  2.3477303814930863  
1.0569071100237677  2.423532235720636  3.750977156469088  5.28801177615158  0.10893689185857432  5.469158329561783  
2.5036013845809676E-22  2.729662971022177  3.5478479736983184  2.4627048769095325  5.517533464467629  4.8395988187727035  
2.725885561360207  4.426450634576636  2.5760972650973066  5.837788424568828  3.9619643135777634  3.0679591913365876  
5.050823983459925  1.9894045357004997  2.849863370330947  4.002647918766851  3.8099133031801142  1.7582011915251077  
2.586777959962131  3.038092609908027  2.7024320033126346  1.2677399883229755E-18  4.20209131605666  6.391050732519268  
5.647322341351038  2.386168069718372  1.2285805685433573  4.569053348219566  2.0467640537601683  3.5891821415078597  
2.15057891805028  3.000037616067998  1.4061512065807613  5.0693232075645005  6.624591636784912  3.144150010475706  
3.4553479159884763  0.4298074374470454  2.013791007857456  0.030729283499198956  6.064326776688301  3.8514301162394005  
1.1641928777842792  0.6564452799300899  4.945731173398493  6.759754067515559  2.591418989188683  2.2781884783641644  
2.4425084428122523  2.2140255486066006E-16  2.42220943000934  5.354711007098574  6.10356935337379  4.764181073138808  
5.12759767060262  6.496722507338037  3.8235058954425813  0.6627055372267634  4.411403710802035  0.2647230431826864  
4.815057645162962  3.1266137671235845  7.536747822589699E-6  6.098617315158902  4.270087957718718  3.5022388291265944E-35  
0.48393643016540727  6.436633814540906  0.2034437924205509  1.2822371828144559  5.480422166104804  0.7353364556017481  
2.6826820218061336  3.3035963142607048  6.047210950710544  1.0399129786731196  1.1106181402120585  0.15217652514194477  
3.3017131225011638  4.129164753955285  0.08643969792633094  2.089946317629644  4.4367108198560645  4.877114190095971  
2.135400640293233  3.115718948568582  1.9960515835208117  0.5676661315200762  6.447788044390882  4.78393185283885  
1.5290901012046552  4.088841305912303  1.0098099590540597  6.496136909459633  1.1192594931308921  0.0033449963482894197  
3.3548637558739625  7.718204351470162E-11  1.703248292056274  3.1155522522112635  5.914902492897434  5.080137020611397  
2.5429019122942454E-17  4.693610373920145  0.8207535174520554  5.922435340961914  3.360918478515985  3.6229985890334743E-12  
5.850177340713749  0.07921530896958463  0.7936465277315533  4.44510944038578  0.7280532163290905  4.403648465631341  
1.6983862968676529  2.930792270257875  1.7998479677668686  2.006426711976928  6.192347762639759  4.916842081324782  
0.6912576376673127  1.5355208871160257  2.471946222755205  5.112408736499923  7.718692752141271  3.5410673890909488  
6.199932368668981  3.2906678991272895  1.6489561074750187E-29  0.19769207088127985  0.06884180080148289  3.230837966618306  
5.264038542651282  2.3022645708073077  4.089292860813017  0.8929630731280541  4.794208171753123  0.4681523964101927  
3.7101705938189298  3.4338062781391874  1.3108439387264859  1.6639039459431992  4.776073139551247  4.119213158701117  
6.9960748504434624  3.948508233616381  3.3692107933775257  1.2835441373628105  4.7334764195470066E-20  0.01943558061342478  
3.2428493054522916  3.1009359172909003  4.871991525673158  4.467736507743109  4.344858333717765  2.167398486404287E-8  
6.615497452895629  3.286572448929927  3.4163975558250184  1.2888708904713908  1.0495988415240516E-56  2.0546638795312688E-19  
2.6331549064903594  1.6343492719647723  3.9774429277737555  5.178340831362174  5.385210189941515  1.427945941484411E-5  
6.3274759428711835  1.412345158235982  3.7403168509994154  0.3013160774738149  4.1535900220777675  0.9568109183152098  
2.636799699469063  5.002354437743958  3.601981650148454  1.0532304760629578E-94  4.239360606673833  1.371961483752635  
3.705003155085722  1.1792746104614076  3.6801327671234083  1.9349607316450461  5.545633131312439  6.027042479262855E-27  
0.8069613549205632  1.057564571672108  0.005699564457990296  4.276369373535825  8.38712096770394  5.283882379991133  
5.590218008013415  1.7184460648074498  2.7615532817954085  7.499053670881387E-28  0.5263091528060359  4.012212714419736  
1.3755030778101773  1.8372329579911697  1.9311715173462896  1.1035446601213574  0.7932422200280028  0.6648807440996495  
5.283790791097438  6.656400891933155  2.003884227549018  0.8105393737109745  6.303413791384208E-11  1.640812149182718  
0.5133491116043444  2.5648344795069753  2.8227374204116167  1.1751596784901878E-8  6.4933145158194385  6.685314690518677  
9.871689211771008E-5  1.482927288607214  3.2293136624646563  3.824639437829301  3.5006443292723235  5.987884959823016  
0.38237610476952466  3.9946056885469905  1.2848368563171177  3.7812187950385003  7.635003669815577  1.8319307062814605  
3.6653253006927837  7.33405278042365  1.9874261180214379  0.16037163585588476  0.2302469010235016  3.8273552314709  
0.12062293079820104  0.9163837084128736  2.7093213943288097  5.054306627577882  7.18336830352118  5.3261645923908136E-49  
3.013884608303097  4.965154680682439  3.1113273486319994  0.2594084208482398  2.5165530069039426E-14  6.85942073473383  
9.334026791763073E-45  0.9472464771347001  2.570900786175477  3.58604025098978  4.366356010134509  5.975335145923902  
0.8811818306295549  2.290294940892511  0.5188248469801663  0.9566210418040856  2.113108825556368  7.463157196581499  
0.8595483842431489  2.3970854551569905  5.417364288828685  5.835476394324442  0.4295041337252179  4.36912074456829  
5.585944762878019  5.021919147839065  0.14710647086296327  5.812489273685861  3.920895848793463  2.188156327731231  
2.016544562561887  5.8487720094845885  1.7967458526442672  0.4221933261081446  0.20640613925484314  5.330615920203788  
0.629624656771673  3.7777908923666224  1.2818979359329752  6.15225112140228  1.253446745376936  9.208337202619858E-9  
2.9457762171369506  4.1061871671049985  1.3435852093418172  0.3469456606248656  5.82724555383843  4.623657796278047  
4.559929886556042  9.711877306788904E-5  4.121661437291495  4.8608818192419605  2.579244783301575  4.324702717663737  
1.7087845133472437  8.243565419878683  3.706398548966478E-9  0.17848758755458993  1.0263518528091014  2.9316060220748748  
3.3703783775266523  5.840985513291182E-14  2.431795935050001  0.16783109408696037  5.996587206489506  4.54710540441328  
2.871874843458784  5.292271412469416  2.777712603848983  0.6689021844653558  4.288794818614623  0.6002743482841331  
4.941738476876569E-14  1.3100333659168752  5.670673405444296  4.553804259805692E-15  3.7347686310181634  5.728111208957175  
3.888028763053043  1.8752490174207503  2.6635733497064074  0.49985534475505544  0.010801324745927206  1.9826858501390994  
2.7900992449871733  3.6510675783446236  2.905747578882313  5.09558021007205  0.007457663165277916  3.3245100262671015  
0.84099497456994  2.6570284475480674  4.088696191284637  5.864943951296723  5.9729108452148765  2.371301135651072  
5.109729250032137  6.877244085417622  4.366395620281775  1.1067742237992404  2.2590342353584165  3.192485399880626  
3.0088152890658213  0.11640878239783854  4.361844801599872  0.2084226864092946  1.2008742699308552  5.781919632914279  
2.7676204019500035  2.7515760359770107  2.3741601440901547  1.1603177068996562  0.30475786242182795  0.5160899151616221  
9.084108215278292  1.6259510112228683  0.1765922960276342  1.8104634697969082  2.950971599436432  0.7039204247773331  
7.726581439955112E-46  0.4388294526241907  3.026176029104065  0.4218459216338294  3.7864388060702434  4.688857750386589  
2.62777687376398  3.180755620599506  6.720047873191168  0.8085269600835594  0.4559006500441027  0.3482397730209298  
2.4455521733657424  0.99443769630268  6.536121364290761E-16  6.827160062173804  6.734404725405963  1.810434119901443  
1.6191804440129183  1.5176184527972618  1.6459355928640322  1.1918157032352958  0.5982669339566686  0.570242451673631  
1.0072834940341451E-45  3.8399492903697645  2.5765240602235875  0.6615659981377494  2.734841034919212  5.717060009687569  
0.8393023330095912  1.3563196116331087  1.7151675359404988  1.5156106438529  7.39244606732642  5.709683773144456  
1.7975681318570267  2.7465116442087107  2.1681214552339374  1.0593285847781122  0.6910575626952554  0.6993612497681871  
2.2023894554512E-12  0.6331883260480508  3.0375174970311627  6.608561634682787  0.4184705994239057  2.012301436026725  
1.6917333967896577  5.5101037637812595  0.6984625266549069  6.44206466959534  0.45276894792581246  1.2797239968246579  
5.648291940653613  1.3537271855257733  2.6295879566109877  4.77822074055037  1.343708221213847E-26  2.738025939617238  
2.353608268706258  1.4553312877795206  3.0039588530903304E-39  3.3268754721751277  6.804764953902772  5.72888688958288E-35  
0.9395026466529736  2.359264587880319  4.354609585759797  3.371723697990156  0.2718530368515429  0.22508238616245535  
2.040306738968075  2.909337429328369  2.443708434699984  1.0667311100900203  0.6027135103178343  0.6487611400341717  
5.563462547388125  7.557273234526501E-71  3.8286216226140724  2.420531958216761  3.907277450080537  1.6633379806380217  
0.9472483549660099  5.796362890842525  2.0159829465936476  0.0013632966802663137  7.000606880128452  3.0459037044752266  
4.948470467101021  1.5241647955478134E-13  1.9364627487669155  3.4566599295477873  5.283854048551822  4.298122752215664  
4.218292800076951  2.9340438091351415  1.2664264125187388E-15  2.820375166959909  5.5662578421763955  2.3941247376866808  
1.7430525031589776  2.067561159169567  1.9944504957926932  1.1509135483501904  0.49269542684164797  0.6104804215869517  
4.750938601819361  4.786479719219573  1.0707372338007062E-4  0.1983824323091166  0.5482852719477981  3.140289797735553  
1.0460215981288042E-18  4.530362178022611  1.5823988370213429  2.6245164474293454  6.570057304923304  2.8810274649595353  
3.566790767328935  8.458938951928708  4.275623941642649  0.9492707712854044  4.841222106996715E-13  1.3732541997044068  
4.222297816122751  7.022901252592013E-58  2.9145305602172202  6.230432369092316  4.641050955307164  8.93781150324105E-10  
0.9314145646699634  2.3615153581740778  1.7240697049917315E-24  2.1330174507826216  7.053863886255916  4.648557814433574  
2.153398018926344  1.464235670850522  6.244231115356309  0.8789789830626217  0.04789051109235859  1.3011380066182305  
4.500388583764253  0.3481094652040558  4.328603535137305  3.0843540093065997E-6  4.485090577707037  1.5364472656598058  
1.3242210053130365  5.108408092591388  1.115227620505302  4.86326576240063  3.482866572132742  9.720292713943929E-29  
2.9670045602022013  2.3656155875109692  1.565649354546732  0.5065741789189415  1.1064222533497219  2.062701036253764  
6.386853096273744  0.2442831529236815  4.266325892813723  1.8589912406109375  1.6066261629038086  0.0036860289623359735  
2.5435834418840355  2.15183075734306  0.8006468436039779  5.322703475391666  6.379343896777521  4.06731165675288  
5.8453651134541955  0.056019476641729675  1.1591151728760924  3.068342108312821E-5  4.690645901630047  2.89536737687886  
0.03916202983247834  1.178269391765068  6.969463338546748  1.577963169095336  2.8639432001512  0.6140126313462468  
2.9564320011093863  1.2177176899745659  4.034488751750798  0.024556153406351883  5.5477149917097215  1.6488373876309177  
3.361673201250591  4.072291896462061  2.599707191835461  1.3616198553008747  0.05733372015305013  0.029315302600978498  
6.819807591566091  0.05085488408201089  3.119352651209571  5.030446754835357E-4  3.2038628043495385  2.176564026515974  
1.1405411210628447  0.5378489251478438  7.3968878382541465  2.3527250431264183E-20  2.179374694864907  4.663413365706674  
0.0810591194808817  2.461092016678217  4.395664196675612E-23  3.61238117019123  4.455463411508175  5.679820122341205  
3.117431541178601  1.505121574842513  2.5382505526547123  1.96704278308145  0.029534700538564634  0.008128329613604917  
1.5398148596873473  3.0494499697413096  2.216998628662609  1.029098993254973  0.7523744955891691  0.7501217039861924  
2.915025563534385  2.7685870158435275  1.5713416672897718  1.038007111307044  0.3536164123915643  0.9925261416756558  
2.2333318604038928  2.3356873818708284  1.847984987166335  1.0893429983148737  0.5739301538036539  0.7230937873418354  
3.4033396469587385  2.863600517949477  2.8313388819786147  0.5152983924620773  0.011046001384248032  1.9883343511153664  
3.7530493462521526  4.791920251242086  1.5017521417353248  0.957967213472028  3.4470926333526944E-9  1.3957045743025227  
2.6387746117987794  0.3540832962154696  3.961188687124937  3.2205022838668627  4.981983822268435  4.523315921901594  
0.0017401076099212577  0.9127604343835914  3.5982821267236624  4.065070014439983E-7  3.499992785894512  8.164494607317911  
1.636001199491559  3.8207330185471786  3.7373851212320175  2.7173289631689332  1.0480794297601166  2.7283570091004323  
5.198559172132315E-57  0.3272450725699468  3.3009228206453467  3.361416321573636  1.0798195953867906  5.895873783127679  
5.61288831069799  1.9864483311836085  0.9833900139351128  0.3591103410384027  3.7170728717281746E-6  2.8550076439713736  
2.5286356703723794  5.840961696180594  0.8305677759763345  0.46503305528631833  0.7764992056970429  2.69444078034613  
6.699067068632267  0.39825348244392816  1.9584808292562457  0.7870410985961547  3.6582495258254273  3.6833208698190715E-15  
3.113569693127668E-6  4.664680137998942  1.7730173685172588  1.0352970551120884  4.615316928764066  1.1543199468630079  
3.1642099272803763E-53  0.831258313034287  4.474144923830067  3.725995887901624  2.276584896151895  5.612403381409413  
0.0843726300551592  0.2003323249300634  3.8198053514982995  5.405910050776769  5.88887936414656  4.54628728016581  
1.3708490092480639  0.999884875665865  0.41860941091992016  1.0618077145535876  0.842505844261185  7.156215544236445  
5.195009977772874  2.491532526527094  2.777834380037387  0.37816175230078236  1.2626028170027133E-8  2.4777954040437926  
3.07327354790834  2.2156680963286792  3.8271866675927293  5.753856694280733  3.1214484486289664  4.272080362853654  
7.990203142427753  5.963504515928845  2.976737130559044E-20  1.3022816597725018  1.7029596823735716E-23  2.9735997891607706  
4.590925565466711  2.3839549623149017E-35  2.6762727384436857  4.5479627476860625  4.971976450383796  3.5038730790329007  
2.584853568232867  3.2422949253179563  4.4890255177079466  0.2985671586026136  1.7636844262867318E-15  2.2106074611725277  
0.9796524551698249  3.3958263872564753  1.590125601860688  2.3850022380228438E-43  1.6852902940892194  6.213492025096723  
1.8519523469366346  8.8036994959942  3.0809756525332973E-7  0.9906292781419773  1.5947492417639366  1.2141393780114036  
6.630311106573652E-9  1.992884049655445  5.796088428200372  5.515443151271088  1.4605142615049234  4.59822843802541  
2.527765636349714  2.614800350856267  2.5874419412159964  0.7806719403984616  0.3533399704192994  1.4193576393759406  
2.181992376459508  0.884356826467922  3.006684330695245  6.289295783817712  6.251867924510851  2.8533813608652108  
4.772226136974056  4.3155934118519433E-4  5.272329111545377  2.429132189924094  3.112226570047997  2.8546220457743354  
4.0108698619362055  2.6458564568854386  3.9386293399455132  3.012035921013598  4.851691489541964E-10  5.164224106542148  
2.297144746653424  5.491256645293463  0.3584990785950608  7.003271873193088  2.341915119920588E-18  2.802904337042302  
8.343592143865179  1.366267020397172E-31  3.3973060445943473  0.3533424519741345  2.3021039384686945  1.6255928588877666  
1.8774763683393223  3.7719499112193065  2.4050492212818244  0.838587487114291  0.7109673849493913  1.2058150645873151  
4.139174036299568  4.728739828817446  4.955520198092834  0.6500395759921167  1.8730545108148526  9.593479760667821E-5  
3.9366704077855523  6.029332618464436  9.072839148737803E-22  0.045192342353586754  1.256506945176176E-5  4.236919889271609  
1.219623801831078  5.119175916276726  4.951504655727967  8.076787566158925E-4  3.110003641506191  2.628086003899094  
2.8148483895068774  2.5193405357067102  2.315414729354668  1.0590851628965972  0.0074458146026843254  0.8831205226857548  
1.7856701132978243  2.4821658989760973  1.4093574227800973  0.9469668841625698  0.2733447228102825  1.2888694174083866  
6.99155510928066  0.003416987428543708  1.139400024148689  3.4188811335379503  0.8140575194703918  1.007263021672727  
2.379830038779179  2.917558703320687  2.7735668176679846  1.0504285964785507  0.6598562277063577  0.5946315572249019  
0.6406109498919375  1.1365558181354163  4.980366349656646  2.8738832850492093  4.045116473355018  1.3155122730258502  
0.8751669966213921  1.9701355041223827  2.8784937057566373  5.761943896656156  0.9291729758169417  5.166965752676142  
2.1889603897832735  4.949698739940469  2.4457580725286503  5.8354294903212365  1.644022393434436  2.8908756792233947  
1.9362623279888762  2.2434224167246115  2.215198033125016  1.1361844396427643  0.25928129958542256  0.6562479187227611  
3.6477031235342614  3.8528329482571206  2.472436730834593  0.7965152345187752  0.4128335589583025  1.3735294494926216  
4.419065054063734  6.634950211550515  5.2080706486227095  1.5507572458728873  2.856436358313854  1.8590444058270614  
2.9467563419262466  3.9332709579705556  2.703375081070257  0.7302337308388751  0.5470614342550563  1.4571821239666731  
3.424499937876454  2.8288388569705147E-11  3.9320266813156697  0.911634185581107  4.792498020061623  5.720553914754122  
1.820269058346022  2.137965174816675  1.764035004146766  1.1442693767854655  0.5145275232101985  0.6166344195699707  
2.3667464885292397  2.646271020695462  2.0016154311630054  1.0396153957333256  0.16436936770544222  0.9557009500952461  
2.3533167209218937  1.8604903883548765  1.33360444523227  0.942608532319784  0.3177146136519347  1.3234124920066237  
5.864442402597568  1.41980284634369  2.392804660152519  2.405498087502499  0.698859956583528  9.924056888870775E-16  
1.6574626554472878  0.9588125331916636  4.752671939346407  3.219759974406642  2.4047746852487197E-12  0.32362702692833667  
0.032106834300231896  4.750753910582956  0.35272280995769734  1.8269106847519159  4.391767811794663  0.4681058391212831  
1.7384904359368814  5.668155735889811E-10  4.310176987320904  1.1189125897576085E-36  2.7472008020139116  4.18066167651498  
2.033740756119707  2.6312016006412886  1.589857583502417  1.1315923445009184  0.5788606051167234  0.6897835287614845  
2.7084719157447705  3.6089401378051353  0.30911302532080415  6.0598087824526665  4.50893214837851  2.5875904817630886  
1.6594995869714797  1.49943374660254  1.6646315989039817  1.20141190945621  0.5863725309063973  0.5452021039982177  
1.5794568010305188  3.0035677332365944  2.18670061873973  1.0843087916726335  0.4119885214067835  0.7323085042282416  
1.6529629837812343  2.827293791851644  1.6077463732198252  1.056247683357  0.2649529285994772  1.0142385314559001  
0.26481211288175366  1.3789480439537563  5.236474725156066  1.2078970409631045  1.5900913027771337  3.249130520755243  
2.4917318912674404  1.6518325499596838  1.554983821219251  0.8799240132227066  0.3904965131220099  1.3161081884745263  
2.5754003309686695  2.9926291333415316  1.6510025707556888  1.1433594124890865  0.54353684272321  0.6542111565569693  
0.5310432007941482  0.6881728214758038  2.846687233249366  0.005146162963254603  5.512045274882243  8.107285670423948  
4.452928842173793  2.746339112527852  0.42262355811143876  1.8700532436934911  3.0281622033576543  0.04717516306360453  
2.421186416181754  2.319939780340907  1.528739652785322  0.9490378952572508  0.07745119479801248  1.3364017874420047  
3.00351896262327  2.1141891359134877  0.9299344802926317  1.4450415586745848  1.7195430972456212  0.10149377182376772  
2.3696471673008532  1.5989387146729284  3.53646241265821  4.393325021301808  3.280433828156445E-7  7.374949778355816E-16  
5.31490042650096  4.281478013490351  2.3339552920192403  2.759147685708821  5.304546149775272E-23  3.379118137156015  
3.220290980944785  3.3467007401025146  0.17140118391116343  4.291226681476441  2.543729536818096  4.864805340902328  
4.50541782306882  2.5529311315574956  3.4277595569804666E-4  5.812590691814519  5.247670504776536  2.464873741137191E-18  
3.0709003134167  3.155217462874715  1.1551635847884196  0.8575956126266069  0.3472538326259453  1.5729889008516953  
1.6934302089599849  2.222110119363776  2.5563124917082805  0.9874413509608462  0.5904094935298032  0.8777277033982643  
1.9741646400212667  1.7873229392133017  1.3628074574685414  0.9915982583908031  0.37495009708388605  1.2031330906533877  
1.5670837784196876  1.7176168205097817  1.608913873504861  1.152296891246203  0.5625794242887285  0.6681926108901619  
1.7460045740056582  1.9156678986189102  1.7337751178942753  1.1617754747525482  0.4669998045691202  0.6363278982748468  
2.3932987698012025  2.6718992393994436  1.807587873197712  0.9992488406697968  0.004013942662199149  1.1543614250126277  
2.2716987241161566  1.8759321131057003  1.5159538114218372  1.1078826036137044  0.6673351365604752  0.6941420573584574  
2.259056330100161  2.6471139064834404  2.538015111004762  1.0916400701173417  0.4413473243133836  0.6156706633878473  
2.4191071272248426  3.141433397276096  2.300115184324623  0.8736331691813644  0.1690906516952423  1.313028054602344  
1.9873616534594215E-34  2.404860541423186  2.4110662610647173  0.8337578831271781  6.451898496170338  0.8680546006096972  
2.270210831194469E-10  0.32857765617664286  5.318509978344461  1.0240968787598746E-13  3.465654672261545  6.579134318752922  
0.32502210632389433  1.1838892989248535  5.788797691828768  0.7194246307618691  3.9240941817718227  1.0307338653181686  
6.68344660090647  0.097293892087987  1.5479088938931769  3.4637165548272653  0.9093317318874047  1.4242886525764063E-6  
2.828894062373674  0.5079807050426801  2.1752556511312657  3.9665912726489947  5.274438151710472  0.6500111456151286  
1.833593750286728E-25  0.7815424230320606  1.5610921541541822E-39  2.187071441621277  8.362577753284775  6.053261668169832  
3.7157414691594046  0.4913764179975933  3.50143814773585  0.8338877202428715  4.099955121684838  5.327320961354204  
5.652249719934107  3.577859127398684  1.8831010381045161  2.7717553805228885E-14  4.364511591138999  4.715295472303234  
1.637423656016938  7.3534431511889125  1.659471411677811  1.293247674143485  4.398774611788065  0.3623753199342615  
4.159200031149677  2.39623393092389  0.32433212279430357  0.7893951889099321  0.9480799896230461  1.6125170844743553  
4.815789724076935  5.021623955785739  5.469803073799549E-4  0.27031293259407896  0.4428013651605891  3.000154186100382  
6.045571280333526  1.4858515239481953  3.719611086562889  0.9137458342023161  1.4798613208540228E-10  4.487864655726148  
2.6233109150057423  2.7756852671867924  1.5885973497606287  0.8795619810499979  0.15345277877540042  1.4508409781175697  
2.749196324499984  3.8061285599306767  1.5587774080801513  0.8481451571823783  0.43522950284042916  1.4446309384295306  
4.875336742141309  6.00857242711504  1.342112651247092  0.560331857446161  1.2613432678926982E-4  2.3578571934270114  
2.223987333205793  2.587689644856753  1.4713306565763642  0.9339749246592972  0.3764252996270948  1.266905416554047  
1.8905265612546525  1.6563821677278499  1.589329871963501  1.1127689626477164  0.42726867254123424  0.842329085891177  
8.3786740503811  3.696561957165174E-55  0.01032759615046246  2.4256191238117073  3.080616290787336  5.206998159293396E-32  
1.6750872637549028  1.4091797935185988  6.9166637523410746  1.3152404167462695  0.10955588669153503  0.38689780597360574  
1.7735432437686744  2.699737484165662  1.96944387291501  0.8438804135562887  6.812114236525942  3.479334291013897  
3.221216221567701  2.0596755793744195  6.316332249089064  0.17604852313208622  6.444509552121257E-20  2.4680823874055755  
7.59702716772294E-24  0.09138943519150426  5.315546976759727  7.213452156268419  3.3119723545429185  2.144221537429317  
4.273953480133008E-12  2.745707090593574  4.177762486311065  5.556498172417281  2.9749290071051346  1.01402900157512  
1.8565574541005878  1.622302453267981  1.8025697869264081  1.2072814314618872  0.44384934057898956  0.554039088683785  
1.6950758785531248  1.0337169636208157  0.8487580553008764  0.7289065005767122  1.0123782774473034  4.014702990751218  
2.437145216749529  1.701286437942897  2.8348894927777195  1.056089925969407  0.04488545993770961  3.6586112594991906  
4.206360095994276  2.70053327811747  4.809168250076904  4.0222570454197  5.578308400411358E-7  3.064135622241504E-18  
5.267863767623909  2.8516288621206627  3.671445188397473  0.1488760423830478  2.3507011742650303  1.0128694653361618  
4.416945515672727  0.9039854563056778  2.1148666799778972  1.9760682178776185E-28  3.649555472519038  4.0741067036571454  
7.928434864511159  1.1209614650671933  1.447735427818617  0.5476865942069294  3.3576094449722778  1.0461813455790854  
1.6909842713171557  2.8790633191852164  1.8566592918439744  0.8482933485304215  0.6094097922828026  1.331600980698456  
1.5921101746865836  1.7043153783416132  1.6388556987366931  1.1561329466197723  0.5172971764666028  0.6799447505557162  
1.7061626940742312  1.6215243332409939  1.7794257974079597  1.196544478474249  0.42304517491829075  0.6105410862668765  
2.933887553088778E-5  1.2172676535607132  6.764410143125004  1.7519073258426554  3.0999778582054915  0.5231706292701348  
4.528298715288019  5.3818362605547945  3.422618281955424E-5  0.9141941256935154  5.0940612465432  0.0025502009844030203  
2.8797103838618533E-6  6.0439887281080305  1.4804544807667346E-5  2.0826812055604864  5.482360270341401  0.29096861619810654  
2.130549324667702  1.933508616598714  1.7741112430517627  1.1431225705592147  0.3944342972037251  0.6923071823155081  
2.3788371121648697  2.8906345598508443  2.3672852330949445  0.0021808557719812903  6.485618117785782  1.0414839737467687  
2.2766592609583873  3.354914250052627  2.633511003798829  0.9347538187130411  0.18024123820836077  1.086029545893654  
0.8719159802089579  0.6893034902174278  5.061923743176048  2.1092691015372438E-16  2.5169917716871892  3.9666433888292696  
1.741262681705049E-5  2.7500472012454213E-27  3.9523944143071863  0.9162049264425175  2.1706598250206364  5.230816405781026  
1.5609457144506809  2.4618094035707383  4.125507973418091E-70  3.3142533023000045  1.5975828165837416  6.400090983423335  
2.305420950322273  1.0933237302164496  2.1755199530538936  2.9840845302839503  0.2782350019249471  0.0015966439250396953  
2.418978217706424  2.9469587300778377  1.519402370925736  0.9289982424374016  0.14010864878216023  1.3501104704899682  
8.180908234711445  1.67366921987577  1.8168956270238257E-19  0.6691281406891264  1.1119157397045762  1.790069117693398  
1.5127579258675936  2.8037207437235883  1.5423044883353074  0.8894104821420868  0.6358951488943123  1.3015753475750433  
2.467964239942014  1.3823178249463781  5.4900435439477535  0.38615468576453316  0.3144038667046584  2.3799475243486206  
2.41948638107333  1.5968194859773353  1.5664508586913397  1.1024263842949744  0.5392557299446399  0.7763457949378069  
1.3721649993500293  2.762459965691896  2.0384113512539312  1.0139695776224735  0.6751904972817573  0.8858810984198083  
2.1940698409485293  1.8854354365098906  1.5649622504463137  0.8083477844231601  0.2388378306576479  1.5840674336366505  
1.5502840463258036  1.7864030826267652  1.7958427116441973  1.1514327374594884  0.6048111319226446  0.6164833870792008  
1.9903838619808552  1.5584752622755436  1.8038358784183433  1.207871704196346  0.4513797623020541  0.5488145741370258  
1.3468450985638953  6.327807958839518  1.7201620114954397  1.49948275529573  0.5836012956880734  0.459825597809734  
2.341103764911201E-29  0.1279365709991561  1.2519377541878642  1.3155626917679928  7.380148934407758  7.841703208370135  
1.1308552317097826  2.863901827407089  2.6400060469303206  7.380712141409344E-100  5.780422508103577  4.879617698801067  
1.7280230325962616  4.452408680386917  1.7995822798149577  1.2641615171038274  0.516608503449382  0.4356075179230139  
1.6442732373060671  0.8223443267869398  2.3065631730668987  1.2491529764607325  3.438701046604263  3.5199598694119856  
1.9697722963371214  0.9020005557437868  5.234401169989337  6.6110916569736515  1.5328388443641964E-8  1.664351399668885  
3.1286250395780066  3.94197166632226E-29  3.9668190401692414  1.078847407308343  1.3119484425101373  6.708393243839253  
1.514671173354518  2.046779840665656  1.6784125710613005  1.121764957081023  0.5694813161307676  0.6861303389498609  
5.197651417074092  2.6134798834632558  1.8270191011489365  0.2984093206349332  3.000702140788372E-10  2.876259171819554  
2.529100058120055  5.767748211541827  0.5508741700458846  0.44096221242811456  0.46731809202510727  2.927404834427024  
2.4254552235341786  3.640379005798911  2.923198421609448  1.0315276081169074  0.7822063479143773  0.5718339889182233  
1.2400258394220034  1.3287561002832555  1.6254044117648687  0.0974220840627016  6.689659133455857  0.9397783341292886  
0.647755092105255  4.65776739992252  0.5311210018942564  1.100097492629388  2.404568283968094  0.7429206381693424  
2.291214235943042  3.3871888172796916  3.815178037559859  0.44418385542479516  0.5330385737693247  1.9977124760698262  
1.8619342087129902  3.4530856941300825  4.9334973393211445  4.422827540531607E-25  1.250103221874627  6.449359136694695  
2.9089969214225175  2.488436282913777  5.884987405915043E-25  4.540527321646648  3.094593398056296  4.425767939308007  
4.703955692154382  4.43156609638088  3.445627015909731  0.29799829996846855  1.1172989714358296E-8  2.349750529801122  
3.9187551397038853  1.984518498219461E-8  1.9898935916648418E-4  1.0750821218024331  2.4079335149063463  6.559031935723539  
5.722816867594854  1.9586723019269132  1.8042724148372957  0.46916471725120884  1.3849991463776266E-10  2.432858444171355  
1.6597568401070208  2.6041579722796233  1.9124747359260788  1.0054843578988795  0.3585514739027424  1.0308181414342443  
3.0258068307313253  4.4604847822927  2.1546635978090034  1.2468074388150194  0.9673776296454484  0.04794025506284461  
3.8236943396981244  2.935648056813327  3.455188793490717  4.948222831428449  5.038969492781229  2.5525123360927586  
1.6670528918445893  2.767642586525814  2.171036604883819  8.031212582899805  1.3394641211134572E-4  6.061711508685274E-7  
4.777323654846011  6.9196349011340965  2.3552367084112413  2.119341503430144  0.6332740226842695  0.10667103399085844  
1.9917127053359938  2.208678522909138  3.932686919957428  0.7382845483057272  0.24592066405058113  1.592161018020575  
2.2125677144101825  1.2755306214292552  5.914358198530759  0.7085822695148867  0.274027380551421  1.886265815041483  
0.2710651421580076  7.024355494442704  3.1748404401094305E-5  1.6531336635339366  1.3687805756372464  2.5973005508171862  
1.5705823903194542  3.2821555346146885  2.326631294777119  3.7605482341447694  1.460849488052219E-4  5.469579735947528  
6.835563971905159E-13  4.886853566065773  3.7636960194521354  1.455162712810899  1.3264747118151459  4.846150256412906  
2.3665308438780422E-15  2.197041560619368  5.781377386447327  5.482459870013274  0.9915399672197326  4.8153206487446605  
1.8466159295849633  2.2376778041927805  1.6577383391199731  1.1027436369154329  0.45686128946724447  0.7626110750220955  
2.6939206077528826  1.571277758441185  1.2393027835846724  5.702413875426852  6.557518829471891  2.551387139078203  
5.280847971261403  5.544473252478076  1.6712356398752337  5.453210852018323E-15  1.6106036677003668E-4  4.367102498778798  
1.5856880174600032  4.703933476767213E-28  3.8804351395701335  2.8710096636604173E-8  4.503070077202153  5.0879999394693085  
0.003363004258239784  0.18809424017485019  3.564754514521532  1.1872042135741643  1.9989240228458112  5.982530785216298  
0.6826632895578294  2.890163337613033  5.5732894772281085  4.28064006183572  0.18815649725781183  0.0824575168549391  
9.240386276083148  1.2859672894196674  2.2085783207442088E-28  1.1452536714236  0.0055247545743476205  2.7766560078533646  
7.745287214073197  1.551288988072341E-20  1.2225904448168725  2.2244677005468736  2.9927320191637827  6.566462222397908E-40  
1.4666405632823112  1.9040542076293856  1.73330999656243  1.12088282648028  0.6695152574843136  0.6634070501971416  
3.321478258506609  3.6800140545653695  3.110243886120037  0.9063562976750028  0.7417858769165032  0.8495423261396778  
2.8948018183728776  3.720449265147639  3.1921519621604397  0.7730231250341728  0.6830013345150531  1.1967683400562463  
1.0082963867417387  4.019364829672921  4.14385410268034  2.7286099360976195  2.527119340359896  2.382467880900065E-8  
2.3514685382958778E-4  4.823954424345272  0.57776424073518  1.733693124220659  4.34522542963945  0.5453307802449677  
2.413027857198413  2.873113060764155  2.2915951309452254  1.1141675631194095  0.559014902472263  0.5701742272268835  
9.328912763780457E-13  2.678382656459915  1.8313421237127891  1.0896218957379749  2.1172725070966423  5.005662639335888  
0.021841787111845926  7.031566450020745  0.0030970846400788284  1.919923682425139  1.4663019236066317  2.2792769056903452  
1.8657212389326499  2.4854396697868393  1.68303062402179  1.1344469498466474  0.49303620167869694  0.6814092016697832  
3.653065859576637  2.0235217130918615E-4  2.4157339773237205  6.796461760632311E-18  3.649607653852994  6.308866314222236  
2.9715572251171514  4.017446390598272  1.1542548047754448  0.364021821351369  0.4773695570931696  2.6049015186467748  
2.412189519350587  3.305532560398162  3.592809490511062  0.662399681739723  0.25148441633619417  2.7080255811707263  
1.9686429926762776  1.603499254286035  1.4378009438632235  1.0669462736754347  0.5037866514713164  0.9522071310820487  
5.042571997680098  2.203561252087637  1.1703984386987287  0.15784631988833092  1.0192959704352485E-10  3.3699939727733508  
5.551837280507162  0.9972526065696783  3.716276288492173  3.280189723411602  1.2115357145131074E-11  3.70808374896423E-13  
2.012142102156947  1.799739775236168  1.4536128248150102  1.017534083618881  0.3384021328828291  1.13204175880603  
3.299210140986577  2.204988241356158  2.393032496466004  0.24735432731587606  2.5663602364757943E-8  2.7808033432588974  
1.6537700436267246  1.4993588367516129  1.6502705174652537  1.2014933607339522  0.6062670327205336  0.5354803005825196  
2.5885954311601185  3.1002934415965964  2.057301878391246  1.1854092986907017  0.2912389172629975  0.5297911932750251  
1.7768316626506824  2.1236046892102256  1.8268976851264427  1.12726862023335  0.3221119967978905  0.7531032044176716  
3.823123325362072  2.6721743359658436  2.6259780991799975  0.7685615545442553  0.0014196617566280265  2.8058696635726053  
1.6667197782913827  2.727363327522664  1.8149484550580157  1.1270430226707093  0.40606269491496955  0.7008056277337921  
4.873811101114155  2.6853255442634847  5.477368528298125  0.6987866571590265  3.4460110553767396E-6  1.1335000192042395  
0.3097701074223857  5.85273167921968  4.0641816648568145  1.6078151828410918  0.7865087242640683  4.09567315431794  
3.7850134143063923E-19  5.47129857453253  1.7345684562409964  1.508001368071219  2.2067617233186723  4.528647203917145  
