2.9278875168317344  4.1047184633586  4.517876134959274  2.6310341392265277  
3.721349844469222  3.1047303188413604  4.578796098641793  2.601250811583376  
2.372334134239075  1.8426360582300636  5.169778290701  3.1237168883135085  
3.880031882173137  4.0091911605054875  3.718928683088005  2.702144981026822  
2.4114866273006825  3.6146295624695925  4.734363340963604  2.5060965092453427  
4.329155150195261  3.613671773502938  4.352908805625609  1.5875337200738577  
2.2260970706486027  4.446611289368663  3.8665858294382582  2.632783426533638  
4.016532131952416  2.9804562861678443  5.165893110356702  3.6698229832166853  
3.890025763814087  2.9808410079506924  5.062622736633306  2.2188075876676656  
2.207018881466704  3.4631478752804847  4.908926923081662  3.3870716188421586  
4.8511572499559374  3.0406605908950226  5.284663666272096  0.6530115338233797  
2.810932590349728E-6  4.778210498846624  1.0988735273656351  4.421566218548055  
3.7574766713320815  3.5524157198112007  4.077307471832604  2.595680580602554  
3.661621727109026  4.589209030347672  1.9683206812427245  3.4800153584182287  
3.760002413760318  2.140508246768432  5.793498595101992  2.0866617985269396  
3.64327126824558  4.296680060923566  4.83160417218422  2.8456843782094836  
4.6767461080018045  2.851425277146424  5.413785404339961  2.4184636710748477  
4.522816663675432  3.8528758985686653  4.817402632601029  2.1095424172374204  
3.992448748624975  4.806847250865988  3.68444695016107  1.4889805800338412  
4.558999828077827  0.034458375065852996  5.291259680154097  1.7400517360521588  
4.17184943111305  3.210856598854425  3.956559602618274  2.3691752797000456  
3.0740432982214636  4.3020077506564585  3.974506050334997  3.736376333654025  
6.337581539001218  3.2395475866233983  0.3849009166977984  1.2127069698848152  
4.517525873579338  3.9545089814199805  4.27052162158764  2.713325406784528  
3.184695497639905  3.4827535855204683  4.610194833312716  3.655252448474413  
2.2360807181067566  4.128872404023308  4.853945335522499  3.1854756198689222  
2.7423966326430174  4.238010306984824  5.024457545146478  1.2281316756975873  
0.9605822109059635  4.32144132164246  2.0344015729714475  4.503038946507237  
1.8009574269158843  4.374381808864361  3.7820949096137877  1.5060522158079157  
4.170748493893231  4.150524332435543  4.4287476936193  1.7144925383298488  
1.7353147145285044  4.721086032696481  3.1370871341919235  1.8920593296940724  
3.6771185850424355  0.1277508982775612  1.8184473744097496  2.762116835085596  
3.9420888809852497  4.155954874938418  2.7190444471848423  2.144630809644198  
3.239775981565347  2.3377780083657385  3.6686433247650143  3.642265667174619  
2.169290245180894  0.7289577003159851  6.246198889463889  2.7600215583677956  
2.841055359271393  2.4043363939928204  2.8465852791260833  5.406054610696417  
3.9701299780609176  4.012974149576492  5.4199266155323755  2.7651662609672445  
3.4594461013064914  4.491217178064796  2.0325258627144605  2.511777566508496  
5.513375879579865  2.804932583972774  3.5922015042532385  1.9455437816318697  
4.339435380926175  3.0831294675006826  4.9831670878874945  1.5435388814333275  
2.1613582517747627  3.8453593657804115  4.71539901075265  4.48539432692065  
3.9552418034533905  4.333959877215788  0.0027462502930343455  3.194687122716228  
3.5262818886273726  0.28620936564594385  5.712636232440566  2.138606912836795  
2.2164008724863278  4.187036580554853  5.3024594704582855  2.196558704576935  
3.486642315349329  5.466011818501415  1.697534916591368  2.3036577689884803  
5.576236312031801  3.3075664578103328  0.8875229591881044  0.3889015110995519  
0.6319908444478874  4.610364626657833  0.08010322961082471  3.66249568594253  
2.144763277798739  4.51254074761496  2.240831378730331  1.033113487590845  
1.0578160814838329  4.948440490379983  4.4500824944387505  2.4736373816021806  
4.838489489298202  4.676298098440152  0.9976024594461079  2.2117263900300497  
2.2949203985435407  0.7074491638365638  3.898905448249343  3.65152410526339  
3.13490641501968  4.5691947865862454  1.3436588580277484  4.221876071156564  
0.6856735750189384  4.664115970980597  4.439914618919546  1.2243297017794452  
3.7475045056803413  1.8191018790816078  5.523323871045294  1.272463352474124  
4.634398628935431  2.298709513544177  1.1321510849994434  4.218936298023332  
3.792935718501399  3.487629219050785  0.5091861507988942  5.172116943056176  
5.360913649651278  2.080429808511363  0.7348393410385338  6.652879574243562E-5  
4.070553940291667  4.023938203935744  3.206897121354518  2.060079953767121  
3.691028091372054  2.9681065994946634  3.4711278767885125  3.098549407581353  
4.098878079348981  2.7627109595860846  0.5875339222327607  4.016582332294145  
1.8518420179314965  3.444290726020304  4.89975333644945  3.6356905099481893  
0.009459093849596626  1.2255551105313423  4.907008762427994  4.937945858420767  
1.3091729863125399  3.578448933741753  3.3489359912556407  4.225838859936662  
0.1685058883229806  5.3480182892780865  1.7476561411183789  3.2646587155751994  
8.481625685558393E-14  4.400569771944929  3.277424124344147  3.9130566713756854  
0.09218064526793068  5.341416680667392  3.532692531630478  1.6287193321623925  
4.199459128849513  3.719697350280061  3.9167683430156206  3.043103243307461  
4.2170880369574055  2.9957822024824368  2.898190792059576  1.7547141360279541  
1.042245802400677  1.0994709764077244  0.9313605827842337  1.4807732758806327  
3.730695337334274  0.9644637120949904  1.262723348767794  3.958270906729746  
3.1287132677523104  3.515153593441094  4.900915886890291  3.4549794923515966  
0.10516371381814604  2.4353520636131294  5.582426319328382  3.9453728741171017  
4.912033179173174  3.195191927578847  1.1856336910468268  3.1511453883530445  
2.4621009596535806  0.13177048095182442  2.042761825366438  5.469131651137785  
0.16016583234565757  5.121102543310764  1.1754929403373608  3.376073360444513  
2.5034370530904786  1.7871401185677749  5.319933733574382  4.372124568677274  
1.0219705677587057  2.615094528451045  5.670036884560087  3.4689819948455063  
3.582169972660666  3.263982356975338  1.510926266472772  4.024752706950845  
4.5037641092081255  2.717585086460949  5.829020713214858  0.9654769179107268  
3.6292741459738935  5.0495011458114485  4.6275052253011415  2.7442975532432508  
5.138257697839374  2.6045347598436432  0.9890643918441777  2.711479123494629  
3.9565919030996946  0.24572166675468723  4.0834932478168025  0.775055414211425  
5.192197737946669  3.828228193076938  0.48773551127299986  2.240616656162241  
4.305160802521682  4.530460245150143  3.3162013562226953  1.2405939685404814  
5.791224158395238  3.4666221758143343  1.4527188150317618  0.5706866762990044  
1.3485975174590041  4.031348744702592  3.7001638691772003  4.299072967970116  
2.856012678193748  2.6051819793384534  0.16284502864758468  5.026240006904042  
5.03629440026497  4.684489806594376  1.7036849942078325  0.012319995434464761  
0.38436923807594475  0.9571643933642776  1.8834060309868041  3.492794934610388  
3.3160209229487108  0.09549409684583414  5.284668470553454  2.6834074163163777  
4.365328242258171  3.4234945377810053  5.101710409915625  2.6236073107633966  
3.5977670675619233  4.251914307940548  4.405632105533003  2.9522776420594026  
2.716870761949175  0.13630407497602803  0.7390529111543584  5.882033903370711  
1.0053032581387784  0.860042051137068  1.126859970400512  3.610062034213409  
6.189394652118275  0.6179322404107144  0.6063287128986444  2.3125306363353344  
5.417985431213069  1.3361702491876006  1.1781395098059573  1.0360663871048539  
2.7945319017752537  4.3857821347964006  3.4358907391961533  0.592764674703942  
4.512083108010646  3.111248130791457  0.005664483947048156  4.418367204308831  
0.9989205789466077  1.0164866409157696  1.0327964345505594  1.9891023027426118  
0.19471745132445195  0.4671940408916565  5.846293248538305  2.620439098680373  
4.711255146501395  4.685270930246071  2.321799923960472  1.31998912854892  
2.6581609764729976  1.283162322123304  0.9818141088210659  3.110047017336497  
2.5797087449474763  0.6853170246203438  5.814872848439397  0.3569760098928061  
3.8420248757625575  7.440677357422704E-6  4.4016722927727665  1.6566985984637024  
3.501266002791414  3.296387781870144  3.5426514189130627  3.391622574796559  
2.888171169399476  2.6974296019562  0.02313095321579022  4.411661827999084  
0.9516397258657472  4.359145552159468  1.032924602846752  0.8762813672405523  
2.6179152408376822  0.7736703694630793  1.3578629695953814  1.4215463908311545  
1.4790681398977499  4.136459288538449  4.259722916529603  3.407265333929229  
5.362317299491237  3.934683205499951  9.105565836450268E-8  3.382288969484778  
4.484854895818908  4.068437713882167  2.463012875347477E-4  3.929237206950429  
4.23373680412381  3.627833857339619  6.418898986980005E-21  3.399430245675157  
0.8923205474478931  0.6348287148325733  1.722577858829664  3.0643692999287624  
4.7641386727859425  0.9958969010543616  0.5384965403070809  2.4723994645309744  
0.014731041844814661  5.180789314777394  4.255520670368823  2.3992288137111237  
5.099602709314685  4.321590534741777  0.8602041305314857  0.11361433277796762  
4.39455589539779  3.071353790619597  5.197306683179566  1.8541637472937156  
4.475685783218846  2.54299395777329  3.6480725002709242  1.317484711208471  
2.6539002826555165  3.055626507368751  3.38267702573538  1.7402928322153939  
3.290619929836237  3.670782881609415  1.6259346175443523  2.835895896264656  
0.8527254003586731  0.28935189234258485  1.740056652289323  5.334138000642418  
2.1251903197648283  1.6697791446143144  2.022733120590106  2.3125731717918985  
2.1683492547745633  3.724475760914847  4.792285880369254  2.362434772685116  
3.34393776436177  3.532740207822526  4.92408214793454  3.221027502362678  
1.1400204255895603  4.5356367443238215  2.4565790165415704  3.141774629122813  
2.0932819452282168  5.0023603847572895  4.188370786397641E-8  2.1419034798630068  
6.513158314296363E-17  3.9230140506672195  2.3907718545891554  4.451268755195499  
1.5653710839619515  3.2650052554901308  2.075232362545715  2.5563747583716405  
3.003852213344681  4.078453515932349  1.2257720107076644  2.6964453765260807  
6.921692593890154  0.6703855979929441  0.9691133516932332  0.9123536154889226  
3.5117074061295686  2.47795270842072  3.015776464067538  2.5830037453945307  
0.8942832788611007  1.085393072222516  3.166990574178937  1.8662487947561952  
1.5658251295471175  0.76017978422401  1.2338794066268424  3.466113351805278  
1.0500558819587462  1.1477765235544706  0.90894284552175  1.4710305210401502  
1.0767190141494545  1.092550875227758  0.926336593442255  1.4303689581977281  
0.40703160023670476  0.7935483680231787  2.072482671128027  3.280819575914842  
2.9562402129421765  0.7092375679596187  0.8090573768969824  2.902169327925801  
2.455421826708467  4.393009890565782  4.495136422033295  2.7179993077654356  
6.147364895998481  2.7066303845296904  2.002434905953809  3.620073713140335E-27  
3.410256456545065  1.4086128642826101  3.726262585363074  0.9037322779093413  
3.870849046986123  1.7174465448681727E-4  3.691646670792607  2.543466837518982  
1.14562842553088  0.6229863978533897  0.8239817616021091  4.701523162106698  
4.345280835454935  0.7524506310754472  0.9161001113773525  1.7322732038020088  
0.0030473198051639643  4.642283205162772  0.6109098111965192  3.6588515276001243  
0.7152138619973905  2.8287124492646  0.5392741132186901  4.569130109849272  
1.9734753452006855  0.02777015331401704  5.646779895183108  3.4689179669345025  
2.4116911061553084  2.612333921031484  5.994000735771676  3.0589610695373595  
0.939040935277491  2.156085546978037  1.3109574258042134  5.94037248423433  
3.0184377841850463  0.4882414923457268  0.6007250560619862  3.931162145499053  
4.394194687556656  3.5468720730199426  5.5504578843441505  1.970871947019831  
0.8634171528496555  1.96473183274827  3.2105290379339824  6.050659677638433  
3.30981909943432  4.963407780840118  4.158257833107452  2.424044999141122  
2.3535278439730347  0.38726842221958896  1.3550897451015156  3.913958482743998  
4.871628378171418  0.3794177151322198  2.1011150353087413  3.138540660170493  
4.233194605592645  1.4043244799455954  0.38605846363984214  4.146212571615667  
4.685931411386823  0.03998373804073025  5.870610023164379  1.1576342423875134  
1.0606049663411838  0.9612073874402574  0.9783014437650412  2.6241800068540644  
4.0514860458306465  4.410490138822882  1.840575092601833  2.9195248807244396  
5.282255422601539  4.314543758510038  0.9165697285753982  1.6802678299653042  
1.4996900499323726  3.6086002266148838  2.2431332446158248  5.293753148870294  
3.4598968622855857  4.5112740858208555  5.58919609632983  0.11621658715531222  
0.35940992728321763  4.1237996397570935  4.433196639104247  4.4309487772247085  
2.6517277330185927  0.884934316527843  1.0256435751314947  1.8832355183733587  
2.4055095703107394  3.3007598819910964  0.8760046223864996  3.9795007324596456  
4.055533525558578  1.4386705301084842E-5  3.413776319956811  2.8697845189614037  
3.522745855936647  4.2167911815661165  3.8440271534966173  1.2544420267071867  
1.9256172929275386  0.7568264133587086  1.508728088137111  3.198140647510502  
1.1616735114742434  1.0366184769669649  0.9310377517455394  1.8348313541947001  
0.6997154535746127  0.3395107222270875  5.285483420266612  3.9605449676177287  
1.0428722017422176  1.088280862258306  0.9274208039874686  1.7452141512346333  
3.657319799498625  1.1365903672653923  1.2532579568885391  2.2748911213764003  
3.8985817504042877  0.009695892133174571  5.614145926050901  2.00305040281965  
1.489438080980237  0.4157875863269466  5.838459643193661  3.7739143480836503  
1.8439871364130491  0.9607453797338469  1.0558556132032242  1.3359436483914895  
2.2165811540533182  0.5932050976438791  1.3995797328361421  3.225945157436705  
5.227422788266752  5.060482580365801  3.9896048878927415  1.395674287676095E-15  
1.0944713403159152  0.8088017492751534  1.3003948058758297  2.5510213410742626  
3.8255786361143977  1.5224479569520192E-17  1.2076690937954249  5.784244684574112  
2.0253340264443516  0.6832058568619847  1.6061129121422788  1.7289916905080722  
1.03083250890629  1.0469739085023642  0.9488285766611774  2.132523057119499  
2.46099107938468  1.0285796760746657  1.5660895894092424  3.5526596289951664  
3.2007893128186793  0.6777439846288865  0.7037405948816555  2.61217083802848  
1.8116476649424533  3.9272733148950745  1.1378507894922807  0.6613122669815302  
0.8297921372925237  3.788651781903596  0.2785068714230108  2.6211811751200895  
3.180697482645565  3.0301793270833977  1.5921644754308462  2.145310733635267  
1.1287519976627165  0.9236569846132172  1.2737280239880144  1.4406455935604516  
3.693600681776713  3.6378180689451733  4.486897050565337  2.387583021502849  
2.562702952772953  0.5485249848485523  1.5131996683636508  3.1963634338596894  
0.9622589624965019  0.8600406701932535  1.193831418053626  3.3793082903583525  
0.9708024062226203  0.84868771338259  1.2510595077762985  2.803919924054403  
2.2532631433734385  0.24410390761205772  2.5156280437559713  4.082052391956048  
1.9913168186164518  0.7292756070361287  1.2934775124592781  3.0095588843084355  
1.7288724600862242  1.0931337476411513  0.8474947081347107  1.5342734055848788  
5.05996933979244  4.97116689886737  4.919426503847804  1.7225786138956315E-6  
2.9194581177619696  1.0105323985098849  0.6466871719113093  2.2406793963112968  
0.9978640505634583  0.9013985949427517  1.0735605890368818  3.1735190159410056  
1.2641547436671015  0.6695039629223782  1.4349120256024381  3.273792771448117  
1.8385130028789325  0.482872997168149  4.221654219052691  1.8045980477962118  
2.658281840705205  3.59769883102709  3.589713066222826  3.424745851149572  
2.1096394680052772  3.5316451067719954  5.144833009158236  1.8568165795894531  
4.4031590597510535  3.25554568876802  2.9952682342183885  2.2764452367823087  
2.3375776922035163  1.5708871928559163  0.8212265769724778  0.9904851929184206  
2.03545896313247  1.0611313418493467  1.3398459539656176  2.145740598405174  
2.3509312735346195  1.200168152140692  1.568331172349536  2.649936192821532  
2.9990343790386484  0.8589909746046246  1.348576841497907  2.1969728545268055  
1.038121818072563  1.0862934348595856  0.9376134020567274  1.568421774212051  
0.9900029864278502  0.94570791173686  1.121634424533915  2.2958716907329024  
3.1021765173835534  1.3874783485515831  0.9417992104104538  1.860623434152385  
0.9816798152246113  1.1074864490318335  0.9504348178398444  2.544716538723661  
2.7413466391760664  1.5504531015819976  0.7083082065818269  1.5677621190169517  
0.7716047037255732  3.769635388498683  0.3986930854229135  3.3109948235294517  
7.030105111838228  1.6946762306573144  1.5345472731277412  0.13575838072882865  
0.8190049829361999  4.8121195205003575  0.30771694376414394  2.8920956237629682  
2.0197742887565076  2.5991280822565526  5.552154975285645  4.937506022554655E-20  
3.394676021648279  3.2544660287941323  0.6009238805094369  2.610067394163513  
6.094755126859461  4.155463762191261  0.3810227706408116  5.068072516041699E-6  
3.7574545622767523  3.6095998071277875  1.1921085189236115E-18  4.385297308086291  
2.5819397703780482  4.24609223364994  2.2238632017679516E-10  5.426460849119316  
3.387046717726634  3.1880409930101314  1.9957717340787242E-7  4.515940720908069  
2.995277338706669  1.959552608459007  0.6268937542271891  3.258737165687088  
5.019588146274587  0.6716271584765887  0.8685933817369875  0.9399804917318199  
6.75630503889462E-10  0.5132011023421276  3.153920649268936  6.003837379655078  
1.7122814082776547  1.3597716643834619  1.0340871432647123  2.702459078118122  
1.042741054623367  1.052995044728481  0.9343134091803958  2.107183232862974  
4.911563459765677  1.8400411387335087  0.5294215304761017  1.713818772800228  
1.0214738217596753  0.827783935378003  1.1885767559025548  3.190316878040377  
2.7428058289353823  0.6900650982039028  1.6895362958760953  3.6475330488380853  
1.561546252418818  5.274443531198226  4.9762243686039564  0.7052042322701019  
2.596972928523549  0.47842459003422894  1.1476100254127948  5.1853372771982436  
4.615664953118017  2.900564460119765  3.9592776734015445  1.3515852227533351  
3.5982351654156113  0.6962679381501682  2.7107514044394168  3.8700575939759374  
0.45183298514336234  0.6290462093539154  5.800192608148079  3.5839625638150596  
0.6424615997633798  0.7592721077052212  1.1911799633573594  5.979584918683961  
2.761247913827646  1.1364104754080409  1.034445629871456  3.5231154796814335  
0.791256088257192  2.0615618861156855  1.7446455343810046  3.3247779370551305  
4.068747236568593  1.0077921570036399  1.4193175642538045  1.1523377689636456  
1.0706877953142009  3.365466581690447  5.8184276231044105  0.6207457317427452  
1.5801905274071137  4.162673206564369  8.957872537791328E-7  3.6732031588764813  
5.280292197036397  3.032827214202615  0.3363561711611068  1.3628259595790304  
2.4241771054773327E-10  5.639373867215117  1.0896629724883793  1.9046527789694319  
1.9247448878156477  0.7045277096659993  1.5560448608074064  2.6424650639037193  
1.0283000473024444  0.9914255174400611  0.9970459997113087  2.3029808758881134  
1.5618695239869185  1.0807772722487097  0.890643853614502  1.2635266677721722  
1.8539031769610064  4.919469955746203  1.1676656555804632  3.2024611375715066  
2.975776719309257  2.8710210780841603  0.09268661963689091  5.033958348214232  
0.10267540750658503  5.421897062273403  6.835506458595571E-4  2.237623086138371  
2.413580842292035  0.6830332024140613  1.5381129186859384  1.5282159023003643  
1.7096105813857851  4.7074451843727525  0.015597609805880049  3.897530641347413  
1.7065138047520299  0.7983069344106387  1.1701194298718547  3.5008241337545476  
3.9353588630638376  3.743315777779443  2.5482548276492754  0.0011812468047822633  
0.1127238747215681  0.6933531517686042  2.176594576383512  4.609543408940535  
5.822765747174514  0.0019076715270778773  3.25878357500518  0.5842517552638612  
1.3495382550314277  0.837012010082849  2.683848367033571  3.9843698679020796  
1.0788414009397231  0.6022518824242864  1.7060706513904955  3.2137200389088734  
4.618687502108824  3.727830188694632  0.4652685026655514  0.04601738440407546  
0.9397819071689252  1.0749195232651765  1.0283335310493917  3.3323809880183397  
4.814798980826191  1.2616866496863162  2.6410560790136195  0.0017876512399339457  
1.0026410992218653  0.7381692062624859  1.506821833007101  2.4597822729755277  
1.384401245873316  0.7588097531221563  1.1643153606541505  3.6419709160795017  
1.4419818130618323  0.7239859027930875  1.4348170153598538  2.7202146060205843  
1.957678720529886  0.9337892486220822  1.3561576659202907  3.573411463442998  
2.6528849410632995  0.7580904514270149  1.6260563717505114  3.1593754547897355  
3.4344971939689537  0.2676768653804966  1.533356181979689  3.764091236309506  
9.842216759087696E-14  4.802941050463239  4.964652482790849  3.4925784216663565  
4.069400172195642  4.029297438380115  2.0674300822159997  0.8479138628815411  
3.5503587566963493  0.5978030443615335  1.2443335061814942  1.0559582581482114  
2.719922715480726  2.0347437838910074  3.254918626709887  0.5822447950813812  
1.5266707329541334  2.8563277882749682  6.216637181507257  0.13261617457954447  
3.0377373682880533  0.7259248943442623  2.62559961705959  5.889201440734703  
2.147546017612883  1.0887830775222491  0.9320282573334682  1.7620872862002832  
1.7721266713307866  1.4805987711671331  1.3757896367382123  4.449612368651113  
4.482121394310357  0.4667843542476499  1.3258264665808677  1.0065348021565184  
0.892068660088762  1.354440988350021  0.9000139214317527  3.1938225464557504  
2.4255417060442683  4.243579915101118  0.1550811265696349  1.9665050685025545  
0.5870141204067818  1.744479246309735  0.8661419271470818  4.1861579912303135  
2.6603374780745606  0.8283021447965512  1.1029583533347285  3.2440692011588803  
2.9116095788250695  0.6392885450264246  6.065866481935146  3.90077725270817  
1.7203393764005568  2.4776886184450917  4.741736209946086  3.521962895604777  
0.6294723433988184  0.2798081017052733  2.355120563814359  5.6321508436636485  
1.0904473470492097E-8  5.179022054033671  2.4654472638313707  2.764115880072104  
3.0823964844597143  0.4938395437503556  0.6187608908753713  3.9228199357981524  
1.04912950140913  1.0561264966169008  0.9514414464581492  1.421465654611683  
1.7458473702563533  3.17520257561667  2.443299573241207  2.3787006523727108  
3.2768239072142933  4.291204649141105  4.962333468115943  3.045361448013571  
3.1262926963486306  1.6353640021596647  6.179319273400789  0.6532016514186316  
3.432594871601343  3.434310399410781  3.021617945854387  1.7202723440642522  
3.2509891619418667  1.4562134445895099  2.099247177455507  2.7228228912735575  
3.8282922553958176  1.3132322517399417  2.4293129745610718  7.240276857486186E-17  
4.699354942834303  0.4105939764486941  0.8982930937322015  2.0763115147067923  
4.453933399449694E-5  3.8693068206524566  1.8597966564611448  4.454328455316253  
5.354208648653222  1.531468097771164  1.9171021291357937  1.8254270125717722  
4.8430827233346765  6.314979077536886E-7  5.569286636559613  1.9132900918594615  
2.181442852443671  0.9409133678999294  1.0598562534445757  1.3219526465738183  
4.278399730265573  4.9244948333772  0.36704507948846327  1.9816331623417205  
6.77375208319356  1.4142151112814234  0.7566202101256689  1.3679063892489884  
4.992253828373129  4.008763253870457  0.5023543211759198  6.38092703694421E-66  
0.2323431967944372  0.5133046026140775  2.6260835809202216  5.346139327595041  
1.065295884964129  5.262363207522006  1.441275801575466  0.12407554119509633  
2.772301824863175  1.988675064658753  3.0310142312635415  2.8515817731854898  
2.3825946227714834  3.5640575553437093  4.663940359070637  2.4121685221053664  
1.237530243981416  1.4125076997253425  0.7911230486580875  2.5256430339478144  
1.8867356069068575  1.2242528837566335  1.4450626088357266  3.623092558795629  
2.293311811026422  0.8311211864361067  1.2807404540575167  1.5398718099969873  
1.9463091613393981  3.2156634715147985  1.9198310418144748  3.3341209709206776  
0.27896759454747666  3.2719545475657266  0.5236211447972424  3.7518319674878735  
0.9417293279815826  0.7548133349360051  1.435756227273062  2.9880067570498237  
1.8712474555388035  1.0716355191311542  4.608131442492559  0.01160572709092685  
4.471424858272612  0.2000946090233053  1.1974880818634868  3.0667915810766475  
1.5816967032829181  1.0816271612629431  0.8631213896456437  2.0996101512742977  
4.535550923829745  3.7147636759234754  2.496268479128935  3.5442665889481386  
3.6660216652116677  1.3507403299026928  0.7242649035162539  1.0770664193031796  
4.113785163838281  1.2841774730458149  1.4556903480215047  0.9365979699478328  
1.2340500179780014  1.4027508266997921  0.760269799163094  3.2831321081688554  
1.0230819146773278  0.6488504204244618  0.8527236088142552  4.631520505578504  
0.4547167904727365  0.6843598095655108  5.639204867246978  2.009959641075784  
1.5213024154780108  0.6433894175057199  1.6988735072653174  2.219933638414214  
0.4267640617690985  0.923813152520687  1.702955821082456  3.820812105729448  
2.434849703027586  1.284095234793027  0.8033255359817038  1.2680711941443479  
1.0369528762134788  1.0175711766116804  1.028543896325046  1.4488203463266507  
1.3818890603224034  1.01064519932479  0.8435649050447032  2.623720791267482  
4.324593855949865  0.9506040798688699  1.3998545258834603  0.5523083927638798  
2.3656520118249857  0.9169920560749005  1.0842937469983625  1.5539174098510962  
0.0675442903097134  0.25929945217707573  3.7393520138634426  5.940143863195865  
5.605267861385786  1.169296111625576  2.426257048060339  0.9708115585492686  
2.38136099937482  1.5171633790532932  5.625977534189774  0.8222393997312287  
