3.2984357743470576  3.5216945803454336  4.01240269308713  3.2004456792361298  5.749347703297031  1.3675743577856683  
4.443441104885589  3.2335416237964174  3.2006996184939194  4.850675116746057  3.6699131248050567  1.3673051185766683  
1.508025045578944  2.5145582274236715  2.217827853137207  6.449392539361193  4.149658690202179  1.5434273928040536  
5.345001539289888  2.8820042625446542  4.130007139208581  2.946744213719188  4.014099062656897  1.83736640694085  
3.1358246724821215  1.865686519919768  3.634405214155976  4.813721395308484  3.9322857523615182  2.7009696580423035  
4.296503638208485  2.8765464684211723  3.6052321715449187  3.7860761151317592  4.771159497951552  0.8836215074453704  
3.363250244806005  3.9554412728049284  3.445780818942688  3.930564040247476  2.371578216432455  2.9405281396291882  
3.3174319950763507  4.1697472100781345  3.5639993987214074  5.841690770240409  5.139093991204536  1.3952658075950288  
3.5096524979370147  3.817695719710471  3.373295421657463  4.744513724638822  4.225248705782036  1.6803657108602006  
3.3704423045020024  2.9274691319914803  3.8630652463509505  4.525544482664053  5.122450380045879  1.3711128174385172  
1.7445628347691324  3.0313359504946007  3.7290616747512977  5.739702110673847  5.172666205241962  9.537256878637541E-6  
4.350093017545551  2.30771709141683  4.912048852722202  2.153614113492583  3.573053205625662E-18  2.855948048708925  
3.587222722715658  3.0038535075186745  4.262290647376607  3.144125650122388  4.538619577445844  3.4540078010567226  
3.754019290416667  3.9353188051949055  3.8278159555591214  2.429384564439811  3.445055877312649  4.086821692679626  
4.432559911505104  2.790462909407802  3.1011085835722367  6.783666305475844  2.135326010902979  1.285434132109824  
4.877838806977406  4.220022924036637  3.6117870643348797  3.1658998620803356  4.639795949191996  3.661758285956547  
3.404442965515017  2.9833278083021044  3.930259615960357  5.514810203488611  5.331791736917426  2.0517522979796565  
5.032269576992288  4.185188997211109  3.5608931377534114  4.35637881413039  4.432740103553721  2.371126140091399  
3.9854248631791904  4.749767804995284  4.674964321769108  3.923161519608216  2.9335786222917317  1.5817511124255998  
3.260784296474122  3.4936966619957137  1.0471845659838724E-16  5.062745036430295  4.335062273831265  2.1708440332126977  
4.239696488602448  4.361195508635697  3.985533701084383  4.9817722236507676  1.2995109944176488  0.5869331117886304  
4.352772370127386  3.288873742814544  4.405560972627666  3.521977111309726  2.6838503581795115  4.9027881922411956  
4.204850000070901  5.748711866499737  4.623031099896255  0.7788845457563383  5.400630878994813  0.6414097770044652  
4.984388571730728  4.847423697581902  3.9249592165604446  4.031141252869486  4.021881031656404  1.2277648730407773  
4.387759133243258  4.679694931276535  3.0816550977985684  4.26931985202529  4.882617617871076  1.7590692706591406  
3.081923593809871  0.9102564755189183  4.072689237380588  5.4410949023631385  4.341163505552318  3.3946466425495183  
3.8139077118871025  1.428536493810574  4.136086024102015  4.331072177247045  4.783109464604002  0.565926751257994  
3.103721446482257  3.93934975367412  4.213592901386902  2.0555082806473752  3.2949650781089352  4.0964224698951694  
2.2076400439773107  1.4117574273838085  5.141332451518201  3.971977773290619  2.273328635024741  2.097562624851563  
4.4730092096410115  3.3023712775674303  4.000756042319503  3.7817316276799806  4.235692580706004  2.2961393807067143  
0.6480828939145911  0.1498807450796894  5.695191251021284  1.809496054544615  1.2276018066985122  5.126620414015584  
0.8965941502415706  1.0933645384922517  1.038712572081841  0.2767904604051541  5.713231728729471  2.1148921494998496  
5.527094465012185  2.813970258880496  4.170888225282016  1.2929468492376583  1.3507808579719234  4.368073866272927  
3.1828988054333527  4.310028326385242  2.1580589368200354  2.6039514359335576  4.185870475953905  4.195987438521622  
4.740226827386183  3.379017664542905E-285  1.8357383388876847  6.092427672738263  3.4701145184677618  1.3551013271363854  
3.676209517836469  2.855645826586388  5.578962672010837E-90  5.0930035428756  5.937682826259514  2.8051290204587507  
2.9187545417277376  4.247796086484945  3.0754017330889654  3.6168963210133787  5.84560055819311  4.865817677718153  
4.59763863770392  4.626977547964766  3.679572152569702  8.9E-323  3.8441905661442224  1.3518586441498917  
4.095720020516195  6.127955055428958  4.695591709569319  0.9803222234614791  2.943330715721095  2.4399631077160473  
4.583273793632555  4.04994199955766  3.9872623576355393  5.401439966956664  1.453198269845921  0.8736160019884986  
2.2602736426210175  3.859577716850939  1.4093563922226733  4.389747481784727  5.849262102262385  4.14437473233336  
1.3210640768438315  4.6915811067787345  5.554296236866909  1.1960738851091062  1.1224161131024316E-119  2.8370837511562037  
5.474535014760236  2.1386162425664685  0.03361276453729131  6.7737453632953954  0.9352252052472716  1.7566457123849082  
5.366928616441614  4.352131720670476  3.4322101102377087  5.209014880644847  3.3062516648936975  3.121282074675735E-43  
2.422433207073427  4.521598112339955  5.306836526433082  4.1922785235534394E-68  5.939205889258009  3.400201166765988  
5.9514755509696124  4.177412696514448  4.048898142592894E-49  0.9800119192334659  5.605650097557708  0.709067628259272  
1.0916500432509828  0.866580818802594  0.9712229827440243  0.2474628692814888  7.7581127711735896  2.291420242566446  
1.3200873012649381  0.7074276939252099  4.496393230266951  2.612537408210581E-272  3.287823273345836  4.522225507431104  
1.6420814677207047  0.008204107432454083  3.5420528233303186  4.689139516700769  5.056062768942415  3.504139942640608  
3.3868123940578334  4.599653222206744  4.322515653060063  4.053665816771049  4.272756810572487E-56  3.010784281142846  
3.40779037418884  2.719770114121935  0.36216264665778475  5.447117121423838  0.8925875358963946  1.0290402584257694  
4.2992191726320685  4.460232046875647  4.386102051051285  4.573550171265912  2.7153050472941618  0.2730358207285062  
3.641157256421973  4.065433612098092  0.004696656670276824  1.4403970023333068  5.6413084923658205  1.7846023885568791  
0.3121008787271264  3.111369347046139  4.620447892866199  5.887217409243664  2.350859162016197E-105  0.9376440193098516  
4.8678882432829775  5.356089444087276  3.5016416118900087  2.146492522664004  4.049619034099246  1.2934161922489111  
5.713041919718815  3.9412339757131187  3.2103501836999864  3.18387500620982  5.461685389202768  0.0021349138981325063  
0.4704493068688234  5.295006393208109  4.619953079632933  2.29321335326051  0.49536955568205343  1.4707732329597738  
5.030566207107338  4.490182940965951  4.075123619127435  4.383047546614183  2.75401627726389  0.674000782783496  
2.0498655085594186  3.4364043336463306  3.7462348434301824  5.8968313719061385  4.120426294989216  2.119707675393379  
1.0765386754448028E-200  2.77264057579739  4.24744295361722  6.214999691763531  5.021240600355477  1.3617568944903906  
0.7816313869639304  2.2384377375331845  2.1064941648839124  4.954192899821608  5.60269929018997  4.44853212912895  
0.7492880964639937  6.334258088477173E-183  1.5623032974789397  3.914655491618132  4.366136750319132  6.929626095487179  
2.450480616294573  1.3521859232707282E-42  3.434079431164986  4.972458871297518  5.977753507771287  1.9663536392389656  
5.632218009347643  1.3164688461440552  4.330350694121786  1.6939706853040093  1.888525020056015  4.982527182350133  
1.0E-322  1.459597508747783  4.92852150604845  5.323359875164972  4.442748394925352  3.011674058836089  
5.164360400605256  1.9051936762108952  4.163991664687903  4.890718861276079  3.065491564661041  0.22679018040868057  
3.7674608421714013  3.161383422593651  4.172433249855722  5.584698903072581  5.561477604894057  0.4265719288543243  
0.9773274709242207  1.076673908536992  4.344428122440847  0.7994700581533492  0.6808625763197481  6.48944843160257  
0.967584482506197  1.0312967196007843  0.8885933793875644  0.6474008710383025  1.0930370631300443  2.2477933845018487  
0.29206654872807497  4.5980173832833735  0.7371377126465009  0.6182028466696804  5.372814853541204  1.594358317409316  
4.942777776547835  2.6743216315038265  3.759190311069017  6.350593114357292  3.3817701515748673  1.6798849918010474  
5.327294885443127  0.8925111831685885  0.5233517329351072  7.36007419677986  2.0894086543594783  1.0916286562585698  
4.139219505689836  4.85250319467845  3.7724243484868905  1.1717422189193865  5.953223560790645  1.977353222162124  
0.4279862534246614  3.5715996437684936  0.5298083674168389  6.504542372388518  0.7051693438298512  2.434207043122141  
3.935291312358752  3.9504746101193673  4.726965211265184  8.9E-323  3.789604786204073  0.6566251585366233  
5.053240644931711  3.76632809490881  1.6892760369612727  4.900314136800088  4.308460622246166  3.2714476276942017  
3.9303403377938286  3.896696000616329  5.39504570397604E-280  5.868434583799314  3.5426906413849104  1.875079558816506  
4.874299219753005  4.9262483376600406  0.22527944624627347  3.0217115585316847  0.7043522196952068  1.0860258469557904  
4.954177591712423  4.093762068645664  3.8692793047234924  5.750521372302442  3.5657581018607383  0.5548966584906668  
4.767199584576952  3.8406240926508315  4.342027959607184  2.6972793378927613  3.2098084093522785  6.516700632198174  
2.68599638875211E-50  3.8840672714474462  5.656138334337484  5.377673989090273  1.6262525457986632  1.4062330888672732  
2.391016302746389  0.09872814016382557  0.2390976702852628  2.663698363062513  6.165446925016423  1.4884424144326955  
4.145476939415895  6.090059106963503  4.807130153659225  2.1811994145575727E-19  0.6906318111136602  2.1800468803353743  
2.141701000122248  5.544261251434974  5.42587517131408  3.060489420967642E-267  2.767831875947327  2.5930827457666368  
1.222587839315717  5.581764387432866  0.03789927868337727  0.29235187722488654  5.609611268453722  5.315588789134563  
3.2629418661939016  3.424602206949754  3.877510378122399  6.3042365315541105  3.6373700935422058  0.8958572278420055  
4.295230104585849  2.3682176715164998  3.1312699245285285  4.1485012593703505  4.899848068576803  0.541376835293397  
0.30187306538274605  3.4925266676265903  6.262654520893511  3.1000453960693974  8.928458381322379E-23  1.7681271452249039  
0.4763356396315232  0.2694088839442948  0.74581835367033  3.637799586484467  1.1300005580325296  3.1695563372039954  
4.816341665479003  3.5251046765759275  0.41247925433284943  6.801452714081187  0.7070153785705591  0.5300210006058096  
4.072660624575433  4.755594454018464  3.7703055509480397  3.6493125258467143  5.918945790549263  2.8463211800996495  
1.0E-322  4.627022311531669  5.189299243804004  3.1100785147835763  5.8510733146987155  3.0178956318904255  
0.5870642677064206  5.75035460079794  0.6274967183867641  0.45399365050627377  3.7213261692171975  1.4194616111271552  
0.9675844825061968  1.031296719600784  0.8885933793875643  0.6474008710383025  1.0930370631300443  2.2477933845018483  
5.698091478171206  1.945055708377561  1.1215667888845198E-19  7.876428418485264  1.1713737602727012  0.5165878041635131  
0.7019779962227355  0.8384271974587291  5.2841479686225235  1.4350811839360709  0.928575380059547  1.5970522389112178  
0.6582736980351422  0.7563002881129581  4.4743980781966215  2.0243504553546087E-14  1.9437347662101871  7.091614296086577  
6.01409796545421  1.6293226397736034  4.07915510569173  7.408879398628108E-29  4.501923190054525  0.724980024095566  
0.967584482506197  1.031296719600784  0.8885933793875643  0.6474008710383028  1.0930370631300446  2.2477933845018487  
0.4078548578807633  0.6933883431742011  0.7409411514364225  4.747056843971654  7.231540025591618  1.1541605888762938  
3.622434486410167  4.4508281475431755  4.900883645287172  4.7999334459294  2.4851519407622573E-304  1.0923104463078144  
0.9675844825061967  1.0312967196007838  0.8885933793875646  0.6474008710383026  1.093037063130045  2.2477933845018487  
2.1038759431588403  0.33707955578160337  0.12806652098106783  5.9341212012846345  5.990276431184936  0.48309050520084607  
0.6171227998654509  4.108353584363455  0.7693631952819215  5.302695919379482  0.9500948379093757  0.9627375577194319  
2.9478666014022314  4.526012109200411  4.0592493241986904  5.4595253648759465  3.056861612783859  0.7905082502588844  
4.520892360557499  0.9626683438464342  0.5428425313324736  0.5330798142385685  5.1910112107946125  1.8090566194511049  
1.3742734990834735  4.892018715277064  0.7203591416910511  0.13720853894092444  0.8997108046822648  2.0369483823341428  
0.967584482506197  1.031296719600784  0.8885933793875643  0.6474008710383028  1.0930370631300446  2.2477933845018487  
5.044905718993515  0.05366546798481738  4.06819010621293  5.145461631789858  9.499284639024106E-46  3.23632211229966  
0.8302493027852984  5.408117159921528  5.519142828161369  0.7011420308886692  5.086282237121295  6.051619967286978  
1.8233395793093653E-67  5.985951346052676  5.922763981631383  4.4564783925405167E-63  2.9062525880175376  5.377635887436473  
3.3225842053639956  4.029569897281403  4.310473589278258  2.2429202732254927  3.470087639174757  4.585742833113617  
0.967584482506197  1.031296719600784  0.8885933793875643  0.6474008710383028  1.0930370631300446  2.2477933845018487  
0.865278360749252  5.900588381472548  0.6937080439849376  1.2570009297681897  1.0583048924247234  1.4231970061942052  
8.4E-323  0.0904010730165095  0.9459367619026269  4.0822338982578446  7.67009213259252  2.8580631018032667  
1.3545501230157435  6.5477402962820905  0.6915884287130986  0.10058772078309043  0.8868976425507162  2.0176394033595852  
5.39155880459513  3.80043661798952E-201  3.8721895195074443  6.676430542029915  1.8410155713749663  0.9263421470390074  
1.7324324523616947  3.342138994974027  4.289630404571558  5.699706021190509  3.607031106432184  1.1127244657908944E-200  
0.0037429009943789004  0.0014334495387651597  2.3482295281457555  3.325494098154325  2.258934804769422  6.095081369263851  
0.17340085719784706  1.0441340360020563  5.737678125789687  3.985587410347345  0.2925079992271332  4.479242448491325  
3.3419948037686518  2.5443795782420837  0.24823028071595987  0.0016791286503348387  2.9440053297592463  5.757491862970108  
3.3629858241571564  1.2306586152767265  0.7372394898780577  0.4563717662207217  1.051411098530099  1.8900311467100852  
2.6457476325238853  1.4365476546600105E-54  4.152440408401069  4.503666419784756  0.7372794408490828  4.404536215094005  
4.162847122837735  2.9260896451953076  3.363982146765423  5.539898094599915  4.796421129925593  2.334500773485425  
6.364353586776784  8.132636549997024E-25  3.4202224134016714  3.8924678663747887  0.5702863251959808  1.2354062238955268  
2.169611293622919  4.159940130797774  5.097688881782245  2.628744226804431  2.951908588693302E-182  3.6722442044930133  
4.4986174467775095  1.8661701024682764  3.961951632159973  5.352669748095591  1.9196084978857415  2.1066208825860193  
0.8700073656864142  1.157623406737802  2.8353450110793075  5.0551096169081375E-143  3.5461571854932195  2.2027883984329284  
7.912728630973531E-11  4.803900740294051E-11  5.289562503800436  4.109201962950692  1.2641858186065025  4.719797750655425  
7.962429693351868E-27  0.6716905205417358  6.0070289566131585  2.4613607620539315  0.7891027208705502  6.586525886234374  
1.832120370180141  3.065914078732023  3.737464942904598E-40  6.675720093863018  3.7817934283078634  2.5910793089432973  
0.6253830704519385  0.5799859584447726  0.7948674604847583  3.4565705471320585  1.0391368551478999  2.007125610109927  
0.9675844825061972  1.0312967196007843  0.8885933793875643  0.6474008710383026  1.0930370631300441  2.247793384501848  
0.9675844825061968  1.0312967196007838  0.8885933793875646  0.6474008710383032  1.093037063130045  2.247793384501848  
0.9675844825061971  1.0312967196007843  0.8885933793875643  0.6474008710383026  1.0930370631300443  2.247793384501848  
0.47633564145871304  0.2694088882271538  0.7458183538322946  3.6377995994976824  1.1300005554399335  3.169556320664621  
0.44456867300604686  3.4429744698004225  0.8397715100178728  0.4145781422868128  3.928040955937554  1.8471444739777747  
4.458132262564335  3.4333096802055754  4.1309034936211555  4.837785864984441  1.529858705821404  3.0760917321718555  
1.6137188987142004  5.0413750268018696  5.603821104302249  1.8631698933069625  8.360292810684548E-225  5.291215624710087  
1.8704641784504725  3.4780775572679943  2.770988127651773  3.529182448763799  4.082746498061212  7.9E-323  
5.074210694668363  4.135897961379972  2.561506464001562  2.542430930586699  3.4836689924187483  0.5379467270745376  
0.9242972342509846  4.981951182928949  0.7509807249264708  0.627319529012936  1.123424758267274  1.565127472707193  
0.8662357288565407  4.764654755169387  0.9746806663844975  0.9821936671549412  0.9706557436709194  1.6140758347761346  
2.8373794780254196  2.087089524480259  5.582970559180847  1.2537716947495949E-39  8.203300236298492E-108  2.9402317309577484  
1.0723481123506353  0.8887110539668608  1.006213455576898  0.2445354342402212  5.949258796924495  2.3151071184233527  
1.993492395900591  2.8970830865852544  1.2320907463181015E-169  3.5559758337266563  7.365313515192827  3.879758357401347  
4.618251107072305  4.277041641518795  1.2189866676600155E-100  5.144807720413308  4.908883788015647  1.7058801097333574  
6.809530074375798  2.588995696714756  0.2239186926338025  0.7275655960090971  1.0775443336835375  1.4153481328068835  
0.925285930425046  4.952607984171079  0.7533238863881887  0.6057509442106356  1.1359664028161627  1.567479909449271  
5.584545395438928  4.5860753274407235  3.3197623603455546  4.2539934003247835  2.769417669828453  3.2834842972599434  
4.9E-323  4.226848539713865  4.726092383033129  4.517424459897242  1.7099083019914847  2.900428989614364  
5.603436350732138  3.507612274347018  3.9959106126061945  2.906444018367791  2.0813261933576963  4.398089578483112  
0.28309249981835455  0.9776172738864156  3.2222877272045527  5.54253090828315  0.1911752036189463  2.573683116189954  
1.2660170895599394  4.570907716785617  0.2888821736544714  3.71935081451593  0.5799889558795511  3.685540574298235  
2.08612749088401E-152  5.673144719156517  0.7892890423037697  8.492260652805945E-49  6.618667607793162  2.65840254622296  
6.009301873900201  4.230351637702585  5.433120471232817E-108  0.4148390587122572  6.047430384802779  1.700798003423123  
0.9675844825061967  1.0312967196007843  0.8885933793875639  0.647400871038303  1.0930370631300446  2.247793384501848  
5.450278496919746  5.2654291427718976  4.493947354953287  6.226877584547629E-91  1.8783961611224151  1.0600769417397184  
1.8698891295057103  4.073863070118607  5.056897579861247  4.079660107793858E-117  1.0224347450276159E-275  6.154936534168376  
6.034293434245464  3.8275545538811735  3.2326872919471776E-26  1.4931888371718047  5.13486579468465  1.97605983636017  
5.7042731503295885  4.192768086181465  2.8614647315331224E-199  6.949479940585833E-47  7.021324246317205  4.622726380551202  
3.536017273221453  4.034824805935238  3.6695768338579544  6.712127869243361  1.6360061144800695  3.750984797141853E-87  
0.9675844825061968  1.0312967196007845  0.8885933793875642  0.6474008710383027  1.093037063130045  2.2477933845018496  
5.517202370136214  3.7965920179199704  4.07893080564517  4.798398689505587  2.1595181343591374  1.328633071252242  
0.4180476328548191  5.30532209060005  2.2508741552726823  2.859360028910957  3.141509533261603  0.741097481709398  
5.3089991471678204E-12  2.993460061388032  4.920777857691884  3.2166126159883914  5.1492797210747945  1.4599905625499685  
0.9675844825061972  1.0312967196007843  0.8885933793875643  0.6474008710383026  1.0930370631300441  2.247793384501848  
0.9675844825061971  1.0312967196007845  0.8885933793875641  0.647400871038302  1.0930370631300446  2.2477933845018505  
0.5157585700110604  3.2739180250335376  1.031238050561043  6.840631575480953  0.8105425486827448  0.8486681580864425  
0.9675844825061976  1.0312967196007838  0.8885933793875643  0.6474008710383032  1.093037063130045  2.247793384501847  
6.190017678430684  1.1198082561278424  0.3554160651381676  0.6220394281849052  1.3319028419538006  1.7858847989366713  
3.92734316852563  3.5283235459573525  1.1920347410195736E-266  6.193182729108143  4.0798847945244265  4.391595610800965E-39  
2.2467193650689468  4.163340550679641  0.48014633722106026  5.6419035895129435  6.368451181611733  3.458102691288774E-34  
0.9675844825061971  1.0312967196007843  0.8885933793875643  0.6474008710383031  1.0930370631300446  2.2477933845018474  
0.9675844825061972  1.0312967196007843  0.8885933793875643  0.6474008710383026  1.0930370631300441  2.247793384501848  
4.370197564229957E-18  4.850902432130987  5.476674588009181  0.48559909663685985  4.286393346331973  8.37840948799819  
0.967584482506197  1.0312967196007843  0.8885933793875647  0.6474008710383031  1.0930370631300446  2.2477933845018487  
3.281970912926986  6.203809179667473  0.2279391393921311  0.6690547122068662  4.940536492390305  0.8984516200619903  
0.9675844825061968  1.0312967196007845  0.8885933793875642  0.6474008710383027  1.093037063130045  2.2477933845018496  
0.9675844825061971  1.0312967196007843  0.8885933793875643  0.6474008710383031  1.0930370631300446  2.2477933845018474  
0.9675844825061971  1.0312967196007838  0.8885933793875646  0.6474008710383031  1.0930370631300441  2.247793384501848  
3.399388220888701  1.5803391037220834E-19  0.3569757829345168  5.365439011359446  1.1873361622524763  1.4928471220417932  
0.6823970168224878  4.921065750831171  0.7282684909502822  2.7523614203656826E-19  2.1907311821193667  2.3445371467244573  
1.03733487053671  0.959594163501954  0.9824700921674925  0.24835591781352134  6.074615394916383  2.273645883644663  
2.7165463917028716  1.049444505463318  3.471007710856596  3.188306302540875  9.877193658365845E-213  4.344936515585749  
0.9675844825061976  1.0312967196007838  0.8885933793875643  0.6474008710383032  1.093037063130045  2.247793384501847  
4.675839602961874  0.999938420141983  3.9392030747652558  4.483373058083543  4.587190177432338  0.6226980653346109  
0.9675844825061972  1.0312967196007843  0.8885933793875643  0.6474008710383026  1.0930370631300441  2.247793384501848  
0.9675844825061967  1.0312967196007834  0.8885933793875643  0.6474008710383035  1.093037063130045  2.2477933845018487  
0.967584482506197  1.031296719600784  0.8885933793875643  0.6474008710383028  1.0930370631300446  2.2477933845018487  
0.2873803197452132  3.187868157474356  0.811224418963046  0.34737217903010276  5.659823955955814  1.9643825527983745  
0.68874243134977  0.5721368286815641  0.7933559396580258  2.1914552322945746  1.1424056693299487  2.2823770779043797  
0.967584482506197  1.0312967196007834  0.8885933793875644  0.6474008710383031  1.0930370631300446  2.2477933845018474  
4.74598998880212  4.018526902584947  4.579642112976384  6.24274101636833  0.3978303411145676  1.0184963733492802  
3.5764628453167644  1.1600399892888285  0.6811204055751979  0.45564532318944373  1.1111154780846177  1.8972184165731596  
0.967584482506197  1.0312967196007836  0.8885933793875643  0.6474008710383033  1.093037063130045  2.247793384501848  
2.1668204015691157  1.1548808232019991  0.8293499147069929  0.3600791155687843  1.0773220293781303  2.1019676813874892  
0.5724111474540621  0.8875413536324656  1.33703063008087  4.605445650685554  0.8305437934212304  1.2172749997047452  
2.629183382539932  4.94997758841403  4.306831874146245  1.6380279969024407  5.431273947164528  2.5200616703247617E-91  
3.985741801370145  3.447388310508334  3.9187465274855025  5.602061848399609  2.7134089183063623  1.0250403286468321E-307  
5.23335738082492  0.3639265113659373  0.06350592279013158  1.7120677087109117  4.305376155389627  5.582778591640658  
1.0708797861787875  1.9365257340894317  0.8437733636479047  0.4692342170872702  1.040797989399366  2.1888593850551334  
0.9675844825061968  1.0312967196007838  0.8885933793875646  0.6474008710383032  1.093037063130045  2.247793384501848  
0.967584482506197  1.0312967196007843  0.8885933793875644  0.6474008710383025  1.0930370631300443  2.2477933845018487  
0.9675844825061971  1.0312967196007843  0.8885933793875643  0.6474008710383026  1.0930370631300443  2.247793384501848  
0.967584482506197  1.031296719600784  0.8885933793875643  0.6474008710383028  1.0930370631300446  2.2477933845018487  
0.9675844825061968  1.0312967196007845  0.8885933793875642  0.6474008710383027  1.093037063130045  2.2477933845018496  
0.9675844825061972  1.0312967196007843  0.8885933793875643  0.6474008710383026  1.0930370631300441  2.247793384501848  
0.9675844825061976  1.0312967196007838  0.8885933793875643  0.6474008710383032  1.093037063130045  2.247793384501847  
0.9675844825061972  1.031296719600784  0.8885933793875643  0.6474008710383033  1.0930370631300446  2.247793384501848  
6.176154683325858  1.1493506675694076  2.758741721947857  0.47394789525175035  3.8428971284792617  0.5953944380299218  
5.821623267165551E-15  3.103660654861503  6.029937451600289  3.5248445354657574  5.710801722903595E-207  3.0698342790620545  
1.3701092372750712  1.2107740745681075  5.782493621553431  2.9665559867117775E-216  0.9167834745769653  1.7524182005159188  
0.24723459301532466  0.8832326643338242  4.607816651898489  5.832757541757438  0.26681815710703716  1.449989539613328  
4.4214411584050115  2.584500449350466  3.345491721839056  3.291991877639021E-149  3.29249980346078  0.8024660157844397  
6.115033990334235E-7  5.232540306933574  6.062451389721694  2.830048892175883  1.823349872905318  1.0834973026812074  
3.445913980581547  6.162066225658275  4.311613808729199  7.845946648663903E-81  1.3162129705046066  3.513538287201819  
3.158797341981475  5.903363469712886  5.267459058210922  4.442155896114805E-52  4.209722596803168  2.194911880256636  
0.6654689308870765  5.7542327462033124E-70  0.6538400271104583  4.419535542862732  7.762496529164006  2.5314972986731323  
1.013236093724972  1.0780776253758284  3.4960475823932633  0.41422676686410015  1.0477770723020106  1.7617736461413842  
0.8650087583083211  5.898090078548747  0.6934297696866302  1.262463725875245  1.0581229753193648  1.422429711048348  
9.665898218992869E-79  1.3264965415481884E-80  0.6445154550178507  5.676009361662858  1.170261610027449  5.575545155363403  
0.9675844825061967  1.031296719600784  0.8885933793875643  0.647400871038303  1.093037063130045  2.2477933845018487  
0.9675844825061978  1.0312967196007845  0.8885933793875646  0.6474008710383019  1.0930370631300443  2.2477933845018496  
0.6724329782699354  4.3771118678619745  0.668339234624871  4.138520769797096  1.048205839756947  0.9913791521723462  
0.9675844825061972  1.0312967196007843  0.8885933793875643  0.6474008710383026  1.0930370631300441  2.247793384501848  
0.967584482506197  1.031296719600784  0.8885933793875642  0.6474008710383032  1.0930370631300448  2.2477933845018474  
0.13876745950849947  0.8982065158428693  5.916293395440886  5.471931382626523  0.27990946166612063  1.5342402129551975  
6.674713854139325  1.221136101956852  0.33509044137591987  0.3999685325271762  1.0968624958517073  2.117888652773099  
0.6572607470874267  3.5156022484148264  5.113122863465285  4.562804081663057  3.8127552008736343  1.7576260261302745  
4.036978509114702E-79  3.1748327068711757  1.470476977345321  6.150198160417678  3.740940325586814  3.3008479852739465  
3.2742891723373377  0.09380594241438646  1.3378437360199136  7.611003677729703  2.3181144312261828  0.6785827017766618  
0.1159672266601741  3.3994639872372123  0.7366612995539614  3.748495548583499E-25  5.319914184281184  3.0709848297197126  
0.967584482506197  1.031296719600784  0.8885933793875643  0.6474008710383028  1.0930370631300446  2.2477933845018487  
3.0816534413257566  1.7620487102413165  1.312454635507516  2.7918570416254775  0.7078569476297081  1.4601661540749857  
3.290364016275096  1.1910624726463703  0.6321822605316703  5.38534174771603E-163  1.1551529699363385  4.0513675560067846  
4.2349851243719856E-10  0.3866259755466598  5.992628808925603  3.4586130860448288  1.6723249630000783  4.635124678237451  
1.003564765061159  2.576879699882996E-72  4.458925815823467  2.6439404545173972  3.5331372964138468  4.982919531023334  
2.514733660788201  1.5675370063513498  4.320668354845715  5.668569440145001  6.05479236157968E-223  1.439933115950218  
6.446992056681483  1.4266450790493794  4.368229336586016  2.6800284882023508E-20  0.7831117928238637  1.9060292875347344  
0.9675844825061971  1.0312967196007845  0.8885933793875641  0.647400871038302  1.0930370631300446  2.2477933845018505  
0.967584482506197  1.031296719600784  0.8885933793875643  0.6474008710383028  1.0930370631300446  2.2477933845018487  
0.9675844825061971  1.0312967196007838  0.8885933793875642  0.6474008710383029  1.0930370631300435  2.2477933845018487  
2.0646760103261594  4.541896968871567  5.232159030272706  4.813162317273137E-308  1.907167181008303E-21  2.569238830188144  
0.17632189587372113  2.818430898971492  5.784340445076873  1.0583669658135012E-95  4.1883195444554495  1.9410319771876112  
1.0930262578513288  0.6775606999452194  0.7259992147976633  0.8858248456529259  7.744563956548568  2.015877671981586  
0.9675844825061963  1.031296719600784  0.8885933793875644  0.647400871038303  1.093037063130045  2.2477933845018487  
1.269384905438839  2.4020066601220913  6.065513544384796  0.7017866049766605  0.23019858476523777  2.6992065261374107  
0.9675844825061972  1.0312967196007843  0.8885933793875643  0.6474008710383025  1.0930370631300446  2.247793384501848  
0.4570320498249131  1.3423637011391003  4.574886538386531  4.53698802344333  0.19388919483911224  3.2658904092150443  
3.7728969057947697  6.4114202511083445  0.24149754590251984  0.43355061746080126  1.4433639119236445  1.266175610290381  
1.6897666475229653  2.94459782113223  0.18095294063659711  7.868092115794215  2.9700716879728515  1.2434359137675294E-20  
0.6253830704519385  0.5799859584447736  0.7948674604847576  3.4565705471320576  1.0391368551478992  2.0071256101099264  
0.9675844825061967  1.0312967196007843  0.8885933793875639  0.647400871038303  1.0930370631300446  2.247793384501848  
0.9617376562146813  1.0385516964848225  6.1268250106186635  0.37009181557204046  1.1195715132740915  1.622260589319172  
0.9675844825061963  1.031296719600784  0.8885933793875644  0.647400871038303  1.093037063130045  2.2477933845018487  
0.2815917937374755  0.6839753693905288  0.706632501218399  1.7926089231047417  1.1374941587404181  6.524988320544128  
0.967584482506197  1.031296719600784  0.8885933793875643  0.6474008710383028  1.0930370631300446  2.2477933845018487  
0.967584482506197  1.031296719600784  0.8885933793875643  0.6474008710383028  1.0930370631300446  2.2477933845018487  
0.6887424313497706  0.5721368286815638  0.793355939658026  2.191455232294585  1.1424056693299474  2.282377077904373  
0.967584482506197  1.0312967196007843  0.8885933793875647  0.6474008710383031  1.0930370631300446  2.2477933845018487  
0.9675844825061971  1.0312967196007838  0.8885933793875646  0.6474008710383031  1.0930370631300441  2.247793384501848  
0.8965941502433745  1.0933645384912873  1.0387125720814354  0.2767904604018229  5.7132317287310395  2.1148921495082  
2.8156391966129357  4.1808726704440105  4.709378671828331  6.550637144195531  3.0949662005157843  8.4E-323  
0.4743139364349598  5.768143625037043  5.684094057505807  3.265453061437535E-87  2.0407413666518806  6.004893895650965  
0.8919053471752194  1.1431002593011295  1.0313838154883286  0.26631851307953475  4.142305595421854  2.156532701960551  
2.3186414035022382  2.9228326123347648  2.8854827983409765  3.5010399365071057  1.5579246752866778  1.0616174426334142  
5.754605165048197  1.3E-322  2.957561829499182  2.4220705964435405  4.161954384572937  3.0184850954976326  
4.846606174197142  5.514752008188273  4.456246081515365  2.7643097560757304  5.713110796185002E-231  1.5273298438843084  
0.967584482506197  1.0312967196007843  0.8885933793875647  0.6474008710383031  1.0930370631300446  2.2477933845018487  
0.9242972342509845  4.981951182928948  0.7509807249264708  0.6273195290129366  1.1234247582672736  1.5651274727071938  
0.866205506663311  4.764551341758301  0.9748721677733606  0.9823828548040144  0.9705999019886891  1.6140553637644097  
0.9675844825061971  1.0312967196007845  0.8885933793875641  0.647400871038302  1.0930370631300446  2.2477933845018505  
2.522337055559237  1.1375558110170183  5.48699397068714  1.569612961979466E-144  0.740936528578695  2.0735138387120866  
1.0009402664271636  1.0421582062958061  0.9871332036601945  0.24367279668030165  4.322481096568687  2.282091926270135  
0.48440661885628944  2.5953326537657646  0.8539913410606815  0.28230000629230345  3.995381068190335  2.0584718615351068  
4.965177353494238  8.077000376616487E-258  2.988305213645431  6.091481216017491  2.225910342133033  3.716862662119033  
4.74470006805766  5.456561783902966  1.3246652715872569  2.840334614478931  3.926344121479637  9.563041650465418E-284  
1.5259733607069271E-21  3.068707595200727E-10  0.8196416702580098  5.20210393927706  4.122509175274139  3.908120131520943  
6.870815242439578  3.026181026511523  0.544830179379203  1.4096436009237356  0.8296770025139746  1.4245390725448779  
0.9252859304250458  4.952607984171079  0.753323886388189  0.6057509442106336  1.1359664028161618  1.5674799094492726  
0.9675844825061968  1.0312967196007845  0.8885933793875642  0.6474008710383027  1.093037063130045  2.2477933845018496  
0.8836230511749879  1.1317937783765195  2.425474627147277  7.188563804840231E-109  4.198407053589485  2.291432335995155  
5.142782625128278  4.276604227564996  2.9336773428611167  5.174402154968502  0.4246327444467842  3.0233478065688555  
2.597315826331211  5.593454197096477E-226  1.385431675890804  6.3608042270936815  5.606426232430098  1.624138286165263  
3.451312965927085E-28  3.5100530035892827  3.71591699237602  2.4542130888344857  3.4140934779893235  5.175112984464322  
0.5061099164202864  0.7927874137367775  0.7251029277898468  1.4083522577759693  1.1359790343721683  4.649565114786606  
0.2815917939931862  0.6839753695496744  0.7066325012295213  1.792608922371096  1.1374941587901795  6.524988320879396  
0.8985473202019878  5.569789098889698  0.7145473522221345  0.7320547783500363  1.17880147235292  1.468867677287596  
6.554410804061021  3.140188451488818  2.533012633095883  0.2665904931848611  2.8604382508641355  0.9727152304773995  
5.927475443956572E-41  5.619865127211827  0.7378374714171496  0.13404339180516922  2.9602970402009277  6.035011790236048  
6.009301872421157  4.230351628230985  2.991378778147424E-114  0.41483905629273854  6.047430388660202  1.700798010857246  
0.967584482506197  1.031296719600784  0.8885933793875642  0.6474008710383032  1.0930370631300448  2.2477933845018474  
4.319818682164132  5.230281678136107  4.914115533345615  0.3841687624930362  2.5573545201827654  0.1181019618188907  
1.408678449706502  3.241424536903501  4.558655675086844  4.502908575460215  1.3451008478254071E-112  4.485638228053756  
5.511318012281035  0.648991264648363  4.2039962321247835  3.3486679236710772  3.028523112675775E-15  3.191684182548961  
4.078802106759389  4.964304998973196  0.2730870173750435  0.7656302069450962  3.611493408752591  0.7937793001729105  
1.5215046681942408  6.3087965105786905  0.6763846068301194  1.464240080826276E-18  0.8321655350443952  2.1638515717311506  
0.6218118957727099  4.47907238791113  3.0079338810595515  5.35196047697649  6.9E-323  2.523791007899445  
4.347134171101594  6.686815749373192E-222  4.2552378522159575  5.6939784843414785  0.5695562584837344  0.8772869081633307  
0.967584482506197  1.0312967196007843  0.8885933793875644  0.6474008710383025  1.0930370631300443  2.2477933845018487  
0.967584482506197  1.0312967196007843  0.8885933793875647  0.6474008710383031  1.0930370631300446  2.2477933845018487  
0.9675844825061968  1.0312967196007845  0.8885933793875642  0.6474008710383027  1.093037063130045  2.2477933845018496  
4.460156414058692  3.2540904790481475  0.17032627594823885  1.284756721193509E-88  3.2458981801545868  4.148664398906668  
1.0373348705367096  0.9595941635019543  0.982470092167492  0.24835591781352387  6.074615394916378  2.273645883644656  
0.9675844825061968  1.031296719600784  0.8885933793875642  0.6474008710383036  1.0930370631300435  2.247793384501847  
0.525284394136104  2.4559212869681852  0.764681159133566  6.62152901763876  1.623127412135072  0.7009593081821432  
0.8888407134175269  5.899006644681708  0.7094829490392728  0.8774552577732636  1.1027906362879711  1.4512670837411088  
0.9675844825061968  1.031296719600784  0.8885933793875642  0.6474008710383036  1.0930370631300435  2.247793384501847  
4.169385226278317  5.019041244815808  3.4302430477856296  4.161223166425578  2.301737355726358E-298  2.2589853184882016  
0.8872441278994286  4.304007648437189  0.7442303386862194  0.9787882045351943  0.9955939000481082  1.6641308169566151  
3.287510114383181  1.1910683865625775  0.6321039483574094  1.0611123006705454E-161  1.1551768682480257  4.054889066793604  
0.967584482506197  1.0312967196007836  0.8885933793875643  0.6474008710383033  1.093037063130045  2.247793384501848  
0.9242972342509845  4.981951182928948  0.7509807249264708  0.6273195290129367  1.1234247582672736  1.5651274727071938  
0.4603196158865815  0.6333792966697488  0.7903605721015419  6.604098699625675  0.9017133089559257  1.8175547845197662  
0.9675844825061971  1.0312967196007836  0.8885933793875643  0.6474008710383041  1.0930370631300448  2.247793384501847  
0.4763356374204876  0.26940887876171427  0.7458183534743396  3.637799570737502  1.1300005611697639  3.1695563572178753  
1.0287051283932664  1.0302544457942124  0.9125634073885218  0.7649120951617251  1.0503816388624858  1.9309142294226722  
0.9675844825061968  1.0312967196007838  0.8885933793875646  0.6474008710383032  1.093037063130045  2.247793384501848  
0.967584482506197  1.0312967196007843  0.8885933793875647  0.6474008710383031  1.0930370631300446  2.2477933845018487  
3.28898581507656  1.191065328584343  0.6321444421503378  2.890111553509581E-162  1.155164510866927  4.053068157715227  
0.967584482506197  1.031296719600784  0.8885933793875643  0.6474008710383028  1.0930370631300446  2.2477933845018487  
3.9293223054607607  1.5970111096530694E-55  0.027211589164080643  3.8037401902071606  1.2924640228878583  5.398431887362003  
0.37050185710048034  4.9637679728030815  0.6522563855894361  2.5315101784600893  0.632933975094834  4.565491189041673  
1.213156597860294  0.7144674187491302  0.4896422054682389  7.386806947753331  3.2259668636645245  0.5024700918652862  
