5.0173318151888315  3.412580865578867  4.827875187287662  4.109362205896955  4.011768887589074  6.794294774316109  2.3144886321346076  2.897033928200195  5.189303586687307  1.7128665264488906E-8  
3.8868293947506483  2.860750553868083  8.095852945682598  1.6996467937662096  3.0778399081219527  4.014668116881963  3.0423653990265214  5.574314790107502  4.354756996668623  2.101871965791235  
2.9717263035267174  5.993877640558222  3.502664181887563  0.25269341371445575  5.279352464473395  5.10002804578566  4.4507969592118695  0.792068649948714  2.5009773562315556  0.36664631310596163  
5.517188533975751  2.306541487877674  4.53069519790315  2.9080240802501653  1.64583392775249  3.5223520089832507  3.062811194134275  6.219431421923762  5.6018795960817345  4.821227703097298  
2.796462368920616  5.468395354328376  4.428087441977372  1.241235837265036  4.097223813245489  2.8929683185021706  2.666137845014362  1.4393956459815174  5.14225282965542  4.745945873729978  
4.701385472434725  3.7650217537336683  7.499625854753611  2.0415918669895525  1.6998207901695292  3.6348376594411547  2.498115299351841  2.401506963701246  5.676694176034634  3.744345139211721  
2.5414397829148894  0.8768259850713853  6.42664020753958  1.5630427067803887  5.964201672674469  3.831807774874256E-36  4.627230891874817  6.476238303015759E-6  4.953960420687682  6.696376129054668  
5.944035053630102  2.2066208705181887  8.666606411870397  2.229474002007601  3.299265843767776  5.248045531351181  4.944031792058084  4.984359528813224  4.586998855677155  1.5360076378917344E-55  
5.780603514048772  2.0270796972227845  7.721590583716206  1.0526948597079937  3.0568222476249827  4.604037313629093  3.877903455518943  5.526100738712247  1.0962071569526609E-12  3.1680498905825276  
7.372006121959453  3.980332708468852  5.18269423652366  2.471707422293023  1.954413242305616  3.751237589753541  3.1700693915344216  1.5289972537776066  5.354973864305888  2.5353562644968286  
5.640884873891413  4.649211021179289  5.188357428846881  2.257433788199989  2.6020091031005835E-61  4.638121732817719  2.4384771830332226  1.7763015483095017  6.011704122360276  3.10063474169784  
2.6492728461714243  6.426577685295117  0.3056374548508187  3.364816541333746  4.014664992253495  7.429359108043773E-55  1.6232914332673867  0.9205349230449357  5.959909963641159  0.6857770089239852  
6.042483657144077  2.7223825212564634  5.278351408073223  4.410770337717269  2.015741490882774  3.5894328217880296  1.9609126552675182  4.6096366148623575  5.508476218931776  3.242684731730283  
6.3956891470051955  2.396381916455018  5.408096726991081  1.2949405393045421  5.977410613948227  2.9078507618669494  2.080014527406368  5.989955400351575  4.212431793242195  4.249443149768411  
1.7865935053547537  5.511678184879711  6.475122714174142  2.8285677423587168  3.207806122481063  1.754395079092645E-8  3.2372285258233298  7.084454935894416  1.2537889693513054E-81  2.305102523787676  
3.835329793122428  6.8512056229394975  4.147324620590436  5.49542235867553  4.558374054543286  3.078076298691971  1.9932196769781683  2.7064751035260307E-10  4.478499239630092  7.9939466540868915  
6.03929361385166  2.5193482458967185  7.845809106183112  1.6805551291404401  3.41113071189371  6.278420640450905  3.4338668089159583  5.642311338244302  5.107143060366409  0.7638618255606344  
6.090058050652088  2.8102181953660645  6.494973548524872  2.3093238907282734  2.5510378180341324  4.9879027083529115  3.245730851884483  5.445020742832344  4.771984444361895  4.300914252703427  
4.305884091701263  3.8805632823906926  5.31099397797745  4.2783169084028145  4.62433686972208  5.518111061306652  8.410192483006197E-9  6.768442133630218  1.6811205961450142  1.1921595088276307  
0.00367930882619842  2.6238577631779396  7.756333895586778  2.4776556925981274E-31  3.105415554528599  4.5605530032510355  4.151689055493695  6.224656040214926  8.913282821125127E-16  2.1417923021452725  
4.410446006924571  1.5295483139275474  5.190795103359738  1.017579045352513  4.318683138723312  3.313956697028749  5.217405168586164  6.3327644258517175  7.850158780303801E-16  4.709584789592277  
4.053593242380094  6.297849188648124  2.1477122787891764E-31  4.143467750765922E-12  5.194487195505718  5.672498639884718  9.431731882381423E-35  5.644975597023986  4.917290526241555  4.215472829112344  
2.0103493499134023E-8  4.53266383720001E-38  5.049945907568361  4.122124248319624  1.4390254829464265E-83  5.288472388694806  3.985513617050297E-57  6.8276661078326475  6.457553730105136  2.066315030959118  
4.287017273463997  6.835591642846571  3.9207296687994457E-7  2.4226330937842817E-59  4.068767341631783  5.123461644230695  5.311605238763191  5.721962881435728  4.930888057740981  1.3915500676344332  
7.259747479095447  2.842497289422036  6.507987183098053  2.3382593014166062E-51  6.978977264659488E-20  3.2838609295025205  5.22271224979625  5.760858291166753  6.667455255364346E-7  4.941325821863419  
6.472806258500346  3.8963005805241173  6.583048590373146  0.8328179552856003  4.41169507896557  2.2614600546562125  2.5073548467246694  3.4362771716192952  5.073813210295251  4.123399431910095  
8.54228974188874  5.04785092219266  3.3164438762626074  2.178122533463899  1.0634089494775594  2.592452368183204  1.3256306648851477  2.1274204770028957  6.4456299066855145  1.3870847859740134E-25  
6.600214877846943  5.402736577904578  1.7351407698530803  4.262740102777429  0.8841950266146397  0.861904224239212  3.2937622286483954  0.2489303992213175  5.8277933957466725  0.6220716450662772  
5.184007828073081  2.5396206421885403  4.190390102446412  2.0277777683424882  6.425494483233774  0.0033855815234037426  7.091628649418679E-14  4.920220863830413  3.4656018335970833  1.1577616092569305E-24  
5.076286932724166  5.420107694384475  3.2903885292008512  2.4617696785506756E-85  3.226101652739966  5.226748872578414  3.0798785119487446  5.365874954400535  5.082482127151396  3.1090448380558198  
7.349780935527606  3.8470789268190932  4.152389514234709  4.6698302402943214E-24  4.538767479801749  9.414597931295262E-30  0.3857091257557226  0.8082385088294971  1.184894324981679  6.17215690172075  
1.1711561518675853  0.8916132712601196  0.9975652985100557  1.533475158583238  1.2831724506994135E-17  6.426849673593131  0.8061733524890435  0.33746323478251583  2.5688693479787843  2.338450930564683  
3.0729194843353405  1.8672820084628334  2.915862856675419  5.721464547689507  3.2082691565775643  3.275092134011365  0.0012650521532629833  2.2203851588768684  5.4842265520885904  8.973211788998036  
0.6054311690708121  7.108311479856853  2.0305692086730118E-58  2.1428903440087397  1.2045266646130959  6.943945850160225  5.435141384482651  5.020067767683279  1.324228977347365E-18  0.8361699243112573  
1.5128798761159485  5.784634097684867  7.933946788015762  1.1148982019303406  2.645048032876105E-41  2.605876265142414  0.7826741363009466  5.94165257976156E-39  0.6338003066690616  4.006706817054321  
1.2124520642080345  8.268051614580534  5.267066665877221E-4  7.162577200562003  6.006699710145064E-9  4.6790467742936555  3.995439989958314  0.4325602626542234  0.6295770567204256  2.6968413368073647  
5.580865890272544  2.6206045623806644  4.516398903300442  3.7713888905130895  2.5133261102395474  7.1410723449100315  4.412958686781113  5.409915902109662  1.9468277880788907  5.935261602911534  
3.4571149904076177E-75  2.4817036495170326  0.9078627151678961  4.022088902693101  3.8307382595255435  3.531810838691519  1.7920295812115121  3.2324182225605744  5.026082480317799  6.384364639364661  
6.459999590969215  1.3957337860109769  3.8184724523321836  5.757349978526568  0.7220850558084578  9.60076383302951E-103  2.7124216660650697  7.462709944215155  3.0951543095059666  4.150019121501255  
0.6608917473052078  2.992257198788796  2.650117463894546  3.249262482547427  4.667134247413404  5.770007677163064  4.045267740280018  4.14619676134681  5.151121112741015  3.1597907575307422  
5.73628369195701  5.768384334450107  2.923297767745984  1.2158562978710012  2.0479242963563733  7.739270510608738  3.49567789183598  5.774185623784176  1.4868557762549892E-66  2.4084113715712114E-11  
2.153615249520993E-15  1.5022602577237518  3.2376287003284463  5.013148246651733  3.6909010722623674  2.128472253692415E-59  5.307555149462985  7.556302477194519  2.5404932103644975  2.336210763534843E-12  
2.0061536571495987E-45  4.6060848445405185  6.782608398032937  2.8040518428511767  4.275308638182304  5.18984129632825  5.794852083582931E-51  4.649177424497204  4.480081798662943E-6  2.3297560501169188  
3.3357981591445234E-32  4.2108218456779  8.886174663323517  3.54817163515067  4.237538553314658  2.1473424991831127  5.291698417946645  3.594084420602825  4.993671849868428  8.975404069219123E-29  
8.626786392276705  3.6116979450805946  0.7472068312732014  5.694336569799588  4.71652314566432  0.30280633113269845  3.8176647374039807  5.06040301671942  7.97219959353593E-27  3.8026685672076073  
1.0505679620066698E-10  2.596198147943644E-7  0.004055794515462679  1.965901402003475  1.0547084526295839E-16  8.509893270087346  3.471926696137926  2.5016186421848556  2.2565959332204018E-11  6.952400586004143  
8.675461032213745  3.4019573761562096  0.90401479923004  3.313948113834378  0.029713720635438583  2.7963751932503915  0.5146614497349828  0.20347873981165968  0.7601588337841526  0.24998275486989593  
4.66226134441406  1.0819385644769466  1.26615856939765  7.180838485295299  3.6799222281310255  1.6453997202979052E-38  0.07671394221823326  0.7593227740081809  1.7754605679390505  1.0423366345034795  
7.320830801862286  4.078172374074853  5.521906856598572  0.7422442489330696  0.7023202629094061  6.986121228726674E-47  2.728498956026391  2.615742347769282  1.5329817689554492  4.75933509997337  
3.6888297594558107E-47  3.3914234264961904  5.912938594541959  3.360290279609333  4.314619971903188  4.2480481261090583E-39  5.674284144949861  7.335912617722048  3.099747092126072  0.8459243803332184  
0.9257099757847735  8.98428521461039E-18  1.4191202309127469  2.1685746370662162E-38  3.8039085060830757  4.916223352382524  1.1264011462474952  5.492127314116038  0.21885205812716407  1.8677048513183545  
2.778213935589932  1.8303990751878834  1.429313254144254  2.3551710220475544  7.6522027340462975  1.5635134222803726E-31  6.859005505409644  5.985385157046494  1.6529745913156169  3.7596622323748567  
4.272686549349802  2.748136842133355  1.0975488547666803  3.0215105679731216  0.04066866850990657  9.769995069234271  1.198707594615044  1.744630634628827E-35  0.18900507614145803  0.9106168505669168  
3.9767428019889794  4.037720424715074  3.8946137379951358  8.794275752555172E-4  7.69262495144847  0.9307170482879787  1.8677719112802343E-4  7.226022522728204  2.2889470003676253E-26  0.06148583306863501  
3.013718871648031  0.8794499165969432  3.189404196813419  1.9504829355939206  4.4799918188035644E-29  3.477442249730722  5.951685587058011  6.7144886906419785  5.52880018645527  5.631650479101941  
7.342828923204431  2.286930045441496  2.205155514356146E-46  6.231862052733725  4.312652617795585E-49  3.2665123628559494  2.576949352544518  1.989624228541065  5.499692443033333  6.812633042024473  
7.6309685900897355  5.8399048988511664E-43  8.69827448415779E-45  1.8611315166431575  2.033718595754328  1.8609717117320308  5.038388581607466  4.730861472138572  2.198548009166944  0.8623781695341892  
4.2517149181451215  5.779840211310294  1.0920793453554279E-128  1.3069476186789397  4.810508302678843  3.092207635711226  1.4327917281853815  7.570168644020063  5.419650238717587  1.522469097683331  
6.435771327244318  2.6263805616216005  7.31638016089949  2.0533072624791706E-26  4.125030876374313  1.6063142318965562  4.458254184391949  5.736417398315603  5.272440238664174  1.0799056907637512  
4.713918884506563  4.77714303233036  3.7525801157924445  1.6602044268218654  5.410448430700554  0.12468891898758347  4.311521530093556  0.03213200684023736  1.0129586992509578E-40  6.113631165536298  
7.1510417839547165  2.049464323141032  6.229716802323276  4.807750896890494  6.244009471722935  2.0658862590811546  0.8520780592388095  4.010294900953529  2.0192571901990436E-17  0.3207929532562164  
4.565817514830835  6.590210208044321  0.8594148381990037  0.6037364840945598  6.469768060653491  3.309477293374394  5.962228944348535E-20  1.4252707543611103  2.3057383062435678E-7  1.34871606869379  
8.442877462298727  4.195496351473377  5.049875274518178  1.9163158985055768  0.40465494745593505  4.963962709659808  2.2380798132762347  1.373811269787877E-156  2.955843586348462  3.957792184316396  
1.8344676223985943  5.507019496854939E-14  2.084821977341182  6.919521264645109  3.3469314710668994  8.847043508279863E-67  3.0832495829802586  0.7324908013335204  5.857052689739146  2.523792280578292  
5.568383152550311  6.313314251868695  2.6779600993267563  4.420052496335586  0.48596715052154227  1.1887754842930072  1.8566038035189085  1.0600506311380889E-134  6.369078663237695  1.5487742622833688E-138  
4.162341007700164  6.818114301425423  5.094976489721384  1.9458366543705583  5.819522447359088  1.5039175003880423E-40  4.166063454067087E-128  0.607539041685057  5.721612434074489  1.8928316607057456E-56  
7.462872256363419  4.020682656472328  6.071736782946995  3.1306569494752168  1.0631800917414462E-91  5.388747546836343  1.171043313141893  5.8650468854651185  6.346044969441646  0.24026284586813537  
5.529744904905803  1.3741530424333367E-62  7.288672084684829  7.247512453788959E-16  3.8292482157793803  0.14784808116872852  6.969258785968641E-30  1.8925439404610558  2.009281893482147  4.337552523997379  
0.8287131186541838  1.1036373678861917  0.8324037629912379  1.6482644490532368  1.262464105677655  1.685352755019226  1.0872035527969524  1.0766706362966487  0.7064493337279051  2.022437010348654  
1.4012389552641051  0.9623739445739782  1.4942934972697302  0.9531379556623261  1.4026566672315412E-20  6.591336106060827  5.623777767988178  0.29301806391092766  2.5361757568273755  1.7754357856913923  
4.823514778170864  5.482870476564824  6.0283546023033034  4.816151597114027  0.6121119519007143  1.0566794143147736E-4  3.0671777774705484  6.781088376017324  5.608695806854617  2.7933112084463416  
1.1244196243486153E-13  6.915276024277193  4.621914657335918  5.257009317316819E-17  3.493342422667417  1.061979139436212  6.342177111813826  2.6208281893693757  7.950186549488236E-13  2.908036452870786  
1.5129216795010257E-20  2.3229470994038786  0.5104082773753544  0.43774356463267083  5.4710222262320005E-39  5.91937361163988  3.963406249160567  6.810846347163302  5.745223332817672  3.1253002070428075  
1.8489588050122294  7.530418070186455  2.344058990747143  2.3266316808839257E-37  2.3635529821944057  0.475479940101358  4.633197570419056  7.5216211386730825  3.455441873789094E-28  0.48579340791235043  
6.266163908764861  2.6192202621648093  7.410704991334643E-90  3.3699197022439074  4.683648750962702  3.504059831383205  0.4099539710333301  1.1538861996865284  5.90564227404663  5.560397888585941E-84  
4.243646112587523  7.202685762066966  2.5219375948025995  3.1524360909988687  2.060428086076246E-22  1.9147244564942776  3.9815238793980825  7.175227480984067  3.2718953015638026E-10  1.8012343720231483  
3.159802552628946  4.691157363790484  6.512141243293586  3.331578836007541  1.6502539705251545E-5  0.860267136755646  4.764130583503014  3.6201753470386446  1.1248771254975582E-43  4.528151076829965  
5.336807736338642E-19  1.2005168419830332  1.5586574569239882E-53  2.1446081557615644  7.417487736316608E-18  2.8981709649166856  6.715503232996972  5.363966154545184  0.003847909910209772  5.331995234530013  
3.0670158322195165  4.250249022841691  6.381635408618118  5.929407189633969  3.8200211418087817  4.952270559481078  2.2418173629090747E-10  5.435309732036821  1.6232561281039932  1.08674318387533  
6.142906123036117  4.121716982316629  1.4679488446629714  5.21305416467844E-61  5.361503469217599  5.088386604664811  4.408817132732288  0.00383242297319232  4.400009319742541  8.87527240988929  
3.671582700400508  4.008494356780872  3.1247370300912007  3.2218712227540074  3.9197537758846894  2.7153252446912243E-10  4.433029816855223  7.528404021121208  2.7757885080312152  1.6413666596261358  
0.842451164236919  0.7355714777890822  3.1158798625094706  0.6199475761230288  9.657230788300947E-32  6.970912567952396  0.641043558236268  1.3032784444700141E-17  2.177233245905779  3.2184684189013546  
3.885369041097881  1.5172738972040847E-15  1.195231855850912  1.6042143527348568E-6  1.491973579821681  1.3117150880852428E-26  3.292905102491674E-64  7.811768052464695  6.002937402913126  7.781192469466996  
6.337814237761297  0.45016683262674173  1.8022732205139587  6.746429211696569  8.19216558042297  0.18093943882064883  0.9342747760053819  5.8850956761947595  2.1177081667555545E-51  1.0354014672704876E-12  
4.567763334685871  1.0455062938343815E-36  7.019850079393858E-51  1.2017172433496506  1.5526270957108692  0.24579681147933718  5.096474643289508  7.660012317106668  1.855320237519859  8.180375379792293  
0.18726021316835137  7.549424671817979  1.8645076404434383E-21  4.146048563071155  0.2332656665163858  3.3531222435163337  5.057875175119617  1.8608636430914085  5.574973132932131  2.5148812578414916  
2.979571193880942  7.090338104410322  1.4367152199990211E-19  4.198358026844774  0.13872569587654776  6.023378704175254  0.06465423681496639  0.24873204603654034  0.41359557679073494  2.579733188384117  
0.00569849382135666  1.2031999803203564  3.2498322160290845  9.597829390310977  2.3306182563176763  0.7080104885539866  0.7289292567871906  5.824251457721244  1.0743884511072441  8.675746839189401E-76  
0.5914329390587181  4.883877864218181  2.16431365707273  0.41746993640740665  2.0105691570843494  0.6616028045040709  1.5927429830866564  0.983618873668114  0.4507768971584014  2.4065790659817137  
1.0209155102255641E-123  6.513041882910664  6.2742583948144945  2.125601787440452E-89  5.91969026886654  1.7007829050734904  4.056472296041696  6.635594706726864  9.560896215623224E-27  8.587405031122382E-72  
0.08703506937145214  3.8384208101231896  7.2594875310750515  5.1674504886674  2.894704813820723  5.414692887097807  6.165330665439863  1.018235293914358E-47  5.071822352549061  9.28334842338007E-24  
9.14954794611851  3.7896359902658075E-153  2.234120113098304  5.801207416496682  5.16123828343447  2.0698966029790875  2.239569940988594  6.227393854689982  2.4431347430009637E-61  4.9476494391563375E-49  
1.895548084188321  1.6166769100789695  1.1206114854100218  1.8909242688053176  0.8267380768796408  1.2203202475802515  7.409338784535859  0.7485107719849196  1.200749794388626E-6  1.1653358963337637  
0.7717080137143292  1.0695464872389417  0.6709297497983927  1.8091700000160673  1.0300320942425174  1.864968672766955  1.1301738738774874  1.104247747609925  0.723706521474377  2.141933978870042  
6.645442612041039E-85  3.451933652180634  0.6980928143608429  6.597609378082379  5.680572622325288E-48  2.272649193575514  2.5451142571526613  5.011415874224189  3.331594126558932  8.242040340520994  
1.7480292446647971  0.18391310833245106  5.727089274190839  5.508310816850471  0.07881970046309429  0.9887548994152769  0.29075448923295377  1.135205725185813  1.0181157493286968  1.1180101700555587  
3.9148778306759318  1.2275475672885907E-12  6.39219153919715  5.604783296927789  5.162277218895842  1.4610253186600359E-52  3.2740517022460222E-37  0.5039765201603077  2.1539450204926807  1.4270691163758247  
6.522885601717267  3.7061988866155064  5.440665650830131  3.4357694114607183E-15  2.968574566060015E-45  5.88003239185498  5.643314383404438E-70  6.073842245366387  2.916328549323169  4.107814180438099  
0.7947131550443896  1.1095209591871593  0.7646056466705465  1.706369030566397  1.326364705719269  1.7041559713612722  1.1007487840692105  1.0903977417050295  0.702517842743422  1.9550322997612424  
3.2268682904525274  5.083797551048921  4.425995981992027  2.099022934604977  2.94434764579423E-39  2.2927564698318945  5.777135714125853  4.6088637530480366E-18  0.06517003605608089  3.4562620548964924E-37  
2.3476010939167636E-35  2.9531973779193614  6.263685453854244  4.444542621526516  0.6774781569212901  0.5048940193548346  4.195240485862078  7.18457443508272  5.7505350495128535  0.6152759200462065  
0.744351543233066  1.107050181549802  0.7021971024677048  1.7862979071923066  1.2274371079417616  1.7785953981110512  1.1235694566391792  1.1049166433702158  0.7132224252281121  1.9599042074439201  
0.8512702868733003  0.9291160931582982  8.159467380962639  1.260626729033443  0.8601918130764187  4.319434170267296  0.8829996149922151  1.2035340992495912E-15  0.841087554916307  2.367464678557237  
1.6110708712363686  3.480728842796689E-5  1.3451487316721218  2.3225167707574995E-21  5.011728303708355  2.8886180350236472  1.064585380464707  7.420152290087837  0.19071998835573017  1.1559320576155816  
3.691705468819922  0.13505539808864248  7.153657995048494  0.9993963778767551  6.0606699286962415  0.7917121328266137  6.06602764801601  3.509488938796195E-52  2.0133438370104194E-13  6.605080707079421  
7.1589392964669205  1.5961736528116144  2.0194807860851464E-20  0.9749321513542839  7.291474538154975E-47  5.149879710384238  0.0033347756307664784  1.5936203252563539  2.2959021306478116  4.60363765553867  
7.434990371249445E-18  1.1393663471367534  7.824737996725388E-8  2.5931980912366797  4.244790580891477  4.063073909988248  2.2462137333271075  1.0957810138077007  0.12406959935512776  0.9538760199324924  
0.8053005027448722  1.0901194041754043  0.7156330152537094  1.7546889261142955  1.3462997043873608  1.6832393502418175  1.1107959671945442  1.10401514819684  0.7048925390785725  1.924738795099963  
3.506849679949805  7.528870547238693  5.657012357648174E-29  1.5793707612134507  8.904692038738956  0.5605862981870943  0.04685956085285644  3.257451922160349  1.279173124989661  4.424203574009486E-6  
4.8466756927641677E-26  3.433847029915195  5.657788148369806E-29  3.0689270538396234  0.8163079371577686  5.472089202508731  1.4320803662268764  7.930583412608701  6.256263704716167  1.2419620683993067  
2.689278684250862  0.48717111635473326  6.046964373693283  1.5050835701300609  6.564295738718414  0.5309117044637309  6.135771223152168  4.244915411149761  4.885084030951082  3.2008612724918226  
6.6615144682999805  1.9187191578889657  1.857279444163569E-7  3.1514131529666525  3.375203291819724  3.1192162496990847  4.389864794467816  1.2189567347377803  4.959883384579801  4.529890874537979  
0.939542014591618  1.0755402367726463  0.8050806330306206  1.655627927063188  1.3877670802961286  1.582604432634844  1.072171335602603  1.0817438009425422  0.7014173701912485  1.9629749280290267  
1.1458220315657222  0.8102195654001006  8.617416799107352E-17  3.1818113140208117  0.17666405887857733  2.7481937664340417  5.997975600503875  3.769047006335574  1.4686561048182611  0.787673527474754  
7.53635786328915  5.674332414915127  3.3289794244782893  1.557349604062937  4.822317023992934E-38  3.414189101132802  1.5366762190181609  8.953614740076984E-57  0.4046907940732167  0.31671463367995223  
7.1401733226847385E-34  0.688238507504705  1.1967091308037364E-67  3.728506532936723  3.5612347914022053  6.085424049297982  6.141799091042593  2.305447598799162  4.987666475913421E-8  0.07837610438023643  
1.6052038196204148  1.3209402893917053  5.6502222255595855  3.455595171114524E-88  5.8050815997126906  3.5153615676839483  1.3501580546744033E-63  2.1887262773085296E-52  5.007051947676748  9.274167540130183  
6.255056711563404  1.1703921522453595  9.079269017151317  0.027159380065406014  3.2109890825655847  7.431194526241329E-4  4.145976420793219  5.814508192978633  5.667716744029037  1.895932143097878E-21  
1.927224245636416  2.553221606678586E-11  6.816171267935842  4.558817816182688  2.851086659362947  3.513360667596642E-20  0.020343572076514382  0.07095687565596988  0.6573606618944056  3.838393296493737  
2.7007437055264934E-50  1.8899400663459511  6.028436138615943  4.1808446452070145  3.531877230616939  5.325223278763174E-11  8.683905481015669E-20  3.3629231703914657  6.0114913019024865  3.0227514454551354  
4.109479805484568  4.828735683086532  1.833031942256031  1.1677002062115571  0.8170160578407443  7.737470220015839  1.509473521535969  2.7113045618026144E-51  0.11337832713747774  1.1195488448152107  
0.6859507063458997  1.358958083600902  0.6157648174944537  2.197654284319754  1.4915597281666275  0.8455197986908471  3.06342184908049  1.198275019031788  1.1636577846803013  1.4531435262107266  
2.044058882051674  2.6226065014436837  0.2600510260963775  1.2160952987511042  8.307855230049459  0.0660199470573831  0.347303819684548  3.1430589057464644  1.3513636750176015  6.459446551412681  
6.532537758279181  5.463845088323777  2.170924822663068  5.93414759443659E-10  5.586917157849999  4.968711889216305  5.751985578848215  0.7736083287802332  4.855820061612088  1.252433819344426E-7  
0.5778152947199564  1.4684808467101376  1.1302364607729005  2.829677404419486  2.4553565773034007  4.5346669190365286E-10  5.017873543917544  1.1744617539092377  5.995615429211127  4.09967168273017E-17  
1.1428744523549239E-46  2.0282970446825463  8.336038247843131E-6  6.475340001400244  5.699938805820492  1.2054779725633602  0.8824405284023303  2.054192609586034  2.319038166655109  1.4382233654248552E-4  
2.960696565947372  6.546646605510064  4.042840152428884  2.926759479631593  3.3456442238475828  2.987307513050167E-8  2.0466837470069796  0.32550541855972914  5.831827677847628  0.14170784366085565  
4.746562774738561  2.2805745482866114E-18  1.1061683118754986  3.3632769453362026  1.4242487107176869  0.16660122884665  0.3669294762967869  0.7745012522722802  1.4243143176541073  2.7545139421938254  
3.836220687125275E-27  2.4784059312135596  6.29456021340536  2.0571333077618394  3.302977742612282  9.512651306213322E-34  1.553235021638209E-42  1.777349576413619  5.795141567583191  5.775775672602298  
0.12255741631444758  5.683124098031063E-22  3.763133523094793  11.058529449477186  1.5312268821453865  0.9753297568933041  0.9120372546097006  0.7292529153969088  0.6530472012348828  2.8171874565544104  
6.596948405099324  2.247253300620333  5.726548908713684  3.594308029322698E-8  2.2050268691027632  4.04250755965025  4.265999002602531  5.679055305966445  8.832848490605745E-9  1.0751570088982651E-92  
0.7172523818189294  1.1799204754422994  1.6399215770436775  0.8909169939393824  3.5739234017178854  2.210317793132584  0.9700802558215329  0.8185708549785135  0.4128811416005578  1.6403660208726003  
0.7401763795344681  1.1054995985872214  0.7994913734736037  1.6812186254027257  1.0008674353577078  1.9002268794075083  1.1119102608526479  1.0713328668144995  0.7135282260054808  2.267570479914641  
0.7880273061356778  1.1722463655205753  0.6585761258801641  1.8452125801656503  1.0674830445323258  1.8915003757637248  1.1500907677633843  1.0966012275467514  0.7179609590465952  2.0555544523362728  
0.7713361161039629  1.091946669977013  0.7644415592523109  1.7085247059442221  1.0104022091705447  1.8487802050085933  1.1122595328610523  1.0829501282539835  0.7202174764437687  2.1821857830084657  
0.6304063888790513  4.960750928209182  2.1056759325375847  0.4627067315370408  2.075377879104391  0.6476988210695369  1.568109937273337  0.9910065629423602  0.4566386475060798  2.2243295743230105  
1.1894736640418906  0.7982944237544529  1.0947977994860107  1.3365071833190438  0.01114173811469556  4.576998301890076  4.150503454138649  0.5861073753647588  2.0735873892742855  2.261495085093382  
3.4526064414798174  4.656691387411692  5.474839347432959  2.3154031676608127  5.364871920964415  1.6175951064893003E-16  3.5563874034000604  5.512785207947425  4.63448828551216  4.92469549324361  
0.6580566691577197  3.713129864318765  2.519230538797351  10.044811588359654  0.6117134751750795  1.0406136059949076  2.635683566021545  5.264548413383748  2.0445852359923804  0.004696163023991865  
5.534339229545795E-142  6.38593305375277  6.083304013600967E-38  2.86377037742536  2.38163508595554  4.234637804130556  1.45533158617217  1.3309730536982092  2.8986394001045  1.3721728133737805  
0.4608050566804394  3.598365982217919  4.7940070809984565  0.5234205446392295  3.0483160731232737E-47  4.388285814849567  4.805339950852553  6.189953938106164  2.1320348301877257  1.3851751850197846  
0.9658095472478312  1.5130163687558034  1.057524636657416  1.4472036203429057  1.1474157474384201  1.2250546486308758  5.9495411031933125  0.964887014286431  0.17231407350850944  1.5757957458704983  
0.07090459547370877  2.004591567545455  1.4805378253452923E-24  2.2026600112785335  1.2290435130476312  1.9344300589915666  1.7394188351215492  6.508843719022562  0.6582277748402254  1.3374920329739526  
4.2090282168801135E-16  1.371274086257257  0.14335132753371216  3.8250592358745625  2.6534398422840133  1.0012913651891597  1.9026280151568347  1.264864181521533  5.9200743296384815  3.5354955401885517  
7.068109469564241  2.0770504979182562  0.8930685114436739  3.4767327849065626  0.02488014182298675  2.5605947526138735  0.6581168333167393  0.1467946540439962  0.7945972634076102  0.4803368793639887  
1.7283641806506889  5.629712150255994  4.399243766375201  4.502195124074162  6.6623458097119286E-52  4.8472674271130165  5.645265234319505  4.770626898720261  3.6412593834809533E-63  2.0028825046083246E-41  
1.9439003451624504  3.594153914250205  8.065105259311053  6.181058907320993  0.3234754157587397  3.863849187081264  5.143127313412699  1.5699678469739235E-38  3.928454418208986  2.5161197766205845E-14  
3.470866070156562E-4  3.094460639997291  1.5862708335878635  3.245895991774736E-8  0.7614867935973133  1.0051317124930406  3.5039541072928984  3.520464014475951  3.245038158646395E-5  8.048182061687829  
0.9171466318483565  1.076365314301439  0.7215204014182711  1.8658498001363502  1.1223892131031201  1.5726007719495025  6.157426127979092  1.5179292039874994  0.20775375439036697  1.4766428837767822  
1.764982464587346  3.6798968190047665  4.370357475556303  5.233449304008325  3.3087057862195253  5.95208935197846  2.0231375007894865  6.190502649716858  2.0398081860226542E-19  6.753635801854996  
5.451709344053278  3.461639477287604E-54  2.1110877449709648E-128  1.3296997503588108  6.438537852628673  3.761965067807127  9.626276138781149E-64  6.986500893798883  3.2799600540936513  3.0309114306859624E-82  
4.173410025111203  7.285673608591558E-4  5.028111359838321  0.37235477422034186  5.553222872670591  0.883962552223797  4.744826434277689  1.8448063706377849  4.55012029686692  11.120817360106013  
8.385625188754378E-31  5.7171025133139  1.3082072785304082  1.5778319213710372  5.264162438086812  0.10991138329016802  0.39602163130559487  4.0813415007008595  0.6473436539374935  1.6053591623090602  
1.6382403509955588  0.15736943001235096  8.182987244786357  0.3683795457699285  1.8788180457801569  1.6995818483145888  4.705692193010719  6.229635957485596  0.1152560450548675  0.3117783619191938  
9.168031349043156  0.7326940278912211  1.1026526483556252E-12  1.656826674082514  0.7866489983490107  1.7765552205508266  0.8724968823884466  6.974120205334039  0.635834831809362  1.8949116441698326  
1.123526963137783  1.3861809763102918E-44  5.6174844811098215  7.990850379163874  6.511891755771571E-59  6.454206688213731  3.0706274062329064  9.067831371261953E-43  0.12810787585896966  3.274956922866886  
0.7410426095889172  1.1151769446430535  0.5864018643372405  1.8848514782056893  0.9662909050032513  1.958157908171292  1.1538551399183603  1.1339152509881558  0.720456018319763  2.2608578852695227  
2.4903547981466354  1.3396135298230403  2.272219662174301E-7  0.9808553772893659  4.070199235920664  2.332511133946577E-14  9.239573578405838E-182  8.391718035789287  5.7152283654572  6.9166769487496635  
3.7678582186915457  2.228488290191641  3.5833021873741244  6.569895723757488  6.757019577731539  0.1493731574631371  1.6500696700129488E-12  5.442873503715137  1.7244612483353338E-38  3.325852481739564  
6.3250013255445845  1.8536155976507478  7.91760100282866E-41  0.1431491718904013  2.1277526091666985  5.723785043077099  5.381481902508967  4.855767695788862  9.382523521309376E-33  6.487777842651877  
7.022885092676581  2.7217019183331477E-89  6.731222930060952  5.185721397004526E-23  1.774748184410839E-55  2.2492953042589674  5.399854640550709  0.6409416141005457  2.4667396321029815  9.651830886004282  
2.1803413593429756E-38  6.2240154266687835  1.4786574795817047  4.986430838164903E-10  5.004351667629357  5.848332759589243  6.3238022837706565  1.7833456328499422  4.748174922772163  0.7652487586615712  
0.7765593583798124  1.0923088437593653  0.6973759063293111  1.7855342639888907  1.3228307432232629  1.715588980686448  1.1198699617508665  1.1080057257788303  0.707274575585785  1.9207665697106684  
2.7364932891014493  6.068721226352349  5.378721708446042E-24  6.374664053121922  5.180317010203835  0.6119330750116618  0.2383630524812226  1.0327533184392006  1.8088028326900182E-8  4.134145377441706  
1.1058319014558449  5.367547200935794  0.013450398598715503  1.8804648511199558  7.187491152141267E-22  4.735940449455537  2.233970926732169  7.563159996112776  0.47069660283821835  0.9564041585472929  
6.010078557538807  4.380549431355445  2.887961573191478  7.601794669837736  1.186271361354192  2.909820820232151E-14  2.050805127181967  1.2466990775493803  2.3266537945997956  2.262874949077378E-33  
0.7532563127119674  1.1073463029258834  0.72266079788499  1.7564187434432037  1.1587634103666467  1.8111521120035314  1.1164067597967062  1.09827977900373  0.7173213706590909  2.010277794276918  
0.7538279790904931  1.102301256935614  0.7020533166019629  1.7857566932047118  1.2588824024230323  1.7554631112900414  1.1221049932964091  1.1051651172565033  0.7109785281130759  1.9437336998231984  
0.8376126531587414  1.5348420202140127  2.8368088303821914  3.1238665451045175E-30  7.045485650256435  1.7456165696022006  5.585200413537263  0.43156230451433214  8.563972627212475E-30  1.6384156955371876  
0.7663607121868902  1.103743972673705  0.724710892136767  1.7557274596738044  1.1340798937358538  1.8005578113807406  1.115433369029092  1.0980238102227426  0.7199854362302549  2.0169442250913545  
1.583818159912123  4.583237187860031  5.300814273217608  5.378952693705187  5.275102011805742E-10  2.4423380583892262  4.602921402156598E-42  0.009146015971606105  0.7222569336165174  1.9890320573291365  
8.077793838522996E-11  2.7622259227839634  10.954064687137754  4.47061017718854E-62  3.986645647353878  1.5246997878591169  4.368661323465915  5.968832380023723  5.0038265055398093E-57  5.39343601648361E-47  
3.261463919639897  4.32490404473203  3.725090934976322  5.432457003260979E-44  0.7696316699672775  9.30718284688639  6.06966495823222  5.485749405614052  1.7901877319497046  0.6389254016913862  
0.7834677871953943  1.1022578983960745  0.7127070742892566  1.7719034153376296  1.2101065214714906  1.7482440121863345  1.1157589417219924  1.1014224922317324  0.7152666787620148  1.9711977518246817  
0.792249064198418  1.0706896664734133  0.6797157822758711  1.7966128596500412  0.9801498098254833  1.8782521918528792  1.1245414275103924  1.0981303082109153  0.7263885252140687  2.1707539761888373  
6.927217786168716  9.355620360380683E-50  4.151519627531659E-8  8.087214884995689  5.032469388872144  3.669624306502893  1.877669505030737E-49  6.900280917994071  0.18194780845400793  4.387557707084307  
0.8534234616782114  1.0859577619005953  0.7713533201976478  1.694236926233772  1.343125804370418  1.647054979898546  1.0923453437219777  1.0910024911376797  0.703737842722016  1.959706726329556  
3.35051639497234  1.8249192121602713E-12  7.60383964001333E-7  2.5031513829390564  9.627407570471208E-44  4.931745037641214  7.705878902469183  1.5814487702487448  6.527847514817354E-14  3.4954098015873365  
0.6991414776584642  1.2342749937994508  0.5680892726181002  1.9270122200989415  0.9351395730208614  2.233106933707695  1.3519127719045383  1.2629348347392146  0.6809441177823706  2.318217568049669  
0.7957391861953957  1.0911985030408766  0.7070717861516564  1.7690215725644214  1.016123195602861  1.8504230910492958  1.1155935943791682  1.0941426388505457  0.725760952368712  2.1156746790978325  
0.9373372270319966  1.0808344340788  0.6456727375276133  1.886991558305848  0.8751255292627301  1.9192656807984927  1.103198333579271  1.0822661052421034  0.74070884091719  2.156734555273921  
7.528654797035883E-52  2.7886442713322137  1.5724667504508154  1.9955212585555442  3.255381307586679  2.3590730823294552  0.8612010383708666  0.8569926116580259  0.03964951865615907  6.379732990434181  
1.3411079163968977E-16  1.3074595041112713  1.4042485842117921E-27  2.6847837100084035  4.707380747758972  3.4258008992908957  2.265888649716447  0.952333033347883  0.1356774333058035  0.6567903488549032  
6.739896774351254  2.8693405169763286  0.890446513310803  2.9735253113493703  0.2959960443482176  2.168302524890595  0.5664214352319208  0.23924461336230865  0.7855212411774257  0.6843657381915466  
3.2224579935462688E-43  1.9767440587835832  6.9282737217444605  3.628221712707516  3.393702892085673  1.1689068091813554E-64  6.612894749067101E-27  4.057913682067084  2.556358232315884  1.0808521455365108  
0.8135909455893617  1.087141584515323  0.7187924444339132  1.7481890701422769  1.3664119823412804  1.6733802870574974  1.1084607115103893  1.103208900121823  0.7033312931518803  1.920361299444601  
6.250261677501641  3.774389106007661  6.667716819192484  7.07344829008469E-29  1.7718025572081717  4.2230009689959465  0.93895535315149  4.038471749831091  0.1731536177906686  5.256512797611611  
0.7384783573785323  1.1019672268193181  0.6966032953378909  1.7932260418449084  1.2236526235990752  1.8014724451164998  1.124876951215383  1.105301937382022  0.71379174312275  1.96651616424197  
0.8198127501914992  1.0846714438491516  0.7137497301100351  1.757712026695467  1.3318153229517014  1.6765169573689023  1.109864162612122  1.1044381016377482  0.7070907245757212  1.9315724595055912  
0.8121177679443475  1.087119397128484  0.7096768570837074  1.7667713481673746  1.3003166848573415  1.6937102583798502  1.1122793243914963  1.1047057113516536  0.7096638151519761  1.939977165356121  
2.39251926169975  1.4064709899628254  0.5173116891956165  4.944347645845466  0.003177069832187408  2.613159555537228  3.9772696464896264  1.0386088500416888  0.5417009641510201  9.273398684867267E-32  
0.34139189347785465  2.685657564189016  1.7053711517533527  0.8791617233173376  1.7458851411193779  1.2578270823332383  1.1938777935417257  1.0182736019569978  0.5794855063116195  2.3929114468052877  
0.7433098272501527  1.0977327945009818  0.6819690759229281  1.8114525075195045  1.200003797654252  1.7967939073195454  1.1287106318776998  1.1111398468251474  0.7170743651259972  1.9783741990997457  
1.0163124363253087E-67  4.472716168447418  7.326882779089083  4.5931418558155475  0.30158968428080446  5.710388752637607E-150  4.975422989264793  7.284011664220132  4.982339625046044  1.1524212571802614  
0.9272637822402515  0.4615913172696279  1.0987070010774218  0.9555021142085798  9.127455990905518E-22  3.1210589788409067  1.1030000153907036  1.7974546446781876  1.0033420390133305  4.828568358719311  
0.7462592144014564  1.114206909779819  0.7171171612249196  1.7662496081896537  1.2430758472462926  1.7685133418580548  1.1186981927289856  1.1002097041068004  0.7103930824967323  1.9556031537819119  
0.7781001253988159  0.9017902354640531  0.7888391713482281  1.6452780209614786  0.31613489236715986  2.2173057766290345  1.148524195216873  1.0495147808824272  0.7282636910611319  3.2101822672821565  
0.4278396185765817  1.8840624026487842  2.387396705526436  0.4011340798031086  5.249310292778812  2.068893351145868  1.2498916315334114  0.7041866728301721  0.16045154263924577  1.527607561819539  
5.540777957206626  8.394873279402415E-16  6.462798480198875  0.7967919383339579  4.289758995675584  2.648387062228424  6.147734326567507  4.159956047787257  4.8528684579287415E-40  3.9427520225405606  
5.293212518189697  1.9219841069133892  7.5660563537298335  1.2344727067284673E-45  3.7284844455920507  0.9440717513783657  6.0110305769575225  5.4789141683731994  0.30338157122253945  3.9194143461488733  
3.649810998020334  4.5953960454300375  1.4682918167725245E-6  2.6637474206812235  1.9484131528929547E-25  7.900039405539877  0.23899937340093244  1.453518230329285E-15  0.4271644831688592  7.647787915370794  
0.5596477653014639  1.1424919057676508  0.6161922381845311  1.8810068286303983  1.7968048388495337  1.9859053715490247  1.1716499258896609  1.0973100045206452  0.6427451228269595  1.7265286656739836  
0.837425474473174  1.097627898333327  0.7618346756000435  1.704931207930834  1.275284208979144  1.6855575362877266  1.095844862902444  1.0904137556970488  0.7084175054580322  1.976605430259424  
0.7517405085782177  1.1154067087684885  0.6987595011679789  1.7650012085527393  1.0174040980515204  1.887080986919253  1.1249239965593238  1.0945411216122203  0.7171662541195211  2.2012609981380864  
0.7573110306512484  1.1494098908779822  0.7013788315751897  1.7965487121819779  1.2116596447448131  1.7050571772125702  1.1887741579024766  1.1116883457946325  0.7078328440090589  1.9387744759735615  
0.7948624844091192  1.1430946794578267  0.6835273146870409  1.8239608940209808  1.1127142449750076  1.8952962868417722  1.1123241527881218  1.0892934173539055  0.7238222640822247  1.994633167112891  
0.8113775748187794  1.0778903775900888  0.6562278383218637  1.8338810155926262  0.9704490034214069  1.8911436601285923  1.1255496779094583  1.099355023538841  0.7297342663631257  2.1504941758177587  
0.7363382526033823  1.12334725417363  0.7161827104089865  1.7651468933039163  1.2248405411703684  1.7911898280609153  1.1198842810020366  1.1007444095104406  0.7115001736811402  1.9732837415024325  
0.783392710304573  1.09009261735994  0.6999858844838825  1.7795560713708534  1.3473441579904193  1.705663863428215  1.117756049049174  1.107356286151533  0.7053496385512031  1.9138890294418418  
0.7942884944023265  1.0869397472390159  0.7031098869984969  1.7738311080336029  1.3468204395560566  1.694494888434288  1.1156692728858626  1.1070433769323653  0.7056042731620525  1.9170249251835545  
3.5077330250428522  7.288400286997969  0.4417655567787642  3.991472645476112  0.41628552844462385  2.2418493625389453  3.6227805927337665E-8  0.6293700251519708  0.6787673474952212  0.9771622511687911  
1.3822998636974806  1.922740970450806  3.127208248217328  9.689727595995814  0.0024569975547984613  1.9127426422568998  0.4367349081906677  5.135701570935913  1.0113187868276423  9.34860379381231E-33  
6.583385556951562E-23  1.4195330457057247  0.9468594354689609  5.675711549833985  4.83304347294906  0.559696032553763  0.7671923579897335  2.785312824456481  3.461699166334274  6.611493118022134E-7  
4.498223859735722  0.6241576495914996  1.3122376434634142  5.773784339669152E-12  7.5950302045758145  1.4478703342347639  0.247453475377131  2.2241935776527475  0.6277315134625984  1.6386509167173677  
4.865223914740378  0.2597988368562679  2.724137564808306E-78  4.413682230521485  0.2901294414065458  4.080604382096753  0.05660449865289319  4.641491318901632  4.825945345145265  3.169642421003521  
2.03072093136149  3.8716014298703046E-170  7.607163859357077  4.0460962586384435  1.5948736514304508E-40  1.2612664717433684  2.861589973702808  6.577394316387719  6.2684017512615515  2.179445583560593E-91  
6.571452187970262E-4  5.324104159338047  8.069361244405638E-40  1.953345390912381  5.735596477542999  4.413040807177674E-16  6.955140291232096  4.645924233330692  3.8166498698172555  5.325058467222537E-4  
9.633008853661337  3.7400614914635986  4.201032427501823E-13  0.4234595516534057  1.6119776086265751  5.702827212387583E-68  5.468184784024318  0.8373365283090242  5.1977522947009405  4.7124062625653425  
4.291757590685916  5.964496540668904  0.02559108171134448  5.923198483679186  5.549234210488812E-17  8.143974887622436  4.227269696067264E-12  1.1586256563346392E-40  0.45149848518705304  0.49225229990962494  
4.84322611714172  0.20684653935509384  0.48893580692942534  1.3313604319557073  2.1479740155316356  0.7923508633215537  0.47704642030615485  0.8909100594456539  1.1753255283580004  3.155521537112794  
1.1854860911916691  0.8944216919768777  7.76487043882477E-19  3.427948099733543  0.24670548820534885  2.759361392677824  5.71045701774176  3.845527240231072  1.7314714249184817  0.4822423159496388  
0.5512778292710392  9.680326872566052  2.287348605214307  0.15798656477465148  2.9686934400931357  2.8145387830762496E-16  1.879143255717436  1.053205179084797  0.4272111538884668  2.0000913580420363  
0.7772959310177405  1.0904799753779908  0.6923528506833673  1.7911958550221483  1.3433601407902884  1.7088277454952618  1.1209228235435993  1.1096684138036166  0.7061113304430255  1.9109770264916301  
0.7543680243171951  1.1267510679853951  0.7693099471910365  1.705544827758811  1.1587676765554726  1.8025931073713315  1.1055185590274559  1.0858774641843412  0.7137364850842399  2.024225556523876  
0.9352950554618641  0.8643471140263761  3.407632812551728E-24  3.5983972135867086  0.9796525015118095  3.788930634386398  5.722855078878925  3.4778137719642586  1.2200567356306125  0.3236629526865665  
0.7397050283558216  1.1434666610079427  0.7325529744576825  1.7433390292156277  1.2340101018848701  1.7596505296640614  1.1164730922046664  1.0979566901830407  0.7091038780164823  1.9678317977158544  
0.754381913219254  1.1088731999166777  0.7236037841780222  1.7562698729487884  1.17510796512887  1.7960205112999434  1.116517584228016  1.0983625322994148  0.7160076089507292  1.9965811935072677  
6.141440841672582  1.2720130880109892E-11  1.6103883033106827  1.5366059688409355E-75  8.301706072051404  0.15875179016632596  1.2044055434058446E-26  2.2213979831426105  5.581373452005768  1.0177459138344565  
1.6527649172665433E-10  7.834278155162358  9.36788742413526E-10  1.6553814309979  1.0017708695890415  2.138923016339777  0.5183936081218229  3.0024536290137562  0.6568784712336011  2.684326397524921  
6.74246456773734  1.6314844502214407  6.349962720808869  3.8781746873438565  2.75207836593349  0.08605342070781655  1.9385730098631027  5.760234322242113  5.871517685460487  2.9166765056182185E-152  
1.3120709067229133  5.40213784490633  7.16071623416682  1.986835179769487  3.2154043625656805  0.006523251559581716  4.355083776904137  2.46670455195164E-5  4.6489236978176843E-73  5.031317240175359  
4.1384323085282304E-29  5.081026545459728  9.375643531931045  5.957757118789018E-60  6.711456732825088  0.3761981004702864  1.4782849996518805  1.0325022280197089E-90  2.597336445336869  1.121983061506855  
4.2514846311255745  1.154111815082991  0.9586991076539817  2.483163587478933  8.965219477124786E-5  6.632875804708506  4.1825362819824745  1.7799170363932184  0.1580555147706206  0.2710642082181574  
0.743855488867784  1.135376195468909  0.7495048553687801  1.7228775063433777  1.195853640200349  1.7922414257825727  1.110621607468807  1.0911459276371644  0.7111662887595005  1.999253040439855  
0.051714965700099494  2.572093953428613  0.13996543645874707  1.2844003961248183  1.4574668538477185  0.8373156060648036  3.203158321972254  3.666394364861928  1.3660545172664849  2.493538870644637  
1.0925712074609648  1.9022837296005976E-22  2.0124717938047474  3.4897237207232985  0.44066431600880923  1.4742705547372235  1.0099003376484816  0.8869190833492628  0.6228208819331597  5.053849628078058  
4.814985934689996  1.16645886996851  4.093537899010944  2.805643891326522  7.880504131971036  1.910743390578565E-20  5.466308358790629E-38  0.07420619185358396  1.1573727356460515  4.814857861520054  
6.366585753076661  3.5322545843578297  1.295179311363566E-50  4.774178037817814  4.446155965018561  5.65050431685448E-29  1.3709597479646338E-49  1.1628692426092544  1.9848833623087132  2.958306363572263  
3.562369165897885  4.86413387225555  1.535218922083175  1.7318876184526204E-53  6.203454031717951  6.247780129859758E-80  4.303237921512232E-80  5.224140457909978  4.295649250392184  2.3314295876038806  
2.0432718412652973  7.099622550643501E-44  1.3872818259180932  4.559510622641552  2.64576420921781  9.804359485195021E-48  4.306815070500518  0.9221269014365294  6.073551546887379  4.4034856995319935E-4  
0.7457197909357033  1.132340765216293  0.7610198838268174  1.7131682379128954  1.180713950190024  1.8027874572615246  1.1078967601108574  1.0879525180851743  0.7119417368197589  2.012994766755092  
0.7664174375805987  1.0850481202476079  0.6939586986105428  1.7894437939637662  1.0909815278232031  1.8372344770292455  1.1234853741098865  1.1024973732535734  0.7222886489252779  2.0679088219181554  
0.7500380484837921  1.1116831525729594  0.7202831496321394  1.761043150471733  1.1963891664649082  1.7886598912150586  1.1179117147950797  1.0994615264958199  0.7143398318866369  1.9832778754543148  
1.0928069384616628E-31  1.9299794967887278  7.826450001724086E-10  6.377508178950144  5.5890278290025766  1.3161347676291877  0.8997358645125169  1.9679158951145266  2.5545353410377896  3.189617599536215E-12  
6.094467455735299  5.025091927911772  0.3826892032874856  2.369648388998391  2.7723153783367847E-15  3.1661959297744198  1.0476762828188209E-20  2.0505542752910895  6.294760944609611  1.2433416957024361  
8.668823730566194  3.8509571785164787  1.0241664591195558  2.7509273257902787  0.47588140990320865  1.8304391956707882  0.6212944677454779  6.770101024539703E-9  0.7008641105189121  0.13175069765996944  
0.7620387494225597  1.0884031070872449  0.7166356327442864  1.7532534814943133  1.0684605626705765  1.8489420773572622  1.118509855836425  1.0958551957034308  0.7202853154816616  2.1066256858489236  
2.685893169719444E-21  3.0190588288865055  0.8641742080498338  2.8177507380531153  4.724248923437775  0.15108302988720465  0.2930883496121855  3.375324482726284  5.8362328677889215  3.671055604098633  
0.8265003431695848  1.2897357397746823  0.6672711723357643  1.996693906285787  1.2007884928111143  1.7766462706345931  1.3760086016116817  1.0994760205762695  0.6995260952104073  1.7832295761972352  
1.2413357123224222  3.7239679269576014  3.883599677707057  7.45304887654576  2.0137863235152715  0.8383196322661444  0.2821062222465111  1.5025674642717677  1.8182063588767872  0.10149298805786332  
4.438411053338339  2.915942105109226  1.4471427252585314  3.6657607972428012  0.9881506248293471  0.7852105691684493  4.618359030944671  0.5464535504119622  0.18681983021251686  0.7365680766630789  
0.631580470962395  2.0188827346930468E-24  6.109573044234147  1.8526263176718702  1.0486689834957418E-140  3.906104738332452  4.672561748556757  6.607709851501193  2.0939715960509133  0.7878982899621306  
0.4984382766713153  1.0736049539702606  1.5058436601288845  1.0122589471715397  3.161534679677347  2.9648585220180617  1.0355061323852779  0.8861938720369112  0.41912011930067755  1.7183868630146881  
0.8279068179744226  1.0956848214173474  0.7424888151435368  1.7223299258382485  1.2884399800680006  1.6878277584972057  1.1011736949919808  1.0951484565546021  0.7081199849579543  1.962389109040681  
8.987786158196364  8.568472286868186E-32  0.6080143579443407  0.3558430866639975  3.4916379821205097  0.5700298647382895  8.470610700189879E-7  1.0796343116885612  1.8019108461001772  3.6150197486238063  
0.7468524744218572  1.104233087901289  0.7068710142095496  1.7798104781304585  1.210825573898392  1.7893543190871002  1.1218070574753947  1.1030190437463039  0.7143218966895567  1.9714325431729351  
1.6261347286849728  0.05979513562670584  7.9301908666441605  2.562922916333509  0.8724816355824093  0.28451203392426383  0.1270088064425619  1.2458408753251977  1.2141968468579623  2.6788960200155327  
0.7441752155225035  1.1247486068121688  0.7138780295360654  1.7695009235548382  1.230322259119598  1.7612015604881035  1.1210132612031867  1.103081784373636  0.7116332023987553  1.961387033038245  
0.752302797187612  1.095722081998225  0.7029890422552064  1.7848066458662444  1.178008551086267  1.8043336490556747  1.1222395220100623  1.1038128736880155  0.7176954750596641  1.9906115285418704  
0.4374041960561444  2.6506985520633592  1.7451283579393502  0.8118839003806911  1.8465236177682374  1.057423195527054  1.3052686045357293  1.0250091432329176  0.5613026570088352  2.3441183138114083  
0.7438635285892117  1.0989515751896426  0.6426056080445691  1.8439022708477961  1.051847455606035  1.9577439887433514  1.1352399328698959  1.1015484410189056  0.720036017587064  2.1507603890633944  
0.7433234242535434  1.1117223214928964  0.7050334701033983  1.7827461419644237  1.2405719610684565  1.7687182071034815  1.1230258847718328  1.1044109466029783  0.7117904848212183  1.9518012412061494  
1.062831866652846  0.6745622042054454  0.9795171856538728  1.4752331023518057  9.575881640281008E-20  6.352110159678963  0.8308017943570616  0.46226481978301925  2.7693536218484276  2.407477128973701  
1.158185122341062  7.636311543548327  4.374434913783141  7.0703453800374705  4.8797962903962434E-21  1.548573412965877  5.452911884505363  4.106263402975413  4.023012556272393  0.8191829669779516  
0.6440084248743804  3.6533827837708825  3.14471395137369  7.802694274165043  0.8137142464004944  2.577862681155771E-61  2.438298373287504  2.6099623237430003  6.019076682462733  0.2683398624228286  
1.2029513931157472  0.9190067503214233  0.7695077358648088  1.9626447166148409  0.006041321908601383  4.607875958708142  0.9241234427311015  0.8652508305709834  1.7827134847179673  2.205057336817648  
1.342168636769688  3.413042078490906  3.5774479869787004  3.8757916184378423  1.5285435043649038E-8  2.129580588993441  1.0481781680757454  4.152852852090777  0.7837314493682443  0.9776934937917715  
4.730638977687  1.0978140776564629  7.343099548326887  3.4173741143818104  0.7117361813458405  3.2165229313038606  5.38015108033741E-39  8.978703625371354E-97  2.493031279280309  6.76578517319359  
8.552258053289709E-16  5.737577178527327  2.663155215828871  5.647283259546847E-54  4.670964314582519  4.377854814252989E-6  6.607311467791357  7.989996656134978  1.6215561671172132  2.5603921785428936E-40  
0.7422038344857602  1.139653434971351  0.6744215083479217  1.8261755800549764  1.2002346940577042  1.7370727026105428  1.1994027365913242  1.118706548514516  0.7082502637158143  1.9678275407304877  
0.8644758187872827  1.4268027080165586  1.3112235629878592  1.2511851737955177  1.1636350670359679  1.3124626155278574  5.951602807504997  0.9116933449749024  0.12488848408697283  1.8898730868846982  
0.19579941363883116  1.8239993650974071  3.679298151903016E-32  2.324507979163002  1.377280574280728  1.796807992637814  1.8234661652718573  6.51269947062502  0.6530491278813848  1.1679190041818197  
0.8276664165441725  1.0497424978254435  0.6344137899407364  1.8843731299306796  0.9103259728846833  1.970060976843271  1.1288611730613887  1.0991396483556168  0.7375613839619961  2.1690489929638708  
0.3103821831188145  1.8409678210326754  1.033237852717172  0.883909717150633  0.5490808698875121  2.2021263844113186  0.7421346646883114  1.011403132048402  6.258388747186367  3.058772117769196  
4.747768895552892  1.729380408214215  0.7999374587723187  2.9190300159462677  0.0826559829214471  2.772928809636765  0.6780259872883438  0.4292160753571414  0.8209957896287896  1.158065146460795  
1.742279292181166  1.271186395515614  0.5871374881154428  3.7336925441768964  0.6841494648258113  1.5806303008306588  3.0096493889399305  1.195231946014653  0.6410739876615027  0.45283891849619107  
7.471089698442862E-12  7.355420746040212  7.842268296865104  3.441104920107765  0.8035178969268713  2.557558461144356E-58  0.15594053910683492  1.6309164183765603  0.44626595533333907  5.0223895357269654  
8.196727914192603E-41  6.56560583269848  1.4670929022327943  4.250989320326771  1.5290514068407977E-15  5.848770168129796  5.078316478195894  3.2568732788864243  0.5681299023010622  4.156234050951832  
0.22054239768925296  7.555959238312965  1.9857753245676821  0.5536414779105888  1.0309882215788773  3.443828871596824  0.19089345826739176  0.6510277070462599  2.020772640043418  2.8964533502334358  
2.1414200992949184E-26  2.614575155672504  2.7780087384777252E-49  1.9964519325693941  1.6831266402146645  8.77897497655685E-47  7.996042575194934  2.116133440549158  1.1235296758800772  5.670669603707789  
0.9599077161136329  1.0223842145375694  0.7000055858155524  1.8464255469918507  0.9487076205945092  1.5890282972571832  6.170717101213645  1.5657525341033276  0.13953928210258137  1.6466561811406608  
0.8325131874512199  1.0915162365121442  0.6756416932681414  1.7986133523978385  0.8675170046843264  1.957891822532304  1.114823656500875  1.0832717756754262  0.7314415858860531  2.2461517394870714  
6.590674468514854  0.4118351005812467  0.5858248980682295  2.2683618357844084  1.2104179236234907  0.7109175575186779  0.35225869128033477  0.53667806195341  1.033421708317119  2.735380406723742  
1.2472824002563647E-24  4.580855977228058  6.656808183975511  3.6830890222282067  6.353581552261081  2.428095976253547  5.4510846477126  6.14118010515917  6.967635239882544E-22  0.006576910823300717  
3.2208129575218174  5.062962394192339E-35  5.802085585233519  2.869887881838534  3.4175988488711244  7.111580247843816  2.309775688535347E-22  1.143644927283871E-52  1.1632814132250078  3.0690063702012793  
5.793233466169473  2.0843407960940157  1.9116457575063257  3.9657835995624495  6.412697534447875  2.3755983135589992E-42  2.8276212517574533  0.16342551230623975  2.0584606419099805  3.850068452524756  
1.2479465712593385  0.5590205929664921  5.600336618656981  2.3407508149941316  1.134424768347977  0.6606565523227863  0.5544056451227609  0.778651571895669  0.7904400474105375  2.293674519223772  
1.4261674984454975  0.3166596443875066  8.014197701618563  2.501473056641906  1.0844794877554056  0.3666875877431495  0.23818224279627576  1.2077512456055757  1.0250211945568133  2.43017993345262  
0.4867010981845765  1.3318166249044865  4.5686621314275117E-7  2.147821216995361  0.8036058626470102  2.3159426683548787  2.617826889219689  8.021034045148571  0.6078532364103181  1.1445287452711426  
1.9468083036950052  0.5167564503137834  0.1560950120440274  1.8216361556177136  1.602791636637051  9.320725612918862E-44  2.647374176294019  1.8896594999709597  0.5266594034598175  12.076658141950002  
5.949202436779028  2.555650829980529E-12  6.678723844217427  1.423277223598387  0.8592121299291895  0.5737917349564661  0.2803466822175198  6.400262540414142  1.0742819903673644  3.543519855982705  
1.1679046737001357  3.110814996494491E-56  5.67791076401918  8.057589807267904  2.0140462944108612E-68  6.4293992324665385  2.9912751140549356  7.633902951765635E-59  0.1463245612524886  3.1689060546857513  
0.7338119873647896  1.0881987377032079  0.6015069997839017  1.863302533740051  0.9859840074815307  2.0034276053469373  1.1508810577800883  1.1733618063108746  0.720715095126316  2.2129540734350575  
4.561891352248693  2.6174492188632154E-137  1.2739029022354566E-83  3.560710278329226E-43  6.681901546525594  1.293231086923928  3.013139195961361  6.973614503063072  4.85679664184757  4.385737058669244  
4.754226340856366  5.326822802890237  1.478472831869079E-20  1.2693741478561886E-15  5.967844118977337  1.1714632164445278  0.5156525673284421  7.8667655918392985  1.4080976600063435  0.8030973877887498  
1.181856807571676  1.093048078443611E-31  5.730797696039734  4.056631145761449  2.7942850623147435  3.7312725910918916E-95  1.988617088650841E-79  6.401937752342182  4.94183128635427  2.329287456987663  
0.4081023358978906  1.6252575212545235  1.9504316624788665E-20  2.9073089048138687  2.3061229984317982E-5  2.801780479397907  6.770152797784209  1.6118721612489708  6.075654664736925E-12  4.3661599771955455  
9.388519893586834E-16  0.7573017681463787  6.078175400967876E-27  2.64309645338592  5.047405570187332  5.65064959121095  2.898716207698444  0.9517812771791717  3.690386338613432E-12  1.5061520855129513  
1.0464695882123831  1.244082925994932E-4  2.5832315894410073E-65  2.577756867199584  7.749076194593687  1.4082381613002053  7.04890075094399  5.541329042169146  8.450671649974996E-71  1.838652894290122  
9.010930359213536E-30  1.5078788165971693  2.3185103337701682  2.9733369718098506E-16  5.83590096094176  4.070490992439123  2.3952214882207454  0.33458628069811  5.05273667348217  6.492615609411543  
0.7601112085408376  1.0978483108202823  0.6954119651613556  1.7940484282119886  1.2632949383801009  1.751851670703933  1.1229475135581226  1.107041880261338  0.7115063444566104  1.94415667580668  
0.7482395532711099  1.1023946282443962  0.6908890998097053  1.7966769308847492  1.132213414704859  1.869978209806169  1.1230631985339457  1.1003847388152332  0.7194304749179339  2.041180689308291  
0.7764587378859201  1.098245349501221  0.7064913897778233  1.7747298092391057  1.072863987504969  1.855766049301267  1.1166415856239325  1.0955272835616259  0.7230672921405962  2.071672800771596  
2.1085210676276684  5.4785400622361555  0.2974997546950442  4.278681923789066  2.0465620120738093  6.696673853878479  0.7935130315506184  0.05446313246660602  0.17506780350649526  0.620075468891787  
6.6278087416922915  2.745971025517213  0.8279378721634575  3.1595360960422743  0.00452609919850779  2.6131022168511233  0.5601894881513142  0.3329150498862229  0.8066694584712577  0.7324667066615737  
0.7440787959642411  1.1214825790997158  0.7274950724486581  1.7517804923533848  1.228883407073538  1.777250112948938  1.1162297546261812  1.0972289944202809  0.710564644151241  1.9671259097316927  
1.2647235484993786  7.311037487609806  0.9333572354451637  1.8078542988829804  1.221093452529156  0.6228938089266793  3.07082758392963  2.030044061105273  0.3876971073020481  0.5111185887258518  
0.7906394736809584  1.0322699891077405  0.6280629001943513  1.3345027410840569  1.2229808839584462  2.080211226096769  1.051990865680428  7.880813733998819  0.6806768976328976  1.9522926727465533  
0.7695227225137987  1.1350518788203128  0.6749022980067882  1.824340136447949  1.136848389437815  1.7434325133648871  1.20316018924649  1.1147100735133755  0.711528462810985  2.003464016028976  
8.313167177507007E-40  2.4455878196285377  6.120539394984974  4.261307810029483  3.6883061161297737  5.634045139593611E-32  6.7653239561209295  6.2288313348472455  1.1851623180519377  3.831475775207411E-17  
0.9909391501236628  0.8412975945341965  0.17988413475410406  2.6627714099151776  0.2610251927668106  2.8689081847050257  3.8985966330064796  3.0365494091128893  1.1090082913022004  1.507462938455206  
1.1049733756498072  2.90456345891239E-28  1.9814330911095042  3.4998023675820518  0.4597959277988996  1.455390090440411  1.018004479743694  0.8944018501963564  0.6216066317894957  5.050644965689241  
0.7386073354258437  1.1225839190295033  0.7166176263785753  1.7647967558472304  1.222013562618695  1.7877735962410133  1.1197221732813891  1.1008057769201278  0.7118199909250823  1.9734829365491842  
0.9026074545425969  1.4715688102479083  1.0562330598418863  1.454371126358524  1.233760163682182  1.227070327014577  5.966293470138482  0.9730750220928499  0.18221899457476612  1.5835559702551936  
0.2797793860193525  1.4427615594852152  1.9910094822313604  0.8110086098425526  6.489484581516752  2.9891228814373703  0.9426359115374557  0.6639975615815977  0.018336460318416563  1.284657720683094  
0.7638821914277539  1.0852694153928037  0.7558020829339523  1.716444524281724  1.000456235804121  1.8755615108094843  1.1142594631184422  1.0830276331261104  0.719260975312385  2.2074553997456454  
0.06120185768308783  5.10000410861437  1.7324048106282468  0.8618122697004698  2.0936653692127853  1.0337257770371482  1.4513681542467118  1.0781944624976294  0.4908956635570883  2.507705946728471  
0.8289371024907584  1.1267152070615294  0.7161570591604177  1.77109234985888  1.0125616505463138  1.8450153559305165  1.103440768063855  1.0887659380277366  0.7305927427288309  2.054491870600598  
0.8400313003086535  1.6640954489786774  0.6727398348249093  1.8465453627440676  0.9461455962161877  2.3484542293458475  1.6921305594136702  1.220379504607692  0.6429777201900961  2.020475046933869  
0.7575585992638068  1.102964485962967  0.7211737827902187  1.7584770644996073  1.1461027707889697  1.811512366346484  1.1164880595019084  1.09886016533398  0.7187261685786909  2.0159539226988965  
1.137052361817799  4.191509149367167E-30  1.9757999918406324  3.5508816704704134  0.5251286370496494  1.35910914905215  1.0168754428964892  0.9067259335351281  0.623627414519709  4.986099624594844  
0.7389397883025329  1.1779041132854338  0.7042523730742849  1.7936674092815017  1.3626864972529882  1.628396690144817  1.2438025321987916  1.114968002328523  0.6898345706428991  1.8451909544698848  
3.87621047692026E-52  7.991205409066529  2.2581279580477116E-5  1.96845675153387  6.135337671242532  1.240681191574957  0.27696741694143384  2.578784330979961  4.09745245481692E-11  2.6756853914372862  
1.6706885973538077  2.1555148215463683E-15  6.851340950231381  2.2689607297605683  1.2837235082271663  0.5238261805598923  0.05353508128012157  6.935394791514038  1.0286295709276112  1.9637607751135644  
2.5603357807441913  5.547425402871483  5.365624907328348  0.3536508091930311  1.357919053892738  2.014258577151701  3.75248195074887  7.452688982246389E-32  0.10819129808798378  0.7278481419935372  
