3.5209381174078884  4.923735407842428  2.142545476248857  3.625946490944838  
4.583193407311826  3.2866809129169314  3.085480195158835  3.2517686543038793  
2.086361545245996  2.8065620477950293  4.809218663698817  2.879849136406015  
5.753171751063028  4.26605972616888  6.06991927371821E-16  3.8615025963435907  
3.818778222664138  3.932497800701056  2.809052030573476  3.0461121654617878  
3.524407149358565  4.4956932878954055  2.2743601385998975  3.8617261508181087  
4.441329467529528  2.5310179009704816  3.7988379092533493  2.761566104199464  
4.435437542625784  3.8474491312588004  4.649606334745508  3.6263269469425308  
4.992927753595828  2.6296080726291033  1.7103393186642357  4.367946593677479  
3.387406546852138  4.64374302978688  2.3541022290662053  3.5918900563556315  
1.4134187434421395  5.706478823066543  5.278376969981749  1.243601200251815  
4.9737573821503736  3.8825794925202533  1.2510034684567293  2.348889856864063  
4.053480806382253  4.637867798255576  2.8533602078691485  2.978310799394682  
5.09426069225686  3.953051839791247  2.1046315398012334  3.55530027462042  
4.4440133821717165  5.384549901793153E-9  2.8056233805924857  5.0891144820294185  
4.363676309157752  4.001568688812876  2.5959058526029497  4.837931015061222  
4.902977106795925  4.862317390009228  3.5123489968284685  2.5019091894401364  
4.152168500664389  4.422416571718319  3.6545849219313964  3.8050630617244847  
5.574125134333605  3.1459759022893845  0.6382403035166204  4.422594857534052  
2.8088313146798707  1.8227929125813958  4.541400032120227  3.545340220340928  
5.705629619751111  0.8902589955328503  1.6007963466283432  4.523757830501724  
4.269808715721561  5.42746223299872  3.8263410196023817  2.2480002154581697  
4.452376763492907  5.16165259457109  3.747648742310497  1.5306609063593157  
4.917731156813635  4.358104580878977  2.9182986376657403  3.863137625949463  
5.004996441768782  2.3939109163261203  1.7440876862898373  5.270511516868942  
3.6501657213860574  4.937415441261764  3.7137498713996195  2.7489201801793266  
3.2302251553773895  5.078686777055886  1.7743211777823749  2.9280013967168177  
4.392292762537427  4.275296968812321  2.388073134162509  2.41278996687246  
4.706245466940504  4.511171670485972  2.815405203485403  2.82396927872534E-4  
4.282631615073634  4.85161328989605  5.908650408206998E-9  4.392136226625785  
1.7476539642025228  4.9587956628128875  2.36358058378116  3.792577138627793  
0.48410317153100774  4.649798492068026  1.5886857381220456  1.3888616422108342  
5.005911709589928  3.8175017386117696  2.3035476020427104  2.506900433795909  
3.699423285156608  1.7059541688987414  3.2458440625325666  4.29133168511376  
2.2674610949616425  0.3559382069558493  3.4718497279123754  5.399551630125348  
2.0777979201821717  2.893256274200573  3.141673689440343  5.120006521409498  
4.207119247126975  4.603101627127011  3.232528110430633  4.295047856497989  
4.368445752972598  4.807287647587715  4.3336002916142615E-5  3.6483676494476285  
4.842743721730731  0.9045532824441598  2.5746375662475685  5.395762915703133  
2.548771430274892  4.176189496953315  5.107223831388556  1.9899344254457736  
3.2263118311637897  4.541653500654056  3.8928397526255427  3.607489905985575  
6.9979124043156355  0.6087342223190227  0.2839238946653666  2.1210515494191218  
0.2844669777644299  1.165058701811687  6.902615284234395  2.846745248674573  
2.896167280323738  4.041139011298658  3.8118548825501395  3.659947313811761  
4.313578090747263  4.880213356383413  2.4313933539397725  3.452418324094199  
2.121206696099166  5.5463547290499005  1.2932058539805629  2.9821525985054835  
5.099657679364411E-21  4.294545792829664  1.4599540035203382  3.8998727536516262  
3.7840670435230557  4.441738451567501  2.636096164558715  0.40323914866441496  
3.4431429184979163  3.2496543095666093  1.081684482973436  4.17955509040308  
5.634967006819848  2.5863872608634892  4.036561789462274  0.6955447326651706  
2.4642682720046465  3.8355867887866024  3.9786370271791487  0.029170414189625765  
6.40408026419245  1.919568235490445  1.265450519638497  3.972963332302404  
4.8176576899693137E-14  2.407367529450181  1.0580824216070672  4.643341998728675  
2.1411269452586845  3.8428519214105825  4.558969689617876  1.9213325467683344  
4.23664405311894  4.204486506553069  4.460255114217796  1.7118097015904197  
0.4725443684199894  5.624888808854798  0.24209916499551226  4.899380575840737  
4.149412039466425  4.7168157318016615  2.1290101350175683  0.07118034468729062  
1.6868435265488997  5.400888803904581  3.825932636629716  2.061057396864059  
4.4368126455258565  4.176184213763593  3.4343208304197335  2.199127514557734  
5.217639437290074  1.6866935733415682  0.03966301902162952  5.224088251183998  
1.6274635572313239  4.1679755590906336  5.235298810916105  2.741154024935004  
1.5900286926809608  3.7047096174876226  5.11855967845041  1.674056305575427  
0.053203944606529406  5.681385672040248  3.480765508353312  2.710408462028425  
4.779564991230335  4.591541767380161  3.178668687028703  1.2466528651692461  
3.387120336071893  4.777185246956492  4.48614288109076  7.691760740206698E-12  
4.100800863446873  5.093942161342729  2.705757325590029  1.4994744109414084E-22  
4.195215413567314  5.100468505625749  4.448013943035248  2.2928984771045045  
3.15944283892383  2.8465659624768707  2.734627326551628  2.9269123500858645  
0.853904134030776  0.9915178226858115  2.2114288381099305  1.909727638050985  
3.6181851522563244  4.20557435917534  2.9847609539869437  0.896509157372282  
5.96919365287243  3.381102993660071  2.6368087851036117  3.0888167598794207  
3.787521826869731  7.963346585214906E-7  1.0438235522241956  6.481084799356538  
5.148978247577879  4.790157096286836  0.9964768925465898  2.6255058592019984  
2.754827112023381  0.2930993843789048  6.413387844699308  1.0468411942492855  
3.562652644560232  5.182201275258894  2.3227509183585062E-22  3.1048747088176243  
4.144745381953766  0.002409932990597803  2.3009789701293615  6.072097007384654  
4.008225271217456  2.5399128967276032E-20  0.800448075841177  6.091878342609317  
6.269814854455359  4.1805151709625573E-10  1.6004823294553903  3.0421038389398944  
3.285606464792736  2.7669542925875774  5.378287688057746  3.325144280526041  
5.121758233083131  4.972488068986129  2.912730772089765  3.8222752580959107  
5.332890482828287  2.349723435750098  3.179051501944152  1.4683665950104463  
1.3714236253856864E-34  3.8412094165308543  1.719700807643461  3.600132452826422  
4.842307417050087  4.137066957541769  3.0878801528436326  1.8482459544402128  
5.182050610179255  1.0187957339358078  0.004624189864538869  6.051546945277529  
3.024152334315305  1.184125689702136  6.717052388031933  1.3550396601940947E-6  
3.3922022918414974  4.465702701127938  5.291061190123068  1.6005167398657234  
0.9805151419737375  4.166573333802133  1.0937873622651324  4.549264846589105  
7.469928718110168  0.6981964244911157  0.9190316190712879  1.3796280190429329  
0.7093335011415349  1.0781417730079306  3.7168657013539494  1.23382903174524  
1.4938826884916017  0.5043170797754228  6.97570954973571  1.711048952725827  
3.637753600835227  4.8264208449190535  3.388257031070516  4.3512739007288195  
3.79330171607426  4.79412513385649  3.5919217790757023  3.793101676877341  
4.007972325221082  1.0899329389813725E-31  3.8280594385389577  3.5964969037852677  
0.9697939481827601  0.8928535787242655  1.4136594000140317  1.3216637944921155  
2.811714606748681  5.95013875960789  3.7963493407726974  0.7328313206111008  
5.136588167429294  0.27188340258920995  1.37581603532295  1.4354777221915178  
4.570595669868734  2.896307067770727  4.659986284198159  0.007678217170549733  
3.2740997219203924  4.430001859731364  2.5233004068312465E-30  4.556239647345439  
0.9776829791650502  0.944545857085767  2.62480718263064  1.1464069685822629  
0.44246759937585306  1.1217590520105243  2.4571456647459065  5.046619637126643  
6.31402309132598  2.24401839659473  2.690786838103278  2.2294803135721173  
0.8540165525228316  1.5239071373675466  2.616843862807156  2.5246699103150587  
0.48315332627166085  0.8387891127583934  2.2771910010198697  4.935981139396154  
2.8445496645222277  0.3464949226662234  5.4263942383018255  1.4641016900527755  
5.048059671090351  1.7374185953730736  2.1421337174878663  4.246297295754515  
0.5319473124299247  4.626391669347973  0.5463677793471523  3.298859754275592  
0.5523642718475315  1.0686320024554519  0.8000269942048609  4.3125348935031305  
0.9504089851831268  0.8913906564069954  1.3348004917850567  1.6604126159196917  
3.8161938676788796  4.928978913639573  4.049105015434838  0.7807850187177312  
4.365696159421369  5.358749552725809  4.703090467976276  1.7615314463280333E-5  
6.039179627216661  3.782648090175571  3.2245718437493545  0.23634980654921536  
4.227592751874538  4.730235779086367  2.1975694084351702  2.120790045392032  
0.8868573583620326  0.9318433254667225  2.2283902198299232  2.161601835495926  
2.200185808300568  1.148888600193956  5.334088197119672  8.965088123962538E-11  
5.609874901253507E-15  4.888241551140373  1.5714668195980979  3.7978781551436853  
0.612492206444604  1.109577682806715  5.801675115114502  4.181526917385569  
0.0016475750884403075  6.23129117886702  4.603080845232269  2.618561470925334  
5.0097586643630105  3.5854697170314864  3.4511398019769493  1.4915434872458855  
2.443784214109396  1.3076335650342827  6.283826610227777  0.28758648628438005  
2.845096974132354  4.79586460492965  5.232106648796038  3.3715257425308296E-10  
0.05999920839025613  3.0479411249575064  1.697195752908639  3.6644952893385927  
0.9938420511431955  1.670718705409742  1.7393176563416717  2.2222282202937995  
2.924731021961857  5.09593452872166  4.385104637551765  0.7114644714531394  
2.9009642474773774  5.004027470723005  4.013569977272163  2.9413576998067077  
3.735338141666908  4.638951613106079  3.2172602502646113  2.2638948783791286E-11  
4.9492815408146384  3.133177350997866  2.6434139027876505E-14  3.7615322165912763  
1.8434753411198264  5.261017321017397  4.659394632967124  1.2389321270679505  
1.3374095887412683  3.0310298400218443  3.3335280524027566  0.5954599011237548  
4.129203187671434  4.251739692713894  4.190402953920857  2.0334863393252452E-8  
6.488909756372764  2.6361948086995037E-21  1.5088849615698734  2.6691210338475866  
2.5276074458581226  1.8721580089780487  5.655442977521359  2.4361081734803647  
0.42227855721046714  1.688386176796086  3.612415403455799  1.7728567068948533  
0.8258786607088038  1.1263335842047073  1.1949501906694864  2.0337437374265925  
0.9692386515636681  0.8947375940918905  1.2109016017824705  1.5750340660041768  
0.9489825743439525  0.885203150217849  2.1934470071167946  1.691798590410701  
0.5123944520397694  1.385564862239074  3.894329368462683  1.5943018393860025  
2.7881949991376382  3.1897129794648325  2.198188527075744  0.7363454962389123  
5.789101710844226  2.962861426388682  1.2583264986568634  4.115327006382701  
6.206397467843947  0.001891953944931516  3.0445099473661283  2.6772086069147005  
2.434254068902597  2.8931900433493483  2.560028078612723  2.282452365306955  
3.7137048590012185  2.8973056011422174E-23  2.1864826151793517  4.312754042594151  
3.9945535222092494  1.6261934293129352E-9  2.83560736756009  1.7880547925236694  
3.168936354148676  0.10435020348452262  3.6697477497606545  1.1392938741667982  
1.884221211619293  5.356488336668399  3.1558345326103017  0.14592775431018876  
1.6404852104294345E-9  3.3617404979964935  2.155969582051773  2.9237253286807916  
1.0259570225247208  0.7127370173820868  4.337368250186934  4.575566460407629  
6.806144692697995E-37  2.2538056402935354  6.905220653912553  3.504012840515411  
4.844370368877857  2.7985407709733083E-26  1.1037597703526107E-21  4.103222706964719  
4.096878055247315  0.19455351179625832  3.212408315003083  0.9164069394593733  
3.9519956841721178  2.3216175818227206E-6  3.942562184010196  5.631561456108328  
3.5155051362139433  2.71760609082366  4.9690982142145765  6.080552269517891E-82  
5.867759997485976  3.7220887979312214  2.064472920682186  3.8995246694129126  
2.2463450304795463  0.5807802620248134  4.32820201538036  1.8687130080699874  
4.422173596363032  1.0541548853576636E-84  3.7837844294847898  1.5100400049032947  
5.6093362443983725  1.245246377435728  1.370081685112903  3.632062375138384  
6.226448367319615E-81  3.11316137186247  2.4924393376462737  5.5082807800173015  
0.9578898808825892  0.8851997388609212  1.929988146740206  1.5182920745256525  
5.395724070840313  4.097607889004928  0.8062725644043415  3.7774161046985983  
6.251986043824394  1.099160103072495  0.9159710481421105  4.70550694914514  
4.765920235405769  0.12854445122337632  0.2620073285613565  5.793065382722765  
5.040187408142614  1.056392216888635  2.074169606038824  5.113106821913196  
4.383790406341604  4.303883674441662  5.25905415406346  0.2535523522501871  
0.9641917857915433  0.8969934048220296  2.146875141509508  1.2070880154202532  
1.938240304582573  2.1763427274113463  0.5097612270377745  4.899423143445581  
2.6264840943180054  2.0853687526017426  6.332142235917652  0.8451970818459825  
4.890765002346634  3.2949493150060642  1.3776957695017  3.242098554598053  
0.5597115161587348  1.5122665759233014  2.353042121413109  2.5567620635820907  
0.9447639155769171  0.8955861929070972  1.238893925942219  1.739533083922827  
2.5948661497064087  0.9745606552376356  6.287883972639783  7.577437662557268E-13  
0.9726635375910433  0.8937419702212454  2.1934284923817553  1.1931454554100598  
0.35694131420316483  1.7467935291730763  3.366769760954114  3.3319630083736302  
2.2363369966306323  0.13883179998175124  5.59236094141469  4.154610288880823  
3.906220174924788E-44  3.34471485032185  4.553195973390741  4.110533467791198  
0.9714845438352174  0.8827603546456595  1.1600687745651554  1.7154093599361815  
0.9846223894117717  0.8889445166478686  1.3439806030624257  1.3207761130137985  
4.827835924625256  4.761753332231621  2.4935010809470426  4.108593639996009  
0.9671818298268985  0.8883589051681112  1.310570572982153  1.5095373931518754  
4.000679781313067  0.9175919230609477  4.4041537317666615  4.763365307064448  
0.9854206094075236  0.8865181636263955  1.2743712006064674  1.4218480162838996  
0.865419304014392  0.9640169886769964  2.0925758343910363  2.0377451460837848  
0.9847445615703043  0.8799812402462901  1.1751090578495562  1.607883527743176  
0.4683006984169052  3.4556377775940184  2.032929916885178  2.3574823841740478  
0.6608691361575074  1.034171583856655  1.9179493741203484  4.253274227912464  
2.2091939569675322E-13  3.1232098010360905  1.9452006944668623  3.3143122169081756  
5.433858248829578  0.2262926260219437  2.172517788844602  2.14507594934369  
0.9388925143599107  0.9094748913557322  2.3573485084653205  1.2380293268118008  
2.3741060368339473  2.5075143217633054  0.15128145518776537  6.331601911350185  
0.960535484198785  0.8994441028042668  1.9585718953516158  1.2135320459708738  
0.9531675420373533  1.1620647690348942  1.6985622521705233  1.804104015676823  
0.74355294110292  1.1853972068823089  1.4687950315024956  2.2742740018085636  
0.3558116681349076  1.140472123321499  1.1523610417512586  4.4997587879154475  
0.6350923826847478  1.2850932769880221  1.8640044541657776  2.3310715310151897  
0.923682946049333  0.9202957409198982  1.6220153069167804  1.3055476552330958  
6.806030448019319  7.53640721572463E-7  2.1252380125135555  4.529267674103736  
1.2607190645502495  3.1900579624785017  6.632533708656072E-9  1.9351651970325257  
0.9656935448313368  0.8946108913718628  1.287023084138593  1.5043689405931264  
0.9666172381954634  1.969973519276301  0.8170231819704655  1.6318144762520068  
0.5751600461342185  1.8529885296829662  4.464192283099905  0.8427065916548859  
6.052095853171047  0.2480945510642532  0.001227097330984527  5.106887674631053  
5.032931145964839  1.079437747382975  0.33947250896018977  5.173995930121346  
0.651782730706043  4.891907719899264  0.16057730693254246  4.558238921285673  
1.0441705023276255  0.7873686360471285  1.4051286442459785  2.0486061849999344  
0.9924188202110612  1.4659289653855798  1.7881412280027542  2.5035834992419943  
0.9797294855458842  0.8857431254940095  1.278090074110454  1.4694975359020326  
0.9129914253023209  0.9233077952649125  2.079027599536349  1.3864002503850665  
0.7125995663797146  1.2508901434542476  1.7556648403039956  2.1225661097644615  
0.935360071135339  0.9087729462208961  1.7327259261613728  1.3624360187326845  
0.6092176055972364  1.4670260115186748  2.0408644671056364  1.9532201134276581  
0.846769306065714  0.9960844001715986  2.7230083678526142  2.1500476739761627  
0.8120849371341212  1.6727702565388658  2.1838702109050643  2.2698354695850793  
6.222931707552681E-21  2.8978595672828003  2.8508713852404224  3.2324270205762113  
6.6651334059443075  7.205461115530117E-26  2.18472195428129  2.084750822424781  
5.572150001018482  2.276974392419788  2.724279947947458E-33  0.6560390312499338  
1.007135555635139  5.926003207816721  4.147494122105933  0.5298267517334629  
3.0810944132579543  4.485945446862319  8.274323539046627E-15  2.6351511381495767  
6.712470933991917  3.4459570363089242  1.8824753092607416  6.773837255302648E-22  
6.605698388612727  2.2487850807027003  2.5531419574941925  1.3784859095641708  
5.9731242734408525  3.650010473526217  0.18747885655426777  3.9029733585786963  
3.3223488972801764E-25  6.029298343975892  2.4581188501818327  2.9511521924648965  
1.1551627236862436  2.6398905671978934  0.1140338046581632  2.647582021784358  
2.6107147781158724  0.9984375286339356  4.620731492020262  1.4800297303089017E-22  
1.5033653882775089  3.1487422347533633  6.205539065393867  4.503316712293423E-6  
0.9577525110656547  0.9019665662984208  1.5101310171141493  1.2566777419158306  
0.7710289689731555  1.2245658624148272  2.5725364335310554  1.531375214710664  
1.0680745541234373  0.8824514850025803  5.974040284342221  1.778800696125055  
0.7614336848571301  1.6505905245865466  2.6817911673018986  2.189541491384853  
0.9859951355155276  0.887686781056993  1.3098000154443747  1.3629684521105578  
0.709203435435352  6.678219868457951  3.730817320473694  1.0670177059996686  
0.18351056826571732  1.5738888700701905  4.503338650366314  2.809366531861343  
4.829954021487821  4.448823292257584  3.437399190162926  1.3781072034470576  
3.8428356661382366  3.6112576392957723E-6  3.5618190029466725  4.061460084129735  
2.9861395188142364E-23  3.624322584109314  5.723885213274819  2.439434725578979  
2.5956091039427543E-10  2.2495432853141413  1.2954919376447271  4.635656694750691  
0.8232630572756264  1.0898399038697315  1.7221764094417809  1.572524425475355  
3.5577911617616715  0.028730701086099698  0.742479537625925  2.411362453016814  
1.5039762521018682  1.0344450501923483  1.8243434162991132  2.8770950868916767  
2.368980945960851  3.0189601490964777  5.923898892196793  2.684148049822029E-10  
4.656139401902745  2.3294726932168497  8.151864506939938E-22  3.4800397942224377  
5.12222396043873  3.18571694861314  1.127560807882759  2.2363072174156247  
2.537315209841794  5.007592120347077  3.8100443651735385  3.151210238867183E-35  
0.9354115986325885  0.8944433204140864  1.1709126891512416  1.9586020064387697  
0.971422887493457  0.8974617560097995  1.807060420463328  1.191710569429212  
0.9397573673495676  0.9073921677131285  1.9166419355995459  1.2499406648112048  
5.00196886617577  2.943536946428959  1.1209237911163943E-12  3.642045501960685  
2.683592917006661  5.385695677388066  2.2581818143527902E-4  2.4297586901976107  
1.485210436145853E-18  5.1440189190700165  3.291366442172126  2.460303236629018  
0.951061253431685  0.899479104718706  1.5622568227759535  1.3112832651559145  
5.399804247361598  4.187795045284023  0.9589026773923428  0.0321577752309039  
0.985747121464359  0.8902853196882266  2.0506379371617203  1.1712676880991766  
5.706770715228231  0.07075541063405251  0.2790302595048783  3.3293891551239874  
1.0508857954293602  0.3793790126659977  1.705968458580329  4.30257885496673  
1.7242587895017507  0.41321272790620134  7.089159128102126  1.37334859061404  
0.6297586330983985  1.4506816159681217  3.5609572856763854  1.2395052208090764  
0.9755327709303857  0.8876743899375894  1.319286204583463  1.435962944383708  
0.727213224718588  4.670622721953806  5.014447959424958E-23  4.18883791749082  
0.6338430963324859  1.4689371530811062  2.3131815169596974  1.6451589254911687  
1.880191450495075  0.38037559126294507  5.178955793905835  1.4682656627940112  
0.9630965090818637  1.48873109741233  2.8482725152784876  2.4191681976323594  
0.6714532831386477  1.374425612107762  1.9686683779701353  1.8056108594843128  
0.6682957321268594  1.253674677415117  2.3823606966851276  1.4805075005419668  
0.8617265362115604  1.1856503247014638  2.8176107526667473  1.7475845572909143  
0.8644253327323468  1.0348578841528226  1.1254634656469982  2.0804235516978684  
5.329137087518023E-4  4.383444177108985  2.4260561670151017  1.7332938192907377  
5.905150483867208  0.9809597905043874  1.4115861062748325  5.06759239239527  
5.179751484868505  3.297230911625983  4.312421459748148  8.066358656950578E-20  
0.6291560055937595  3.3293789460276093  1.4815540125531659  1.3184616615042224  
3.31368230166856  1.1930583613091603  1.8099821612399518  2.808231070279638  
4.3730022175225516E-8  2.820674380805013  5.245167528006654  3.002330100216257  
6.574746584809859  2.135135280384523E-37  2.5295144047392064  3.0451571386028626  
0.9684810716114417  0.8937319222227049  1.3250817277360256  1.438622705151879  
4.415073567979008  1.4865968493597029E-5  2.1496167433538003  1.2953419197190195  
2.658135791397916  0.246103964309228  4.2483373100576705  1.1183049824496412  
0.9564097486514226  0.9362815502355035  1.2840611957458394  1.4294629465356148  
2.061052269108942  5.043162583700412  1.5103531758317412  1.6786806656095772E-29  
0.2656113049347656  2.40992682144681  1.6061950775250349  2.2656002503619166  
0.6226707640648481  0.9811134099375474  1.21522098226782  3.1939166025145314  
3.3571128912321426  7.57162770859571E-10  5.378463380503186  4.84101019130964  
4.194425827806783  0.001207145312650962  0.33563903786961446  5.760421340387384  
2.9090232502549408E-8  2.6401136435136667  4.826741988818243  1.8188356278082383  
5.511999273645679  4.107888022852155E-33  0.7355017695974224  4.365085133909469  
4.14444782064674  5.229881098595095E-7  3.136421543370383  1.2798665518284396  
0.5554797571625208  1.544521094783746  2.877725284985167  2.061097974475692  
2.529203216829521  4.290122350478284  0.667746609846999  1.1380433888750958  
2.9244520054181717  0.8716108644677015  5.938574637828327  3.9659152202678305  
2.4657213854821102E-33  3.333200143070018  6.151827271028564  2.6209508645434694  
2.8029370091635393  3.7783967201802318  3.220129105240949  2.2175323021527134  
0.9611961979714505  0.8536840101346486  3.8969918076637624  2.271766443835779  
2.4642755153899203  0.2534525351592523  4.547869663482832  0.9626397273194557  
3.1998259499960637  0.04341140172899975  4.751909383004199  1.0453616894444797  
6.2883128153959476  0.1801803839680567  1.0000406927691565E-21  3.2153062865870186  
4.201987738989719  0.6549751138995342  3.7039904803700376  3.027094573346465  
1.007815415278883E-45  2.999283976116638  3.7368785730594274  4.954931116476212  
0.5848952146406069  1.473629103789042  1.9641841961181992  2.370530290615952  
5.604220764709608  4.094921509914858  6.563609506114144E-8  3.4259205092943916  
5.4797097325005  2.197093889443129  0.9354445169236449  3.757769455925869  
6.763393282983248  0.3753657106327107  1.403338422575867  2.285345292256132  
2.4114859565380997  0.19005504704144327  0.6102406682159014  5.527152158814888  
0.19010820558331756  1.3112868487318057  0.9104125971251272  5.610581895427363  
6.081260167846806  0.6008112368504219  4.173054250912027  4.4886891622298515E-8  
1.394149960690534  6.052898754016437  4.346082471912505  7.658011778308342E-35  
0.9468944845178536  0.9026754500155784  1.9267352656902355  1.24833193057293  
0.8458068679230883  1.0755117621294388  2.733051294140652  1.548585052846179  
0.9596604579479614  0.8989127362990408  2.07887968228107  1.2151418519348602  
0.440332709243571  2.3749347097320435  0.49550355163070675  4.484146463472557  
8.354237495501754E-11  2.977232960133312  1.9722983291942298  3.5932213474047217  
0.9540527590808935  0.9050022620112068  1.5353450512615974  1.2471496767867198  
1.1234477761349146  0.684421054569003  2.8769650720353086  3.7619096238288505  
3.655695733560252  0.2707487351327632  4.576097899722511  0.4096390248177101  
0.8950141355984683  0.9243077257413189  1.487132374429312  1.9879647891078094  
5.8521613514517385  3.8138809457294395E-20  4.129539559312599  1.0117614331067535  
1.0597120627010097  1.7554097844250434  4.495942815372251  1.3175160492493072  
1.6973033671611963  0.6087341019227466  2.737270915915332  2.7093294490879054  
0.9331518554157361  0.905275764869604  1.1509699144973728  1.878644886791806  
4.398905002925964  0.03171461559840077  2.170192086976384  1.244293922122946  
1.2116166947982314  1.5462612454013736  6.044055974567087  3.8785678243826E-6  
1.003863251617542  1.3226930151987728  3.093718905717825  2.1906701345167416  
0.41075629097847394  1.5930872585955345  3.9196284074292005  1.867804286388642  
0.5890220288337348  1.4608938002163736  2.1652015220702916  2.4867947347175963  
0.7321008323354814  1.2538468330547738  1.754493304007573  1.8209331475029351  
0.7083588700276781  1.3726610397591674  2.4586465385467595  2.0566987536583823  
1.5334690368276696  1.4881921597914478  2.9474357722227134  2.4205095258389013  
0.6180386118632928  1.426091882515661  2.3532929884464613  2.0541952138371644  
0.6356196196835625  0.9357981135027955  6.098642267668077  2.7159519450631713  
3.5453368817423923  2.4921501889090237E-10  5.214280162180385  0.7973212286888345  
0.09597201614844954  1.6141873093804662  1.7995946351586405  5.055770288558954  
