3.487073719433735  1.7916317332745304  3.4161831345464724  4.95444792754962  
3.5454881517785077  1.2268366307445655  2.8540392495817097  5.607261698836343  
4.768703116139665  1.2689080948018006  2.0784078644565023  2.737159215369534  
2.754687757014267  2.8212055157379856  2.8698167758308446  5.373882276407427  
3.30225796370956  2.4777161766386397  2.7730650464569417  3.9902124586405803  
3.202703446215239  1.905413857991302  2.8517503781477713  4.996917083813981  
2.736910233795033  3.684301550304379  3.4692733406780065  2.9292516511373594  
4.033508040064768  1.687804225423619  3.692506793427116  5.374238467396299  
3.5913235608949194  1.6031922966098968  3.390483673906777  4.982376350875829  
4.49452538888526  2.6797252017358213  2.512098286416199  3.1598216843397013  
3.9744480321577087  1.7557604130926643  2.453191226992933  4.699455317304572  
1.1912447694270165  5.092536137572796  1.721055393578546  3.1301044481522617  
2.96211661681562  3.33760016198626  2.8162637087673983  4.14976520128342  
3.0472176698971674  3.671437042833245  4.041583539261714  3.192993350334543  
2.541921853966309  3.7096169999717548  3.463186253249534  3.9185570412184196  
3.885389146423431  3.5928557482691286  3.6945136034476223  3.761193895891962  
3.960160419663806  1.8945262471265265  3.5015674935020407  5.414664685439996  
3.640375793331018  2.748120496046606  3.6784470113084167  4.672634323762705  
1.6069304094431027  4.459639531466977  3.737682803056325  3.624634564786752  
2.7990005387352785  1.926086124374503  3.082978296978247  4.778065336080936  
3.0554990770501074  3.2116014162946747  2.9100959506929054  4.048304171956225  
2.721805179985515  4.28440199746167  4.0904333746594705  3.1835268296518153  
4.027943935194043  1.5862268831330752  2.471110205514835  5.798159551508032  
3.306167259395888  3.3700123859638307  3.743133403878295  4.401930147100658  
4.424184405100232  2.211214246067686  3.4887289269644426  4.3012148330870446  
3.989379975345664  4.4211127281726625  2.4880415278888006  2.0424006287329277  
3.8470763972981037  3.4666394040183994  1.3553019788812766  3.2484955170864813  
3.822938738554943  4.676973154400965  1.4555745952488004  1.8298079717435736  
1.6865401425678677  2.4383391550902838  3.168428250614429  5.042033784614705  
3.501199742841179  2.4233720953623976  4.364574314803907  3.9122426573013174  
5.350455798303458  3.509591126842731  2.355859482254569  2.163288934806176E-24  
4.5928478481805515  2.9896515523460397E-5  0.003499948020165413  3.121766568143531  
0.03424792210627677  5.290476532856924  3.1779005176044453  3.242204305308158  
3.2607002767487385  4.371710567779432  2.424084251513986  3.17066997688498  
4.666377663327449  0.9362600118573964  2.5759506756620802  5.031652801815628  
5.987214450068337  2.5671374538091656  0.3652754222489085  1.951393968655771  
4.6432165409344135  2.3623092033077784  3.5593857543952003  4.774261003265171  
4.009514504366256  2.9348714295578153  3.4845069599427543  2.8604755592806947  
2.199372235882153  4.248182194936598  2.0068527571066648  4.805848081078352  
1.5243226289471743  4.370675451299862  4.093318164101357  3.349368253227477  
4.552471552294365  2.7720265664938544  3.554000095196722  3.6803614495902535  
3.4032406240907345  4.108133820784716  1.3048390662333777E-6  3.929395523084029  
2.527840970693985  2.5350907069199136  4.493529817036081  3.5129970091799128  
2.8493794521489497  3.700642482847132  3.3372449005531015  4.537501373868505  
3.932051016595817  5.061562436007689  2.9691631828215024  1.6342653527765343  
3.4628807797576604  8.629612620117558E-9  4.559804445790114  4.552817976820745  
5.150785286673389  3.0448042570083715  2.809178177648221  1.25906132077211E-52  
1.3062471109771943  6.212015428524559  0.7478604747662271  0.8358971574592756  
3.7843709712875717  3.475206185189873  2.756418733723893  2.577555852790792  
1.2219438946959804  4.465176140241146  2.885952211727447  3.9912616362967457  
0.23772085092185247  1.2852375558427875  3.708518023059152  2.430978281087934  
3.973275953855887  2.920083175351014  1.76568518525538  4.455732229804343  
3.948050484123895  1.6122523846038055  2.9987828013699973  3.267858524467004  
2.4802955738775188  2.255826396410123  4.33411654651125  2.830341761963689  
3.340173073660409  2.6496286009457526  1.1601157981860426  5.8035994014804535  
4.044824208968365  3.0553076288612657  3.7859321826210204  4.12072619432173  
2.4924228131040373  5.624732979340475  0.493098967593135  2.182473358054382  
3.0088802356951194E-7  6.346725307047741  3.766841491422434  2.366662831348194  
3.404928200869345  2.38135181920512  2.7842368538407465  4.392025814850054  
4.7504730598677885  1.321969647426777  4.778652932683531  0.7131576100853176  
4.255539527238927  2.457832143781044  4.250489799329368  2.3152393099092206  
3.252358591285942  4.26218124241776  3.9191169383606455  9.586772715309368E-48  
6.450330064359372  1.4096421293336008  2.927904861364859  0.7231458428071037  
4.48256315706563E-8  6.379538492181298  2.500731684352332  2.5646622288054175  
3.81390194310963  4.674953815716386  3.2735216771219896E-8  2.4676329670447736  
0.5910558209209995  4.63560911867788  3.4565841019060555  3.032420496680421  
3.951464745569162  2.1612462792671816  2.3203955526260756  5.622985797465294  
1.2764633455782808  5.235077714060473  2.979953058864169  6.389832265024537E-25  
2.7173384125274707  2.7687745543006272  1.4313838599449042  0.637191799711833  
4.744864363230818  4.2044459106875996E-47  0.008288681968035396  2.834716597310185  
2.8567959195896595  4.453639395012735  0.7595710667895063  4.981642086821118  
4.72373828877567  4.588503745791345  3.2722498531393654E-18  2.094704744355523  
2.486673800078846  1.4647145303412312  1.245677907688993  6.920163831794353  
3.829083699900069  1.1987956135981062  3.520792888005424  4.579253566547965  
2.9035087577626486  4.814258764960051  1.7233033535458446  1.7714991375911853  
3.810609119387995  4.4813076992320156  3.268698822851428  2.9202624387985625  
3.307110712683482  3.6347880793609986  1.113057777954723  4.701213854764317  
3.7640506201463717  4.105455810973715  4.9926069691069955E-18  3.4701757461211895  
2.769919753431089  2.782211846312442  3.8842191421148824  4.825047049556287  
4.106908324243387  3.594188310391408  4.444444686528121  3.1996904776475232  
2.780993582246245  2.2347957246509575  1.8917247799462433  6.033963023896496  
3.5930959952735813  6.147537119389185E-12  2.0202208748701853  4.296770143880789  
6.748684542449369E-9  5.233728458095026  3.4872341790005015  3.048190749941248  
2.808489397419804  5.345779224434523  2.6732737354160223  2.309648290846594  
4.366287965291315  1.250022809251581  0.6201303266537824  6.665017715431673  
3.9389382721623822  4.913705483812296  2.861594699069887  1.8945201233712872  
4.598373374652654  2.3668613397918326  2.9431830784543473  2.324108180309146  
1.8952969754182167E-11  4.51868020372339  0.6229461036087378  4.801638153271323  
2.660354164840577  3.823963027087232  1.197186383028201  0.7035001933071254  
2.728502409211052  2.040996880035187  4.111298434041257  3.696485198786781  
4.707521783932387  2.3961137685349696  3.3390416842524746  4.873177703016922  
4.605658390509717  3.6251900759209184  3.147704818162959  3.544875360636597  
5.687867696376987  0.229059408938368  2.626093396941557E-10  3.1486741246581  
1.750401828518387  1.2994672673611773  0.9224824868749147  0.8161811406534737  
5.4261903168152E-11  2.0851705120441397  3.649790447689701  5.423336657035799  
0.9083559850253348  4.221589601572666  0.47466012856844353  3.700027490167472  
1.1579225334984515  6.5107154462603685  1.5817896696446265  0.46376711884158633  
3.2727490682085  2.2499521811555234  4.594469422057114  3.7945063793908216  
2.36114934106406  3.124811881094177  1.2795591349635769  0.7125919513979238  
6.097800266626843  6.88741580035188E-4  0.048946364288154076  2.6052078965820993  
2.2301141581652808E-8  5.326925837591734  2.0591098804450736  3.863373315010261  
1.8313390205391926  1.3976538885733574  1.0075450726105415  0.775535200943888  
1.2719532690068749  1.0249740521128056E-24  0.5918233523840746  5.792916527044827  
3.8599640891668265E-7  1.392872889312728  3.8534015926784546  4.364840605766432  
4.554064368690343  1.3067326330339823  3.963028893867481  3.6085243890377043  
1.695327165531624  3.405230026488683  5.180634624758635  8.327283904320545E-9  
2.516760785286584  2.436781425111021  3.828325500712967  3.1341624024419486E-42  
3.0023648659175852  2.8485891352929302  1.6401469517272709  0.5383424569312348  
2.585934927546668  3.0493274520046345  4.226676880550107  3.968249811875366  
3.5403232004005525  2.1668464777989738  0.908296049977828  6.536733752592408  
4.971316565375326  3.924592428881879  0.9656298125648277  3.1652716199706026  
2.841025115724184  3.2329481536668716  3.684275690318232  3.4232948960921896  
1.525757680588262  3.394228919445208  1.127175161022406  0.7927552564389506  
2.274128189046662  4.697987211161936  0.40763260869620893  3.2308056384785546  
5.6736167736270975  0.6365190508226818  4.42285441015546  1.7253855878095876  
2.697589549059272  6.23316843940352  3.301963319568714  0.7393807221354176  
0.9227028800579531  3.1038233891631846  4.842711960669851  3.9666969840981694  
1.4213352461228648  3.880847694451906  1.2465776454036988  4.621316715480315  
1.2573974539545845  4.5401001664316105  4.126476676796005  1.8936836878646172E-9  
0.37891934937404226  5.658184153347177  3.3733299555083454  1.3422539633217916  
6.233469743347701  0.2831951408130173  1.6229404438019392  1.2712022101030132  
1.3781025489694003  2.5491462306902664  1.2868795258421157  0.6917303318752517  
2.6605478130997184  3.87762923779601  3.9475993213919525  1.6962686002522176  
4.747088201066692  2.6570423052807826  2.5367688157818424  3.594354227057178  
0.9476803608229091  6.923367168681003  1.3033444148809434  0.6706472632943434  
2.239913079764197  4.975406975635329  2.752733798132491  2.9094382348693517  
3.1001958474076377  5.423670055552144  0.400341027009725  1.237276248261402  
1.8997140895178517  4.022461709286834  1.0153844544328026  0.7548716693976281  
0.8037311338657429  6.626938476551202  1.5795233119597452  0.8207039968617396  
4.9041343244428686E-33  6.719517397816449  0.5754376824054391  2.968318009457272  
1.7621141134784948  4.886239065624921  1.8616583962415958  3.8363914599984184  
1.5384266208283301  1.5461515118606006  2.8375545884748004  0.550328089533667  
1.6280580540297065  1.5569439435270525  1.4015879766268553  0.6155528108916042  
1.858474207406846  2.5118960122093856  1.101791225523759  0.798616889175414  
1.7207121734190571  1.7299633600601518  1.363106056084976  0.63694933495924  
3.861687034490927  1.8930931182338337  1.4197440350942954  0.5573529241158034  
3.6040775885588268  0.2396562920743507  0.41109107495650643  1.9402018899643156  
2.6706834602310665  4.905735745251761  2.3751234914722033  3.2294440804425357  
1.3843973028451963E-16  4.753713583101725  0.4076195249528029  4.993423806164368  
3.1674682739860844  1.128604831234008  1.6538345781771522  3.783254033517299  
2.4593115492535076  2.1645300669861403  1.0793181607538869  5.050943313042067  
4.851236931166681  1.3759909102967346E-5  0.5874866053223307  1.5554579404073714  
1.5030005240135312E-18  2.9763434913260283  2.296229151800322  3.505978518249448  
1.7781406425565627  5.508611426087526  0.503935571795451  1.2903819749661765  
4.266016303512114  2.808305106771213  2.2741445142081598  0.1447149731726594  
4.526664088995223  1.729607918902852  1.8513829821350463  4.699348365360957  
3.626572628347724  2.4154334650168803  2.348629820271471  5.423530926786988  
2.8315232856626995  5.929621711633256  0.3137126081598045  1.2026466314199857  
4.449927237362642  2.8463059330634  0.9610447119620298  1.572867536399413  
3.1828566625395682  3.268337634472096  4.031369898178074  4.555936758574577  
3.446197341068079  3.675851569104866  4.806126242468168  0.5715858711923426  
2.489019771004284  4.703069799606139  3.803917807042174  3.2445517688749526  
0.41262666619105526  4.040984619359238  3.8458175477925063  1.3766150784516404  
3.1311107986993183  1.6319804157900982E-5  4.659664791270641  4.556475483832738  
0.002558632726116501  4.724854606435496  4.772257176208  2.255560230985213  
3.3228125121888614  2.649579461257978  1.148878201430708  6.027753752025622  
2.199382714382481  1.954842944553378  1.404216736592824  0.6482247022890961  
5.477621455153398E-12  5.02583829681865  4.827742089227202  2.8316534706011924  
2.1767588846041876  6.452587551421026  1.2405651461332743  1.9593232107244969  
3.5923560278244207  4.908266753671941  1.9668530873709338  2.636532703388411  
5.0446132752698425  1.2633710615338174  0.7507452208263826  5.7922860459443966  
4.867510318704736  4.361392111042721  4.098804346706957  0.3052904802173537  
1.7986868436544161  2.36279568471943  1.5267604258179788  0.5946976352685183  
1.5978293911796764  3.5907661854859607  4.428088667191312  2.3668728207688168  
0.8402112934426909  3.0926455710228313  2.4100552890262863  5.221505071342175  
2.6011136408063034  5.173351527972082  1.7330402596919425  2.2032964518022458  
1.6790728685132288  3.044310822961862  1.9832717591954752  0.37454233154932604  
2.5912078153173663  3.152453351895126  1.0350489008646204  0.8308872433758112  
4.597104174753792  0.430353498667836  4.40426013208371  1.1960172940557738  
1.7649385474479293  1.309950716793798  0.9251660862240317  0.8137026115044353  
2.7304477441759225  4.356001597437779  2.5392258908791185  0.00910306066152246  
3.5601246503663386  1.502768224721725E-7  3.049283608605739  5.526474247256677  
5.468265932552685  4.199540978669127E-66  3.325608722093467  3.9170201034235856  
3.067396019361235  2.0737112920080447  1.0587776752977935  0.8154634548032537  
1.8637062932592112  1.62302293475467  1.0291204102328244  0.7845393956590311  
3.5324740695865744  4.494028463389136  3.465301291869514  3.265594776112884  
1.8133676553648959  2.342737664976873  0.8181617922658477  0.9370270708114465  
4.938492514143565  1.6567743635793761  1.5505244610678275  4.872640349860702  
1.69604535451027  1.7017588711489984  0.994071588565608  0.8046386254104734  
1.9244577776859042  1.8489243600421683  1.6512824093844978  0.517235102121667  
1.6091193462396098  2.8780359070735164  1.818385008376706  0.45703602927667863  
1.8915938537198258  3.292643056229783  4.06108703110064  0.01704878320188541  
3.3095514107421957  3.3937264716229745  2.827859694403677  1.38260893641804E-4  
4.162516346233862  2.3554380078225323  2.5000747820580465  0.00943684159936068  
0.07440246034006877  4.764419220215752  1.6868380956297064  2.21008024443266  
2.705323624670542  3.257145214892389  1.789121232071087  0.46485503786682747  
3.971897280532955  2.0685067411210367  3.613541443927628  4.547091242469577  
1.9366684764265627  1.5099965652931002  1.1703576771968056  0.7113640755308426  
1.9395985311643815  1.73277374944726  1.4257843736995026  0.6119238924630616  
1.7282373736979069  1.853307416593481  1.6620508585171334  0.5094214930868369  
5.284272433911574  0.18824818430926082  0.005870683721802156  2.7048745897651623  
0.880370093010241  3.6738341674695008  2.342985102116611  1.0475044396791635  
1.831395307317282  1.318704731696309  0.9230879465400308  0.8157903641884356  
2.0240320940571475  4.552282001043474  1.8177545548537042  4.899005396836478  
0.9689544669199209  0.9288595384048419  3.430493942488245  1.1846301104150627  
2.4218661161364916  3.6166358469643693  1.8928891348432821  0.41947052007787833  
1.5982364086328456  2.048234175284131  2.147760647121363  0.9643887595046758  
1.1190122177577533  2.9261253987533298  3.939889372921698  0.6524323935491964  
4.508026057932683  1.2415496914401647  3.7697086992737954  2.874873063568283  
4.140056454807327  2.294217928577292  1.9735252324175676  4.5132447790216315  
2.2173339303724147  1.9500419595839682  4.8494199911148055  2.85608428285997  
2.263320875577803  2.161193961014285  0.7850834990172385  1.0282888881996715  
2.51460838792503  1.8161016105875838  0.9941514524174829  0.8394406754789784  
1.6655751103656862  2.497985163829465  0.7869808193105465  0.9574163677997328  
1.821512232073924  1.8944691644077287  1.8193674067840262  0.4415852718886606  
1.752266224928281  1.2998866282135073  0.9222832980057055  0.8162715094867848  
1.6922432873915798  1.4184400778107447  1.126839999165733  0.7261943467449606  
1.3428113808442104  3.7745286836627274  1.9265476458800403  0.42056218336716333  
2.8805430309340827  3.3879753199546383  1.1329676378544193  0.7833602717367056  
1.787406004522816  3.8144499952835  2.0465504005852297  0.4659622578757867  
2.879324309651832  4.190935773194708  2.3738952083182108  2.688879707299726E-34  
6.943227991213122E-17  5.6888930639444  0.582258280386229  4.0450420955659405  
0.617895312483495  3.9184508505642546  0.3080604476927156  4.613236318778537  
2.9262989154209613  2.4038448811674105  4.81805542863404  0.008287334625054467  
2.001371196573029  1.8912824525368055  3.2696788201329743  4.301186696735979  
1.459323786649127E-32  2.292499628136496  0.3097788054813079  6.912860439098659  
4.000410413866128  1.6145804980142726  3.399544114438151E-30  6.0381562500697195  
5.044103275196823  4.336287889433226  3.4492316114140236  0.8603079468938813  
6.796751700320298  2.262478275940926E-21  3.5444749107179345  1.4546752026867575  
1.9695379932191925  3.361186995616343  1.612985579484087  0.699613374476443  
0.6515018959426634  3.4141632725828335  0.23204076235532695  5.057973438208876  
6.36577623849811  1.8116051302610918  1.4606538133492903  1.646395691677507  
1.8082542075808243  2.4061568486220346  1.0282190054284057  0.8358966709059911  
1.712902139831328  2.9652805912181655  1.8059561721446933  0.4598933664677538  
1.265608160381429  5.422763715496327  1.14896988216866  2.7766073745128548  
1.7590525056284574  1.6489729826495574  1.1113572484139462  0.7469091148695021  
1.7597333786496125  1.302998822550894  0.9222642255183817  0.8160968275768905  
1.0502103024369607  6.1557069212903945  4.988688285258022  1.2296779737481951E-13  
0.5487517356407854  7.195614444857987  0.6560664087040768  1.3992363514200816  
2.120287296430198  2.2954831250690075  2.3255428540308656  5.712778024855902  
3.3902128299707353  3.0589172821408563E-7  4.690144278591078  3.52630449102308  
4.946714878208662  2.326896916507315E-58  4.271477630993624  2.166396267840848  
6.052416431144527  2.078202775412593E-6  0.5191233874322818  2.1795299296993744  
1.631477552852324  1.489169232132102  1.295544938461385  0.6601882087236225  
2.064614721190737  3.1787817842900905  0.5238230672077694  1.276268705856728  
1.2251015229774158  4.466843090179334  1.941394262521576  0.4291805121898034  
2.3642203281073195  4.640360716882453  4.75792296697218  2.948062026495807E-7  
2.290981096334237  5.421728331448495  2.5333919785678494  0.8839693783641582  
1.131090251027108E-5  4.752886971145309  3.702314668699469  2.2340976269429285  
0.4715999794045845  6.6109091535534175  1.0072194456985142  1.4863739994542071  
1.9597204229661207  1.444269331406829  0.9090072282895846  0.8335256837674611  
1.7596640731381372  1.7919071630785157  1.5516099419801443  0.5558359676848014  
2.4601102975653175  1.6497712984993798  0.8543918546141986  0.899104652656802  
2.4856507340628227  6.9516019497836625  1.0812187336602181  0.8372953404588409  
4.4551089620611295  3.549506700046123  1.0319561392358718  3.2555442332989184  
5.503996242299652  2.5815246178444147  2.8323723684962556  6.104086056978299E-17  
1.6968849937896846  1.6632521305167416  1.6348479406014575  0.5274356137824335  
1.5362063488186284  4.146455828814488  1.7794291502382699E-9  4.303620773752377  
2.2390229376245476  3.4647666617104638  2.0602743361708415  0.3344976121684796  
1.0541034012769315  4.553888166306002  0.4305458405700706  3.0956861971521303  
2.3740148297714403  5.457459625478134  0.3765056810120039  1.1050536891766016  
7.869243770394855E-18  3.995448293532572  1.2736044939265414  5.066306668003576  
3.0705733736906957  2.5618706821555906  2.606936021565055  0.32129733511525405  
2.2569225100021235  3.2479035531531104  1.177752974552781  0.7625692535149372  
3.011328272852919  5.2719212161988125  2.8054074496130847  1.5402858203499907E-24  
2.3194463705636292  3.278866062640576  1.3871741202228534  0.6608402536912495  
1.2660241222710837  4.981722141872019  3.1786331684672384  1.5522324449338913E-12  
2.0773569258408395  3.1448418800047735  1.2135936407755452  0.7452764753176505  
2.629621221857232  2.2834186501825795  0.761557267892266  0.9804872528522961  
1.8739676154764455  2.2869464094684244  1.410994350842522  0.6232920863581961  
2.5194070822407437  2.8762323110843337  2.192894546293416  0.26789135249807117  
1.8523197666735916  1.9275109534604844  1.6974316252432353  0.501422454968279  
5.216094385249503  1.276689937769826  0.11619319402670845  2.4866522931361548  
4.113381496446215  3.5487095667922555  0.13317945073937018  4.871254886336288  
2.760014319720066  4.953695179615366  2.432386880262408E-33  3.272106679560795  
3.5304248389478095  1.2723444503559749  0.44575004723515965  2.305947980772711  
1.5489234030183054  3.4020120803591785  1.1720063693271316  2.723181100066683  
1.7763478459209592  3.4793862816469927  3.1065147361354852  4.766594985010969  
4.470510625991237  5.279170368892805  2.1439745597560247  1.5869073457231433  
1.9258130478526572  1.9006383769468045  1.8081525194224475  0.44863060092810514  
4.850541358376036  1.0178966574054116E-6  0.5866960782547532  1.555699351409445  
2.0301230762449895E-4  3.133285136089349  2.5662889709170793  3.2074072308008437  
2.8097581346445804  2.188547025966621  0.7781025245161399  0.9686650889772036  
0.7039560147430676  4.080706531468674  0.46885112809598206  3.2130898813010624  
2.277188085485136  2.399815474571854  2.503641004664016  1.918644612708407E-7  
3.7053590284681954  2.537938282984572  1.810526192358997  0.9446565589857308  
4.237408627991281  4.622275910427223  8.563913890463077E-17  3.281852670019602  
3.1553804163160604  3.0678536892267223  4.355815958679596E-11  5.279054995702836  
4.926599776739788  2.9045450741407013  0.7831701418190128  0.8090592774522336  
1.3119225875239529  7.450545222794186  0.5279615766946639  1.0024409196740267  
4.254336605148621  1.3427029566483877  0.4720951447408333  2.9925334235117553  
2.1377637835751067  2.2439626303116773  2.021497184086621  0.35058091275244024  
1.5076386118312548  4.509673482681499  2.267475027620614  0.14047220361940282  
3.48938163569366  3.78607260111152  4.328625229792203  3.3920941403347498  
3.461876425618949  0.2472864800343912  4.267992302024059  4.4868206449910994  
3.8273606657848336  2.5270384142262357  3.665578237591974  0.5483538384134375  
1.361076347729687  3.3393858056580883  2.5240963485990635  0.10414095798081222  
2.2433013114110607  5.095525703102855  2.781239184496654  4.6697646528309425E-4  
2.751847662986022E-19  1.9776825728651795  2.8224271144938466  5.0769768224722585  
3.2679513954780295  4.684571574068572  0.16322964690171998  1.776318030263413  
1.0217950066686574E-13  3.7880083168976832  4.045381313852588  3.186841601137001  
3.3759457051200963  2.6636539498800658  1.3532559533012303  5.934142604656897  
2.9483601796942596  1.6887573059731245  1.2942688924852324  0.7003659928359446  
2.2438598803275926  3.7539180959980625  4.005325015001682  3.0638730663695464  
1.1988321671476294  5.606041016373568  2.2112982036637434  2.970384202563099  
5.7912826804322385E-5  5.633852397420323  1.0191914817308323  3.3524090891197282  
5.108250804310952  2.908224501479023  0.5078532292308559  1.342764748592835  
3.6680333243621517  2.400373988192148  4.786373171132292  6.190972291253847E-43  
5.989334259906324  1.7762971021129714  3.7508930734001287  0.28700654056645003  
1.4705202389872232  4.816313990540753  4.759155866769535  1.3047242279161426  
2.924931086423468  3.6062611276627172  1.553935665791686  0.5794940330880607  
1.9288850126461166  2.4416200523783496  1.799888472551566  0.542923123088429  
2.3614211809835397  3.518181291607878  2.005872899330972  0.48838982891238003  
4.771502070758064  2.328721677435327  2.6701436400847425  2.009814287742077E-20  
3.631636892390984  3.1578022315239203  2.5059724422263607  0.004762038593310428  
1.6771265198156837  1.740092564744418  1.167796052451048  0.7269912858881769  
3.9641854392246563  3.0111480207648067  0.3791049005758466  1.7341203632654176  
8.351282639192936E-22  1.3621210356628186  3.1648866968664673  4.9095601385761976  
1.8259553095604373  1.9701575399230082  1.895282290600095  0.4118950474230301  
4.6664705578902055  4.2148337410517085  1.7671881123490796  3.1075891382706446  
1.3474276918996548  4.187048699700202  0.49752940552723496  2.01847948224505  
2.2139453756730756  4.090079806496468  1.4306948722831074  0.9123595654785129  
2.208480385825035  1.994491697083292  0.8741726559014144  0.8974519190137555  
4.838573879283857  1.7272785999613904  1.0354013494520127  0.838600056342778  
2.3644953991095563  0.5820186084476555  4.776456272786176  1.15649390804122  
1.7079748387442575  1.5830964124260938  1.4100465044009927  0.6100215162088439  
3.977383125856319  1.6559738581285839  1.225172474508515  0.6415456548339127  
1.5983770945161648  3.552814814016538  1.2607381096499273  0.7254901799346098  
1.989349242999127  2.278806576793445  0.9553684055446363  0.8685183516496467  
2.593984513934422  1.3864382929746721  0.9071590104698939  0.8508240262138721  
1.139890775097894  4.372817270886839  1.633400006496918  0.593637956103602  
1.7568703447478915  2.0148696810737703  1.153806804375644  0.7570880563299822  
2.7942141232058497  5.847280258494249  3.494679072820083  1.080120202477742  
3.322384291780219E-4  4.445487535330157  3.3937368432171775  3.4355549093478714  
5.211379591353003  2.441292436891404  0.09305801650112003  2.110487172333183  
