4.959219639116936E-9  1.9623098154932785  4.913332487787962  3.562565241264624  5.210762564749102  5.100743472678968  
4.323548470881468  2.7328472767248284  4.8838202610857255  2.938043168908477  4.649604012401144  0.6261408562725227  
3.452815470485027  3.5336809624169865  0.6943005509708052  2.6467450197434608  3.7148033284162705  4.666381556689665  
5.422070650029812  1.0702121407721013  5.597438688664774  3.9017536950631  2.4013183210686546  3.791447901587392  
1.6072981684313399  2.968558232566317  3.9132216207511323  2.3415745138840336  4.602283023111892  4.625427777872772  
2.9104967767072463  1.604267302080361  4.57615243313837  3.521883505648463  4.690965909538975  3.9422158591846768  
2.7010847127524498  4.047753152616834  4.074320355043319  2.970128740655724  3.8809601635502493  2.471343872782891  
4.541601938508005  3.6250938788294302  3.5875918529954354  3.6866788130041495  4.488850268273646  4.412643169614076  
4.177741000842792  3.8524925881345626  0.7291233572725844  4.510617244800393  2.8221494620564362  4.598578688177854  
2.6547861825363954  2.1453744708411557  4.504986023163138  3.167988696252824  2.973253088563498  5.284344493453233  
4.575307835042433  1.5493653746188396  4.187949943357815  2.174590856165769  4.6324928545639197E-4  6.177112498344719  
0.34903575792174996  2.153831393720819  6.1864582471537055  0.38848839851960515  4.344793257960983  3.1832735417854963  
3.6899149518274896  2.1479442143317278  4.865267804500988  3.9251989747909213  3.4297332994696044  3.7670495581085137  
4.406169255349414  1.5915035013690122  5.311751786825911  4.651399408239137  3.6304110739941216  2.1054407010593215  
3.8492393689053706  5.098196475912628  1.955477518627159E-39  1.2404975656132005  5.596798329161552  3.137540743378131  
3.236717091738252  2.1973487774005287  4.817341128511117  3.7330546965454654  6.1171832334716205  4.1431360093479705  
3.906086645105113  4.029872334368585  2.2610861646587805  4.808687326508893  3.066680037776348  4.926339965446801  
4.5823298943753725  2.6793967194892407  3.9356436824522345  4.881226215734485  4.535883504734218  3.7214610364047935  
2.806900303078185  3.0659247068048314  5.476541541334757  2.6863303099702485  4.985387864323854  2.492865477294951  
4.437058821487644  3.2603208708167863  0.0049357636015099045  3.8816136515811404  4.80181363068064  2.6335082140864907  
4.7720933846670475  4.589195022788738  1.178514068981246E-6  3.8434491937260895  3.471248955070683  3.012872635329525  
2.7670644177105424E-25  4.352479702501289  5.607291188577925  4.218435866010336  3.685486152229016  1.394638393195414  
5.936392231393372  3.980476113113907E-8  5.508601827115443  4.082815219318148  8.982744074345216E-10  5.350496419793636  
4.133797846208157  3.3248701398726297  4.71140349957233  3.4875878285100863  4.582423008885102  3.87488906510332  
5.242438924779726  2.252391974685794  2.3750516503095507  4.6378316878688075  3.437668307388823  4.651342761104855  
1.6995324802240186  3.647864231856447  4.3496844017447085  3.417598087820161  4.672782126876119  4.123045002484483  
1.176991871183793  1.073346373619658  5.477663339388325  2.2793608234798035  2.6239442296463236  5.4276843819629  
3.4134069902610906  1.9528680389444546  5.1008170770163295  2.996354878574136  3.0747672594277318  3.623419015288083  
2.416751640805015E-27  4.2851058007733025  5.986318228956592  2.2556988438103507  2.694475983017452  6.286182002459534E-49  
2.988635295547066  1.3509769658496769  5.145018144145311  4.3961372949485895  4.0136133187825145  3.972381856597407  
0.06182334520208986  5.1205257401869435  5.552368846119678  2.0923179934205226E-21  1.1402514943055135  3.105399545337326  
1.104187070248438  0.5853797018913511  1.0733387888622612  3.703277983729807  0.60821093018633  4.739794343684041  
3.3342518061003394  2.494048514197122  6.181163946928078  2.0714806442051668  4.751797951342406  0.08484701634416936  
5.2002778240104055  1.7131321573204492  3.292919913747921  3.53858331842704  4.583569936269971  3.1360423742111587  
1.3167931428969586  3.5264500507154044  0.5326233962494041  0.25838685937361433  6.458045770816747  4.073843527308939  
2.827037435027784  3.5619661123376822  1.1799220628909182  4.314122572270212  3.928106863521726  5.28167898070678  
4.2448416422694555  3.716970355758982  0.2944781373203251  6.615048465940284  4.226642201072063  4.667202805047197  
3.4119931884054195  1.0857339237782764E-162  5.280761683487728  4.149543569198491  3.453680070015911  3.257128155203674  
5.681068587443862  2.09869622297978  5.358870485911542  0.5447384185999216  2.1011860930522195  5.569978007200062  
4.630537016238017  5.055015186458935  3.401752693548199  3.6088546494092486  3.5535217022066394  1.1908150808411723E-37  
4.81876725786698  1.3819894909080235  3.3747532807768605  5.915422031702146  3.483425633352106  3.988071407260601  
4.077037192493634  3.1626177926625076  6.408149872427588  2.7300040285461535  4.84190932030246E-6  0.5230218266015867  
2.9818790888221205  4.830521102882918  2.4456650920189222E-18  0.9824754857304316  6.326115088082011  1.8650317806719934  
1.2497835347650972  3.9087648797603594  4.556988412134824  0.6850518870348234  6.221833446354171  4.638131044310004  
3.422693426016658  2.1872025722447623  5.133292516390015  3.9663111610524022  3.885376288682369  4.8021528074043465  
3.0427681158201936  5.392865426149277E-7  0.3979497725410123  8.370136292688189  1.345675207355734  2.0883881290115114  
0.39057424913828953  4.611336400406403E-12  3.38388463580289  7.252719736819602  1.9924618426241612  0.536009880112345  
2.704712783149864  2.5425235106222416E-40  5.141056745022638  5.230151038661959  0.7608183006120977  1.1398725088380046  
6.382625845197162E-42  2.4674911966692603  5.077023187335928  1.9436931638946122  3.732693249382308  5.214665361765125  
5.035268982660411  3.938756187606604  5.790318106897982  1.6563971410688996  1.7732708477781436  2.1691032681731145E-18  
3.4059140415316995  4.569651712771826  0.2185626404826221  3.7640247641771123  0.7231048814018516  2.133571207109304E-40  
5.135033104265501  2.5709772117371847  5.718547689944619  1.1397663519760148E-23  1.3295700801227182  5.38520982080767  
0.3550090253738734  0.6435457812397113  2.144808391151122  5.31800165818905  4.1926621725096735  0.5031685850803119  
1.2461177163511725  6.753397107662517  1.3195257129399378  1.5520233592950716  0.7319481093363144  1.7026418154950063  
6.142178431747071  0.2782800072909883  5.531332073129395  1.130306531178103  1.5622661458711025  5.316469155868837  
3.188001311413023E-17  1.5593871752877557  4.70108194982053  4.830761228503939  2.6225633964016386  5.349528158307792  
5.083403363162988  5.374197315340737  1.6489928495394575  2.062256044319217  4.564274502553665E-53  9.870423584442188E-8  
4.565161394335086  3.3371233357768952  5.897117231217395  2.129275923793233  4.865984205810849  2.818169298925745E-37  
4.083050569657348  4.14312421128788  2.845197060169943  2.987081561427856  1.755972644243403  4.909265166473154  
0.16428138665822628  6.114556261435029  1.265162595674645  0.0687023721226098  1.2414266952358557  7.174085830939535  
1.2621426956923991  4.0999004704303035  1.901219738656981  3.635365726506199  5.731605564599909  4.332676417849559  
0.012004734535866672  4.057959722504414  0.8495737869345905  1.698332411956251  6.27335847078359  4.7905797128098335  
2.1651940774548408E-123  1.8797713359456953  2.840023612973215  4.632340941521857  3.6486615420624147  4.976880998582923  
2.8260502567354347E-5  4.7970542246044054  6.157628577561474  3.0453033779101992  2.0403916046069392  0.27565163251749414  
0.3747137375515899  2.2480532811328313  5.0187593570690545  8.851845009332366E-41  1.9543511988856705  6.909068808436006  
1.897110063773232E-61  3.2816079198700265  6.190841176002119  2.010666609790288  4.939487060514336  1.995423425011279E-25  
5.692928173363531  3.1270610816719874E-21  6.102891880197179  3.541819101287789  3.5415679037784322  4.276635392737257  
3.7347787830832497  5.155044843920299  3.3639950426228116  6.663062849760828E-20  0.3860643352621224  0.9452465504027235  
0.8452014244984605  1.563063339414762  0.9224703172995365  1.908094667863968  1.4470028346116048  0.5353670900608761  
3.572136773404273  2.396745938905174  0.76545563073555  1.762084657833066  1.0952123030223726E-62  5.785200081895144  
5.422646686331862  1.0890740447707605  6.16454058417333  0.5622103666529823  4.207854743600307  4.164443185465281  
4.050969093694165  0.9511524632162518  3.8046965422321963  1.5258545356217086  4.401568209722182  4.718572809918445  
5.433052920046263  0.23102312829364696  5.03026056255159  4.354001595736702  1.565697928485772  4.895036645248505  
4.271669143222205  6.380813851096952  1.3133932524573812E-7  0.2140762279532345  3.6958941649568406  1.258614315071667  
4.1320364605982466E-32  1.2873787384293202E-60  5.855129393627921  4.143243326908978  3.49758873080666  3.1415487323742632  
5.517147960946232  4.9816921001128857E-8  3.0667384220008467  1.3713434739539696  4.3988457081733205  4.411724160974614  
4.823261718461429  2.5171467078182737  1.2801173098373417  2.3176957757101606  4.148551417188298  4.359034598162264  
5.975921330578333  1.9314839732027935  2.2369439104334803  6.66704841035467E-6  2.8436965571605164  3.1703416913324753  
4.267310699215877  4.116594346619477  1.6236988417191653  3.323506401035524  4.972930221088666  3.8474117873428244  
4.50044954868772  3.972870035150018  3.6441478599507113  5.9922026218939175  3.7329065278475606  2.714348630159398  
5.097168334254225  3.2427050034492964  4.67916401873709  1.9803793369387424  6.6271461850534635E-31  2.699935142677141  
0.42373835653222736  1.790258502007997E-19  0.28962708450190133  5.160208980520288  4.250247225881083  4.038505306662951  
5.716769804253594  1.9608858846868826  6.4673211501452865  1.1940129920313447  1.6806428393496553  1.4850165453931  
2.7624240714307557  5.848606481416154  1.3028470181289258  3.4003454174109975  4.26454980809522  3.29242211659913  
4.9111425461909555  0.06652718485325113  1.9337413764942948E-22  8.561204536792493  3.5438418268615366  0.5514030354669607  
0.4502014788140977  5.998218799039221  2.922341675583087  2.1250162212102457  0.6173138642635994  5.71493723053941  
5.819053131532695E-34  1.4551942330035057  4.379480419836986  3.0963143681587795  4.039788125724355  5.117906805464747  
3.615285881436068  5.503561933101728  6.201397633540946  0.8671112308756806  0.26342700271474667  0.07009966634688033  
0.3462084175301714  4.376795202940796  0.8762328276548641  0.6155209734425141  1.769179622801462  2.5349367671546825  
4.293542318348898  4.374166165739538  8.061727379848737E-21  1.5415647183915564  4.723247289050634  1.479836251845958  
3.842624518266519  2.695073505343938  3.536584131744705  5.323034704556956  4.681625018383457  4.982157131146143  
4.617754044067476  3.89830425946379  4.0378770175753695  5.403365764474278  0.31656599010977415  5.273783977934663  
4.039754392868325  4.647063510339041  0.5309647429056122  0.6487511061263718  1.5940858188060732E-16  5.634140941381511  
0.8370915042149889  1.6445969085421654  0.8781584181651981  1.8917897789279845  1.458825040548786  0.5366554847445072  
4.066527467453374  6.5181930901337  2.9955299603705785  4.62992172878012  8.719647282741248E-158  0.1388178857119744  
2.6811628481382805  5.396207964256701  2.612114024440392  0.06400877584824084  0.6132351504873924  1.1906093953019683  
3.7168305640727946  4.419906490433957  4.692512860528733  4.458444529673955  0.9505645598766781  1.0714414478796267E-5  
3.5723180103265575  0.0221975893188749  6.340167540378043  4.15486120391769  2.93634721774756  3.4161038524051768  
0.8277226159048743  1.6663371838973184  1.2088443176718857  1.8141677977320556  1.3191701655000332  0.5808821796642543  
0.5829521964643263  1.5886291881022134  0.72497318009453  0.8266258383959297  2.237592487838542  6.56230350126887  
5.327855223504493  4.163317368136006  5.682109753667717  0.6073082284496193  2.563596018476447  0.22813573091864806  
0.8072884430099776  1.7075140070200605  1.4130604989735829  1.7235947136317997  1.2194126252634192  0.8843110777373717  
1.1714759929172576  0.9991551367322645  0.18632978326550706  2.7121366556337283  6.046753968644893  1.3542301752473655E-18  
4.806223875710031  5.04332727700279  0.06384976686299569  2.11886956405405  1.014910393403339  1.0172284353676637E-57  
4.5136855331300865  5.358334184697906  2.8538802423313576E-6  4.472263984070135  3.039390812358248  2.9588945329549423  
0.8354890471085675  0.04636468264191838  2.728979441337858  5.790496681967737  1.1385207597845803  1.1275691326035182  
0.564983298623794  1.7185245554167765  0.18024267044090206  3.6891203400298505  4.262312491115409  4.552350798953447E-6  
0.8443050132911802  1.574872998275018  0.9055405325220541  1.9080611287802305  1.454048382146722  0.5344657271656706  
0.07269574886284229  4.50962078715389  5.093126680340627  1.7216981675791154  6.223738224896645  5.1063395061240865E-9  
5.841209744849409  1.569004357411792E-48  6.105302969656708  2.256722952940667  1.432477410547995  6.0181044235769745  
5.280225615361965  4.027348550434394  6.007047430900861  3.31062036965611  1.694560813338263E-33  0.35766491811933426  
4.864001303123254  2.397888232358849  5.345862884695325  4.109733278835665  0.021557572211605196  2.4375475002223568  
0.8491760364942855  1.6984345942268966  1.120611780452521  1.8301640980340004  1.3582532203132678  0.5616370388018362  
5.6774428806381625  2.1304246563801  0.7651608176507468  2.6620010280324338  1.0857931723406141E-14  0.036245206923421286  
7.224094709199369E-51  5.1347433952335826E-17  3.0754665405538324  5.351311116196107  3.2344049437344804  6.200872637353973  
5.045599889960537  2.594907235865011E-21  3.1158878244992077E-15  6.99017089745886  3.983600486577187  4.596898655659909E-31  
6.361051095269571E-13  4.31021140584783  5.023869919282685  3.944231198883087  5.736012052544096  8.510759634574776E-33  
5.190580112955782  2.224893881347103  5.543761888412934  0.9274657148284394  2.764588506071931  2.2937711612895675  
2.2782408941184116  5.67132158795079  3.617350601099155  2.45273484152986  1.3195574869743294  1.1277277507540816E-4  
1.6053590081799924  5.675378684661932  5.327313342730003  4.851249633716346E-22  0.9950791997455608  0.9001548419923816  
1.7713577098322317E-5  3.8805861208070433E-14  1.8337549793430443  6.049310360887546  3.849454392052215  2.348729137171661  
0.725979110109912  2.8585417742243497  1.6976585409461094  1.1014727439349472  1.1136141689220973  1.2201405754356052  
1.0240011827613922  4.688578763273153  4.222341435756656  2.10086124928822  5.119276759525656  3.53962332770939E-13  
4.990727485581666  2.366021081125254  4.316557335946556  3.093419697296529  3.208533565643754  4.781351680586629  
0.04885661589117602  5.6626715654581234  5.113443418896634  9.987454365377553E-4  1.2655584783485934  1.9769634669438363  
2.4265936527094145E-12  2.950853687683529  5.685379744435004  1.9446949338052333  5.254614172442898  4.4085122349898224E-29  
0.5526107588635364  3.2990286650259897  5.6806590499950085  0.6960843818615805  4.821849810942104  2.6480861132740374  
1.0545792004262227  0.3734791954251299  3.244258502932671  3.907271012251726  0.3401014027112958  1.5444604183924526  
1.4654425897034595  6.155138645387244  5.009036514183329  3.771244800688942E-15  0.973808275361745  0.9964450545643064  
1.497106068993905  7.9966812985460205  4.132588771725112  0.3584873323125044  0.825174700953524  0.8299770133077949  
5.607198941879473  2.2011805213145792E-32  0.7309312521674898  4.319778325915766  3.254573355100111  1.4935384374151086  
0.5113713758332715  3.283895151341427  0.590350940869324  1.8354261881224714  1.7009431014108802  0.5307393503583008  
0.7941785116280901  1.551217210286182  1.5345734274185396  1.845767635618252  1.180051583539458  0.8606444553620811  
0.8397353334099167  1.6188370957617753  0.8989842580302172  1.89452238035105  1.4509644166362936  0.5373410947402449  
0.8241618964191139  1.6342252850315058  1.330743281072346  1.814545455509724  1.2652354437933315  0.6149493748627207  
0.39933668075946666  4.2607236974583325  0.6342760158716808  0.574004864647508  1.8322730504697504  2.716898616428111  
2.9019347821233  1.8391585134348702  1.0188508149558775  2.4321456096271734  1.1713614458551233E-11  3.6234066906744613  
3.900092881077668  2.7685639213596476  5.4883999505703756  1.7869623189637978  4.66458760504465  2.8158260728647497  
5.967420350524213  2.9187665492692147  5.421632867442533  4.628608901928591E-35  2.4108868847723928  0.49415645387478707  
0.6337075159752494  2.7180243707078873  0.550140665687497  1.8199546281773495  3.3315051579996506  5.940181432037891  
5.737373911739411  1.080248019102756  3.2238271113989834  1.2736767377772933  3.619081820573408  2.7490827769917208  
4.310806960964907  3.9134482274195452  1.000725212295052  1.0960676346774751  1.9654257043485788E-21  1.9200890570325588  
3.790296790538708  3.7504284775519565  0.4816884672058254  3.5108392466714218  0.19673346028036365  0.1847674792798465  
0.2103962842880282  3.1286804886013404  6.449079384437506  1.1550410170267718  1.9998213766802981  0.8286014775430051  
0.5280810246071436  0.559851567118673  1.1503579925653362  6.395622308263955  1.1730359294755583  3.104006638320558  
3.6921333463553943  1.9142890538825574  5.2809790431363574E-45  3.702789055685436  4.05210989647475  5.371511850094985  
1.86698665942419  4.751854297500133  0.780168658931248  2.5710170183319714  5.758511415382099  5.288501718025048  
4.363403561455085  0.48010421293676026  0.24744989140055956  1.22954809352422  4.947701015202914  2.855754757766505  
4.310779414913035  3.587743309294244  0.8611531497875918  1.1159314309860127  2.350299205996999E-14  2.2172329336011907  
4.527947659045292  4.006502986726165  1.8222866177167152  3.4043344367964727  5.615768875680503  3.355144577634717  
4.232739622772551  6.504311982787608  0.1820457269968181  3.8547106299751053  4.942018257782992E-116  2.7727866543399795  
4.3988714769113  3.0516399719283913  5.776884472868363  3.9315518543014534  4.502539864660728  1.3266448399962658  
0.3405153854308452  5.463480275394132  2.9570961874655595  0.14904200846784132  1.2007706755397456  2.1792110695098024  
5.242308282180651  4.634885577949523  0.2969638089564826  1.0638911207158175  0.9813007924129081  0.5251196602460015  
5.758692436197031  1.362486702252995  1.4371294445012406  1.9800622526537024  1.47632323305819E-9  5.728474583234109  
4.510940024468779  7.409217168888543E-6  5.340269433168811E-37  4.5171622109730745  4.867996542201553  4.694256417702861  
0.832667690795654  1.5956574147109208  1.1616387966350916  1.8571695963734016  1.344915886353789  0.5655070977194874  
3.721689243022704  2.913396469108963  5.531381792455782  4.146120271983339  4.303856241052654  2.119781748663554E-16  
2.9228317277700726  3.7991442643088225  5.637337329292099  2.62304474122078  4.944318712985347  0.5541233688542408  
4.01354305241397  3.778913922038575E-16  0.7142247299676231  3.497791898385189  4.978651108168502  4.587518250158714  
3.863790394249984  2.8382236816540157E-65  2.414801534984267E-30  7.952639997946077  4.3168268559592216  4.259310700375221  
1.9823282054540061  7.226140615525098  2.529472124932441  2.066503750601321  0.20996639245419293  3.481363419772666  
0.8368019075705114  1.5965973643658613  1.0215110945871972  1.882583028916169  1.4010436223372111  0.5483645466365796  
2.755608156866358E-20  3.878918488643974  4.173142679211652  0.4331672704082618  6.370384766224599  4.212868850569341  
4.600444389235781  4.327414750313228  0.02389388625059244  4.773424585660275  1.5734857181503898  2.3883974049920442  
3.5147239424493364  2.0714653573479453  5.218439830735345  2.1475783315129346  2.657178612257275E-4  5.354900836612884  
0.9026815667981938  1.6570975278264626  1.3060721828040789  1.8295239185831338  1.2482603771574248  0.7350235125694446  
0.7786010729680279  1.7269062549595517  1.1571798166877507  1.9014424614508154  1.3218873836836007  1.0510915144462756  
2.1662701018320605  7.318652263777699  0.37662636074743144  0.9782068074354668  0.8960872052818047  1.4196623333955412  
0.8486337887047154  1.4752636054043966  1.0360699489478045  1.9200159516168391  1.4089973043687452  0.5409230062021769  
0.8899986482826331  4.003589643761147E-38  3.5094500986753823  2.39294802666954  6.083712925512711  0.8821745022172348  
4.7513692068810505  3.125998264661793  5.625688340909262E-45  2.029728340832187  5.2634846606545995  3.5810575120055805  
0.8741623341462671  2.3920739086594645  8.962774610946661E-76  5.5683212611110875  5.1433303396482986  5.348925630866513  
0.8293200471328626  1.5652693269259261  1.305412462458561  1.843187153087244  1.2885799934738558  0.588156127234034  
0.8250315866863321  1.685022241674101  1.2113018729350757  1.8079561741466839  1.3200278717258602  0.581836099075001  
4.618424682281612  2.2617878767983455  5.4429053658764275  5.983212328377389  4.109393246325412  2.861977690589651E-12  
0.8279510082093742  2.1236001638618767  1.2438789773058034  1.6029106844363923  1.2948296335906337  1.0586788398003446  
5.265606362158106  2.6870930845868966  0.43822405651062957  3.9768885479168414  4.7227071799288554E-64  6.317058373895727  
0.8477866856903311  1.641646770510657  1.529129719464223  1.7364966275146856  1.161286928371721  0.8752070504329149  
0.8469436613417424  1.4714080844073507  1.0864518331064839  1.912000039616529  1.3866090096051793  0.5476167837125522  
0.8410516615640222  1.555339246482212  1.0250772191899093  1.8965658285121334  1.4052644554382487  0.5450742694712297  
1.856430768887693E-11  4.796441794114444  0.4449377172147835  3.4658447909405736  1.8491945561648504  1.0490185605076745  
0.4580013893807302  1.2018800811001056  0.24476448895823735  4.260708371874923  3.995009607986561  1.0406236815861514  
0.6470541739790935  0.060088569135632805  2.9858979405882033  5.885012678437325  1.416223347419419  0.6748657984902408  
2.881479814081686  4.240714400476177  4.501647666373099  0.12063767989729121  2.768655899756369  0.7260947201885306  
0.8449618557483853  1.5684798600215037  0.9109619508701384  1.9087024649657331  1.4519780197225718  0.5346524032710213  
1.5340157371133991  3.029973105649339  3.3702877484570193  3.9614541113021513  5.685869580242653  3.8176407870870857  
0.8157841854064717  1.7663008818506991  1.153601930702355  1.7354410430621987  1.3276082123102508  0.9280644879929383  
0.858274680030716  1.8048408400933937  1.6935326932907795  1.9032239667310242  1.0718018858049085  1.1362744908332112  
0.8117658312467431  1.7463546927087445  1.319820915605764  1.7752015996328436  1.2913375096514388  0.5954516129115492  
0.7475917136976868  1.7160636700421854  0.8833915941013192  1.6200158314641064  1.1043647564313954  6.205106248125744  
0.6372702710743263  2.849511364888368  0.7367327860805793  1.2441663669793013  1.6328966616948442  1.296073141493089  
0.839468775127214  1.4001020765128056  1.3650138555120719  1.92445294894525  1.2645186174483036  0.5972117400287131  
5.728418737413248  2.5892738167688614  5.701437061599153  7.399101825186649E-148  2.6601444554208586  4.6937790784401585  
0.8323917790371418  0.7556858879367692  1.8553941571474626  3.8540039489591265  1.0133750891575672  0.7444795467991958  
0.8376679591106312  1.2894211721344309  1.4267753792068634  1.9686362824365857  1.2371662751187258  0.6124617414088442  
0.7679026167129489  1.3677824204592552  1.1898714256417344  2.370220840312131  1.3563542421808006  0.5337530610646094  
0.1849228152311523  4.193251184238097  0.31451507100025683  2.843522316250988  2.252248459556595  0.0010701051551295557  
3.4711440146606827  5.704005334429461  0.3946600132299785  3.529227305658312  3.00565435002832  3.7716200487416796  
5.120586578216575  3.7144597563723267  0.6304915837446308  2.357197520934049  3.217962939105638  4.659190529567838  
2.9302738950127967E-24  3.308747931906955  0.05691530003032131  7.329807864103113  3.910845226652213  3.512550934525365E-12  
0.7551251152281596  1.6215458375757337  0.7716202149965223  2.2131497000816984  1.7216961310684948  0.40403447951904015  
0.8319400475938412  1.3762207024888744  1.6967952282179852  1.91002548058738  1.0992371958460003  0.7962901427532623  
0.8372330618474028  1.6313199102306415  0.9305534242870085  1.8849522769626312  1.4346020654429372  0.5407926684665118  
0.9815681779131362  1.796776806675028  1.5964603479874162  1.7573767601488821  1.0695408457024675  1.0937530369430608  
0.8291761541155033  1.6771931925530508  1.044368474216652  1.8496867624223767  1.382635885252645  0.5576248808890298  
0.8184714686560414  1.7504178432975839  1.2988321134685104  1.7595233553648295  1.2851491174219938  0.6006066174150966  
0.8194497429598164  1.725057636529393  1.299226194777146  1.7774786693722058  1.2878748722514388  0.5964397501257027  
0.8492072623616146  1.3631619357510287  1.7397194734822805  2.048895934905871  1.0590210046953783  1.0124463130122825  
0.8088993645192158  1.8199499984879262  1.2464262152229333  1.7021971311659578  1.2986721246259294  0.7786373925017698  
0.2893006946450005  1.4979453043653302E-64  6.0561279859274935  2.496979911688549  5.245436228057766  1.9788557109718458E-8  
3.002691906141098  7.908563122095597  2.6827156382160924  0.10943937744189858  0.4871507578226833  1.082632462056132  
0.7582168092130088  0.2370883981086697  6.588158222893222  2.0192079138328265  1.1021798766555553  0.7274913178504874  
0.21927685579799147  6.8934833928135  1.075453385749317  1.4333057142895358  1.6550391750530846  0.8187310594197679  
1.6999296730839195  0.48070732824816026  5.027445325888371  3.5298117734428085  1.203507339920896  3.2680902567771652  
5.113217189608239  4.569709415666496  4.107305060478692  1.1436472236847806  8.04424986276304E-161  3.6302585309438  
6.269314304922648  1.2946213144865657  5.9008615845213805  0.9385691789880137  1.4383594180151151  1.712043055568634  
4.06297432057942  4.005490770534777  4.563070123917775  1.5563282952348154  1.5267474244259531  5.837917776737612  
9.490151526491482E-19  1.6338477716325661  1.1392375949627997  7.923239729815264  1.1326056988395812  4.610490252009633  
0.8928181581581495  3.6438247550907046  2.3475984841671953  1.335408657742003  0.8927406368331064  0.68929233315251  
5.688162753002982  2.2313748323593674  0.5676520275555782  2.6106240299318344  2.6385472992875195E-5  0.01557165430977069  
1.6211648004613368E-34  7.170124694458943  0.22724949207211326  2.967197373691852E-39  2.818913526035404  4.5725701409738875  
0.8022546346846631  1.9450129755379837  1.1071479038690624  1.6590420213552561  1.363927026319299  0.7913855066859151  
0.8426487259346558  1.5947920063712655  0.8984558769522394  1.901905618489058  1.4540371798925853  0.5357373927238189  
5.464316381975347  1.0443625977562925  0.13422142857318067  4.332020582815939  2.0471319771903214  2.5243745738063345E-26  
0.8369389484522891  1.589603551389542  1.0264394336126101  1.8844694039782561  1.3999025935086205  0.5483806739485532  
0.8254523230271876  1.5507731470353487  1.3408264459311998  1.8545069405075267  1.2735198317555807  0.5960114526299553  
2.1577654586105942E-19  7.483275203004803  4.5000427689872335  7.588534516047696E-10  1.3964463448862885  1.3332734948939464  
2.4292341274165814  0.004251254224361999  2.4175622053906984  1.5949339653865964  6.423405145167669  0.7809853874359656  
4.490350106324572  3.5296945150118715  4.376427010472754  2.8095682423708173  2.6429766959651117E-24  4.70178858244532  
2.6891728585282335  4.958903993588097  8.702283256302279E-25  6.634429366636338E-22  4.109215000888687  4.357230637439641  
2.488067794079658E-12  5.329798672958632  1.3172248194116369E-10  5.311698307708876E-10  5.737679935757056  4.114360241633404  
1.806620223762711  0.31211007941624125  0.8851774136271077  4.862160169481263  1.3449276770893344E-18  5.331466201818897  
0.8462023611998272  1.4994208424877717  1.0365532102507962  1.9115893186322666  1.4057153296168896  0.5430045946545622  
2.879310109600005  2.0995252685098076  1.3373030671471844  0.6848601199269928  2.313476614864863  2.463064377688422  
3.7883129485127247  8.267264248453031E-10  2.548729853188501  2.2264231798763783  2.54265166541111  3.0261545480262394E-8  
0.6979642309299776  3.708326128373137  3.390866127132999  5.985053546495984  4.2697307590138465  0.01169354297539696  
0.39676227607716835  3.4574341856499706  5.143053614396651  7.1025298714897726E-43  1.1408856320093415  5.580665813681845  
1.8263152877691484  4.6126655124069575  4.0566806133471855  4.518624214919992E-24  1.8877616319090296  3.01351612307254  
0.05619275266901466  5.311175304477019  5.539717198027532  0.2412714738779275  1.2366270957549856  1.894068938724415  
0.8155929176675484  1.696504232370272  1.4145370102650625  1.7773195169915115  1.25468515118765  0.6066660062952164  
0.8441443177095359  1.578175051799669  0.9076469453854689  1.905686162738961  1.4519226145455655  0.5352792777374823  
0.8452478471616252  1.5361147777466067  0.986726368901249  1.9061422028885127  1.4216258015693723  0.5401223880140524  
0.40751071017475793  4.77137848721171E-50  5.8559350949602615  2.8035452467305384  5.193001298524016  7.362333025789789E-53  
0.4828661367674691  1.6542937242030602  5.0877070394262285  2.339713231938773  0.6454310357928085  5.550437882349018  
0.8217215733629539  0.07016098387486089  2.2677651637279137  7.496720751875987  2.4227995621496534  0.15581951721164483  
0.8325323445811071  1.605280150600167  1.0853598672913696  1.871807935559627  1.3753307581511662  0.5557933194999867  
0.32981961753345185  2.9139754091451704  6.669259567375917  1.3648651480607696  1.0473563864877111  1.2194554757722107  
0.84443510145268  1.5748502567763385  0.9071213254210853  1.9072049013776515  1.4528712464070295  0.5348423821022315  
0.9955857200826799  4.670812368922023  4.713399020530136  2.309549298465014E-32  2.5530631126534225  2.7845714320252437  
0.7008230631902373  5.585075654120279  1.1285488403752787E-5  1.622052861029372E-10  4.555479345511423  3.6022179612195484  
6.077383457995623  0.15639991934530098  1.0195025438146013  1.6905488020671664  3.296382641565921  1.8639554869611604E-59  
0.5232764590299688  3.3193241727180136  0.5932933865555372  1.7436275181441285  1.7040235232302094  0.58408669123349  
0.8396196678677499  1.6221780534406507  0.8859086183855717  1.8966678263163945  1.4573919724442417  0.5360906621591773  
0.4613371614893594  7.657193967851837  2.935992520075889  0.5690465600864069  1.061993797506039  1.1168923465629415  
0.7950931443531961  1.8862863446718163  1.3834250426196812  1.7036365130861204  1.2574534237900759  0.8168320043408678  
3.6283115047609975  5.138234968561503  0.33783931306798  0.7020968817500637  1.9589168969609745  0.8768113728778555  
0.8408653299689384  1.5687060499619938  1.0084646576382819  1.891480907466124  1.4080220934282954  0.545633365269772  
1.0556130728691646  1.7545480404405989  1.6126038126713653  1.9032860903453923  1.0538635899414919  0.6682600866282102  
0.637137693867121  2.8468593580015478  0.7425681903924324  1.2412616872790372  1.6198934406400374  1.3194619756236878  
0.8249038857691823  1.5162060257844454  1.3681370376566713  1.8724188927470897  1.2705431226768193  0.5969580831911382  
1.1298835242883172  1.7115512770114598  1.4754044230330638  2.1746206940231967  1.0259371884252517  0.7867042053440775  
1.2326897047588934  0.5416359531795428  1.0839290612583148  3.7111054709206885  0.5191745183315754  4.716986931282645  
4.340906678991033  1.030304229035837  6.040359445539781  0.3481675097794241  4.386245061006981  5.085824902424496  
6.110352753550197  0.6837989972625356  5.6018771606445315  1.6346130850919024E-172  1.8840833369248817  4.316344877472327  
0.7026515738642993  0.8108396550416977  0.9120894831721054  3.1987975360493137  1.097062838722199  3.2979650428225025  
0.8688388505869369  3.854456779237486  2.8699289843393276  0.7970918772344336  3.156018421295392  2.754047662654706  
2.810268525865465E-52  1.0451945794820452  3.442903754861302  5.531091304774105  5.63912470966843  2.029813864203749  
5.497313283427558  3.6415937348742546  4.456368572359272  3.91714961029345E-18  3.0801893580430186  3.884714756679327  
0.8373507592046884  1.6281529896395233  0.8995807556588491  1.895222113873497  1.452259624607248  0.5364882150492994  
4.099796603667456  4.076798669182405  0.707526829429058  1.1335192292756795  0.04172508010259345  2.295909131716522  
3.7796012028510404  3.7599289798858027  0.46742133979434375  3.515434354788458  0.2555575197662363  0.15389278946735646  
0.8187498586426679  1.7461480392688442  1.373500422029544  1.7089733419242592  1.2385862577534545  0.7883261372745252  
0.7271273172914078  0.4788009836314691  6.982741099330144  1.2669858879604954  1.4612917456684302  1.2643574457594065  
0.7688994458326311  0.4131579362118558  2.3494423788361427  4.268728126383829  1.0934153907284032  0.8076246262297611  
0.5866199993132387  1.5834476647234068  0.8820204338282334  1.7917880716345231  1.2680379435014975  4.297195507386332  
0.8872131348470904  4.790994723295735  3.0275135032129947  3.8879528456281903E-51  7.032625149266296  3.750670100628579  
3.426958487393588  1.236322872273573  3.6900847128501795  3.638840261399404  4.071370669132156  3.8566136857735214  
0.10860982107894078  4.926876091305333  0.6345295785182916  0.011340278461139048  1.886726084926618  5.518086554610948  
5.114574137713847  3.654819509898792  2.778575703167255  1.3428716242200201E-65  3.3632453128861624  4.315516135329659  
4.295954938820102  3.484039373780913  0.907184094061838  1.1456739628784427  3.937712232342273E-25  2.3918527607225357  
0.8174897859685856  1.7731279728953155  1.1746327687872804  1.784046299775691  1.332936747677664  0.5831670598611185  
0.6617927123988381  0.7015206416551254  2.988729043365175  2.9495426390618276  0.5585164795312075  4.122996316017412  
3.7692638355645554  5.040218855829878  1.9860810751208553  4.489083295427941  4.217822529550388  2.5753999229658455  
8.653046960741852E-39  3.190337947404427  1.4298428793363754E-26  5.20945215743975  5.5921270332900965  3.89342620804899  
2.2965236622912513  4.144731174487669  0.30866022290445666  6.128177627812257  0.7382714620756664  3.8310489149130214  
2.4537572208871175  3.9621413623152986  0.51933533963225  0.9262117669320898  1.511182489452875  0.8685321102036033  
3.0587275600075183  5.460451775003257  0.21202993726889535  0.6477068751246589  2.280592247285893  0.9793013152264851  
5.136299158400969  1.9891015264787482  0.4506306796556244  2.220228573095044  0.7867741941818615  4.494486369200896E-28  
4.592587601304266  8.977944077389296E-33  3.1743887061090663  1.975327800806461  3.598768277451425  4.755660382092061  
5.512398030451977  4.08584175393052  1.1354085617231757  0.026202708223757993  0.8124660440066853  3.690932455507402  
4.524404557436573  6.803822146340573E-5  5.158341411516226E-38  4.529558500846731  4.859977110857718  4.689937540329762  
0.8457134607822119  1.5557463913817948  0.9240504896344668  1.910895964280171  1.4477346117817904  0.5346739503953816  
4.279881852342072  3.119463080347365  5.356197845104856  3.6716092842412396  3.051248147684622  1.539999196497318E-15  
2.0919264454990505  4.717610296677765  5.2324120023700464  1.5432548304862452  1.5581721177341987  2.2249143743223883  
5.829058905557083  1.7544648317662324  5.813569838983268  0.011936095044812217  3.134076509371921  0.3120104357964  
3.1083054482653467  0.8610747461970233  0.443910034711671  1.077401332347591  3.033626483262149  5.5075206122500395  
0.5844461096126368  1.4598732659267428  1.250898196165019E-4  4.450101871603909  5.652708745638313  0.13148882935532324  
5.143949494669917  6.740048006166645  3.503097842340499E-4  1.3995920588946835  0.31285733919015735  3.012508349400056  
1.7178747798445579E-43  5.608093626447565  4.476133827322709  3.290542296574038  1.8784405927457977  0.2858092393516928  
0.8319955176614194  1.296950308112371  1.6059165820641386  1.9425297545761542  1.1603495696107378  0.6515059232366904  
0.8183053393729256  1.8683729265031452  1.1123617841599742  1.7429256657382772  1.3473612514479165  0.5884780742044198  
0.836565889472291  1.6530508028071025  0.8815958532641521  1.8866694537015125  1.4547246546831858  0.5383247207221853  
0.04826786053500345  3.215896512921612E-32  1.7906269819347802  3.9790893946708374  4.960914202673808  3.4401668107216103  
0.6744561842877166  0.18143312205416617  2.6973620871175306  6.074064814809455  1.35099658495924  0.7002785772680122  
0.7961881599815727  2.0378824197588754  0.9562211975014667  1.6370080799433138  1.4299642447260381  0.8888599269785981  
0.34192147299650244  4.017794666167494  0.37959580179120017  1.6962265450269824  2.9132833419931026  4.514127698400083  
5.499145269791685  2.075385287252498  0.5125931972787198  2.1263914977721283  0.48325101852600816  1.955765079344682E-21  
0.8351775497311379  1.5219107467343984  1.4282280483980538  1.8501932527766698  1.2407732789490187  0.6099771240915249  
5.195428025287515  4.825668838522714  4.658197736223802  1.5224681208442494  1.0097311054311954E-23  0.7983866997999298  
4.118994243116547  1.9535689703117545  0.6742344723937754  2.2284962629501823  0.48368792558617224  0.08037233308640426  
3.687927087213205  0.021818719553130615  2.9239439626652413  2.110350813413936  2.5416969649947814  0.4198447007840437  
0.8442358316428089  1.577228541973807  0.905867070387435  1.9065976174735975  1.453107246021379  0.5349356095913953  
4.313142353743942  3.7476998667807053  0.6487265478306815  1.1398298028090812  2.5446803859873036E-11  2.3713670752186258  
3.4122431723411324E-31  5.98361744389397  0.18608026682233117  2.4208336186160326  2.264865117864214  0.2631948630316785  
1.0591360935335583  1.81614675903569  1.3984996515061627  1.7748410458181436  1.097777524275597  1.1943985765005465  
0.39954999689070836  4.282521165340281  0.6293540015551524  0.575389483227539  1.840572815168281  2.6637309030469414  
0.8438768157239349  1.5665906768052416  0.9439597864853159  1.9032979174585207  1.4364856436554883  0.5373748589889354  
0.827905969381075  1.5983433076383748  1.181278579109687  1.8752429437827083  1.3513098954958491  0.5588689111249543  
0.8194484602521614  1.772373240202502  1.2270734934220686  1.75509527643534  1.3146955932003501  0.6247286111696942  
3.8261436992078095  0.2818151765208859  2.097585475215855  2.079966613497692  2.890635558108589  5.7661829242323295E-5  
0.8275722107317022  1.728258352690914  0.8937351362386876  1.8624374690658514  1.4412779229519919  0.5435719210519999  
0.533971891781265  3.3147374185552287  3.5274626314236803  0.7158288964273918  7.078081679112729  1.09899382225962  
5.222447386033802  4.361237121918626  0.22751848895437776  1.2430132966210075  1.350595724187532  0.3583923476261994  
0.5121029605218191  0.1997921353291099  0.616904035854802  2.8008364880880983  2.8292884098554696  6.2280058149045106  
