1.4772976435911342  6.523539886546429  4.05462443394346  5.194418342362223  0.1828421863507041  3.2696578062696693  
1.1716224480390157E-10  5.242825321546411  4.911846410243889  4.415237259200871  2.1060860064504587  4.116532930359381  
3.229469857664623  2.5842897619593055  4.668416531432346  3.1814069829060845  1.0132570048457865  3.01766489466689  
0.5824492752622894  5.40269820977275  4.616241532062929  4.352266708536234  3.744518559221364  2.0405429721787702  
1.430555701415621  4.21455544356555  4.702430255705631  4.753135514224092  1.4853763683316623  2.988294205029624  
2.663601934793173  5.76051658772241  4.423262407104252  4.667944393991493  1.2218231547712188  1.9653934864653877  
2.4448132881840583  3.9478971771681617  3.126856134822458  3.0280210931212843  4.204887225351197  2.5069132363437996  
6.134838076809452  1.0287503430549025  5.115444643468557  5.631319711242216  1.2257630165988689  3.252655553975454  
0.5079445346648221  5.811398821671122  4.628135202919627  4.502638697602046  2.147043973687772  4.058654689436362  
1.33305795390398  5.741317226001991  4.504962683305066  3.05088710209194  2.642411091019247  3.3490667896618818  
1.2458363343264853E-6  5.362152283796493  4.48710244381583  3.0288818788035545  2.8414186414706184  3.8500573746127986  
1.464203345376107  4.607195722733297  5.252778305346492  5.648355538898984  1.6683251875857668  0.3200959968099723  
1.8557062394119848  4.913422900001104  3.282493362764455  4.444015051039363  2.385953404111735  3.7675219655695606  
3.0110158549548682  4.801720909145204  2.6268018552954273  3.8829860852844233  3.392258646137238  2.851172856152521  
2.2795438899077887  2.9657272330083  4.98061987643015  4.588190511915405  3.9153825250148215  0.1339296042749481  
4.536635031917498  5.133897497568389  5.218638897828994  3.7251614505485398  2.709367403281976  1.3804784414551208  
1.4087329807584095  4.331507789922448  4.378401034544217  5.412172217422382  2.2772046107930497  4.679805126928718  
2.3107355270005843  5.416270261249483  4.698538784341079  4.165569990671248  3.048910887896235  2.890603030871535  
3.0290263795094883  4.747350627246114  3.5356235614217697  5.048700618248311  3.021443736584091  0.50083219456868  
0.9788267935892431  3.213063083485279  4.323221387018357  5.234063946911894  1.9009761865492532  3.8242765224484674  
1.5141607704065236  3.8802394551547756  3.8292071606540383  3.3661082277343732  5.303749424341194  1.5038016662086138  
2.57297701432377  4.617685581260046  3.0278092874677216  3.4204165728805602  4.685103216995593  3.285540579239823  
6.747590592294818E-14  7.549900627060303  1.7594549969204691  5.485830291789286  0.8009002624590689  4.423487104346388  
3.695799199511528  4.790082280112406  4.73773085698772  3.76452231864696  3.8574489075432457  1.159774509300544  
1.3936069571814202  4.949981536830187  5.235630447996534  3.7588122868032685  3.406149758152905  3.7008674150302996  
2.2512396037560767  5.473164385231244  4.33194263020178  3.788373442623929  2.4645473763871855  3.1972735321091945  
0.9180885576290649  7.443557787882772  4.114790348477699  5.123567604089248  0.5406628511611503  1.8812455812086404  
3.3264609931570805  5.635256642388148  2.4406658364957665  1.559123777798046  4.873467123551521  1.9719799459577347  
1.8681069654712836  3.7207599629608406  1.4547594060735138  3.6577651403872307  4.578121745989714  1.6787578179368983  
0.8215937739507462  6.780183627948914  3.750473072231239  3.791443309335457  3.318772661692029  3.013376693083668  
3.9715707130133175  5.6862311604522  3.9760776985790782  2.2549178558004925  3.5277573794950934  6.265564973569456E-135  
0.8869626296830188  3.180145034816769  1.0572801340473759  1.1969808471603989  2.9888206085023234E-7  6.112413723651204  
4.284681437498594  1.9701164658830417  1.9756161227637892  6.15808858237372  2.125236130690344  0.8134678189636474  
3.3772173518795  4.090997868746735  3.8862298319603794  5.658278218180489  1.2501313496515476  2.4354204965964934  
2.6279966065317333  2.409709951953235  5.820723077064286  3.6076590020996666  2.971397580136351E-38  2.4808148100655334  
3.729253779292744  4.418857589350649  4.939158393102  0.9234740208081496  2.1323260618836195  3.8497280453342957  
2.7289772945133692  5.5275071226864805  3.762399764711133  4.805070064573995  1.443601369201903  5.140945415355459  
2.477695335547078  4.889233399230374  3.188724273343028  2.709848248661026  3.8195236640051475  2.1371231528708035  
3.084066934359957  2.916735010610404  5.7589823542907945  5.28955839819532  2.8243019077796956  0.5550371440843869  
2.0510671243266922  2.4648766213229774  3.770714823047279  3.7550611133301794  5.187436888598038  2.3231988554121448  
4.511249545323401  3.8164550776421104  4.302678606434225  6.142857164527075  2.660010621015884E-25  3.457885716884624  
1.5825468225532489  2.9152460839889207E-5  3.07177800970933  3.5435613720894885  6.379845957687908  0.5327945173270464  
3.0697088603692957  0.29517436065750524  5.398130478196382  3.320376483726935  4.724432337165564  1.7280660968670682  
3.510985199775491  3.438292954570454  5.346621803854408  4.490544675793889  3.79656269320716  1.0084090036663482  
2.825844673827324  6.341412330777959  3.8325429098598125  4.502508616886826  0.724529496130089  4.942376129214181  
0.3561341234846325  7.6198751206073085  1.2338868304682815E-12  0.7817865496855577  3.128403634661834  4.251655193999764  
2.841580513565246  7.869266852266154  0.8201077451796589  1.4313983851161818  1.742347032190657E-21  0.5636245225483012  
0.0861056153399859  5.675487466395574  3.190342172740721E-33  3.267886064932217  2.923331692884272  2.8560912473817925  
4.870996025980888  3.683336414217396  4.061417441301937  2.7627218486047354  2.3491647812112357  1.5108930932560112E-147  
2.369195216743002  1.0374417217726305E-90  4.119482466567599  4.472654538827915  4.9501473035553  1.9230764232690594  
0.26360362348191063  2.6932808298181485  0.1348739563633138  3.490850603397272  3.9244861027457216  3.457979016128251  
1.5588495939439417  1.695027659570694  4.1754099158437405  2.502923852052166  6.32733024285645  2.179651857610566  
1.0839829207877774  6.874482323955037  3.3489503576764994  4.2523812875413  2.5732594939096036E-48  0.7326174631512022  
1.3823779000038328  0.4472566283693183  3.678785923696103  2.4612419735237445  7.1169081463528014  0.9345385571814383  
1.7545150712535063  3.7585415124862616  5.512395995062688  4.914899387818201  2.2595185750539533  2.061240374995634  
2.0338896669033804  6.483712847843323  5.155380551968087  3.7759000641890093  2.5906021480059755  2.0422842199219784  
1.4407754798425536  1.4106312757467645  1.145072053665601  0.002651773954036509  7.765417719149793  1.1458576921080679  
4.277922986152451  2.599545644116852  2.996628397126237  4.093496400788073  4.78525667896361  2.0031378746530548E-55  
1.5342321724337962  3.9136748739266745  4.134775892943601  4.575208333892286  2.1333801122756966  3.9260067745610283  
5.268087763431562  4.044670810886505  3.457395592705464  2.5846058120837166E-38  3.589323426546258  0.1987151942778105  
3.0928276757497164  4.946722419396059  3.923098890006157  1.354229185530583  3.988034443401391  3.832247849171778  
6.378514426711788  2.8754742535505966  6.304837566309645E-13  0.2578830923044837  1.8989758444671805  5.741483991865805  
2.405651873582445  6.7410477375027  4.35517281915821  0.8613647756453948  1.138798952574426  3.2472236358009727  
1.08771247507201  3.675838509028907  2.302162651122573  3.3576012668816455  5.689276377704397  3.287803720746914  
5.285343257451019  2.762435769786132  0.5342884856828519  5.220265094163346  0.1864761384658912  5.905433272821692  
3.562965116609857  4.476275836751671  0.4322826822955655  2.6424945220927274  5.767511760420649  1.510253925637323E-154  
0.18355234934905085  5.952615183602269  4.187046280277086  5.323716221133613  1.9306698445339245  4.473093086151429  
5.835016852238665  1.9861750020127573  3.627383970852828E-13  4.557186650114244  2.6575940495425256  0.7095163068934113  
1.8734181870023818  0.42306417996021345  1.0036622690663477  0.8168798460586821  1.8000012248965704  1.3004655870894442  
1.0203387727948996  0.8336066427661638  4.247971304680051  0.8310133086738591  1.5124843596553523  6.0123150574141615  
2.907716560256875  2.48732705928132  5.753053147909305  6.143565591639433  1.8321302179679817  0.7406464550046815  
2.761534331180073  3.9011201884647053  5.280051416302202  0.8607589677280665  4.351411596528932  1.766516949304632  
0.8639550917309498  8.18278019255481  2.65091467151896  6.044587706468559  3.778884663503725E-95  2.5146161227891883  
3.66558618368595  1.5840309851808447E-20  4.868966915797142  6.313932303062863  1.053919698789353  1.5370591324026504  
1.0109907026272686  6.693744905878017  1.4443086233982638  4.169552218155396  2.5037146607958225  4.464148009071615  
3.8724438088073114  3.7829163315746515  5.105504618910197  3.3971043409449844  4.520394601027991  0.533358598041119  
4.724522653799944  1.1917435662748217  5.4749184807098334  2.213813547722631  3.985613809133792  0.467537954659341  
0.540196068742523  1.333755816560162  2.695237330415913  1.0413798811158556E-19  7.899111114658726  1.3044814985324267  
0.7897028616271908  4.487253122781762  5.160690800278886  3.9172137936500016  5.113524092455759  2.07026936491246  
2.805335209023166  5.753557339100204  2.879669861756355  3.0760454301098283  4.3878795822299805  4.130651705161435  
0.3530457395512808  3.264481710652545  4.271958721662864  4.040689097398599  5.316657406746043  1.645258413101493  
1.1723019836596542  1.585383710536722  4.474706746689986  1.631752716188106  1.2917069306891156E-62  5.2573376786228385  
2.6024335770196894  4.890351089746453  1.688671650529557  5.839116558934367  1.5642799472373685  1.1413782252378608  
7.277729318430914  4.995066134658698E-34  3.31762335970912  3.168562014230688  6.164179699174396  7.07469134954856E-14  
1.6672304029193146  1.1014954801729306  3.5976674612397437  6.348042030021404  1.6525958186136221E-47  7.0719553971553  
3.9237408594765615  2.106904929441695  3.1193697002473213  4.298581829382536  3.590981235791019  3.64407827263974  
0.5946401084231266  7.353430645969801  3.411642140679794  2.8431139289922767  2.851265514503952  2.316318400663423  
0.4533150803215176  3.3938832600139888  0.050685524115644275  6.4184985030646615  2.1737868961184272  2.3925143544820107  
4.456242910096064  0.7081585360370857  2.0462820035274256  0.6134187785986186  0.9455758108062747  1.4856664860837165  
1.0680902054677266  4.340998379621891  4.298879180596619  3.3919286366248427  5.791312925381543  1.1553093996159551  
4.224193360026883  5.446517601976939  4.505009950029187  4.69141402798498  3.0290830797188624E-14  4.457821213179852  
0.8911938817382314  7.090185277553382  4.88844829710139  3.7437664164030497  2.595608510447838  4.124011269696861  
3.2562399172382572  1.8107572864682388E-83  5.117066450388131  1.9351792580644734E-19  4.436214954685072  1.3663725515922407  
1.9090863742268813  0.4973413077496958  1.0205032935270257  0.9284187105746805  1.5568281745758632  1.353442955613669  
1.9848672606661718E-101  2.9097273380604944  4.408089086685151  6.705521861658185E-6  6.8447909837265275  2.647152703830948  
1.6215932697152828  1.5861646009363177  0.5246287058897815  5.262172248035491  0.41624806587771535  1.4459281821095835  
0.3140293402216846  2.4465195076687336  1.6698305665225276E-5  5.243742358272809  1.5493801390623965  7.345209579812702  
0.04247925041488513  7.787273732920905  4.891051847868506  3.5566267953460575  1.9136298149970306  0.6263370620549327  
1.83191160320973  0.4239065784633222  1.0174180248733864  0.868757011517401  1.5394735110396052  2.0274379304202514  
1.9562866803950385  1.4111077840018744  6.091478053169309  0.9885806156174499  1.5048000606070884E-8  1.5491910381937133  
2.3314197454660475  0.4440634291529033  2.864572277803027  4.935892391079774  5.1229390085846145  1.0365611013239187  
1.8625387838757843  0.5536296530535939  0.9446681641250059  0.8485827343792418  1.7268731930551569  1.288029905255947  
1.1313471661953125  2.7815401005357283  5.938774482723923  2.7047610230917014  9.897422134380837E-34  2.9566702742032414  
0.928265600193578  2.9202070148087936E-20  0.8490349253786539  5.672557144744538  3.255019577092125  3.2963350493067276  
2.5369130370283184  4.439487694295109  5.017204489915709  1.597825697751999  3.777823604110959  0.7296027546334295  
1.1236404851602886  7.673253397783029  0.8946481489068223  0.9813773052803072  0.794778925521634  0.6818172833521643  
5.142888995627774  2.167332714783533  0.8445612195058834  0.6491157036857939  1.5744865195594588  1.0383145223543753  
1.8597387164412587  0.5551767255285073  0.9405569295963303  0.8431140414837969  1.7394767350710372  1.2842510087281158  
3.9851566447945346  1.0440698506215482  4.263288357977399  3.0793555857111334  5.694222182904548  1.3922296130251028  
1.3601805237392761  4.736531515355405  4.95654763241966  4.487439293841424  3.249879902008686  4.346258154740663  
0.1993291317473387  3.1414170561119015  5.18305745988452  4.217910109817589  4.316631441643687  4.2464015055977775  
3.6102174136745657  4.464206610978773  1.0986252394397882  2.917716223207396  3.77322643736858  2.959983617535585  
1.8162917804691139  0.3274174311913932  0.8590860798402704  0.8328332176825953  1.8368725078782928  1.769290488664966  
2.324830569364135  3.8168261437218564E-22  0.4263459630937233  0.3352349567090009  4.245130107207832  4.768124500471583  
2.6225639850535662  8.099271607403514  3.844411138124684  0.7885002716139736  4.8379058686396226E-40  0.574850486269583  
7.779004341231149  0.6659659647180636  0.5878452659850302  0.6446452503358316  3.508213617470401  2.375961217832913  
6.494434186901365E-36  3.8266582347575904  5.345966888259434  3.607248709553608  5.361936581897233  2.679915536558022  
1.704063136055911  1.9715908551597565  2.765833811884499  5.489789593192283  2.959528937789588  2.7446138707236836  
4.2289873934537665  1.6823574776693102  1.5864101638200978  0.6403825547899538  3.468439922180076  4.820569834249015  
3.751055583963795  4.276041243557735  1.2267182122150324  3.4195762572991795  3.0181171454910922  3.4156440055565582  
0.10744784190873878  6.777161951547186  1.7805761492414058  0.8428317836492446  2.1038633011248504  4.525210383597731  
2.2002001339097537  8.642512395886058E-21  0.9895377856002608  0.705621434784379  2.999950054921718  1.5220474090237133  
3.8193908777043415  1.7936147218728768  1.6609951491573696  2.1293995774810948  4.769638459963103  3.242483630670948  
2.9452273531296425  3.4688127636535433  4.493491256671145  3.513464855008551  2.9028085794676746  4.085377402061062  
7.5171636111718865  0.5082358394226085  6.921570462095176E-9  2.532839448556462  4.781027827059231  2.321708527948174  
2.8242653569960985  3.2398563612852045  0.3627108463533724  1.785934254271213  7.1915786760815275  3.032760438094922E-14  
5.142535285550288  1.6226060627879164  0.44156188798133106  3.684852680799488  1.8353528569443553  6.007966430319388  
1.0649208106112371  3.374255951520266  0.3684962659735317  0.945284613332303  1.4891554346040456  3.957002618772338  
4.272730249738974  2.6887064987426417  2.974780693929121  6.401010963007654  0.0019551190722348595  2.1458179108788755  
7.058465656023721  1.4515840095597736  2.7221975867633826E-15  5.994039933337498  0.6149178241956027  1.3634040096047306  
4.985049923617995  1.0404586074406386  2.689938917431639  6.051678027416785  2.3050802923577427  1.8320592718710924  
2.0426436328799595  7.748744550816715E-11  0.7653748437146268  0.6643261152847312  2.5839451772164517  2.4287671191368507  
1.8980247792072913  0.9297139793725825  0.77533412200418  1.3554919128539613  1.0966389961770884  1.3986997085403432  
1.9658039019016704  0.22688854749751144  1.0759481255041319  0.8209097881243684  1.782235037141777  1.545747997305771  
1.928940983940244  0.6433836798093756  0.9829886360602438  1.0923655066889035  1.3411147353456792  1.378792086188166  
4.4366076535478625  0.7071937036912652  2.070902332620575  0.6158412781360482  0.9410118096530014  1.4878091606532107  
1.4350235411000716  0.5935725391747254  2.8447193339184156  0.9087285245985661  1.1304737978821748  4.610710695310034  
4.191978774628947  2.371679506807689  4.171777143816913  3.4564797564844287  4.851671665479066  0.2953363581933175  
4.043846020017219  0.9846502369136428  1.4506304160053468E-13  6.31830666099731  1.181834756839647  3.9702478399818526  
2.959688706340318E-110  2.746233814472937  5.0840095011778645  4.252386289947225  0.8043597552241756  2.4275819300011943  
1.352586296393172  0.8370031659222047  5.03168961213992  3.9181494015008744  1.8961067693630118  0.5492197169298298  
2.51692411829564  2.7797437125983365E-38  3.916967078406801  0.17709058338854491  4.13153600955952  0.67531861991054  
1.4383673517956628  1.1826434181620275E-5  0.9420539110148934  4.905642410506218  2.0158053620386736  1.687280050658169  
2.59013493331048  5.188357225771337  2.022393017578177E-68  2.6751457946979795  4.81204397120081  2.395305350884595  
5.160125981601685  3.6788182710198813  2.3821657251348487  0.6452069598718663  2.506399576158856E-51  2.328777203609074  
1.686598664954805  3.0934989798673155E-20  6.076866724721922  2.732527572178622  4.123202604592248  1.9659887833723626  
3.2744861481135437  2.2989320676480385  5.573246962578135  2.7213624771231686  2.5045045059550217  4.105651305078928  
1.7548693975569496  3.8921849114574814E-4  4.691205821627554  9.205418907731787E-22  5.873927575714658  0.8371341130960145  
2.866136540442046  2.32699322036544E-44  3.241656286298548  5.458426724662713E-12  4.868951221933983  1.0571900901841829  
3.816427140862938  3.6940499421739412  5.129671455629808  4.221988779049628  4.397616635987385  0.8334632956407946  
1.168495853424633  1.854705388740218  1.8643495588137768E-305  3.8932172758094454  5.568986788571567  3.599306048570666  
3.3348101841591964  4.773098639040162  3.502612698543707  3.9533552440352024  4.45319073173356  1.2382379034117772  
1.2675315374162177  2.314571979154527  4.506419208007778  2.484414290824013  4.244256051353746  0.6659695723486971  
3.632816599682291  1.8483250347146267E-52  4.588417975929158  6.368956347579365  0.9130102477546125  1.6415866367371919  
2.7765911825854936  5.2906941778116074  0.9715707425563669  6.666680906404855  3.0152666453368605E-9  1.0031293597850877  
5.144438256427832  0.9899953319479712  4.600477380421351  5.607296514393007  0.0035506731883088367  4.514126937075901  
1.8286375400544796  0.34732704896313366  0.8986264250640202  0.8427194905943622  1.7643832123911003  1.7933018451748721  
1.0180563578433055  6.467744810216481  4.948230011963912  5.328439601593338  2.255077310525  1.2482387080957794E-8  
5.825670994848685  0.2448562547185541  0.677577450471678  4.072970889092176  5.068926432856491  0.47288174584019915  
3.7602792934563687  3.4258858331451747  5.367441625476968  3.038536758680309  3.9017572586504166  0.304447350509793  
1.4474135679027516E-250  3.0834547979220512  5.837787115924999  1.165101777145132  2.6068940161712493  5.891313216629174  
6.587718736165466  5.77884458340177E-13  2.1370100829645993  2.4312912947271483  6.399153689628693  0.6101872374813706  
1.9110907707949862  0.5090728427067239  1.0360459064089353  0.824635820529045  1.7565875837233353  1.417812318358497  
2.119009918464217  5.134831934422304  4.461774117965115  1.8068866381901932E-44  5.182334081691263  0.39588405149342093  
1.012667655087401  0.3248246666760407  3.6422344233325106  5.952011874214387  2.0111409508897347  2.978743272674979  
1.3780020628520313  5.898753193340449  3.2275285269419665  5.113705661882059  0.5261387117882194  4.030646039657403  
1.8991390504966879  0.34996546844135434  1.0418566715258404  0.8576811301885862  1.651258193395689  1.4742656428536125  
1.9774004442877136  0.2370288256850074  0.9855792074833407  0.7981323527434814  1.8734533751564537  1.7953660772441087  
2.0535389316223807  3.0803542976691E-41  2.538952592122164  2.2100518443964034E-11  5.4511633771609045  3.3254281776763475  
1.8655410405310455  0.5771769521161875  0.9049408153999842  0.912472349830996  1.6829379607739705  1.2984746893276409  
2.3842193382942805  7.552333576385892  2.654391296163371  0.44135453510634537  2.5512719068065164  0.1212334748427638  
0.16326352393066565  3.2412405255035104  5.436609696031859  4.613709543750359  2.9894078921772076  2.7028422625396247  
0.0010775816705816707  1.2582314228657  6.4985794361023075  1.528226651953282  2.8884265338921313  3.9829711855474432  
2.320231094301756  0.20339672982349827  0.8711358034976643  0.7435346290867811  1.9594959936619403  2.3289023645676616  
1.9128130125544553  0.6310054778988639  0.9359014730554768  1.0839939269198067  1.3765034475758846  1.3738727320860273  
1.403445422701862  7.575436074735363  3.7285933661938693E-87  4.722926264662081  2.8450083060735634  3.5942719400166725  
1.8742680742282316  0.4301283956774275  1.0030766325665395  0.8195859390006361  1.7871983502046545  1.301603158547637  
3.5676902847568708  2.014811804934474  4.655956768426886  0.21247344295141957  3.3577628979471026  4.7984662894009995  
1.904400017035321  0.5212491683046999  0.998963519683351  0.9284704702088413  1.5660742631708182  1.3392197293694814  
1.7958696077057925  0.4915317034331867  0.9092661761888484  0.8695075088669169  1.596269271734156  2.249508918551778  
2.4218298374343896  0.19292204889366787  0.9481555653810837  0.7550110813392265  1.8038223169123666  2.4742441157969406  
3.4274544847016246  2.419083036871037  2.911535638768841  0.17660874117239006  3.5193001812828464  0.42752101431867556  
3.6201581958985107  4.146524248992419  0.624624717522204  0.7629202555543687  0.9135013578092013  1.592640111366923  
2.850025803186489  5.8820174966574275  0.6359761000307631  1.3875369248785028  2.6130542457317575E-4  0.8919845367646575  
2.9809057601292666  2.3783469575965982E-92  1.7612825982940297  4.200306915065032  3.0503316874489657  3.7229950471463797  
1.864998426261765  0.4993821791831515  0.9449740867965616  0.8308182205022855  1.7781436597783156  1.2856956315942232  
1.7487093399742126  5.8137491757266435  4.936342045034152  3.7391628718655587  1.8618452773266965  2.7633485737183436  
1.8789519991170571  0.6351616832173971  0.9055243333304902  0.991326995515923  1.5436064221722683  1.3257900018799444  
1.8798170333994113  0.4727367363609907  0.9998478957447214  0.8316163144251287  1.7321182367721344  1.3002567217727625  
1.898984154575493  0.5103790889489271  0.9750888941069263  0.931776570209482  1.5907020693743896  1.3362779726954608  
1.9299865776761727  0.634137517784255  4.165677890586721  0.912414839613492  0.4712777083638139  4.300381604895399  
2.4972740104456554  0.5865979696525216  1.5387995985814333  0.8171648336987075  1.2261738188149358  1.4291646296001674  
1.90132079360986  0.4824132724675931  1.1122820770234856  0.8557871143074166  1.5579509353489671  1.3587856840302952  
2.2860219609100745  0.8495188039231835  5.73636126017076  5.415548404065127  4.3226580651955056  0.658771588778022  
1.107649499336513  4.813050099297708  0.4101921921130318  0.8663062523884065  1.587863033062067  1.3063674770038138  
1.9134985481950804  0.5283530816777366  1.052966921062694  0.935799236636285  1.4674296950523686  1.3700381897030562  
1.4052391182299158  2.180821727775286  0.6074240070779126  0.8080709524092082  2.049235398702879  1.5381046926003064  
2.2899105668584983  1.767797712060735E-17  0.7046596349948681  0.43688244612748744  3.581440297929016  3.4411375610330515  
4.2630777614333635  1.3636054787234149  4.334658041810283  2.24052707088943  5.666684542019268  1.8228961020014044E-19  
0.5204069307207897  4.573218311392107  5.28398378211573  1.683068833817283  4.614558064448475  0.8949118055674916  
0.16045593283454357  8.207142295267447  4.49530139119226  1.1554152692445832  1.53401684748501  2.194979228517485  
1.8077948167921052  1.8014019748823944  0.7534020154147688  0.9575578319880805  1.3764759731502618  1.1615222102474898  
1.9207053992614092  0.6908180071484757  1.0397165163241633  1.0522687287722123  1.2732965846388078  1.3834785343665212  
1.8741016737288323  0.4417117192194343  0.991232749705269  0.8236381857859985  1.7740738664536897  1.3009851784149469  
1.8961897120744151  0.5073142155476488  0.9708382704264642  0.9240833399020296  1.6090511686145563  1.3319132451580793  
1.9050889799835786  0.6465628770856902  0.8960475006088596  1.1036435997931  1.3980176714302708  1.3668798771855943  
1.908914980423647  0.7370281142497597  0.8940414986837724  1.1710015569934744  1.268877041157533  1.3839988430296142  
1.9056453350964513  0.6722239260866355  0.888379804794125  1.1267281134018858  1.3634880378941145  1.371553098846358  
1.9139329778343508  0.6093690353024429  0.9482700031816687  1.0639293734795994  1.3990897761968584  1.3714164354663694  
1.9142903443214656  0.688815585110685  0.9578065001393958  1.1032420067405988  1.301248294665199  1.3811964254649314  
0.3607327949642873  8.432854038551607  3.0122478998033104  0.7506029578448504  1.925530535016097  0.8666945450317208  
3.7639432948938216  1.102729469186957E-43  0.4003175413592572  6.137765826410974  2.7067456356067257  2.507975089616787  
0.325797289417383  1.2697134984749  0.5948397985020217  2.6091586609488684  7.164339214878469  1.1641580059527137  
0.9569887369879432  1.4755610423326806  1.0577090399437703  3.673241316276944E-24  7.955198377376876  1.5311963859925628  
1.460493354355631  4.322957528040795  2.7611094939098733  2.498353753341148  3.871716716260556  2.708172101151395  
0.009480996708147196  2.4033732737867735  1.3601910870280584E-124  6.013345450469073  3.2608311969254236  3.8217069752440143  
3.3994171038475205  6.142007396182923E-36  3.6225125050528932  3.412975512155701  5.215693680814263  1.5839563170260533  
6.649177105804544  3.2083997516258638  4.598238018741963  4.359766779827769  2.75544290179761  1.1676014466423226E-8  
1.8987099292131395  8.865299747759336  3.031879070524007  0.930976978540416  1.055403741260854E-27  4.289970569830261  
1.0135422377182386  2.473203817412386  0.8655241835241362  0.4577895493266018  4.381078357790011  0.9699660281322816  
2.7421600668464485  6.78896557116822E-27  0.37444229503734355  0.3211739436262818  4.120599932930365  4.685944565026314  
8.548313699744398  0.8532341171882741  2.7203636408616294  0.544284580052364  0.5816688725017691  1.5543322390251368  
1.8747852283614457  0.4203142621397054  1.00871172503518  0.8206105544605906  1.78083235141469  1.3100017921444629  
1.899407812396842  0.6031072676065166  0.962650364724489  0.990860264410788  1.4843878043754328  1.3465869135063215  
4.462724294005978  8.425162069092181E-17  0.6475622148605178  0.11021350813813897  4.228895515263483  3.689050759532892  
1.8657867864811883  0.37565455121554614  0.9698604633065804  0.8336897197288365  1.7646677356219136  1.5856933519881569  
1.8969614345960784  0.484758709265151  1.0132034724768502  0.889994335600244  1.6124581424384363  1.3401188884439685  
5.602716368230102  1.5699857696976844  1.117099906057855  2.0206434651626095  7.223910850174637  2.7704723827599496E-19  
7.15294959028855  1.0062099100847677  2.079602333098381  0.6652990802550794  0.5851315625136869  1.4516959781350238  
6.818068129907377E-67  5.168933045849525  3.9199984210137124  6.123309616251227  0.746382340663618  3.4997622001094753  
7.673848673818028  3.536377635203484E-17  3.3497032117615575  0.15065656382368484  1.2318214086958341  2.165901522885149  
1.293937227148162  1.8253510607347667  5.823350745953182  3.408568963848088E-47  4.314450753901741  3.557414840576561  
4.39766365519323  1.5163599322872032  4.153360567990973  1.9564025874452915  7.006095792739981E-19  2.939531527974889  
1.8431590910020141  0.42975792911412547  1.0563123581786864  0.8648715262310341  1.5210475352535815  2.149082016511739  
1.1916632684022348  1.0628576125134221  2.799766463286731  1.4159254644156476  3.200769195314392  0.915623396584513  
4.195534425217702  1.456585255178518  3.2109896895081034E-4  3.181644075523672  0.8511679933866226  2.337130519567717  
3.4246323237867826  3.8562286808764368  0.43768823583320215  0.6946025406165266  3.197924019827899  5.5160768831636195  
7.167081804407882  2.033946600928245  0.38611825049544085  3.756084810566108  2.442330934933191  0.8123090594482488  
0.2211670028772526  4.92108286873571  5.3666173552032035  3.595611975257833  3.429760199344697  0.5207372866672192  
5.4453480757922135  2.286377510995514  6.106790547557573E-28  2.41389981466068  5.793365335906545  2.1735448532090325  
1.8430499667477354  0.21222380880064223  0.8961147021640504  0.8138010291258495  1.8981363097121215  1.6526886719056781  
1.8775258266506574  0.47867036366691124  0.9893285661431711  0.8332480521529562  1.7308607244410397  1.2996987348715838  
1.8552464754591662  0.5445430090617421  0.9346268358790757  0.830592782636858  1.7750678233599035  1.2760133912874094  
2.5146394509749186  3.8929826346800884  0.0019459971096189692  2.584336212025234  6.055800060111247  2.478008426546567E-4  
1.6038732894225936  6.51218935728576  0.0673852239301372  5.821295777269142  0.03593853547983775  3.559651699755857  
3.466175716182601  7.171888595025394  0.6514815266836865  1.444101251466961  4.4333551645391605E-17  0.5666079803068725  
1.868552010567635  0.5484939113697359  0.9590201140377763  0.8536117560322712  1.702474139128184  1.295364935711746  
1.5715398307848796  6.719157206738079  1.1641804253032015  3.6914765632410673  4.173065700192923  4.566933255802856E-28  
1.8808862760951355  0.3124964192263743  1.0501290379769155  0.8264483443367712  1.7351938034774124  1.4606538020590103  
4.0606861942832975  2.002675223272814  2.673295236109046  4.712287381571196  1.6557074111538392  0.9746575976201197  
5.594578939082869  1.0351126501174716E-33  4.387343145803759  3.0582101535326695E-37  3.0946871286683404  0.7868249712236182  
2.680789007568714  0.751650778268968  2.265779581361257  6.329130082302935  1.02151865217417  4.992120197831909  
2.039765895637734  2.1777343297211085E-4  0.7768421898544763  0.6583082499712232  2.624556230303427  2.3854655381015504  
1.8499329496029124  0.21742148496996727  0.9268892223615075  0.8330486298024797  1.7978054978241986  1.7611434796304564  
1.5408827466755806  3.362569616479959  0.7354719263927015  0.4861773846622316  7.891405207766058  0.6633528170905015  
1.8962676952483486  0.5929256407641245  1.001792853798778  0.9540939530052411  1.4815791652965649  1.5040858500594814  
5.36606623105662  8.650889604976503E-39  0.15461542475439857  2.004514909375992  2.1618041308445877  3.743990905219129  
1.9037017199525135  0.5140831816702325  0.9804394614362081  0.945576999912367  1.5633854881615752  1.3432173609310594  
2.0739385480262285  0.4322157544713976  0.9694102381441585  0.8837858751400126  1.794883515231652  1.4009651556516738  
2.2887516867604014  0.8815629209127814  1.7792108539631244  0.8922779080742013  0.8242958580980579  1.4655009309529137  
1.8817287553650905  0.46314808560445025  1.0104023653212915  0.8336861575920843  1.7159318878228165  1.3112452238238403  
1.9001061196769042  0.4811547856251964  1.0093597049132668  0.9052016864399224  1.6060767981376858  1.344389550804861  
0.8243869118652825  3.8379756410415413  0.9881115254720969  1.197335174631757  1.1323736740330884E-27  5.772931081062286  
4.187675909215706  1.7242632846924326  5.367434342705091  4.3880167402918575  3.2440697362826594  4.367488629145741E-241  
4.738757463242139  1.3322832296678198  7.927574274053744E-63  5.131381431723286  1.1874378096874938  4.582145807625282  
1.330894925232073  2.568742373037218  1.0565687212132078  1.146034780950963  0.09110045073514393  4.291731908657452  
1.2230484400125181  1.3092526172102767  3.532893248234178  3.4993452657892226  2.5927431853821528  1.029747427739265  
9.609753062885952E-56  5.527468079291085  5.419746716377822  3.4380834891956855  4.359942523706843  0.9010970149296285  
1.3821467727520544  0.6419017554186507  6.550925895454303  4.675403794774651  3.446628137269181  0.46021998354668764  
1.8639329381992347  0.49304671217500573  1.0781211440008471  0.8801883215918052  1.4542456199081728  1.8540960825825448  
2.262099896018119  2.8238648419447115E-37  4.134535671358978  0.24024701789489544  3.912022596399989  0.7372785638769936  
1.370215271847771  0.11992948725178078  0.8911145013656195  4.9251158497981145  1.8915173059154196  1.9755069648942551  
1.8814364879365784  0.15312429522733162  0.9989843152065989  0.8143159859146489  1.8351159940743063  1.7191849406723567  
1.2458063040929208  8.214319596125447  0.8035335835062536  4.466107094530343  2.0197689993873142  0.06558287316342927  
1.7877644958481216  4.593369985152898  0.8934127571066033  1.3980297173369616  0.03436562887798103  1.0950476566304101  
1.8906510914961823  0.9060690889179317  3.205406889544089  0.9516696186361804  0.42510324152489  2.7872523647077077  
4.687356889193153  1.7549611711915665E-11  6.091248557215668  4.524147197874161  1.117253464758084  1.676170700345931  
6.588219438551514E-181  4.967580072869458  4.288272386785346  3.0008439848741726  5.2945753173388725  0.8945474977644343  
4.973228778663647  1.4328946218322465  3.2585561390795967  0.6807536145307456  6.745174888917679E-39  3.9684726120120737  
4.338211434932863  8.250704030467506E-54  3.0814368194900585  5.695092659069083E-19  7.439791200701822  0.563503873088782  
2.8582829053409404  1.0920726434751394E-45  3.2624560828746887  0.04481367862770218  4.735282651833463  1.1977605683090276  
1.8975901358967047  0.527617932909554  0.9682266012623565  0.9424028994129131  1.5767746425780211  1.3368091970294511  
2.0345051899241864  5.0957328331473315  0.30225870902247254  0.9267051434656447  0.8788106832939633  2.3781849788371225  
3.6056741495796034  4.912170994347134  3.394745424429481  4.002387959364504  4.129539597929734  2.644528877806064  
0.22932101408686792  1.25514062663034  6.054705436960822  1.6632150446126792  3.202495947947219  5.070551421625201  
1.8314339842091676  5.720535664147047  1.7579300494931815  1.1379643436213944E-281  3.513672749910462  3.493661124848368  
3.7389975210025743  0.0065340658051384745  0.40479017111082827  1.3342190643843221  2.0986471267286264  2.845960579864049  
5.534867873590941  2.608754319958931E-29  0.02479925654632153  1.964290332606844  2.1951661242970357  3.6035574807526882  
1.2403213997261289  0.16345179108642446  0.8894677985353738  6.464359692665752  1.8552612149804502  1.9653826111728174  
3.279923754719679E-4  2.0201473246064148  3.773521040004687  1.35310808043361E-7  6.800233240791379  2.2247031068771856  
3.7738652374458264  1.5238233860539712  0.8054149191583437  6.638730487829248  0.6550350314781997  2.5829340436058494  
5.127680580936775  0.9769333199076783  4.592053474285944  5.627725594329549  0.012166295805425055  4.526547919191729  
1.837690094418343  0.2570117575361289  0.9200839658404676  0.7986763612005505  1.970927508648094  1.4836363614892403  
2.0894129816913276  4.56657354600826  1.1705788894716789  3.8020968364883343  4.938274685198168  3.2034072003386706E-40  
2.3597799183097692E-4  3.1507413796191637  4.025484709837216  4.337242375594501  4.78721746129035  2.5573146321684805  
0.8154792646178322  2.612634876135809  6.173974594545199E-8  5.141856507683975  3.7303485231433995  5.192913593017527  
1.5955302957359514  2.351571644150909E-41  5.141419154652574  0.434834307627347  3.190866425168518  2.393696914726002  
6.07871288698046  3.2178358978534867  0.9102369929533272  0.3209497207970798  1.6691675370106165  0.835910944511231  
1.7687105139951134  1.2140671439257937E-35  1.3094351116138507  1.248454855397826E-127  7.517829404235491  1.591542067996531  
3.5005124016109614  5.1195623042161955  2.2601452705207525E-27  2.348784455975676  3.7124573007619515  4.777743833999177  
1.857769291447832  0.26845468685642626  0.9388307946997512  0.800799255165433  1.9322519813329158  1.424548834227627  
1.8987901081545433  0.9149687959678465  0.7840702189864744  1.3414736782522598  1.1099357293002523  1.397561154389666  
1.9027366036071232  0.8296474123858628  0.8142261033528292  1.2763874052965338  1.1931247335238913  1.3905664827079351  
3.5367159548698552  3.7560243772958173  0.7533115069068496  0.42315069565309815  2.087630276579764  5.670849417555576  
3.0264874309725043  5.720177211985351  0.7479773748653993  1.3235517071677008  2.4013895712007037E-7  0.9180036865897323  
1.910367974079015  0.5167604996781584  0.9460536019223644  1.04121058613081  1.482353815079339  1.4512209886994705  
1.5514004525502896  3.526356416510017E-10  5.172427011361258  3.699545795656401  1.6547577269365021  1.391929515101021  
1.3518575083107505  1.3536050463255067  0.629642366078535  6.819207375297097  0.743972750115502  1.4374340747536993  
1.8767790601602927  0.5311454977946373  0.9366218136905604  0.8988655296574546  1.67985921070655  1.30792320498956  
2.9801367687425104  1.952264077920625E-98  5.245657919568922  4.2267761835434206  3.6414514001112166  2.6655385433126733  
2.108802941479533  1.210508275011932E-10  0.6223560047053057  0.5847366086521685  3.0064442647428646  3.380076572046182  
3.9246576420943717  1.6605896966793652  2.1178711626613757E-4  3.200168994906109  1.072243589014154  2.1495368843599567  
1.9075071944451916  0.6904581606531387  0.8762502553430337  1.1548094454693423  1.334059487220409  1.376855093827438  
2.552095090549063  9.060596457133544E-32  3.7107846329571754  0.19736640304998967  4.067641952076265  1.336662355696731  
1.8660559179030831  0.2557390768819773  0.4276847324712779  0.3962081091031438  4.11375728741999  5.175659433396305  
1.8075702453149616  0.47232419032786055  1.0265464550850385  0.8751979533266959  1.4816097764508394  2.293464624096945  
4.098128018110843  1.2830056978728774  2.4439795656879477  0.7588850664182731  0.21092691434469393  1.5657587840803273  
1.8514214005392193  0.4868684407154788  0.9572767013607336  0.8043665445441122  1.8929487318321123  1.2582188137320485  
2.141696940282259  0.009825681861741828  0.9099935434005005  0.7564865719118266  2.0037762450609042  2.1572419402674594  
1.904811105678212  0.7877733363224505  0.8344436387911227  1.2402112684999516  1.2322914780329142  1.387242401587726  
3.8147612466671146  1.8027749506442554  2.4155004197388977E-4  3.370917646186834  0.7690626917799337  2.126490461754867  
1.9183510933517225  0.5134557936695997  1.022926959348787  0.9680898134174011  1.4938246963172785  1.3679318434001038  
5.294362534816101  1.0176457166833943E-37  4.308812214861463  1.0498633714911232  2.8962628982470946  1.7831177284416266  
3.0110941522791106  4.5507105481359994E-20  0.5492112883145616  6.371247314418214  2.073984566495399  2.7079401821022335  
2.0402115680214874  0.9965784841114574  6.15849258998513  1.0649254113171638  1.3754739159219243E-26  2.29924104160885  
