0.4719389316368739  4.437895277840313  1.901202586900382  5.020010175529232  4.594137363499894  3.974154020624997  
2.2755934772941733  3.267093124340995  2.565222963545368  4.841134716646616  3.1069704975269494  3.6928179968679133  
2.815774893195748  0.5153024610123847  0.27815111612297455  3.6242336302630234  3.2937538715279  4.750082181028773  
1.3946019839348425  2.435511489435726  4.904918047197987  3.8094308752327977  2.878850888609043  4.326876783751414  
2.6170087097985912  3.0633031718312007  2.919274555698565  3.866543438576039  2.3538118481834034  3.940925596353727  
4.305545731013284  1.788837745687064  3.780990006155475  4.245423153604557  3.9806126366057333  2.4408206569378983  
1.6237715200934517  3.5147406561350008  2.8790231341709958  3.860896900400034  1.9161189897613733  4.663840148972753  
2.049102322667581  3.9311797723466033  1.0754939118761353  5.058577622700053  4.497722314919314  5.240149915631778  
0.6105890139515744  3.523093753314778  2.109709816273306  5.137292593803714  3.306532136896997  5.046349579972298  
2.045710396644871  0.19377640924930464  3.4734784963421905  3.7437144416956674  4.054401693909274  4.417964356929303  
7.503787209257355E-32  2.4103755141757586  0.7417571338563483  6.543967601993516  3.1888127081434554  5.521100397683608  
0.8054463819069142  1.663502652424844  5.926568284994792  0.5239930340322649  1.3458433155296121  5.325353224440175  
1.4743085395760367  2.685410016930248  3.562426688957164  4.75091609730788  3.9361834493496257  3.151333334591187  
2.7694751461395875  4.044522428655197  4.621193790153649  3.6874450445267746  3.176549295413753  2.1486691250520855  
0.9913961934203445  4.399938896440914  2.8676304537925703  3.7247968578896646  1.5858268770331032  6.087604234162261  
2.660415693291537  3.9233244375751983  4.699791926689463  3.7059077383343073  3.5109740476937144  3.951096890842453  
1.6235576472954851  3.6446784659918197  2.080488063636536  6.064817430971164  3.459857874015232  4.317733364950002  
1.765273768552999  3.3174757895963585  3.5536938333417196  5.04592893793092  4.078420918919841  3.890787782842231  
1.0140271694786697E-17  4.635684128164065  3.056087575243358  5.095549110211314  2.281654406513058  4.8800474570400025  
1.0866685618724945  3.0298081037187297  9.869389727203432E-10  6.719662578666278  2.792302158824346  4.190658502687744  
0.1265619746378739  4.116235542097281  2.0276594170089375  4.409768876979926  2.4031760273160416  5.961484715483828  
2.612025327309558  4.357830463130953  5.500048663316229  3.7058167188014988  2.0689511680002743  2.814770348056527  
1.020274899027575  2.975087483790139  3.439541421944231  6.514541730026662  4.461510538137615  0.45303030419459367  
0.7334015621059986  3.9273906686091786  3.536171382080703  4.433931206782073  2.8679412375783833  6.198301548065695  
1.0019772588650655  2.973612715615673  2.880071398095016  4.864722970442796  3.6654474070334664  5.406904157482953  
1.8454503986719546  2.067900175455031  3.356940913953894  5.121825098309211  2.853003723312877  4.827285189993866  
1.283779887537372E-5  1.0003413156961805  4.070181244701209  4.618997897798102  3.3542054328777944  4.335940234236766  
0.5321998151510963  1.5401661745793422  4.367632098088331  3.5640931587660276  1.6162666889152864  5.555390179578277  
2.3907891706067925  4.588554522324012  5.736654228405981  1.6293776845884589  1.3366525871226769  0.6349535294375848  
0.9055490115949633  3.3911847529056187  4.185573356032562  4.741428985842251  3.307700644741091  3.977955859543308  
3.645670867701785  1.4446825963935293  3.469187647993082  1.0509115428167166  1.5425661022926556E-45  5.424604459312216  
1.7310632886196682  0.6718142259155997  0.41491943086544736  5.933327144735708  1.072495988536109  1.2067060415591147  
2.2520942697202644  3.429517376810334  5.649165569729875  4.073795994189768  0.8554032158307934  2.0785001779727765  
3.2904378421899527  3.215402304893711  4.802145944708108  0.6710802913605783  4.135486939574836  2.705941017171327  
3.972164098486209  0.012440649745044354  1.7402129097216597E-29  4.665987596310974  4.64149478772157  3.7107559222888726  
2.7091426500729505  1.1026784212866836E-40  3.3666856083069585  3.3209619696612993  4.734497241301413  3.7969840795345164  
3.762237385006251  4.68326349474705  2.7236868838496258  4.336651266912212  4.495816124858752  2.4193482800719757  
4.165119121197665  3.0483427367635376  4.866438281829549  2.0656703258978486  2.883880180358886  2.619858663398373  
3.8297761341157757E-7  5.362985326549425  3.7076082080246313  3.2912926324445952  3.355724399547633  4.913588921103244  
1.2170559384154633  4.7386274425591  3.4320921929380734  3.7123453322384394  3.745856112351835  3.7400222569048163  
3.0645030719191677  3.732899983403034  3.560239378949441  4.51821663445725  4.80621880083843  2.6513642086728475  
0.55016669983464  5.329500836198773  2.53690159803979  1.9031567092884523  1.2665221807065916  5.735323890130326  
2.6071854167275728  3.695365161176684  8.555383724873669E-43  4.5832684685340865  4.139686346875472  3.23924348385656  
5.616579217401643E-17  3.7738811065474054  2.4232825625363787  4.3441031012365645  4.271043861611993  4.794631791050588  
1.1174108909535747  3.624415121886457  4.420940272092519  3.3657825567674973  3.3492885546465625  4.724254730136856  
2.4334003942340905  3.7006995356184054  5.075224856033375  4.643887910654584  3.093239457299756  1.9476700838256795  
0.8493397476438719  0.3071593877190045  4.032970524126679  5.9872405896096605  3.7774834223553917  5.421116060452229E-29  
0.09359507190574691  2.7397419668517813  5.153663790611012  3.4905741318660044  0.8574794682193423  2.736033004424683  
2.203224784029854  0.043404127045886434  2.4940245627965125  4.03689094965449  2.4678587699193395  5.457110309658976  
0.24843212332449063  4.084180331354172  3.091084356114639  4.683974237519479  3.286211863527194  4.933521118392902  
3.3708098760116676  3.862952882226608  2.914676387828425  2.6112526953284636  0.7924373066607204  0.40827598692410894  
0.04923050375961814  5.105576610944848  1.6597768989948969  0.7515384373951495  2.493988476687011  7.318105078330314  
1.84575588473489  4.408770135640304  2.8548070640808354  4.102019613401584  3.3193298083024856  0.4243334759084191  
0.2816588302383013  5.428044270543562  2.399522231731538  1.9409271405863218  1.1652790519345841  4.938514949787075  
0.7857931340827357  4.937029228456  1.4711758504495283  3.849377727318936  3.7449125209707654  5.75698824514771  
1.688643597592223E-17  3.338394167063797E-14  5.032571640531784  4.501125392073426  4.850100122725245  4.25496565503277  
1.31867929732205  1.1168680919105163  2.5258656327032836  8.723371758590619E-30  4.185290889012129  5.1417655784684335  
1.5477868531140725E-9  3.8147220531165096  3.9058053304543208  3.9719466282195492  2.6360520465982447  4.893704801177174  
1.2609275464140033  3.011828979080789  2.1122973621048042  4.8220118020521  3.2531893681735524  4.377838840668302  
2.305093146947921  1.0118818601743251  1.931130158647246  4.040790593501952  2.2205307041053381E-32  5.86662637617397  
2.167316254769393  3.7531826483637065  0.8208740743621229  5.693440934471457  3.735660611356722  3.683762259389019  
3.656700584872711  4.358436597176799  0.5268242712276932  4.015576147702495  3.650167780940099E-11  3.37462331834054  
1.1471011820108077  4.0595441233848165E-50  1.833144709169028  4.1421513103367396  3.6495207614743643  5.032988990507607  
1.1481048177674668E-44  2.252960622365301  5.632748508782394  2.331814019467629  1.492940860998961  5.328767292004614  
2.0164734244683074E-10  4.447435768038033  0.4967897331228305  4.969974231542555  0.6727013866872316  6.7003954251939835  
3.6811200656693796E-77  4.487223784068024  5.887836984990647  3.7746794750284836  1.0273154263563153  0.9879543401618235  
0.27515014671398175  2.9400087660151044  4.155620039925095  5.671856957130753  5.395511803974325  0.7522159557927585  
4.480166112385542  1.5415111022464207  3.7231201744584927  3.342185126329407  6.528848429417053E-34  2.939303557390686  
2.9849008058330853  1.2535068360790815  1.4362118241740682  2.7823175377570757  1.2154355714024976  0.5335002604550816  
4.9419411261080075  0.48153450969269246  0.020014952768417856  3.82692834592176  1.6499463690767655  3.2842456144973835  
2.1310103723282836  2.759920540413089  3.4145888580765673  5.0379415222438775  2.939171176474447  4.5635188352022675  
2.0504762761913473  1.2751915756663008E-16  4.1139835158459235  1.5923883385689532  2.301570517927065  6.051897962100515  
0.8962001590702356  1.6038350590360793  2.6667756790372334  7.85325683409112  2.5217845812720183  1.5179976915372846  
7.1924278849506775  3.9988596173000346  1.2674136528457207E-16  3.0694680045674128  0.672061613768663  1.6425121514613534  
2.7878567457249673E-52  3.9662830130947806  6.142044802209718  2.181981923428345  3.469364315879129  0.6750605392245433  
5.069174229706658  3.7399933588759837  3.7934627402337107  3.0760176216980906  3.6018056895090607  4.005961208477516  
4.571992770850558  0.6967184297320911  2.7123087297946378  3.433906955983291  3.1834698300314552  5.230367142147964  
2.614314530201663  0.5081268582976208  5.002168701736958  0.5195604483575686  4.143612910383625  4.557784970195586  
0.02715028668412537  4.8290733304811235  1.8510623708322318  4.443707519527157  3.6132007976794034  5.580390280989586  
5.444610469175041  4.119820693385706  6.027995884213117  3.0816582987315  2.4206941320666986  2.7312530866570883  
2.1096648781278238  5.0965035424460225  1.349656040820455  3.07353558739045  3.589329354441623  4.089301590476537  
3.4133755249105064  0.5283204625293034  0.49594977047249567  5.036212742970592  2.231289830136641  0.41091055698046475  
1.296816266466095  4.386639638492848  6.522543659869707  3.8567448545427814  0.29919258623024864  1.0524636500664633  
1.3640617941021818  4.701834349278644  2.0421508295124253  1.6759505142036146  2.3325798150642383  7.133934783761354  
2.746124426855098  5.577979557920759  4.1766694710284185  2.4336373081137093  4.846347532456818  7.353358691266104E-19  
0.05848117739626549  2.402543926553587  2.3087317154177516  4.006653085216193  3.212712453727675  6.584006446880151  
0.39415677625314083  1.1390180557417235  3.6997679875971343  5.6908032657900085  2.336869744230484  3.9787996986685275  
2.137040244075592E-48  5.814130561486337  2.256200648193268  3.398715013802328  2.1350757267239424  3.830035908264312  
4.627705889245547  0.6055454403729937  1.5649623444668261  0.9163477125355299  1.3461392107593366  1.3322917214725807  
1.428019876029114E-39  4.634123121446764  1.1306722998095494E-9  4.638088234441055  2.3372042076523307  6.014590612650507  
1.1255654168709412  4.194382792783521  2.0068246318690477  4.957014698393361  5.472112360423362  3.7378782924550986  
1.1704427648050325E-14  3.3077598261772545  2.066456973926496  5.55554563347666  3.6928218953257614  6.884615997326089  
4.220915812379075  0.241400424979532  7.2568477130954E-12  0.47103535574237976  3.626303902370395  4.717710535756559  
2.4199198836074913  1.1343079859870275  0.9698556222695143  2.4008223962936883  1.1010332483945795  0.6434284638754846  
2.733412906656968  0.3245658490437356  5.380706137936938  2.6044811642889836  3.8603965960965683  4.9228215056329745  
0.47112045549933906  3.1570594780344416  9.579108729539276E-20  4.694950607824815  0.0027047343790499645  3.2641499390416913  
1.9770718691320746  2.7329960830138544  5.195186892000357  4.789337536321613  7.304141435437782E-13  2.5034471101566753  
1.3141570161809025E-6  1.7985069690451227E-55  4.859758013579416  5.454935109307887  1.9122006716179079  3.508605257700763  
1.8861815958736698  0.8630052497989467  1.595940157433446  1.6880968025046563  1.261663592866835  0.3311531194782823  
3.121077561494063  0.3844883552762284  2.9434154690712938E-9  1.002733299189798  4.728410859515886  3.5711913943417435  
1.4912906413681054E-70  5.218682956269696  2.159725269673105  3.603713987193227  2.2357308389352313  6.054730602708091  
3.132554183841561  0.8552831184467395  2.2174422130082485  1.444549324546611  1.340102833837956  0.012938346815959645  
3.6106870411612073  0.46689248333281036  2.580753538256952E-21  4.761857949177175  4.794251432433152  3.0898618273962005E-6  
2.9641513888075504  4.18495830378617  0.6565311027793838  3.9776418793126673  1.104057706252803  0.16345497686851282  
2.4179724920726864  3.7132979259891825  0.7942596850779979  3.6097437857852057  1.9091747910148296  5.77688859505291  
1.6864150663333146  0.2683987356875501  4.474465868286261  4.082268722039177  2.8468535896579374  2.009322781421553E-17  
1.1916160705123267  4.857519561251136  1.0098308003593472  0.6810614583267377  0.9993161532613696  0.826061031943466  
2.3959056710400595  0.6758337971007745  1.8399896557248092  1.4082075401590448  1.2434701134867814  0.42243768798500836  
1.9803264932000872  4.995131969052125  3.0141597001155493  4.2702052896202056E-19  3.234450793832967  4.477816243346201  
1.5537053323576409  3.8160428988348953  3.981005437145379  5.453823130038538  4.9058003456427945  2.3395767711274855  
1.990451526333171  3.057973123378192  3.578015213249063  2.7387336320861726  4.019639774437948  5.25511796312239  
1.455090033214734  0.9478409317103563  4.70136460260786  2.591308172484254  5.099079863816157  3.2590090156227727  
3.6363587330854052  1.4665222186716778  2.2260674888485155  2.4251264118611835  0.9404122802142302  0.8778592130346025  
3.836684064188019  0.8968244721686828  1.7139486934480233  1.671851152647467E-4  5.5759504946407095  2.0390338454510455  
1.3355365419357188  0.23384241751109233  5.6070145376498814  1.3501294878332997  6.561946491001141  1.7898547570319239  
1.3588003379459563  5.6613041829297135  1.129481847895699  2.2846354691431932E-38  4.601109377813557  1.726443421340037  
2.042683409846439  3.7243827208557807  3.2883113634713728  6.527710636686212  0.25524518124664525  4.4655471589569276  
1.6845687621927004E-45  2.35593055514749  0.9124066372878357  5.453149998597056  2.90718743683676  4.972919317062828  
3.858022933024242  1.3070434179142756  1.209351293504404  4.8819796003967415  0.007235047030757378  3.2681402213482458  
1.3544887199717468  1.4341438773785369  2.6369907585666215  6.374912530236977  1.573218744229043  3.9758240713677613  
1.6874516003781712  0.33546259273483314  1.2900995309904615  2.437245030511066  5.439337681615517  0.3940934378298986  
1.2750914973701997  0.5479541048663518  1.3113728055576883  2.3742460092984143  1.5728620664755457  2.281249445047035  
1.8025736448297527  4.748331433944249  3.122441639863171  2.021035192535544  1.061524675795477E-36  4.1625029188151865  
1.6184361606422097  0.12317659110828756  4.235203368351324  4.04295225829963  5.06927914113505  3.5447892411821535  
7.623451981062274E-62  1.1811754149504839E-5  5.649339116955904  2.2534162532349575  1.7182866071934186  5.20646426977823  
1.8773272097228635  4.176757176171711  4.813362886999395  5.850315765122503E-25  1.4348879650727377E-19  3.534559407864686  
2.265027906432015  0.06545301797230532  4.513784416770367  3.3601976481774614  4.0481448617885105  3.1434485733005175  
2.0044685871272607  1.5464427817126787  2.2963816350460067  3.4705539164623223  0.6256552793058465  3.0708748367932657  
2.095413634635323  2.0792515484494736  5.978447020548875  4.843555209102583  0.6543093874589626  0.8005785516847207  
3.2261255016069312  3.05161156492897  3.858277002359763E-45  6.126673617199852  5.091454630892886E-52  4.1707065151797815  
1.2534863687660576  4.222562021858234  1.4734177674118467  3.262549259874586  4.781766473559319  1.138207479327995E-52  
2.543349966470859  2.9058043932954565  0.6438191374434237  2.1498475115960827  1.0414739428909257  0.5993417250923958  
3.260329105190016  1.4229545431064599  1.1321394132697444  2.495392793155451  1.1464008375436703  0.547324909476788  
3.341847067679217  1.2820226996168855  2.253692209103243  1.9689770029049822  1.088412890823099  0.42457531058767845  
2.3903458621360647  0.7328736539441725  1.4175185065995999  1.1884775871344078  1.4949565680191488  0.7706811931445369  
4.305879193953977  0.3004920602951298  0.8338770983985369  0.8523596644672656  0.999596364646894  2.0665769605006434  
3.893733712724319  0.48505997011081975  3.189175693818688E-5  2.6931569016141137  1.3498485836814775  2.2408749528206  
2.2246358782177187  3.8238613827113834  4.514848676029884  2.4777115686684335  1.6205670436147925  5.476379557350486  
1.5141510967523797  4.964387674625268  1.4198106989611883  4.24798251992851  3.9310171541185  3.9557350176254618  
1.7008820111423321E-7  2.450882697131534  2.9456038945157475E-7  5.212604880229853  0.7368842772319469  4.749669872650736  
1.404412929039062  1.028019795518515  0.7619821634934105  4.631044116508088  3.538038677605175  4.018002391269526  
5.2782370571888615  0.7378805326259337  0.4565752800261034  1.0845853261544933  1.6977223149443839  2.9839574733282888  
1.0960888470159666  3.83750604110508  0.7174931443501829  2.970215012436839  3.0309456733395486  0.9146685511129611  
0.34124427286028447  4.541600815530812E-20  4.164887387655739  4.0232623636553075  0.7094692880024162  4.2673540087993596  
1.6981740060520916  0.31754935093945713  3.375831830470036  3.747750276772622  4.171091002084057  1.661542730481981E-8  
2.535975248693948  3.549316747090656  3.260817535280784E-15  2.7807599827211886  5.327066327925168  3.7934276891716308  
3.5205657289661128  1.6729276680774603  0.022365036410345072  4.003235776394897  5.276073728623776  3.983019174733768  
3.452433102377485  2.07047452992745E-11  6.0203342657515915  0.8824332716527589  8.820149607862482E-35  3.7902573353513844  
4.245026148642197  0.8770424664181313  0.3750548705771933  2.1777935722108033E-9  3.3545932045448996  3.1067307089326373  
4.962332037525717  4.877779024353151  1.0720904290483702  3.1135896506420018  4.641195865366867  3.21470798237702  
0.8248597196715717  5.36888095544717  1.282319594218193E-7  2.4817452078146274  1.792995423931178E-104  4.6911303895798815  
2.714077521885279  3.5140716503569713  6.155952042857337  2.621438750301912  2.8601026741063884  3.479237574201455  
3.1701979577204336  1.7059771569676632  2.3937601541975972  2.674222667633834  1.1832358735073103E-9  3.70292821136257  
8.711267472022737  4.183381892605746  2.9522048868228254E-30  1.6626274733448791  0.7832552221662532  0.6156700044493879  
2.153259504585213  2.584734569467826  3.342520394761273  6.598514118123165  0.9342712408728364  0.12832188275819045  
4.375352087797871  0.5913910415362877  1.0842122843546849  2.8631653939472272  7.372698278889184  9.341741280197519E-14  
3.153526433486974  0.797850209965307  1.2820952694351784  1.6080487962876855  1.4234738433669962  1.0597827469894323  
0.8776457384601157  4.4637011073593875  5.828018013941318  3.9538707163620592  1.234255973373595  2.3737009191084613  
2.4634090344483646  4.5425564397360425  4.3014715280399525  3.1203926655893244  1.3951257396430872  3.509122765740791  
1.2660418408040848  3.3751094273588023  4.056034396147867  3.3144583318482383  2.8254391038658584  5.870548827643391  
2.2435526125557756  1.5969770602323652  6.252757683247383  4.945038381504879  4.053658377437922  1.5456260878639734  
0.09250646003737345  3.9393352477503574  0.8383601067395989  4.665858166344253  1.3315776707598466  8.070274091121144  
2.506392378911314  0.8473520110750041  1.271102897453539  1.263268312604116  1.346039222545866  0.42732766599390687  
8.71516455907573E-11  3.287207089343534  3.75876258895082  3.4618089438546322  1.3927319943851675  6.822323860575221  
1.1072191148315267  5.1846902101864  0.7545298423630618  3.2700684497499544  4.708731663912602  0.891885685001382  
1.1511353918395624  3.0041578209602977  2.9107219322897406  4.277107576708558  1.6218830151685089  5.707322715955166  
3.1188346776955047  0.9593517378770821  1.8484677676042167  1.2879468311790947  1.449153722497657  0.17040068576082734  
2.847624517603129  1.0732138108100275  1.044564634886117  1.8573792558501356  1.1102964115205036  0.8550945502668071  
5.54218870997271  4.454325218152793  2.22372173730302E-12  0.5577195512460451  0.8427146488133757  2.5290965527304285  
3.2633064648461  0.974855368803222  1.769471813028196  2.271889171516773  1.3263697112028985  0.5020008566789509  
0.6868075381034366  0.6442090703360162  3.382730861677967  2.4418524866947617  5.047078161864189  0.7953170435723828  
8.770645911737439E-20  3.9911758779276787  9.834611078230557E-79  4.817703867307894  4.893366153442347  4.798644187236972  
5.341530959525906  3.527571605069957  1.7950310437119517  0.9814795990175967  7.159243074681514  1.226306024988127E-23  
2.772168401453052  0.6737773802808691  1.23875939273788  1.786541673456481  1.0331040956024296  0.9133435863199311  
3.327653903561643  0.8750327814654928  2.361474766331695  2.835382382140731  1.4447296996848022  0.5722543272135966  
2.7563129484079054  4.715898712215733  6.772651529542297  3.231327742416994  1.4240046191294253  1.928245286782729  
3.3617586150584415  1.0168946660689546  1.0262411620449923  2.7410100085160916  1.3234940859989321  0.6760820314212818  
4.88861681012465  0.1425523220085647  3.6639817325403423  7.240236609275684E-14  5.353783759152084  3.2973313127639217  
1.9611463696423834  0.7907625232353156  0.9672156990154067  1.0832510764534284  1.1018208445865745  0.9035056702417347  
4.038232194605872  1.3993722560546122  2.1999743868887673  2.350462317021551  1.6602255339528367  0.8674216803702434  
4.066862316440559  1.200207758523861  1.7655350921070811  2.1062443129483843  1.3907743151605398  1.2580458238070884  
1.9107921920915694  0.16787658050662146  2.0050543402198877  3.5872192657439936  3.5042148509646925E-23  4.096226446742276  
1.2647255883828257  4.796605174687405  3.741917813679603E-12  2.304304931943518  0.7624931693675908  1.5459327019386118  
0.9766915854205653  0.4725018067956728  3.9634462924603517  3.9756716591579977  3.2527313296618656  4.185195573647193E-21  
4.843174903828589  1.6780543815754816  5.763586538595246  2.3412721956545632  0.9699501779538148  2.65298213058171E-36  
3.1898180456110197  1.1536678769163842  1.6852839123401997  1.8233349048280603  0.9511674261531448  0.8826092801643236  
2.736169725971874  7.501649854268395E-12  2.5736697559464665  6.163860458920809  2.9072890811305654  4.264155015019523  
2.707562107561102  0.8239643568653665  1.5940062502441434  1.8527289926162462  1.5949010874368441  0.7700639438106393  
3.3334618127277214  1.3521749717742872  2.305678819023736  1.9796657453318567  1.727123485525174  0.6172746616042506  
2.7913733379985204  1.1754276178006249  1.2956250052332459  1.9689522858400363  1.0840757719615395  0.6151021757269143  
1.6950244061634816  0.4915889679023108  1.4607143039710075  0.9862272487501299  5.268941421374538  0.9287288263081382  
2.93812857295901  0.7604189284869112  1.4868676661728895  1.3272986006824827  1.0896089609584463  0.7249004484919317  
3.158814441792331  1.2859929765777292  1.5582339021801606  1.6837072595502443  0.8141156878655448  1.2192813014302473  
1.7109841728555475E-4  5.073324546090772  3.17998092551218  3.922469103182412  2.2528441348740293  6.6228705757662185  
3.6489305935093754  1.2049105497469759  3.0463476059858463  2.712067124119918  1.162328936627138  0.15484724664835936  
1.6574933913389835  0.7708577748053559  1.3074985952853722  1.1786913115663564  1.1536347401085831  0.6964314685376852  
2.037527994987163  1.0192374900298364  1.6943595458822305  2.3689197105495006  1.3197675487178417  1.599339369087114E-5  
2.90854704140962  4.094758464539307  3.448174310727406E-12  1.5661522089099968  0.8579802338109909  1.1845818437960847  
4.188817419991353  3.8656579014735213  1.3536096923252472  1.7203809217147978  0.8355505067859015  5.404000827236017  
6.044040734704176E-33  2.015966504420148  2.7393598004937787  3.9023093668288262  3.687185995546945  5.66709247266928  
2.504519005899193  7.576545379408868E-5  4.374142068643146  6.139682361368299  0.9718713067718855  2.676386801471686  
2.506259224862896  1.9661711826272044  0.7932114958667197  1.1226299633959729  1.110549599614625  1.183686077628754  
2.6369904552623837  0.6493696838937988  1.4486546839868955  1.1398329505984706  0.9827266986129877  1.0543408920696162  
1.6841546584551026  0.7465573292041349  1.4602581646814834  1.2256123000489696  1.1472422474288861  0.7008773078162543  
2.7333997018936143  0.7263171635984096  1.2383406902374974  1.3403927111951464  1.149282968861298  0.6188758580857157  
1.9782306977118143  0.9627835410142372  1.049157261379354  0.9380299541091272  1.038551035063785  0.955865436797065  
2.7091709916522624  0.9990743630047689  0.5847080827388567  1.3629875343680509  0.7954389354097205  1.5800532541888725  
1.7290585841915505  0.8041439644707455  1.0050149946446405  1.131987912912689  1.176806469152024  0.7196070762182158  
2.0657633321619673  0.7626049160397683  1.266714326173121  1.3381371942272626  1.2401357168444946  0.4669271624164982  
3.7593822483079142  1.0357233946537814  2.232647760228898  2.1509539769842396  1.0920777189759046  0.5099343455284563  
1.7620314859290537E-39  0.9385858573269763  6.735133565980164  1.4223695384934156  3.6022494811964543  0.6614480751344883  
0.7893785135476048  5.03002741863738  2.1142138100211986E-6  4.0225356804545545  1.4002186781698793  5.623040266214898  
0.9656506288294036  3.0781499977604234  6.664451371495227  0.1786887743413547  1.8190705148363757  3.30606844193138E-9  
3.2842667464237016  4.538989744658255  2.2285016809520912  0.46089493677557863  8.987768091931631E-30  4.836184645427156  
0.4307433051007033  0.8471306002932484  6.275677443123303  0.7966612855131445  3.0916596725413257  1.0970736157342433  
5.621756308500573E-118  5.2862338697046445  2.2201978833492686  3.8710338986089345  4.166915977205286  3.377770604824756  
2.0769558936687935  3.3198079718656324  3.649344120922551  3.5386923922682514E-39  3.3976009814256285  5.704295714283439  
0.5803059173837648  1.303606404071689E-7  1.5447303353882205  5.399275332073515  2.444075624862325  7.573267441310108  
1.5366653408525646  0.002874985325328237  3.3088272045856746  7.554922605655052  2.543848206004946  2.5028853499234005  
2.540839023979584  0.2573330055112445  2.868666109731186  1.2465528655558469  0.3651583572905102  2.5700965262921853  
3.3258860352099395  1.106002714438125  2.3321809311955275  0.16909607538227767  5.960322558937099  1.1551528429411508  
7.439812465418321  1.1675084193050249E-12  1.4239861081998577  0.3027591401528463  0.8919579734062717  3.5799654201134206  
1.8060895176743257  0.8587359053160314  0.7551569227286293  2.031512979835147  1.1291199320573846  0.707123854572245  
3.623307200211104  0.7302352686340715  2.3379428117530088  2.143832314846002  1.4923146081949665  0.27218506289776656  
3.6221319314579983  2.5894174608833067  2.0593607814770127  7.964934783322244E-11  5.445515801758877  1.3798780006012192  
1.6781318685263  0.761840320578223  1.4088492176288772  1.2364076713500898  1.1630052652330338  0.65893619150071  
1.7482051772229592  0.7898725616227253  1.044271134600145  1.1717082296266328  1.1872674274848825  0.6897769948099132  
5.646236160093517E-28  4.427859283606843  2.8931040462777036  3.763738106246332  1.9853545487807208E-39  7.013869556033823  
3.4282685503784216  4.956518873901215E-20  2.2532566474234925  2.8722042196613957  3.91265924395325E-4  3.423519333257053  
2.806977546008727E-83  2.6147303852223396  1.539415495226246  5.906217652300918  3.4436991706926787  4.619175684413634  
5.7767490543263245  3.0140340979595774  3.147888823922707E-61  3.515326748488275  0.01600640908279739  3.184497914970481  
0.4262276304946085  4.064828714198963  2.3389212500462788E-80  1.166487445205227  1.0346827161865262  7.5647256998478785  
1.8414856758817013  0.3687228029051145  1.056439932117682  1.7115315415970094  5.526187935960674  0.4590826595446547  
2.6163011283976676  0.7242554693339117  2.2117129380175133  2.2982862161913817  1.5101525730681502  0.37926492878310725  
1.6110871538680875  0.15173101705673617  2.8488954026096187  1.8389366290213656  0.19160229749634233  3.1942214571555465  
4.214112976339537  2.058607234657606  2.289599726061516  0.36464127490941617  1.8540894788642517  6.836957305301078E-12  
1.1787898649041708  5.195097403792641  3.061467189899914  2.0251865250995755  0.002037932795802602  4.750200487787345  
2.3586816172869423  3.212431175101475  3.122871676664214  0.9856467217763759  2.0623763586133174E-32  4.716663766949755  
2.645384784616151E-14  3.7224865709197985  3.5743282692804623  3.530709977456366  0.29391947574281013  4.5962371725279185  
4.391884681186472E-56  4.9342359237766334E-26  2.9423901465908076  5.085577689187878  0.9310663789295961  5.933297862868333  
3.364234330069678  1.480286549665456  0.8661463298758958  2.2183363909340157  1.527771060708263  1.1059766108956657  
2.339512228475295  0.7337881220469256  1.3235503488704141  1.641934361454808  1.257435035728093  0.389610987101675  
2.8051389624782512  1.1528570209816467  1.4104714943710606  3.053303497461637  1.437954283661387  0.7338099615617754  
0.897588339596337  4.751683920332848  5.328750068147206  0.3573260288428813  1.5711625160498248  2.375546777713501E-10  
0.3791828397979087  1.701821622836723  4.52404593798143  6.5345257906987815  1.8700737152034193  1.1511504386537554  
1.0466597229644936  0.19959933473415906  5.391125609211609  5.652307718074555  3.4315756065514122  5.048885833515097E-14  
3.7396825125811826  1.4310854901581505  1.2776594096092295  2.791929746244956  1.504975797307527  0.5900026515488362  
1.1181050991703505  1.8126418665504367  7.922382685533107  1.0902055864579818  1.9490209247202492  1.7620409268523576  
2.689729875875565  1.271734162557337  1.461574790091048  1.9110266371308402  1.6098281302583684  0.9680078479828158  
1.0274933274850753  5.101041804820351  1.3389594653779846  2.3121394763061045  0.14650197478914384  5.139702636801908  
1.1264717495004082  1.696139698665129  1.5692503531388173  4.928526142209571E-54  4.99434180036376  0.8150548911084731  
3.5445940911208944  2.7711701491850045  0.008989731560295585  4.155420011986115  4.712131881304339  0.9763859881359391  
3.519190790838676  2.474326670755405  0.9242383615722812  2.1149141239631115  1.0555390436563001  1.1572175138550977  
3.1712825271850544  0.9261784513525139  1.5146371779464207  2.6807595519922307  1.126353248369095  0.8842329796455095  
1.2087908165836165  0.007320224789620428  4.417785434508118  1.5587888354364332  6.436880464684887E-38  5.158753044154616  
1.8817394966353123  0.7695944917118995  1.2244435011048358  1.3124798896746483  1.2178773893981063  0.5511616934133743  
4.920133568323449  1.0201032615795562  0.6037664742636561  4.847745547384619  1.2931243204747582  9.71868489640685E-4  
3.730046321813184  1.2674154451382547  1.3158214123508996  2.0885486433397644  1.0752782057814714  1.3646482802871736  
2.9431364197944743  1.1704006732413295  1.167840866749875  1.4988003506315621  1.3574299013554298  0.7240941748189431  
2.367765654517336  0.564447492528855  0.764702885154078  0.9053683443366419  0.9958975998837637  1.621259258778485  
2.2826100803373297  0.7559967938277603  1.1509363019183823  1.3536522403585356  1.2448689859299082  0.4607546453501643  
3.1104795882133507  0.9100222516181675  2.1421259842805074  1.9376646356503748  1.6385914257552814  0.006634814911935123  
2.4053293534245865  0.5293003915882863  0.5449036022644963  5.616068071319727  1.0856215921666845  1.261091537391872  
4.46665375823456E-14  4.224862211393405  1.9206617218500388  3.4466809590419003  3.3816048970420387  7.358942106627623  
0.9123643870398374  5.095958310317528  1.4276229139829704  2.500393603479754  3.9591086570568534  5.048241993134642  
2.5565190084684803  0.5550713105485128  0.478524703878258  3.6604709862282867  0.9715252906193862  1.3888361298882475  
4.474344480509658E-10  3.3500050305535445  1.8765490547071157  2.1568555877159232  2.062020352101379  3.646457662941082  
2.2582370885447647  4.278499810448072  1.862888563700799  4.164186114913782  3.8075047287502337  2.0836425386490376  
0.5782540397915363  2.3793032434542534  3.925989492564636  1.921732008404825  2.5159904476553496  7.161161585875765  
2.1439781139925906  0.7396620715757074  1.1858780771399504  1.255526509638049  1.1596469476490308  0.6749308259695693  
5.112858182767802  1.1506820450683326  0.8179632907908988  1.0395745772141158  1.548868833013891  3.0957235949217052  
2.000812606660042  3.7545802922861036  1.7818931224268046  2.904754932320903  3.3373920804903405  0.004068752991107959  
2.6267717998229827  0.7711307113380629  1.4288219344120494  1.8389196254843445  1.3984994350362872  0.005432895630698818  
6.362120862877837E-35  0.4151118437977672  5.9491238334687795  3.594457214929227  0.9189638335083147  1.438102019410203  
1.322263030102422  0.6465240594582157  2.5255037582312756  3.5769298123849675  2.154849074087562  7.142453326847661E-8  
1.8000427919504984  0.6781280489531599  0.8402519833638459  0.8876461431377141  3.9147762450950347  0.7604232238079368  
4.288415181241881  0.8713653915280392  7.683876564440738E-29  4.675085927431711  1.2738918292312928  6.3553297226884675  
3.163478957917276E-7  1.2191227557381596  4.701592354543999  3.589424124385642  3.61120638447932  4.574372308920457  
6.047391903853603  8.42101941493726E-27  0.24567139221040155  1.7791003658647475  0.9251607328064557  2.9118639662530974  
0.12125417457525994  2.800315538107368E-24  3.893623277523822  3.2786075987904715  0.6364070333600053  6.820856929899003  
4.030904802651869  0.7408049204869597  0.3576420129981835  2.376417867572622E-5  3.3339776514344632  3.2548540995011837  
2.07305133636345  1.2285323730518003  0.9287894434800883  1.5510221776756774  0.871841290010002  1.2463554833015866  
1.1849763834996716  0.9391680304442305  3.2261542837289787  3.9667580760594783  0.11270205523576067  2.9835056474449497  
1.6908636355108808  4.706382910080124  1.927967837835876  3.884156343103783  3.0050833127719425  5.388903728147215  
4.466758757414783  4.251304856421115  2.5676902403549014E-25  4.73334227415697  2.686689851786723  0.9544633555887924  
2.322303003702487  4.0031323755385655  4.033667793464018  3.715015286143912E-5  2.5059474914825377  3.0232342803063643  
3.3691266643512137  1.1072197835747648  0.895653588980082  3.571020003977426  1.2899955132424776  5.48445972529762E-4  
5.262159253214701  1.096295035140538  0.9424478846621436  4.502244907511065  1.260020590676964  0.0022959949463835895  
4.045520329942724  4.003734363033361  0.39247536529159355  3.9157970839107397  3.8255894584431265  0.09355956353575998  
3.6239894588009816  5.01013153457198E-6  5.280228461634554  1.0788830377695005  9.025941895401753E-26  4.464381141310173  
3.095974676397434  2.8237271073645487  0.8152317901135305  5.966985786091646  1.1870025017696586  1.71787295865524E-4  
4.3163396807270145  0.727545199565253  1.170998092567144  2.9360060808206727  7.330513285185704  6.254025935688397E-21  
2.807396476689174  0.6014730880507614  1.136442178279215  1.6079888930124964  1.0427383160319046  0.9379240460575666  
3.5223706128554384E-32  4.242059042868612  4.4045353333428805  2.993729071898908  1.3161805262220843  4.561683304748433  
1.6882403972445872  4.774998407633883  5.132119405950878  3.1894263710688047  1.2936446510018407  2.8166012295590734  
0.6582062232001203  2.698872039023912  6.085769386420754  5.700886112640161  2.417146199259801  0.08944902910753087  
1.4335881303897884  8.015672538183315E-8  3.728287587106115  1.4373383085088252  3.6510112835978483  4.372645010931157  
1.1691775557658712  6.169718179264239  0.9773909129139982  0.6337504325757599  0.870890149664414  1.1072984028392536  
0.8702205701016434  5.055202375667107  0.9212317171133411  3.8656209923751426E-134  2.048641169422834  5.844188311417115  
0.8076158559596718  4.538354497877288  3.424626980200526  4.731335487637067  2.5466812794979734E-14  4.525646478912984  
2.943760533737938  1.2830886372068453  1.7139698810014474  1.4552928006758774  1.2181579977134533  0.1883344909349463  
3.124207992507518  1.1253181648452744  1.9794683161292823  2.33425260525899  0.9818552923056565  0.7793830598430443  
2.2079953978311573  0.7162815798698549  1.6110187424952855  1.4113838117478616  1.2516208600664345  0.4138141658771703  
0.10927200415852759  4.036235551064705  3.6369008280606363  2.9322127022789664  3.187455461311313  2.484344301674386  
1.0200503060650348  0.46246568094351204  3.528306343726172  4.345983333655087  3.2502041457426407  3.8043608375677547E-20  
3.975488825235962  0.609178196917698  2.4510878123388538  2.2770280392861006  1.5160279943926893  0.9064898108968901  
1.201931185597449  1.9886756371332044  1.138177730413056  0.27332845947997186  5.692358383977748  1.6001093024128537  
1.1767802260235214  3.9876387246575424  3.359966717976128E-7  4.592354843276005  0.709586075131208  1.2384196774813192  
2.2800491795148377  0.7400596765132762  1.5472387687787255  1.6939714512405417  1.3462068008721157  0.21936793818936634  
2.574955037548423  3.832092802399532  1.4193379694098684  3.6339867910823673  3.2297495226630555  5.895638835075211  
3.889411261900153  1.186853092767085  0.7907978469259057  1.06763543898366  3.921859236323418  1.7074350598914383  
2.689586598826089  2.2511125766945836  2.87937688955063  0.09171936592649182  1.9726616593404394  5.809724129801332E-12  
2.6450634826502184  1.1160192142116494  0.7432507173196783  1.6141777666004473  1.1529046481496517  0.5767461966971609  
4.653659157930636  0.2974049703283903  4.235623698989821E-5  0.5181171809082034  1.7319593387497454  3.2485936374416142  
4.772507066515383  4.853426130428091  0.8866193187237562  2.2762480333019255  0.7648720430964177  1.0864590445305566  
3.158489953329893  0.8164381598411515  1.6292959271549219  1.4457674237199931  1.4408621571320839  0.30995543041904106  
4.861149018399467  0.5572039764382928  1.7391189440822523  1.7147201134752181  1.1414091679118004  1.0291448049911915  
1.6939816176203524  0.7815610400661278  1.2119242090907745  1.229854598716907  1.1824910228572822  0.6406661837366264  
1.730478112876836  0.7508794274012555  1.1149259728977376  1.7338338420036028  1.090918486786209  0.816042979350989  
3.033454378553697  1.0401728878802265  1.918169948104203  2.135359873066469  1.5416959938473715  0.014431653671284028  
2.6396305017696275  2.323542430212887  2.774227015588365  0.04069259876449586  2.02901248187116  2.3640244981241788E-15  
1.9424763747209235  0.7613128351269445  1.2249600650583883  1.013404903489002  0.9741154519131682  1.1352890958910729  
3.100040860658538  3.056763534522753  2.1372558399174952  3.265024781352352  0.21789348884525134  4.008896790297306  
3.2159457638175515  2.861241583140149  0.4898333859680657  5.793544089755969  1.1595841161632945  1.6741187508832965E-5  
1.8586362139897388  0.6068670742331022  3.8907210517090405E-5  0.6326223521252581  3.4465725790433788  5.186311305329774  
2.0221051225316153  0.8168667408908675  0.8340335085800853  1.0016188704101685  1.1019809316501827  1.007362081408913  
2.187339474499049  1.406919967464651  4.282295678389983  3.433578202429854  5.623565704639525  2.8167266269425086  
5.586856686469683  3.6116331081174686  5.482116601473372  2.7371194269239756  2.1160329655972894  1.384850496395616  
4.3655662458709825  3.753074116477935  3.4593653578940016  4.618648389516402  4.389562429712215  2.677653049712879  
0.7038320602790048  2.227498827582437  0.563629946446  3.9075755625769553  1.3328337772813674  5.092072468024551  
1.3377296849993725  1.9957610921196702  1.0602682141349503E-26  4.599392278562837  0.0520965625717879  7.5209206594544815  
2.698426068274785  1.0655911450201471E-61  4.786809956163426  2.1164282325492887  4.996711008258343  3.676895634354173  
3.3005843047799135  2.11158334855347  5.809535321543719  2.882131211814749  6.330216842685813E-57  5.194053441547996  
3.1745306583798523  4.581301262162133  4.197251782369334  2.0887588370467403  0.8044777859239161  2.345005095889526  
5.016652994092777  2.1784205668961656  5.396520865276333  2.168055238591762  5.513421489597217  1.6459387967768815  
5.203860407781197  3.2885898275343655  0.8298868276342475  2.6137557114701053  1.8225918849256297  3.2858401535062236  
8.022692291347797  3.608131630556295  4.309197795963627  2.1707903870085925  5.2584604891717855E-177  1.6325452635602178  
2.1814491631752822E-91  2.727347352289328  3.405091145256557  4.684990179592504  3.477304139225074  4.262345205508439  
3.6779726142121327  3.910577320453271  2.64564020145101  0.8061523143910309  3.567222536586209  3.057132918932414  
2.1001517541512094  3.080133600554027  4.1626763521180346  2.024798792355965  3.406924114735124  4.65347425291152  
3.3066413318002326  2.138011223052618  3.257390611197084  5.953696457741604  3.3748813265194206  4.315867897555468  
1.2531340713094359  3.1771135518609928  3.185029487923469  9.293831332635389E-210  2.6112390955312317  5.760359377013745  
2.3976149056281946  3.3723725270528244  5.326048721401648  1.048497830442927E-100  3.0468416247998182  3.2604103156161655  
3.9420820669636165  0.8662403102190405  6.466817771791461  0.7922291686003796  5.016814269636257  1.9238883491595138  
3.4166341304463335  0.9024350527375157  3.823291319347288  2.4934107419710294  0.7823428255929822  5.2169113811330226  
2.973211219685599  2.420288644767402  2.784137161414706  2.7512798111048413  2.9782175034397484  2.9721324797588293  
3.1953528708984495  2.4106785606869128  2.734788257390443  3.5195626103487667  2.815682494599224  2.6204679481155018  
3.499990899011215  2.9335006167358  1.4806433705053337  2.271195672100722  2.6074408616345086  3.824043852133556  
1.5032843327942245  1.9322087211132937  4.96061200939998  2.6395616368296047  1.4219270255648049  5.784390310772039  
5.858283107513171  1.0271102458182972  6.13750686046143  1.434455551892966  3.66598555690777  2.4774184655848512  
4.283309111471768  3.55918281200372  5.108259160897347  3.618535262800934  4.35847677944086  2.2262289658600616  
3.9736406207787094  2.0251159929426623  5.779668403949767  2.3008611638217515  2.0655418869887967  2.591549531185085  
1.360555233060123  0.6553471900940672  1.5818141362331505E-24  3.611755600102598  2.880410666202894  6.7970169959107105  
3.848390439814107  3.867471828945982  4.736987291723243  2.958374606890578  3.4580306296455383  3.1697541082039535  
5.558512264087952  3.0143204764098512  6.1357037392765115  1.181778451685827  3.862658329898284  1.175800596347526  
3.1760257270565755  2.7000829787539082  4.557159490613348E-30  5.697311012684047  5.227081121522114  1.094081680487788  
4.231059404135345  9.640382550161031E-35  2.172777862635183  4.854349397354489  4.628703964408858  3.504219048121088  
3.532627411258697  2.6138264048280675  3.390253586562367  2.31484392843748  3.1237427257808084  2.010367761652391  
4.278076614446527  3.651181506074887  4.592112352593419  3.0011506160952273  3.6754579911329692  1.3138645885209677  
4.866020055938878  1.3641719444193794  4.426364693870844  1.9594343820864761  5.227656882380078  1.557947529460542E-70  
4.8293811222197975  8.544430020836478E-32  3.086383062513128  3.366254380281752  0.8865040649339542  4.879210623561398  
5.445166346592595  1.4869612427709042  3.645385116258887  2.9544812561512486  5.5751052035355775  9.527040965860013E-29  
1.4880036557118745  1.2097817062609921  0.7660136201186276  3.005346379062145  1.9101919830660288  4.086939455385234  
2.441690666566781  6.811309862838043E-32  3.704572936477763  2.255279378070197  1.2816219994765714  4.747011985411198  
2.9039172847566728  3.820330182813747  3.808768498960559  4.302405430046131  1.8036272038179963  5.303330450720369  
5.131635731421507  3.2301355081370127  3.9741062622648338  2.0307041717164127  3.060857660542724  3.892502558629329  
0.2931798695794944  1.890886274241142E-74  4.300018027299266  4.66789466969769  3.5958302881521306E-22  5.8110801916620725  
1.4209173004091946  1.4891929710075469  3.7442325798504807  4.332762939049982  0.4937639057423164  5.032316477993449  
2.6594459334175338  3.8968069412390687  5.771941951792551  1.6741415208851336  0.16372631127936316  4.173083350871415  
3.4859343963909666  3.110797459288782  5.1303625419614916  6.6916892171068244E-21  3.82459964688141  4.564477650962575  
5.401347739523481  2.7798353056450265  5.3120207128079056  0.9092589501972776  3.4327446074620322  4.134677144363005  
3.6732413621191315  2.3698907834856247  3.713946425989809  4.5541118130433264E-40  3.6045958188845137  3.4943099748850313  
3.088761659671625  2.3656527515837245  3.0973044021031586  2.266248754205401  3.0405881187905335  2.533628206167845  
3.3706079461060447  4.341174880636091  3.8239239146607553  0.02425597212430291  5.96199992291494  0.9124827056115501  
4.922964520697249  3.380041397642871  4.178824484861584  3.8681559517719952  5.308931409317883  1.0649277116252562  
2.6043084814987436  1.9896326029831963  2.5368632992606877  3.1733364419785293  3.099629544299389  2.759061956241291  
0.6991770400727613  4.256010546020068  4.334471253686326  3.4874137698292156  2.2592779188101266  5.952300082812736  
1.2900649409518643  0.9290121911470789  0.7810391200147494  2.2477670179557347  2.1016606481363334  5.152474546973154  
5.5544642006597345  2.831340997600977  3.0562821899487704  1.483312401134887  4.02334564141009  2.491169537051262  
3.2017692589671  2.3140860001025287  3.108412050248211  2.4179648542333023  3.1350456730969896  2.4896417231195516  
2.5229659310794816  3.2928396552716257E-13  5.175218467335636  4.58934575181968  0.9122001611579621  2.4690774519330616  
2.2674176869723  3.0704523919676814  6.1925688487568E-79  7.184370556502217  0.6222593811570164  4.7974042046651135  
4.785736268238142  3.4462613960480786  7.314851542285113  1.2438360624693046  0.21996252466085092  1.4253063507335293  
3.4851764678509554  3.2528675716176814  2.5763526603377263  2.4582530689744333  2.818343591102039  2.589683396516408  
2.081129400383275  1.6306258369363327  5.947722459030404  0.5973396001890767  1.501155623511645  5.552632878092156  
4.95108467225943  3.240455572979323  4.773777376723736  5.5979882596843815  2.6633682902988367  2.364293874991413  
4.398681150833551  1.4649462067380807  4.83867745524579  2.260732129546612  1.128183426344365  2.4011351934232813E-6  
1.0167795181156039  2.425832688390916  2.148648561901791  2.939019903646349  3.466489992851084  3.249177642761244  
5.6016023547046965  7.651057192089462E-10  3.3344594444944504  3.1839235949583884  5.102403283854226E-19  3.064639737551826  
7.256929732272829  2.9177239265402415  0.8406534250711247  0.02145011810783558  0.846535191382705  1.4273450301196795  
3.7232921651714004  0.2419412154813638  0.2931325510437268  0.9166897547628386  1.2585798924957483  2.414920672460848  
0.8738163825915006  2.3221868607232063  4.210007437756528  6.881142061885861  5.580607072674878E-162  4.421379762411053  
1.1092295529459435  2.722313778451438  6.010125790575711  2.038835022063084  3.627186507496787  4.5034775097679  
4.817634114606699  2.72731669243358  4.040733335868471  4.789082301652525  2.463488455968241  3.629930609433536  
2.430323126766122  2.0103156045316743  3.761965376100516  1.426455833664558  1.4823370347198856  4.003684567481211  
6.180614836801328  1.9957339343998588  5.000714189384288  0.22498139865654807  5.026394816790149  0.5442010177769325  
4.081962011889771  1.1351231450093515  1.5283173238225236  3.674669966779041  0.34695899287991405  2.2736561998386935  
3.451639149938468  1.9436439644197487  6.814676485444437  1.3862962660047033  3.3977256459537086  3.6357309988536044  
0.2847347707650135  0.8717782772001635  1.8718845162067987  0.9291127530520541  2.5500810915224577  6.731543542792641  
1.541329801267224  3.813900191318763  0.06484806715623143  4.3694728781754195  4.6136170448702  5.447684554999976  
4.808540847616032  2.4829853167115985  7.938695629819257  2.4460743858195673  4.697004216971762  2.1305122325465224E-22  
4.790900516413079  0.8594652751599141  2.3344242517343536  1.5324834610064344  2.6527108136467104  0.34031894774171095  
3.4583737872161167  3.9925373244454843  3.8839785350799505  4.6865930076843405  1.7719634873751007  1.5619716345707257  
0.5677030629863533  3.270543698314129  3.287577483766323  4.713161035426813  1.8506810234973186  4.942377043802643  
3.2812633294975564  2.344507644971931  2.2018547083317364  3.0015672796758914  2.879373301158188  3.1952259637621303  
5.716213234310184  1.6018023588826182  4.787809200873683  4.010874811931181  4.35564826814614  0.6149716009696033  
3.7373048599234373  1.6665718114176047  7.661759803104548  1.7294181331101042  2.587005147366378  1.738223976806536  
3.426468813829859  0.15986844763496308  3.4125636241671637  2.898448237603513  2.1555725087458413  2.757250388252587  
2.2590397180719903  2.1689798548099577  3.09002692413902  3.455268815275322  1.7235859899650663  3.1894775532689845  
1.5773214135029439  3.804278042842527  1.7270653723358964  0.2704304429098689  2.721960083364979  3.8414986566904044  
6.2088181174764  3.4987490116042474  1.072157249998676  2.386895150956145  5.346739978420589  2.7344820831124688  
0.20924915607039454  2.866729469953041  1.466905400119818  3.7577910775002237  2.519988247058279  3.584754769612672  
4.362769416805425  3.8061220553657646  5.37785156147171  3.1824156038747446  1.8043832601168288  3.6454916563497313  
0.8681772243574836  0.9146896895130028  4.481680377591025  2.2157794524585075  2.8629308858404885  6.852196179391047  
0.48068574731453667  1.5774483019612706  2.108091266874797  2.5187092951498995  0.4965223885054171  7.2322505561268065  
1.8152119000429938  2.508720524996563  1.1722746687074018E-24  2.2565133197937013  2.3466761887789525  4.741130391190107  
1.1166249356721054  1.450735373513009  1.7922764839549843  5.1399232844478355  1.4381396275590612  1.0017005702347175  
0.7000247714396322  1.3874803466848755  2.637481185916302  3.5869603636133287  0.0020916448426243368  3.2945239733812386  
1.6912671776176884  0.5497968846797261  4.392944214841499  5.808729973090732  3.3291281158762063E-49  4.650189721646962  
3.048905176258787  5.869889878616945E-13  2.3849462350774515  2.0055390493955514  2.2339556703185006  5.370287437094913  
1.1000426712048617  6.383133393277981E-25  1.780798355109588  4.344037002971175  2.533126384742562  3.855156731859686  
5.298013913882987  3.771545791394752  4.154156816269407  4.847820118166267  3.637586109534111  4.2309583262277055  
0.4036758350605054  0.49719305240644424  4.753982019168537  1.788695064261921  1.0940970052681969  2.9402579794981194  
2.629230687580787  7.759713302411339E-91  3.835445322714511  4.371777061426769  5.529553651035038  2.0755240050292582E-19  
2.330476862645424  4.307685722942485  3.3405291061597797  2.2879235506833715  0.885899115823091  2.885386685474251E-6  
3.5207569126311355  2.4285207845057455  2.894471756731539  2.239878111538214  2.9084804575850707  2.375951289732453  
1.4201800939199507  4.786969636325516  4.839138713052283  3.9472071888832225  3.009602620277311E-39  4.809889084363255  
3.962412328311997  0.7259490197578209  3.264397867633491  5.073109709149867  1.4019531776999108  0.16449710492521488  
0.8074174528424977  4.577996843257161  3.946318785086015  1.215647126834623  2.40829937339474  8.622629361674753E-26  
3.1987152655110194  1.950600127937567  1.791172875192947  2.452642979506546  3.5760748213500717  3.845252891979278  
4.8025423111773335  4.090154821556159  0.058679827370871684  3.2193747191127966  2.7333454534540738  4.927006830843188  
4.948274096038716  1.096893987275966  7.0823231863467235  2.5793394140101  3.481266287731289  0.6100490018945389  
3.991017474394233  3.4849856186290068E-37  3.6711480364606084  3.919233324413502  2.95447785858096  3.8884469250641907  
1.0223845947433896E-26  1.4045850932111905E-7  3.1102626770147155  1.5609092151611055  1.4656151307107699  7.396369325716147  
1.823568580154596  0.6077193612598449  2.7807970952381065  1.3655100137274852  0.19100767091857832  2.840265365087231  
0.7455837469279634  4.43644974435311  3.8128323765182177  4.336316558060141  2.579338935847628  2.4528444963328008E-45  
1.4190319616877982  0.523213062881304  1.638576436470302  2.2257901434717255  3.747456162124768  0.7581845835950701  
5.421298534166677  1.7991795436288436  3.426739914297542  5.183885771885654  2.4906655721001463  3.20377243465326  
3.145498344033724  2.3932733122459617  2.6054139286335345  2.675592098268726  2.987520688471975  2.9048116887900335  
2.036818454542929  2.004854919009147  1.1374095761193597  3.4350723878523284  2.0055120009582574E-14  4.425904571626397  
4.206102118700147  3.059969257499198  1.864164678974896  5.310329333128253  3.385579092967442  4.046121579586069  
4.705556605581143  3.071673469132922  4.921407780758515  2.3900980714419506  4.577119212138104  1.0462138152787082  
2.5702913629490367  1.4594238411541902  5.638205848094538  2.1266929261161347  0.292827353153021  4.851433605637177  
3.8709050357235477  2.3563214855137016  3.375287538069759  2.135942341008304  0.21653914800175134  2.360384810694193  
2.6990927261411297  1.9852911787086127  2.3297606833758495  2.5923646579641395  3.6213978095980335  2.9349122396480607  
1.9021241266995416E-43  1.609007752043374  5.074836109440426  0.7740553963178615  3.547246622841578  6.215890528157871  
4.024280791068391E-20  2.6261099693618832  3.318909139041345  5.047796203566734  9.226162602510091E-6  4.286677669726421  
3.5036744432302376  1.3500127672180435  3.0920711500514564  2.698078187112415  0.7955782066879742  2.684295858884838  
2.474777892872446E-4  1.7024213920999343  6.040961655077028  3.9489642775612586  0.4986167625933205  1.4400256358984336  
6.328160454241433  4.644536673841308  3.9526938156861777  0.912229126554893  2.7071915611906237  3.7814631625522836E-91  
1.1544916724298106E-69  2.179428147556777  3.1523991427073352  2.2282966382724254  1.2649283293538016  6.595959386694406  
4.710117422331909  3.0948815994975782  4.593995166951173  3.041911498587356  4.701832307065115  2.403121672094044  
5.639800105336027  0.7397294330897283  1.1059179401780284  4.23086535985416  1.2806868325701781  1.265002884761396E-8  
2.730176941254789  1.0670738784643253E-10  4.353474656730699  2.201239669297799  7.576450181241844E-43  4.866290557040976  
5.105229980804149  3.3945873863333014  0.06117647254285511  3.9483964305296047  1.1314572159658398  0.17260817330962258  
6.270504332211842  0.36367881260606927  1.4661307548555944  1.5182432957131857  1.027099756180284  2.2018812367733345  
1.8391617767266948  0.7872568812488159  0.952606045812582  1.2839395246799126  1.2200931054760213  0.6239372819414596  
3.8132003226600095  0.21937779480636424  0.08995620140620691  2.6476547780405304  1.5606345065469258  2.3163886018100315  
3.146531874885445  2.4166470651799026  2.3360262869670976  2.9851628197250206  1.9741435367474491  2.834704013643401  
2.7631160304948217E-33  4.8367663706538515  4.9652991363602155  3.2300060159273745  2.314448137584462  1.8848914062415487E-90  
2.534258624394396  0.8890453762750397  2.5511782673579986  7.985370732076881  4.262412483108513E-56  4.733209210846945  
4.498130218709231  2.505705115559252  3.725155607333937  2.114127379853759  3.1311967501344813  1.0448538580649567  
2.042204942940295  2.6149318479456154  1.494294352439297E-14  4.842071632975166E-15  3.5966190237729814  5.493823195970089  
7.288007008411172  4.295510597241102  2.7171848019458823E-47  2.473422228557541  0.713299791854527  1.507167196218025  
4.092636097075266  3.907147528004982  6.078251930582308  3.231738667171058  2.983871662800386  1.1361808127214443E-8  
1.1864480880773278  3.145716236420065E-46  3.3211867646666953  5.76471434388142  5.719502996840995  2.7915134491691437E-16  
1.3841553418265975  1.803168648733524  1.720553269880381  3.588541287330561  2.062090866561867  4.031347510663401  
2.224499235853687  1.7841989059006398  3.54895892496939  2.735225001495557  3.0592993200147003  2.3295661519911963  
2.61530269274995  0.054410489301476524  3.5330534920895054  2.4797500869472273  0.5275637753191756  5.7056136487563025  
5.223501848646259  0.4867054930871499  1.651523298613791E-13  2.4545039672193126E-25  4.779276449822074  3.6468955913751357  
5.492922378048542  4.859708971227057  1.7160665590596633  2.37189349620491  5.243141515629144  2.6994348664448933  
0.8783516301490155  3.0352510967642417  0.5825263532650635  2.4217936451919946  2.544867642233546  6.8042894402277145  
3.7900111915000916  2.5700041010546535  4.196202073795321  2.035138183294213  3.224212122674414  1.5476531273288485  
5.065559381897732  0.11447880529024884  1.7178759401771377  1.2758333131869337  1.006854441262566  3.9290880938790456  
3.766373734702134  0.3087735678153517  4.406418670774154  0.5472168179485308  2.4284551928743436  5.0099960999103255  
2.8335608948320217  2.372481153864417  0.19296909897808032  2.3913679495748865  1.6247634310699755  2.201838812491481  
4.973749904153524  1.3394871150204735  4.212469990282389  4.330614430892233  5.624751347473899  1.4588433044798548E-9  
4.49640883004496  2.222924550586471  2.1687742251211484  0.3692812707440097  4.366033525889403  6.282014612969197E-53  
3.2384943184147503  2.6134073684541286  1.674562181901403  2.5752993420943935  2.837092224842301  3.5972833253218686  
5.584359292352191  4.976224242512479  4.049850870343446  2.1645741258167925  3.680618442787196  1.307050374178872  
1.3200769491852389  2.7537109537993087  6.415046604033553  0.6614325693233652  3.6501617046510493  3.4222345387578157  
4.51284519661393  2.2621879759980343  2.4760254367184076  1.899389642811641  2.9884954525952483  2.430492316652456  
1.9875541168033342  2.6113175704433718  2.8456323318374213  2.346113011807429  2.79826548769352  3.068923330497727  
1.2861123762708575E-9  4.123833276436384  2.871542312077281  3.431011794390666E-52  3.928412252847568  2.1232433290601835  
2.537245371752622  2.883811777077153  4.6820325617442995  2.31617208148154  3.8000561189252933  3.999009771355624  
7.318914472031366E-85  4.351134703816258  0.900531838520005  4.648720258039976  2.683280312661673  5.150869070393761  
0.4205861652072431  9.23378163009448E-6  1.1247400661621025  6.780258414126201  2.48064848136805  6.848554829681415  
3.9194736567125736  0.6543217461820812  6.044716667637273  0.8295510155673842  5.406579003131076  1.068651109198103E-11  
7.592882454609833  3.106341303681316  1.6681241104190758  0.21828934976824815  1.0878068904369638  0.1956541387092715  
6.728163394977379  4.2194138683907  0.10353131895479481  0.35885851370253885  0.9268137068067939  2.0987930343053325  
6.634395573398251  0.27037149581507586  1.9794737399639928  1.1721584598908668  1.3244148318210904  1.0562754139376327  
1.5345727083504486  3.6274121543884124  5.420772329386035  6.246926657811258E-67  1.3136516597543473  4.8531071345452945  
5.036338385329364  3.2918348822971524  1.295592866402098E-52  4.55964122015262  3.5747435607029865  4.678066605046404  
0.5426201520432742  2.943034098069061  1.4453514007421526  3.0993569486460606  3.602151622629886  2.2588025604492663  
2.026465199574464  1.9253972472724337  1.4331001625196165E-29  2.9378298239290275  5.424703989290912  3.214756454135162  
1.5329530210334508  3.7237612544199914  0.7202626184008338  1.6576762947543187  0.8625971824718653  7.263848867540805  
4.266992055183443  4.246121735336798  4.472717822551673  3.3753717312833156  4.983460669266812  3.850817602680468  
3.396861878202933  5.883107659229013E-34  4.047195118648394  2.610910291925958  2.208086557330735  3.830382060281468  
4.795784834606674  1.4511071386405802E-30  5.803849824073969  1.9741281721959205  3.6846679864540017  4.0276685842061655  
2.8005956563104073  1.1153742030706768  2.1634305049219793  2.0351466504622775  1.3033474801052365  0.005043928959339908  
2.3486884202196237  1.140316857110775  1.0696872339055412  1.848453381827998  1.4618841715163013  0.9625168720662991  
2.9658748599560214  0.6062738966481002  1.208396367802867  1.4910995244235195  1.1057346392282508  0.7873599201491789  
3.018936314779813  1.8833694330029795  5.371204330998094  3.491528171994203  4.746457076764925  2.914780427473302  
1.763630987346539  3.606308356470765  2.945483634462426E-34  6.55158465929183  4.815625973893446E-29  3.5331043961781323  
1.2384677938205757  1.1941009952446584  1.261493948898765  5.5361283106362436  1.3418194434709454  0.3719791240269194  
0.462906829126948  2.7305391140705657  1.9713812282644292  3.171053192994198  4.41167694832953  2.184715269816035  
0.5640750125575572  4.027991033904268  4.033814699441518  3.2181952894141026  1.5711889619522839  1.011540503715527E-77  
3.201071186572278  1.9246928917531498E-25  2.9654911778760327  6.5603636930087506  0.8299878871681218  5.67274353591785  
7.36801082661995E-15  1.1110367048361227E-5  5.558322138825469  2.669818620996332  3.8162952251565443  2.4812264466650773  
3.9522456910849204  1.5561571539850485  2.358420304938159  2.549342007780185  1.7916973061531523  1.1865676783394576  
1.7836105021471658  0.7242899359903626  1.4438712248076284  1.2196757310798676  1.1165862708528493  0.7727092596889673  
4.656310217771461  0.06084751647744533  8.41008727932171E-11  0.8503366978121932  4.1836520198686475  3.8366858153164647  
2.674785403717869  0.35998171372218335  0.06207875759532508  0.7929329576233243  2.7517206991407317  3.852992193688732  
3.5996864203755212  0.7913005161668646  2.5282378475328535  2.525367984595923  3.490964049077253  0.0045351453455211325  
6.409831944340666  4.031421014090295  4.3945786295882465  2.6319471337990854  3.903748312067244  3.2616809568555176  
2.784133676457423  2.020264276626185  5.892657970620499  2.421660361080693  0.6000490052479716  2.1450291444975584  
3.9107539836647116  1.510266022173605  2.560261256757151  2.4081128460817927  1.2872634349582417  0.4966797889974011  
3.7874457528792873  0.5262790332152945  1.2745298460102665  2.686601173341738  2.201406269026721  0.5267872539537108  
4.021867057389529  2.2188600172956057  0.9886151409006594  2.2235576818420184  0.6695123361206773  2.0625204653917812  
1.5332243295095174  1.6301484587280837  3.5735566039040765  1.0344097563649634E-145  2.4985359227828092  5.5066799376401345  
3.525956672374209  2.892735441096661  4.661056209311239  1.2374605899335296  1.7273733162075566  4.751915227660788  
1.5258687733234093  0.5705885131063196  2.8329906418820032  3.702895948090929  2.111889062108103  1.1979092664928356E-14  
1.1563797870660366  4.880845324337543  0.597719553980367  1.2439123175403337  0.8296590956131291  1.1688699544831367  
2.394752439986913  4.627643983749234  0.9636819672689159  0.3749847411801141  0.7731578176596328  1.5284771010736458  
1.3189690106376508  3.4117236152556414  1.0561378583506142  0.5393212453670014  0.9644278343685021  1.2398571416607667  
1.188216976198867  4.86022407133892  1.0011774389160595  0.6927183272953069  0.9810887368451273  0.8405151509383404  
1.860420178856158  0.7880744232091653  0.9736341016378856  1.503018340183191  1.2233538245889892  0.5612638572187141  
1.8361153821554717  0.7878455950569209  0.9458466929684726  1.3348701017675797  1.2174043442121911  0.6179955811802369  
3.111787376606382  0.9775663123675237  2.17440187883235  2.409686026540928  1.600183348893469  0.10650574699171078  
3.3190684317106367  0.9893339773917331  2.1191256506393024  1.6393684917275442  1.5954380190297226  0.8210874434458811  
2.5277341227112062  0.629351259505445  1.316512139440779  2.0374209728890595  1.081739057896825  0.8389194781749442  
3.8488304227622723  4.370308258148168  3.3628787992803613  2.506435058330993  1.2578996755338043  2.227544219659614E-38  
5.338989244828869  0.6993921059507272  6.281599930249518  2.3471434268601177E-53  4.40482040186065  2.307404981989926  
2.4562062369720428  5.020450699521069  3.1643219729118006  1.2614309299201766E-39  1.3796218427560958  5.60143683590003  
2.6526579798860026  3.6949372148106825  0.5858509775758013  2.8347545846955246E-120  3.107731082139666  6.447415109323338  
3.7220121990520667  0.18611809611575159  8.635486859236924  0.8759361867757387  4.327347728234142  3.242723448438101E-5  
3.603225553311979  2.7493077825815466  3.8301626725130933  2.1663866748343206  2.5091735101359793  6.074662205682765  
4.454401377848952  0.9267193467368632  4.909243673143989  1.766319695962197  1.0566199267395433  0.20043101331254995  
4.417104488389577  4.726854687964829E-17  5.280932587477158  1.2087160736776952  4.30379318935749  3.505008744993772  
4.253752048737042E-112  1.5494027019662546E-67  2.731879180004518  4.331768290062682  3.4389935285041813  5.046709075500801  
1.427309009636556  0.3863162758193027  2.2924048269192316  1.112362830502961  0.06628005529768947  3.242432868686051  
3.2696863993597347  1.2778824082695295  0.9487467876755664  0.47208169266572625  3.9345687908763693  1.704355809652982  
3.815790656932957  2.082929177547186E-9  3.342823367470219  3.2060627404263236  4.4456830305641875  2.141897528397641E-7  
3.053700290897371  1.0976796569814333  0.3847247878373948  0.3007397851330239  5.610984117041176  2.8130277822160235  
2.0569910078212414  0.86443490629316  1.4433149067721258  1.9869937064060519  1.3239985058343158  0.24569971266644544  
4.4140240302206575  1.5159795134010854  2.367403833736481  0.0754767829002541  5.61968627537056  1.5105700282091246  
1.5469605830692046  1.9861630757472952  1.3665259126809184  1.3162391339898157E-11  2.4443713828459397  0.8377704751999154  
3.514188565185251  1.8241053559961056  1.8397345235037523  1.441412620596446  2.723997812480292  0.1571096898667349  
3.27657519479732  3.956756339098988  5.180198700603211  0.5225831594430477  2.23682850395941  4.029825355903142  
2.940780724641081  1.218997128066828E-45  4.48780551771852  1.099034369847369  3.33647009727572  4.075627486068965  
3.0627797774572247  2.4566517402831654  3.0573101261758895  2.7846729511233757  2.8930772899229256  2.5482266564709186  
1.5175963582076362  1.158661522521198  1.5642074295338932  4.177718540294132  3.584325817943192E-27  4.553770141683085  
1.7248795840304922  3.2849721981037243  0.9210568225678479  3.4408204517673293  1.17656576637556  4.2381559154711095  
0.8997939891940514  0.2918677489856544  2.4989802684515667  2.3671688137542963  4.470727164292761  1.5397692897799005  
0.9955547280003164  1.754132869479533  3.2857270944908756  4.129218371401755  1.064389979087306  1.1565877115974694  
3.4227213483737167  0.562060209385069  8.166375482049453  0.535063159090391  1.2391038561089638  2.474211593338933  
4.162816275495569  2.637712064001931  4.736196308565576  7.114228137678696E-27  4.175654271810655  4.774831688746846E-22  
6.705025767586507  4.868723482465501  3.3277529905100125  3.117311446921618E-7  1.7076716763126487  1.3536436247085735  
4.958367860296499  3.5371648545629393  5.21183041882833  2.9899715136932103  1.0859313902048041E-57  2.930518687235597  
3.526620904190433  3.292713570796392  2.794955608649331  2.2937230602102607  2.970281097609588  2.406378048589522  
2.0352118666326477  1.9045451173320052  1.9584069582641859  1.6985926808873022  1.7922759467774265  4.776587321042125  
2.008428912936407  4.558209783968786  3.302541167234157  0.27372665602546237  0.6566876739688554  1.666733111877307  
2.87700531720169  3.1961316737455308  5.060258662285886  0.1680124331784359  1.0050553486159992  0.04485471914426412  
1.8803221705058184  1.3551126929776427  2.7186230869094796  0.5007736347586971  1.4580036460065268E-16  4.544473901526455  
1.625524417558985  3.0165481057006898  6.80112568625361  9.57084076278875E-12  1.9863649472848564  3.2369709638842254E-7  
0.39941222613933075  1.0036862424560946  2.7707603806476295  3.0663973753963547  4.082082183689089  3.6542632019160814  
0.9952568853081846  0.4697414799495941  3.6840813151435534  4.170239683081295  3.2019352032199926  1.7506655953222888E-22  
0.28226424126175553  0.8310012332455308  3.393593300469104  4.597242166813391  0.9496696599672848  2.205021812063701  
4.698471056793157  1.757126780333384  4.7582775265792705  1.9350719639701326  0.9469506137178744  3.404660835103868E-4  
1.2736027526296314  1.836997659692033  1.5381681312798845  0.8327937037395972  2.7001716982091706  0.6872733734901704  
4.156083563017989  4.19298423826898  9.799605018963513E-22  4.431779613394501  1.7280238715541478  5.228846577873053  
2.075441786708688  2.999359944700084  1.0547335380152059  4.1456465227486605  3.6794277827924446  6.476194405035982  
0.6231601951227841  2.9221716073887363  0.32505782370740743  6.3631707787770715  3.7123200591394454  4.590287536332457  
4.046322970389114  2.2409404292292066  0.9741046743228492  2.0855919940768013  0.9864534119137829  1.4309319517256727  
2.230546381056452  5.9783706849324E-4  4.661372107959273  1.3591834060198755  1.9159972844176956E-23  4.846114789855415  
1.2426543658332976  0.04576256822015744  3.9098942537598984  1.4907134589393147  2.752439891910784E-41  5.593540124560789  
3.5859309077890678  0.8308156227521228  0.8606990530858796  3.4643912999045705  1.3193143832773946  3.3362495603204005E-6  
4.906257305809057  1.1599852520585079  0.4866970275835091  4.7823427864322605  1.276959254252169  5.621101054052266E-11  
2.9930026549562205  0.5711457258787004  1.9331238479683635  1.432764644619094  1.1874959000585397  0.549534800801441  
6.702920279001746  0.3174144081567832  2.4859664159462773  1.1119108209467734  1.2442286847904591  1.3471256848890274  
5.8224719805211995  0.08916289818024305  0.758453482448656  0.560722555119118  1.0031754281632126  2.95814456638796  
6.3112012377721705  0.6971188366526747  2.1008836991454363  1.546234380565091  1.156941443179901  1.8602548080279864  
3.405150448544623  0.693682317475349  0.2753927299981913  1.1587292845991763  0.946485220059954  2.662272471778069  
4.774632569202253  1.9373448407080036E-4  5.071427671058564E-10  3.823713522043901  0.9536812005554017  3.5970936667480657  
2.337551526504024  2.4003650296239374  2.6651984439564655  3.365566134625218  1.9713490618976721  3.001581780470203  
2.083666479169685  4.393977426082025  4.4427406286539055  4.041424263487122  3.649444185380174  2.793976309172524  
0.6821299712428822  0.7550435081409699  1.0981406448828666  4.834798761428022  0.8374767271713965  4.372548232435075  
1.9250121157626447  2.4540645822467306  3.22573920859683  3.401895235986963  2.7666328944399328  2.6936644058513433  
1.4138786840241149  0.7429647551247306  0.7782832585432539  6.858824385788648  2.6593287874865417  5.3262384546398645  
1.9635867299413103  3.113332847513664  7.622711794420513  1.0882906551613263  1.9971384127362122  2.1555255546029346  
4.554183791357373  1.029879084922714  3.406453729446408E-5  0.8219537901522045  1.6964462572497152  3.37111250441382  
5.876103510951424  0.33662198545145094  1.4656730746399888E-24  7.987969064494475E-24  1.8573682698370928  4.151925533532553  
5.086087529760148  4.992053857194121  0.41412807025504  2.3363545451199217  4.748498741674606  1.6987772176533105  
4.621298039507445  2.292284304551372  1.1678439586223595  1.6826621942754117E-10  4.451525243118961  2.7497162196822442  
3.750367641052563  1.1777045377612037  2.027722692350432  2.77617568565173  1.4815563146706179  3.75835260178932  
1.1391386795696554  0.4450157048058421  2.7152343615521417  4.195610370591139  4.214249251982275  1.5233473104632685E-14  
1.7939547575188366  0.8535766656073394  1.7908012196156486  1.3298147743561683  5.25973668909764  0.9018144020462673  
2.811138342621713  1.0823153582662086  0.5951860317620677  4.246442053329054  0.4533485649030853  4.061823699086353  
3.231167711620865  3.282973876436789  1.9113083690969108  2.8012927451864886  6.013579586356946  2.070175097982606  
3.4480505250440836  2.1342967310660276E-95  3.1066067466224485  3.1980868718489988  1.8074953410876613  4.227806962979448  
3.012582235456473  0.6046300015275443  3.6427712966522616  1.5849659404628915  0.5535898149482701  1.8008404292932572  
3.920507342729737  0.7806330659636248  0.9428908266373444  3.6902929185159506E-5  5.359076422273806  2.786088807896394  
4.4618358418244854  0.5028126174321552  0.27296282527885857  0.2326755351185641  1.7135670505329323  3.330224453420639  
2.616711333924964E-5  1.1812102578284642  4.312734267183459  0.770920762748753  1.8271233207364599  5.545233493758383  
6.642695655855661  3.917196016265574  1.8662320320831398  3.3069043288318802  4.573444108293844  2.14041557926552  
0.3741919295273543  1.136348845257258  1.9951970033314501  4.5449109033929345  0.0011834871303374541  3.4252666977608452  
1.9505073159626867  2.464369335513214  2.0604692109799188  2.888816583474184  2.89598212535086  3.642862010055839  
3.3364239878304383  1.5524769014368736  2.4397839833090345  2.7920777467014224  7.973703241976477E-21  3.600041589819238  
5.304550387139205  1.9777612728078113E-48  5.2735457681191305  1.8573477385349477  1.861951792491233  1.8369492203974735  
5.032914141996862  4.429414670857346  4.8337609740159144E-33  3.3768899463285313  2.9624214475942052  2.0126407226158953  
3.8291347029488336  2.239944897970039  1.496006946351386  1.9508850861690188  2.2904719884922285E-38  6.4866233969969045  
2.5043311656636438  1.2087417443319146  2.621909182994681  4.174045130817742  0.9426274875017076  0.6538962962096554  
4.039673421975215  0.4774758716378819  1.3516453286564227  2.0758192606638906  4.394814788328552  9.831902782633787E-12  
2.249647793433199  1.0228391487763189  1.2182959968042888  1.7383203994265597  1.2348003700430186  0.32639554011480754  
3.831873434751202  0.8787988107449638  3.1838882400165125  1.9089408801656818  3.408006538241996  2.2019051874244973  
4.02815839569316  2.6997950395115637  5.291839680845961  1.019225925177085  4.160143708018062  3.5701762655710847  
4.291389378872305  3.415610942543301  6.156309199358873  3.678737110579157  1.8463614553130123  2.01026711708914  
2.0089288912099077  3.663306529456436  3.3498930630085884  4.471759906712293  3.015420805610498  5.417413165058755  
2.4986024153001836  3.7399114625802343  3.433914065692171  3.2035839983281514E-20  9.490917994977292E-36  4.378858077363658  
4.8181762216739745  1.5640529244749917  6.593996201811784E-5  1.6626902660564422  2.845402999909651  3.4973885055463487  
2.0425486438090568  2.223714955305938  1.8595775583697585  3.1049569994775803  1.047639161674913  3.924453087123403  
3.5096277736962262  0.9069013347758044  1.537531974679314  1.2141953572592397  1.0306325529220988  1.335965621482106  
3.9864567822484194  1.535805243512163  2.279254229129438  2.382508914623243  1.6911192994469335  1.3527886656061032  
2.6634932861478697  0.7480470363306204  1.9158870998253357  2.189154567901949  1.327645253845598  0.16443512170455343  
0.9398536060739795  0.16031534433581157  1.9708544670659636  6.782122839885702  3.846564811834635  5.047091579609524  
1.976483080284339  4.135888239698153  0.7138307628113751  1.973441647839657  5.141073005347668  1.8710610867141138  
3.496036423418358E-27  2.747010859716954  3.6227875464933605  0.4343535264533003  3.922318486433366  2.309378213674806  
3.395825721231112  3.5620072329637784  1.8909696694071614E-7  3.5930907696977177  1.5294675499410528  3.7588311887242685  
2.695260475091024  2.5362793796937075  0.5207647963889742  0.16819888058836396  3.361709355422742  3.275342211704519  
2.089188647554923  2.924003802864816  1.480173990963591E-9  1.147463894119835  1.8882099978313938  3.058851576939752  
1.81754862217087  4.678110467844043  3.076211142093419  2.462668610957158  5.8713860053515085E-5  6.994073158324165  
3.157693049008802  1.9049595583880232  3.029298663463298E-19  1.5468477578759383  5.141381378112999  3.644167892410076  
3.7197043477227347  0.7132469547095738  2.288374435666365  1.8105431715893567  1.5465704474087316  0.896487875303833  
3.384733544668189  1.392162837288423  1.848331486784212  2.21683411073693  1.1375055183520246  0.3280366911214149  
4.762805537165877  0.7331478424446983  1.7814554098470272E-4  1.1510227581873682  1.0065978640599396  3.4513965440950476  
4.925424374831563  1.6066049663840254  2.321498404254283E-8  1.4613197971799148  1.1467842325901767  3.258375265738731  
6.289791518731426  0.2945210622737606  0.8681684428526161  0.6062529635929492  0.9245199036175286  2.492031549548726  
1.7653186488347743  0.7948254503703196  1.016205456129121  1.3385718120689323  1.2140625829956582  0.5937302325604135  
2.9432631216009453  2.186915657073062  5.0663749447812005  7.837243082252346E-17  5.638546151672305  6.543307310739962E-33  
0.5907479427485652  2.786925729217876  5.57433738817363  6.686439229226728E-28  5.313790380854313  1.2740291231024428E-30  
0.8064557436479743  0.6134612133924797  3.225360384100728  2.1241386043253723  5.196762391165526  0.6562725359400167  
3.481481405627171  2.1009375525788285  5.1131453761071235  1.1429041667446867E-8  5.4735159601816  7.370575332979117E-30  
1.674312035566039  3.3892453615598788  5.021102829645296E-56  1.2320326196009317  0.5808255732448315  6.070627494767085  
4.785538875052155  2.409487201396937  3.534398967315474E-47  1.3913084709954027  0.5443442408467288  3.6188365329766095  
1.6247075239742017  1.622646448508044  2.591230512823535  7.0214745464982435  7.876755281923016E-4  1.7691722759509552  
4.806367647533101  4.30507638337011E-6  2.828516232402574E-48  3.1323852471236204  6.516699250836945  1.6828278651882607  
0.6127759818902088  2.2799143112138864  3.9052612847985984  0.8983490622091046  3.5868181078474572  1.672212045054191  
