5.757975045713464  3.530046855784277  2.93854184874621  3.0878082210782716  2.403882892967782  5.084166692687491  
4.60456383489538  2.697575857577691  5.1328363349034865  4.095636683085967  2.3785273103570304  3.544827849631069  
3.3780744689145887  4.064954788841696  0.9664346399372399  5.5289902057638916  2.4171460041867014  0.539054638381708  
6.001926734779086  3.500143891113206  3.8746806375467067  4.07935009540869  2.087882154789822  3.9086634194660386  
5.297994737821767  3.3519811970670217  1.3089477699521501  4.5403391265117765  1.9442487132499544  3.847090118462591  
5.541138778966407  3.1643770229635453  4.068428608028482  4.623794018339522  2.805666778615577  1.6439623662654093  
0.40684988293881874  3.114532461415937  3.3802326372047498  4.241971371145695  2.9018613950720176  4.846377678109064  
5.3780450659434225  2.4931640437567935  5.095396717485807  5.0252868945194304  3.4241495631251153  4.4074740438876185  
4.214256621177478  1.3089855367269396  4.932893255560274  4.605072230174524  2.6978460865820257  4.227432137868934  
5.121396521211819  5.316763583069074  1.1555087601658083  4.970078528567789  1.7018311276319589  1.3184992858608213  
6.34767059717884  2.671670091120283  0.7154025283032892  4.824372512820097  3.495413668292059  0.8691163985531339  
4.681646867529457  4.827283428410305  2.6647395911524345E-46  4.1001927010808075  1.0011790083437744  2.54157207390549  
5.280210976612557  3.11635365918682  4.270082349997749  3.465048321262911  3.2986299293538774  2.5652943957019136  
4.582853531132075  4.521385128740888  4.828212491341229  1.6414803324424565  2.12290384018305  4.571388096636233  
0.9308732273784333  5.165405920046735E-4  4.643282892710913  5.197889214456002  4.45482571617552  4.108471427635705  
5.161858481587619  2.8969084005096657  3.2360835884148793  4.369549015034351  4.53966008831056  4.755251402442638  
6.469691104416514  2.082920830889304  5.882602893437607  4.030296691182021  1.4330816648351323  4.084199412066489  
5.781177816136231  2.6457708641562148  4.898639121425541  4.596609494726662  3.6278835968300682  3.660200897936506  
4.669577620909501  3.931267193169867  5.121913781084905  3.5346612513508404  1.5692764336623053  4.438476416495681  
2.7099754155421376  1.8462845275597846E-18  5.910197373208572  4.170216576811369  3.4572795458136856  3.44719456356919  
0.39721957608642366  2.5429642177678673  4.809050180563483  4.453398042156875  2.6940537060394267  4.8179733841202985  
6.086891499621438  4.397872881636721  1.4543138960022777  0.7393882476941759  3.097696740583227  5.399022009596546  
6.204218540498738  1.5449647937525361  6.453071797522321  0.45002106267566305  2.2022464651222524  1.5463816896922082  
6.021621391081293  2.6817853549885484  2.2326083533299792E-4  5.276260451872578  3.745752162485607  4.458898286388095  
4.8063493033315545  1.4086109360503558  4.911246399055972  5.22699419670396  3.022971037875678  3.0922084504262863  
4.799991580729978  4.640426848377405  2.2840118402558964  5.316868851718262  2.773031732800566  0.5206617912078271  
5.865932719510882  4.135314784718519  0.14248730659092965  4.959776990441318  0.7063775208021309  2.291416359737561  
4.661179623459682  5.320001490936726  0.4961111475701547  4.4509061609534015  1.8452070856824376  0.8066943882499843  
0.5216755346522137  5.349169349335285  1.7666511170145829  1.9345771171640298  1.7544607928282836  4.800299558457849  
6.484628537216549  1.7984904176294467  2.4950173233391086  4.442932502180904  2.6207964173826666  4.0312862523849295  
1.4382030888873445  6.5464572827440355  2.5989256403752603  2.1836704574655936  0.009878660730614141  3.7443500518035773  
5.192926107343211  0.2614444884061598  0.847392232785545  0.909056203771053  2.2350700832734263  0.7902885728951725  
5.0100042305646815  4.29824904822568  3.614526716945966  1.667873313893924  2.3350036108739176  3.4155593628725813  
3.669740027101352  3.9614847225934207  1.533224882637452  4.216081191263348  3.264147432796235  3.2463265672339703  
1.4084374817690186  8.533569795367935E-26  2.712942264729715  6.27806502333138  5.02478350616207  1.4179942953299833  
3.822077775743743  0.43190044753660817  2.2249139937905358E-44  2.529049594289906  6.545782025190103  4.333165605492474  
6.373143191847938  3.2692921251494345  4.801377401019752  3.231818974678785  2.6304953564890723  5.385625698545689  
5.040568677783663  4.38601915114216  1.9406445087402244  1.4499384038340701  2.888595133920664  4.477411069274923  
0.003939884257791322  1.4534135884506756  4.951173240099223  2.3214867385506133  5.750285339270838  4.9621772105440405  
3.225596433542562  0.12022014254467982  0.7384500052232721  0.5572608383385814  7.978133919996591  5.337361525858505  
4.896818066185601  3.428436822880183  4.616914717774297  4.286432500333512  3.6943426937740496  3.7829743546465924  
0.4142629278663201  6.638531624075385  1.4384038236039338  4.677223029880306  1.6250892486669792  0.9591181261766223  
1.5643954602570938  3.689480912464425E-29  3.6359656528568487  4.597259874297491  4.691564150834656  4.905325009750493  
5.083169120997383  1.74099565029247  1.206263902814984  5.195473865948759  4.350823419731703  4.206793880660631  
3.2317719538926655  6.086569813780881  3.1071274708061667  3.32016725834284  2.6918211869829363  4.178002514168584  
5.68186750455838  0.8958028511608134  0.7779478199156087  3.8581759005466416E-7  4.470978612949825  4.263926958125939  
0.3670921792956185  2.2511361416061533  8.398711513475989E-5  0.774754520372331  7.168355337053087  0.7854194052655826  
0.7513542191533158  6.0359457726141565  0.10016872904883993  0.5325993290107081  1.8368081884137986  3.0247987103544745  
3.822841331612788  4.787575648525546  1.7024485617045089  5.3456958567178905  2.477946295052705  0.8389162374196557  
2.84067407177881E-24  4.688130714127965  4.752745613473116  3.259316930398164  2.9523095555970857  2.2729381554338812  
3.3203820042825694  3.1798698606113816E-15  3.262567527975481  0.24774953220145712  1.4732929954669103  4.672337784300634  
0.17810962386469867  4.2551344478164514  3.7854587352565483  5.982126190157149  2.063622905974279  3.545799320638804  
1.3870890816086519  0.07084583817418244  1.4868786808271486  0.3230889775692748  6.3468707006023735  4.458409778800343  
1.101347749306434  2.365115651271627  4.429561175779753  0.8362973715428434  2.2413837643127366  6.161562164037193  
5.982249086032369  0.5336413198497166  4.346182347913169  5.001445477428603  2.078241332237772  4.960671778429274  
5.8668587881229595  2.705464086174969  9.083369771707501E-12  0.4221754526512572  5.97464211361586  2.7618212465594985  
0.344496372033259  6.303102372266864  2.094659954627106  0.32428844980070315  2.324111880082674  0.4237663289162907  
5.630042746912487  3.05704442435076  0.2838715928149369  9.130033008429181E-9  4.442332736373032  4.420142207127287  
4.669861550020018  3.1855445182213233  4.504898736585514  2.6442634739799167  1.860112658723759  3.98870905746151  
0.9635691697312113  6.388260143445934  1.470803462945379  4.540535769425386  2.5233499432737005  0.37290549098920306  
1.1549355838958484  0.17145845153024547  2.9365637128659916  1.8725603089314597  6.280028721414577  5.234590254140307  
1.6957198704784793  0.1186509087481903  0.8328798845940242  0.6019233130776119  6.3411655781294405  5.794044577704474  
6.1591738007329955  4.265816226992356  2.3793135428613166E-4  2.176383393788082  7.251012497390213E-4  5.840163990886116  
3.9645416164331437  7.749080309696304  8.076482507422716E-4  1.690827005695144  0.9641610169842955  1.8244176091565063  
4.159019341684187  5.56272178184322  2.2607151381656133E-54  3.5424401438635424  1.4851393924163834  2.475957639274872  
4.504213896170239  4.713801093281799  0.4184319683213111  1.935885555448186  1.7443120698016217  4.462291090406184  
4.97880361240462  3.621930469546093  5.636016630942242  1.7512905838285362  4.172535454139963  1.882797346847614  
1.4015123591627756  2.8476707757588953  6.260440257162956  0.42857180077971047  1.0448535652304416E-6  2.917316745430045  
0.8131778385027146  1.6111073030691445  0.7430708934980237  0.9892282717243603  2.094705774336139  1.0320304276775525  
5.337037073015841  0.14176360944298866  0.7459340328292824  4.84318291309887  0.8847752300606936  0.9928815303312614  
4.895706886239899  2.994373082918104  5.495786721532455  5.317497701468488  2.6191602222312445  2.3046439629142497  
1.1187721490413254  1.232674521198435  1.7042543415381928  6.371108216499478  4.505279105272671  1.37645576327354  
5.9642885802819885  2.3575085467958914  5.419714566834824  4.659769724633278E-6  3.0395235964844423  1.4982774300059398  
0.9567494285813083  0.001914421693875515  4.442750415101234  4.79648764681787  1.1408447501175556  4.799177933640496  
5.249206107728186  5.32383410658955  2.2637093794644666E-11  0.0028745565567594314  0.6022559833999304  4.25428114116412  
1.5306942566197008  2.4226356602614125E-28  3.905756405362428  5.526154266695674  5.364944661687412  3.8497372106534495  
0.802530213364692  4.3586052908021047E-7  2.7375453914235055  6.489502892683222  5.172307500155848  2.0318694289961177  
0.4247050348144488  0.680273363165037  1.09032117774513  5.693870583195558  5.660576594739346  1.3388304841640561  
4.0812812319765275  2.6691157184171367E-24  4.46102932955192  4.991250157737202  4.468229933035264  5.102781480603252  
6.170798384716405  4.3785897646067  3.754101414469628  3.465694172699709  2.767863686439266  5.143517183804477  
1.6406803965827372E-34  1.9281603623192356  4.500815066311594  4.029929785042744  4.7294032475921535  2.7761478386130625  
4.961714695915664  4.3959320657457576E-16  1.7471897756196115  0.8720123299856404  4.100050314538391  0.16037241261232243  
5.484762702905036  3.1890290765196574  5.6854365912358436  4.473262238483445E-16  0.784152174793529  2.7907850145455924  
0.16866704773425364  5.295856541027813  3.259503581031828  1.935163220513438  2.5324674487799212  5.72945134132809  
1.1347324433405734  1.1157224781904922  5.801043959441607  0.24930420415007185  5.7386666057879525  1.3907877569213414  
4.60880954098247  4.5928394219143795  8.463222719540307E-12  5.074032113192109  2.8248240994088083  2.0825351307098634  
4.21564807182892  2.599028402450602  0.617315794416066  0.8649976967565689  5.640384837356904  0.3984060519435189  
4.533349001160918E-4  6.876252242531604  4.913411366090576  3.747691495138426  0.7512704727174787  0.18824153062673762  
0.6494398179654417  1.807950045032286  0.0745657424317069  2.2762178663517454  2.715681129517593  2.6596877657780267  
1.2084110893695315  4.719758631926063E-42  3.846571784899563  4.2373047647720385  3.5600950863499143  5.656638544286441  
6.283004586407671  1.8869907827346548  3.6390442924833093  4.972062143720557  3.8420552290722876  4.745390048114324  
0.31564387925138804  5.725215438392641  3.1159895196445055  3.114749309820029E-16  4.049827789615479  5.863376507087758  
0.27572813296631965  1.6676528063428404  0.22076584714277522  6.625545112939598  3.804944282191145  1.342062755853193  
0.8396816064331653  1.4428662552643117  0.8657434064355706  0.9960657066587786  2.1061950263820637  0.8503872479018421  
4.887587096503988  0.9435972189590998  2.107601595990018  0.5422069828960829  6.998670527640406  1.0965217367562077  
0.49584963781137587  1.8645640716536775  4.890396897929301  2.491677843901855  2.1999294948323054  0.2297201095682117  
0.5796858147841019  6.131141434424705  3.2793431731275886  2.4207316271290114  1.097892784349319  0.717721507150536  
5.754691976848293  1.8229172624604668  4.0942193992836025  1.1964360987757052  3.6712817053057085  2.326346709412398  
0.6713296882248599  1.702577067485924  0.7890754784776042  1.0500634483416582  2.6689646953308293  0.859212929167687  
1.1984670752444249  1.3536356905214901  5.822601807816553E-20  6.085699093274831  3.3452720376953002  2.2857210317805676  
2.562510656369825  3.8763020321408703  5.96399699385147  5.154020811708653  1.2182066742273072  1.8319315697595309  
0.6466760929970845  2.2101250409079736  0.9061904092399493  1.490593044261063  2.9058483820779544  0.9544552380496085  
1.2063174244546278  1.2245445756456534E-36  4.094553461255363  0.9561085674704906  5.265614197941322  0.21220033918990105  
1.226575032671878  9.540844089224675E-15  4.422784856778234  0.4716728269443698  1.0537330095690947  4.912524370275667  
1.7110550283101191  3.174015749966975  4.384452826096554  5.1129689236728435  1.198218898865211  4.607907127071856  
4.237475376907172  0.19258416345636595  1.27065210480231  0.6801386469766423  5.351061634196801  0.4266738352753949  
1.2006049266759673  2.510083638035098  0.41898849145672934  0.5378157172779667  0.8392128211974116  4.9168674851981695  
0.842999833135402  1.7108364895646466  1.128533628935298  0.9637356818721126  2.7496701778156103  0.8785675796587323  
1.0546596992041648  5.021078288280548  0.8965459495242194  1.330734755722451  0.8285155844616556  6.582653444782991  
5.662565672853365  5.356256149418653  5.23239856744935  1.838906998743858E-14  2.695536796437756  2.549684740483472  
3.2911313313738244  6.7331459272123455  2.2603637220709767  5.759394673242809  1.1340030882436724E-23  7.231705774659356E-36  
4.661825859326125  4.783927311745986  2.4033071932389904  0.712380887551328  3.715082206258622  1.1233782809081418  
0.6866445593646916  1.7236839857106618  0.7656291872782616  1.0639734405253665  2.7773419543332625  0.8656628837767014  
4.077113027403441E-8  2.5262488468561157  0.8150355591140375  0.8140185840592417  4.897592656824044  0.39712304568587087  
1.1085918225293923  1.3757702728169856  0.3639438156221998  5.423352057943594  6.28507340637213  0.053257017487819656  
0.0020462768447930776  4.182209986541673  3.7295865785936275E-30  0.1967758350066214  4.239206479836916  5.010876467301715  
7.088253390895163  0.06213479601593898  4.609775323918152  7.491281648736167E-23  2.5533760758747994  5.69900004500663  
3.732999250297582  2.6765717743646507  5.531505162535775  2.5459745107143306  1.9993170631444082  2.2299206077735056  
7.89100881013767E-6  3.749619274484477  3.703383100120871  2.0753031080509494  3.4902960025812906  0.6429396937191837  
4.867870517092205  4.5447411988641  4.241492318247131  2.6248159823017336  0.539016404376032  0.0823046877442571  
1.2606676943968789  4.977615257951383  2.0363376010009198  0.9695569321158549  1.8268240189039053  0.3803131268695104  
0.7026646524040286  1.8890329705113906  0.6638501742529772  1.0824999243304438  2.4541833093130485  0.8812058152885693  
4.158878753303615  3.6634635150035284  2.245958112649427  0.28093391098727816  1.249874390324517  5.970890419508029  
5.432908511349548  4.49510639091584  2.190233537484841  5.367491833852301  2.380998071127606  0.6230569507903719  
4.651402409312098  5.844131798084925  0.612518037318265  1.935210140803272  1.1532631560596245  0.5177243838291962  
1.458588708252507  6.465548156399936  0.10806695432171406  0.760345180087185  0.058276042969886505  4.340538147744106  
5.428706698351911  3.5430768566353823  1.2867942281581649E-8  3.696116130894595  2.166497386370478  2.3969954945941967  
0.8955550582264101  2.975229230576061  0.0858168437279897  0.8889780255285614  1.9320771926215048  2.188133015052232  
4.501048396795855  5.297481751041366  4.385461214883424  1.5016367975033678  1.1570669559508997E-9  3.358779696830168E-33  
2.2214949137364195E-10  3.906751153923638  5.569403092506548  3.140878228097513  1.7715309357190652  5.078494567218723E-12  
1.0221094799527093  2.5497270235100453  5.208026281376161  0.0483693415893456  4.922354856470768  2.783285565866619  
1.0407243207550652  0.9996311097891438  0.9345504617106474  0.909429420948075  2.156729263966212  3.6044389454854744  
0.6997312240366573  1.7085685253332823  0.5972637425204516  0.9910118635309977  2.662683503429609  1.4191185495442358  
0.8235789215388591  1.4151732289385508  0.9964732924166916  0.9809820007759407  2.151336155102756  1.215060235519686  
0.9045420115365654  1.3647493544149152  0.8951168679331732  0.9858777050308196  1.8613275137412164  0.8514003071170058  
0.49166291035441834  2.156570679928227  0.0027869812479012976  2.5329185225915825  3.1652182974181686  2.215632056656491  
3.8887457833703842  0.481190257625125  0.6925907187446227  3.6308841097682203  1.2068008386500662  1.0667646771854344  
4.684630515500747  3.5303750466409767  3.5953143651681776  5.277144132432777  1.118477940833456  4.73419926891135  
3.028419147532575E-23  2.6173763889633888  6.18267462392251  2.589750130844824  4.162944238119557  1.219894923417492E-21  
3.6332790813956826  0.6075808507943344  5.267575795268519E-17  1.8570622176400147  3.5263842828168683  3.3507911167223523  
1.307966921061924  1.8055095825789652E-20  2.7084241533815026  4.981706911054112  4.513074048540064  0.9366119006704281  
0.958683643344668  1.3475275818754904  1.1805584385811552  5.131226481119981  1.1359266103113042  0.8762860641130652  
0.7052697296992376  0.8241475378672808  3.7243868873930515  0.6302975740631775  2.794570221226621  3.2474494864256744  
5.318808566228602  4.098036821571241  0.6821823796856027  1.0986586660444597  0.7178080226117727  0.5822394212808254  
0.45588789857248174  2.0494516248099695  9.72815007631498E-14  0.8422992651126434  5.6681774634308955  1.2401864947007297  
1.046768933532997  4.33693527750364E-23  2.9949575540990696  5.615835734988372  4.722050447571278  3.8885965923730588  
3.6981373598083063  3.728958022803063E-11  2.3967161068808585  6.086574933735294  6.26149538775393  0.5889577341447985  
1.2045593034057895  7.112371508348673E-5  0.8315640413322671  3.8849171103979114  3.9842729586387846  4.059549233244782  
0.36945261330373647  1.7095003753184257  1.0483377914572236  5.044008642719435  2.816696222176266  0.30923995308721436  
2.5769776571734993E-14  1.8170204626959119  4.73333283787452  2.6300873355315404  5.506394722584654  6.028659591715463  
3.8578522515681546  1.391470865926246  2.6406009287220877  4.2939895646359283E-41  7.284147761829387E-18  6.783803218632753  
4.724565519028309  3.284496117748222  4.932997088070122  4.072111402280806  2.4683272602830093  4.423891716585514  
0.2279540126551683  2.6362409652804892  0.11151960755075006  1.1343950422902578  4.458018154693973  1.6434248818352952  
1.2113453035451256  1.3548416091455361E-16  6.349492200211101  4.504875972061327  0.2772929830093813  1.5333904034402839  
1.2587200222661432  1.884017724064485E-12  5.254622649727471  0.3934897435064642  5.006477728233968  2.151134062490629  
3.3116947501080913  3.618443108336729E-7  0.9134434927623175  0.8871322984753699  8.982931594909756  2.594412417193558  
0.8832102458548305  1.330652665887491  0.9486776458052787  0.9962892740573468  2.0158758176601745  0.826895920486338  
6.045452348187612  3.2533307737618182  4.626221038190297  1.837228488753923  1.306879257756498  5.361489274443704  
1.6330576589869997E-21  5.204505818515629  3.790023466202634  2.937763918989487  2.637277673910001  3.9635155313394947  
1.1475264788431245  3.133587375057283E-5  2.1480031687913583  2.160812047760208  6.1769377769817275  5.661918738505797  
3.0460279956438656  3.16485411590966E-31  2.1230271840311636  2.253869515887412  6.884800210123534  3.7005815349940168  
5.3546594986744775  2.581283581041925  1.856372638199741E-14  5.986992285343326  0.7914423319204852  5.2024447143371475  
0.609318135568963  1.8852348281736806  0.5915143420077333  1.0050773374804398  2.8843698093517447  1.1212758785533676  
0.28596068480036735  2.767767386172413  1.6071898714437741E-28  0.7141546062633605  5.740014238911201  4.161460591957791  
2.990838205852874  0.0010643706826906358  4.664445790834483  2.8152375419645113  4.03853561041184  3.779454301379791  
0.37333993186319187  5.519200041427303  2.2816933191387303  4.856405207942954  2.9705961821112523  0.1737817088260472  
0.8838984592530951  1.1359605459825382  1.274267496407395  1.1155785397843094  3.2396222032044126  1.213887231437434  
0.6496100140992557  1.8920131113481216  0.7434549131126886  1.2781674264081517  2.559168871268313  0.9287308809437846  
1.3815751414813406  0.3005603364613059  1.2163340386934949  4.4542113340517915  0.351034524361101  5.92944211959989  
1.103303111121058  1.3703945745873436  0.9363697842206158  0.9465655051888775  1.1394841889744314  0.8757191187622343  
0.10777454628171046  2.5898652044919515  0.7264102273615072  0.7803023388309998  4.62023929446683  0.7146596079937807  
2.2241897521494165  7.304033233468645E-44  5.573114706893802  5.325446761897921  1.8116604026991783  3.7535510415593625  
3.997755711800746  7.033550540224433E-25  0.9478337150441284  5.206326337618571  4.952081190228244  4.441908086935796  
0.9214791969258673  1.1438477948578278  1.2408175479586827  0.933276248370647  2.3638150859439793  1.3362516828799047  
0.844810884898722  1.4950065152898655  0.8498428311971759  1.0480525012019721  2.0251950222470865  0.8764087951539136  
0.023271823265825387  6.770170345938196  3.8169242562478845  4.229240903786464E-18  2.8891737272233224  5.58005966595985  
1.053777605130825  1.3194140738983704  0.9413036388000212  0.9531774505089596  1.2973849171155312  0.8645488579947268  
2.3907129323501612  0.8873517020597078  0.12029960269557148  6.446524025752766  6.38329648809037  1.1207175467505106  
1.0013437883311  1.3602329008119542  0.9177548691933555  0.974195423175322  1.5054263352853172  0.870261795666678  
1.147054639587508  1.4346267754381958  0.9335662953984971  0.9415901717179727  1.0190231873666742  0.8766465998765866  
1.132649810578354  1.4056168990866733  0.9340760437785018  0.9439828422785621  1.059384916649682  0.8784906335332946  
3.2749163363783715  0.3628268462299006  1.2419156619616702  0.8976256567510379  3.322522751471383  1.516278413695649  
1.9992689839715136  2.3740432837868615  6.734312945005548E-13  0.5221648384888934  2.2551486640121703  4.6988834605005385  
0.5765603844595268  1.8012925198732876  0.4518952912674288  0.7415810575394556  5.263189616835577  0.6332586645476472  
0.7320687497100795  5.196452201694217  4.178204006233084  2.0394216623833175  0.32023035806715433  0.8816131188478797  
0.5887865032171823  1.8259249775762103  0.597039220348177  1.690537316578475  3.6325314937335746  1.3074779769832747  
3.9201099024197834  1.6965509660766018  4.980411174067678  0.2903336308994487  5.3324675848264995  2.4832676917802163  
0.882730215164099  1.492247121022417  0.8333785253441028  0.9826270777652647  1.8670073086886303  0.9165245970754496  
1.0541197567209124  1.3376581869093187  0.9380666384616244  0.9533362533376549  1.3055461818116902  0.8652083019699595  
0.6066104737871273  1.8857545027406917  0.7262428964326854  1.2875566939947902  2.7758356493378114  0.8945491530915523  
0.5816396542858201  1.7008858350126113  7.413711000079853E-30  1.6469508106315989  3.902796435850084  3.2085299293785177  
0.6491745260125761  1.8175071766106086  0.5454974457215559  1.4361196293855982  2.613190807043346  1.2214790869130738  
0.9701876238757016  1.3226046725003715  0.9198976313037397  0.9920054376470369  1.6123975241932185  0.857505817697148  
3.0005087074870615E-46  2.7689089494356116  4.624692576177151  6.390135884386174  3.7536804384104365  3.8523511621570075  
3.5352773901873267  0.45637853816584056  1.4519839251578293  0.8031842997397572  1.8885988017721917  0.7161512437673209  
0.9423564309318714  1.2514053538315952  1.0788842066269355  0.9639874705860323  1.7177698405370867  0.8993815267552026  
1.9098116491002923  0.9895769093625624  1.3299395223179284  1.36376658205568  2.803829692624288  1.2603083307288663  
1.1854464983987012  0.8900927053959038  1.218409000252472  0.6203971951332964  1.0868561434341921  4.951206438162855  
0.9399213743566688  3.7160656792682207  3.2879410293004234  5.013388629141805  3.537770949714431E-33  5.129874463702969  
2.7170371274270124  1.6695544773185793  4.651561567647651  5.61528842831776  1.2257426003311647  4.115424906376154  
5.617251463076388  4.0305648365536384E-8  1.7228514821415974  0.6450575816377789  5.704174647053619  0.6656489975340287  
0.6584651899820467  1.9175749425689155  0.3796611624163851  1.0170037766217475  2.659714917479143  1.7998415722765377  
0.6594146587238829  1.795030257652471  0.6290209823148272  1.3878501226620135  2.6380375149257858  1.1199377194909808  
0.7978978926647274  1.467590412786203  0.8347624779536004  1.017460797297529  2.4933534874799363  0.83263146784355  
0.9405938845537939  1.105349478931654  1.2554708044828182  0.9922639596805478  2.404452367507863  0.7776666862724257  
1.1152893519335472  1.382958351268771  0.9352755950384963  0.9452129024503664  1.1061317697916047  0.8773201390053378  
0.6753507631150096  1.717866890845581  0.836035117248875  1.377488749738439  3.407957294821782  1.3603236079545364  
0.7828754241402004  1.4726984675840933  1.00278221476364  1.0408537943192107  2.3362161655028912  0.8269388023005824  
0.9551250112508053  1.223521346664989  0.9937558162520972  0.9794165519016929  1.761897818244051  0.8281935643154757  
0.7620652152519166  1.5574509445945124  0.6855477582102669  1.004580228626711  3.1969641766567904  1.3379299113280814  
0.5463535104637648  1.9300010827162017  0.3524722020332359  0.7301450389669353  5.64690822821743  0.6170357159429167  
1.2188915017363691E-16  2.5845390190295414  5.881728435777548  3.4898578931524558  2.8543481307786402  0.021318019277100104  
1.2978233683780231  6.634878206957438  0.7231921869382976  0.6782219852874959  6.869055795711332E-28  1.5560067615160866  
2.2088926363096895  2.828794458005446  2.5669488296453973  4.861908770698007E-16  2.5836384889792025E-12  6.31504525002137  
5.610650352313623  4.794329373394529  0.19760136306252085  0.3004077926903142  1.0356630276592536  2.100951467560092  
4.065185782076416  5.99733292424921  7.323880184995407  0.11478072761218976  0.0022091030017101785  0.0029895624168754646  
2.8192869109923517  5.388564539344112  0.3434689399848895  6.270775749026232  2.3503368143515013  1.402371451619041  
4.780358196148219  5.640059478906457  0.11157513390314946  5.782880944122453  2.277719296502061  2.454789027696348  
5.45285838240994  0.3157255015051633  0.04781017147851293  0.7086518355963813  6.926191649497301  0.8425932488131717  
1.058973940686353  3.97496934283922  1.6811958135915706  0.7752151137380374  1.5268997584067063  1.7438350948484826  
9.517557115455777E-4  2.792464257472165  0.8408307397801532  0.8996574956216028  5.575032007744466  0.44062963149441187  
0.7452921660353932  1.5601823752002801  8.725714208826525E-14  4.82628894821426  2.2614185606418333  4.524808320007717  
1.0151585229302356  1.2362987084781534  1.0639597403473795  0.946699831253778  1.3959473318169593  0.8626821306573552  
0.5969118293753489  1.8435198963708594  0.49065294572309526  1.7632037360851498  3.517584178411924  1.6047596797987669  
8.399131845174797E-9  3.2282713271712593  0.22894275670524383  0.6471506141679972  5.54488608937272  2.1837087897944016  
0.58590537753303  1.9580638326113646  0.781909466791536  1.1503201295635437  3.200840888923741  1.4357688000299214  
1.0181486908259874  1.3224327034749854  0.9268944325277241  1.0011617585480101  1.450947468562037  0.8627576729902512  
5.442847066873486  3.9858600680754  1.6680294621942562  4.7687408536855174E-36  2.1312443951126062E-36  5.9245674400988975  
1.8934599926611  0.33560311058814896  1.6421453636466774  1.781701029105744  5.868743406597412  0.29518737355939023  
4.569513850778708  3.805433313134236  4.8692291129482115  3.6879222828086293  0.9179007894761884  2.485646379962502  
1.4458006616641306E-9  2.619495188732918  3.235123337287906  5.150403130792914  3.6399718078837187  0.23625382744791407  
3.8481796498367533  0.753356615589434  3.4592483458382834E-18  5.560279568516449  0.716283929554457  6.037877021199002  
1.3346828870551304  5.31807650985768  0.33916254704508597  1.3690751792632274  2.529172850313327  1.6197292669766898  
0.9732130092912759  1.417063585840414  0.8864821851185513  0.9676965093468985  1.587646624704469  0.8998655185318895  
0.9852312486603093  0.6224347586558943  0.9301824171568924  2.332616752339414  3.0973543818215092  2.07302385914435  
0.55575725778925  1.3723808988342314  2.428126913848753  0.7402557263016023  3.0433504085190344  0.6885816967808477  
0.5993249699481277  3.0031415038447005  0.13748335222306002  0.33773914508517305  2.685429241685684  6.805351842599315  
2.3080889362896944  6.40135744817867  0.9025080431077293  0.3317705085549722  2.90714897428309  0.933387160582324  
4.03016071406364  3.724401465486717  0.1256608300383402  0.45131833110711944  2.5627496768601934  3.717845836201085  
5.19492634545103  4.528988730785967  0.4208236300864712  1.3018993721259233  2.0533666344332717  0.5236285300893257  
0.8439660538091872  1.518789401606169  0.8391101684548818  0.9765991620097798  2.0127010801574348  0.8852140127804201  
0.8780771357156436  1.810555826684577  1.020470172459669  0.9596081109838869  3.804589061997172  1.3670184538745933  
0.7877219993449165  1.4905895281505894  0.8702381569443522  1.0103874184748143  2.3549685841835073  0.8360778945433598  
1.4511600152799253  6.208229677356654  0.12147813148631824  0.2735615361698624  1.9681973734890607E-14  4.256411557645506  
5.899920799077873  2.3876326612731744  0.644224020299134  0.6902876009480035  3.6149478147740814  0.4991880752416159  
0.30070297458490114  2.764985168012834  1.7873056214714225E-6  0.7194190256889349  7.031199897217402  1.0046009514422578  
1.0026696045496986  1.2573492518639797  1.0410377333566476  0.9501602847771237  1.4410605340467926  0.8594545508708613  
4.200913472877238  6.998470818432494  1.0933431953431363  0.7595433392942286  1.3101974697277211E-23  1.0444203426677094  
0.9160677837938442  1.38729152536156  0.8974174986553611  0.9743119418831859  1.7825267544047012  0.8608482506783725  
0.8199661501167418  4.712378970367935  4.081936322212589  3.648387053630483  0.028842724322971438  0.33509282915680566  
0.37013651935618613  1.9503545232462174  9.261552935325027E-23  1.4285570946932968  4.103267063274369  3.222843570615493  
0.27552737113673964  1.2731158377779799  5.775631900196471  0.3635995446702049  4.664957142023965  1.6625266404216659  
1.0728033764781189  1.181028091621871  0.8079744457722495  1.3631109860900448  3.365143074837765  3.5056658637344458  
0.753199040363133  1.5843463215867497  0.9301760167992635  0.9731480849165582  2.3240667709244582  1.035384418735235  
1.289870071973477  6.287905318665899  2.923149203451397  0.22993314235087314  2.1910402637547977E-44  0.8266145598479268  
0.5688136448820726  1.9208675273750015  0.7231042140975285  1.3442648309905199  3.2208173694057884  0.8373738937126526  
0.9440143854503691  1.401184295941708  5.31290353589501  1.6977638872095708  0.6124437265821228  0.45261598244904  
0.6975957160901869  1.665747845152003  0.7187102544386624  1.0233696448440222  2.776778078800632  0.9099916994986216  
0.8548054808093802  1.4160001664397284  0.9294459647659146  0.9879204605663996  2.0276085918245372  0.8374037514137369  
0.7185432575339015  1.571731391510151  0.688378285608105  1.4059227790257138  2.481134931654253  1.4367439858902589  
0.6371790776182858  1.7664920645138567  0.7037746756006115  1.0526442691506526  3.171506867952393  0.8724533737911865  
0.6822710487011396  1.7343290575202077  0.7302419632641675  1.27214858021518  2.5634289045644967  0.9219694602693356  
5.1136994532313995  0.22430771701289534  0.7041206278403584  0.9373942723986922  2.521543168176022  1.1789336285186605  
1.5736524496781945  3.090332121683358  1.0971741740299896  6.301242452225786  4.401385937623563  3.452905250478645  
2.8304685562624603  7.9917427330412725  3.621896964166861  1.3252564223711523  1.4422888425478013  6.53221936253981E-41  
3.064692677936845  1.6680600857262906  0.8242886529401471  1.675617437724194  4.10145090121577  1.8364633299772473  
1.5813781570886556  0.6171978276900849  2.578441137183208  3.5931464013256487  3.461313780362809  0.5294805938551229  
2.9147571322632224  6.857299562275273E-6  1.565428379313505  2.1974857587132033  6.626767677379726  2.722588874489586  
0.39177049477437  1.1204582784856414  0.5751852491559633  6.689292636380177  5.422660384418434  3.1153918847269493  
0.5719093510130021  1.940068192746485  0.5276007208347744  1.6759279011702186  3.5837588829711553  1.1352289386654264  
0.8513236808525264  0.9574760573398523  1.494683165473704  5.143702932231261  1.4452330228150967  0.7712352461457076  
0.7177838805302841  0.827143700070064  3.7285959487150153  0.657480858030719  2.660310436070307  3.2785376762635234  
0.6649937614791067  2.039826538459277  0.6133410930641339  1.3703760404761387  3.77882068981297  1.4850521505999796  
6.11006694286805  1.4343928577754337  0.7438350393260886  1.2258926712912537  0.6613406125390618  0.7402789479909245  
0.6999735208268317  1.5920482479369578  0.6321695415824569  0.8278934107680884  3.7683467262678025  0.7255886120677804  
0.5846091776868646  1.8649970942776466  0.00496458911483999  1.4301440196646076  3.377311762714593  2.06002124256971  
1.013886201184887  4.387493129695665E-12  2.943083610286858  7.151957844076883  4.212172244914987  1.3268238820859948  
1.13700686040326  0.016775746338675408  0.9200772223283482  4.7088807438776525  6.564785504881865  2.9786768266953603  
3.5657284993548886  0.6665953214742888  1.1774121131244218E-22  3.660222493911734  2.063989892677806  3.3203393694187033  
0.9173873877293919  0.5112598256345532  0.34983603880096653  4.499147404187625  5.850542596385668  3.110030663247661  
0.2937643961541728  1.755599481142499  1.5740468579380256  5.05705158895871  3.06408956303937  0.2552889091913168  
0.8399157709401044  1.4007111660733502  0.9021317261712252  0.9592068501841683  2.172275907060794  1.2978939352650076  
0.8040220649540529  2.4178810969146047  1.1052772391218803E-7  1.255710590261989  4.144371414851628  1.852233405711279  
1.1369200906590518E-10  2.065520864573712  4.087941867965845  4.468751318155542  4.513430479806573  6.1079752668604215  
5.0563518059874175  2.3266723213305043E-44  2.1020241753139577  0.10447484831713802  4.619533210066105  5.516241699602028  
1.9420573103426335  5.8457540481514085  0.5822330827361859  2.8810249735437914  1.0676943522447422  4.28310802741734  
0.568269809347892  1.7360766381788273  3.2099769507417233  1.90832571270959  2.245712168824689  0.42686525291381944  
0.7713431488416899  1.1767577318444997  5.373237185266469  1.4779116142600035  1.43831737597784  0.4008185904431889  
0.5797408494897369  0.9243746427136171  5.352466091005039  0.4041850024734911  3.247819506047042  2.6306553275999094  
1.039676454843387  0.41076091297423045  0.44444067000896564  4.001604110883325  4.737506545385468  4.216849729541419  
1.0938493918588263  8.476508485400794E-9  6.66266917567544  0.675941057938151  3.4100546864277663  0.5903411392040654  
3.3278987976020162  4.622483602835593E-6  0.8908463887228032  1.0498420342506387  8.9016542661407  2.824843905477239  
0.6239813342645559  1.8534398921955104  0.5152736348421135  1.202903399275893  2.9262002487280747  1.2917697763726705  
5.1838475004671025  4.506726668358353  4.626800788307159  1.2043128252317967  7.95879425515467E-6  5.349020286146543  
2.53479766397534E-5  5.833647932682853  1.3134211363187083  0.4574255424687138  3.71491019530146  2.1066825439427883  
1.001903315235209  4.5272487775097705  5.862922938579748  2.333061872316575  2.1277716498855166E-10  1.8488416920507935  
0.9649960668295728  0.6070786479161185  4.06098722202011E-22  3.455749244207138  3.733071238780889  4.376600791053136  
1.2461214227339976  2.2185321050486237  0.5794794896310146  0.3914048510443948  0.668839126906505  6.662133894155033  
4.155804145035653E-6  2.4891211769449515  2.9725564170810884E-22  0.707840434233138  4.264917206489613  6.435443173043463  
6.493270700565525  1.0655528769689142  0.16964337834909102  1.920302963874814  1.4693335423833374  5.505738331627737  
0.8429065624938291  1.4549870707900412  0.8381764565755249  0.9803152524954253  2.0757315121137077  1.0711681859099502  
0.7306645209441713  1.6004291760732572  0.8052932000746282  1.0122035772566715  2.5056977920157615  0.9017605970622168  
0.5369135236773773  1.9584513374985988  0.53591131141107  1.5090407012767464  3.4823518374728217  1.1815743361093385  
0.4226524279343444  2.6394474769877276  3.602820809399446E-24  0.4945489615714217  4.690963613552089  4.188778016835889  
0.43310825240735223  2.0746804205460667  0.40145439594417487  0.805980360600465  5.441370176078346  0.6886406391213927  
1.0425079456438464  1.3497113151723343  0.9370861252203568  0.9543176481263553  1.35177977606247  0.8623709801948489  
0.7340174275691066  1.5076292760973473  0.5876765316975074  4.827899442599112  3.148499620361015  0.9707143056988768  
1.119367426050548  0.0032415122438932175  5.429760626567121  0.5638940881256987  1.6677086533805598  2.8051449645328184  
0.8475889500451868  1.3193594572933505  0.9911081402529167  1.000240325943363  2.8731936777592155  1.0973851516936093  
1.725333049816536E-30  4.836504679437263  2.8352523170995343  6.4140853732243395  3.216022235527057  4.5076872835338203E-10  
0.22920757987101092  2.343230191317099  0.5278306587123374  1.3650125372542536  4.160505025457086  0.9109257041681551  
0.6001174898168897  1.3275543427446008  2.4340075740316593  0.7193118462555389  2.6817547654388765  0.7073235120467183  
1.095131399120394  1.363051822532942  0.9370748036789428  0.9474294612991401  1.163716318238466  0.8744573060262337  
1.1634525156211644  1.1338541099930917  1.0409984232966698  5.064802513567971  0.5685224373724436  0.7732267452539671  
1.776933714443274  0.32776449839424987  1.2593162486111582  0.5487298775074738  2.2657206786732322  6.297297474066037  
1.1556292880042822  1.4547046923563185  0.932799345972116  0.9398469953456813  0.9968865931769622  0.8763621090136178  
0.9488878087588463  1.5946628973532633  0.17101349389305487  2.9710929708095026  1.5496458435704357  2.183596232960724  
0.976887998791763  1.3748887201791424  0.913432044069242  0.9633009269488495  1.5848884720393643  0.8694255215967334  
0.7126625592426049  1.6696283030103525  0.7495770362967802  1.0069239849309417  2.522180926229279  0.9074901678802343  
0.9209191472893445  1.3492618825695526  0.9347750238007386  1.0315501465007593  1.7768330613388061  0.8446504216485408  
0.5326425016693366  1.5138938372270367  2.2009706663018096  0.7270438634451527  2.8413114181482553  0.7309160159436324  
0.7729090967630002  1.5259660913164186  0.8209025208546452  1.0081875586013396  2.3612701695349854  0.859712374901531  
2.3005284475806422  0.2016262951700248  0.8546825966678591  2.8165341236997707  5.611445857961309  4.494288130168437  
0.9660509508339883  0.4964691782193131  6.627530918012951  1.4865522538182103  1.2231591223118026  1.1722446229662251  
1.9317861135487167  2.490112483498223  1.324432698087791  5.997064703900748  0.10379675154203835  0.35527822156107025  
0.7129381092860928  1.7591749515784227  1.048712688219402  1.6711628256973599  3.6734888868276028  1.2758720936889043  
4.444955215475547  3.3521127707045677  3.5157955327916235  5.102060299830517  3.916572274862401  0.001087534463385177  
5.354689674861039  4.291755082402795  3.948061281264146  3.3324443021642147  1.6704783707275583  4.402686509004833  
6.07110417874996  3.8564581657566093  4.9186553782694435  3.3596369126704384  3.686474341809328  3.0715779450671046  
2.9398192126326435  2.626885190273833  3.3765716694387544  4.886198679858956  0.7581745843180648  2.3054293241590083  
4.252310882437059  5.92481004317291  2.486376631309233  4.998735668581032  3.0697916168804034E-37  2.3306626650172224  
6.21523170419274  6.499758609841507  0.6375756403333798  4.240327298585144  3.9903584105504994E-11  0.9479781280670918  
4.078737576546467  5.5240736660253305  2.1087370544698847  4.684716377817747  2.58988172857729  1.7167313904877466  
2.936285231087948  3.3508696982672195  3.6572532935743975  2.062350199812879  2.0383940681636434  5.422735529254108  
4.603570595773334  7.7653401287568755  2.486794915268838  4.036135567185815  2.516753272809307  2.0229424060812716E-17  
3.8769664656384033  1.6108779079794961  3.1495583530701774  4.162856654796915  2.336465212143978  3.843881183040021  
5.025757882322349  2.108039497040149  4.388248516290122  4.659403879795619  1.631594387403795  4.7569200307201145  
5.435140911588775  3.753359444969579  3.2229643237393093  1.4860837692628985  3.370545777109725  3.851188044874314  
2.2879378730940604E-19  5.015956409621625  2.648283802173894  3.7786478284891425  2.485778229472932  4.144788059716726  
4.429629754239139  5.117280128947594  2.0604100556406406  4.889624953666697  1.4999414623703693  3.7849639443184966  
6.429752468155421  3.176314930462767  6.052270263654222  4.328081648432075  1.1687294057237438  3.683889177386444  
0.1364450924873461  6.578284343177391  3.5547435044155207E-13  3.868108889723848  1.636839796683247  4.909219521821862  
2.6906304854725196  5.878865910349939  0.2564037556999842  4.503222984960589  2.196081902035783E-19  4.920714330660806  
4.265716733648378  6.3380549322026205  1.664999866885463  4.430607245748638  1.3062813853966322  1.512778029938797  
6.501575990579134  3.2451665209138962  0.9579107744322098  5.108833211070417  1.171969075057746  2.9424677140369213  
2.810578211968174  4.057811422773905  2.767288548793056  2.93791415371204  2.9832700669680854  2.359946116667513  
2.9864103865516265  4.285684144027939  1.2845536434805258  3.1831475481163722  3.5462701470110725  1.0900674394447265  
2.7693362960032184  5.1037606155155295  0.591224513436836  0.5241621068766166  3.93472161600596  0.8668485082692631  
5.680152215282471  4.241710905020567  3.667621828534207E-30  4.750600301627642  2.2129290189555606  2.9400319764041214  
4.179111095119912  7.9150824566628515  3.4991996376450247  3.951238797158816  0.31068840504254236  2.2712136459238957E-18  
5.987680504416591  4.820834358978119  4.543935663743686  4.041448244459603  2.001800217299595  3.798786332649189  
4.838669972294718  5.412536161786258  2.1303242179341093  3.597297348137616  0.3288065437779856  3.4555289228006405  
3.655898828317816  5.716411981605789  3.316708300968122  5.2285240836220845  2.8257997110565924E-4  1.3789669825248536  
5.283733425374089  5.147746589530824  2.2063085271602265  3.752086691108364  2.3617793693017717  4.499513418988925  
4.309774501037738  5.754516194250026  2.2341631555122206  3.1707224801363783  2.308574144418397  4.423907017663653  
2.160555733804525  0.4347907823536741  5.533543461751787  3.4429793518767013  5.4692998309915675  3.2103876556356375E-17  
4.922800678610223  0.17115183932089523  8.253786189220088E-9  5.602667525116486  6.820037380505168  0.7503826466972364  
3.295662489706787  3.5553082047561237  2.8833172701243948  2.824817586208803  2.962841720353722  2.730196680631096  
5.265738385967065  4.461870965547352  4.019811887259531  1.074142305693612  2.7357628774801848  3.797554095205816  
4.19114826772162  3.691156333634172  3.245163610863146  3.6098481409688574  2.3258192448713984  1.4191043893357298  
4.534502353267988  5.424462231995454  2.3949710723414963  6.330248340171102  0.8783460331218124  0.9617223523954304  
2.890287695066566  4.309927540857353  2.9539278642075484  4.355485735654786  4.336962583934562  0.8361328731246029  
0.6699001879622423  2.790351227840833  2.112554859948557  5.394695220740221  3.2938245346589303  6.7053870046236985E-99  
5.530472169357321  2.2902205442085473  6.193244496449109E-33  4.9849174994072625  2.4899580927309537  3.015377678167784  
6.151558682287601  4.363892893862111  4.101187563194725  4.645467301094913  1.3860473662075303  4.9749418417447195  
5.5527333787478925  3.994961317911009  1.4045571461250792  4.682204622715131  1.8784228567152508  4.835676481678651  
6.021628713486292  4.368217134850865  3.67842724120079  4.053710387947792  0.003995600857276407  1.2194628408108223  
5.789820710490736  4.058891504790349  4.0009840210114955  4.48332839042196  9.108130102645505E-8  3.093569704537193  
4.653044372503007  2.9665186181213508  5.225874210457745  3.5391878987352903  0.5338522611155778  5.236302669412104  
3.4815314131988133  4.738976646211777  3.8960004856315673  4.834112132049919  2.484285273182746  4.305971898273913  
1.2216610722075305  6.627776902622318  3.051212287484616  5.079100340256806  3.744968698060967  3.380076323116559  
0.12136052403160376  3.605512592865989  6.674148973971936E-39  4.294194297076753  4.481857695585496  4.45856563748432  
0.8731685667466452  4.225517039034494  1.138686745740483  2.873613161121204  3.855780116419569  2.246699007026607  
1.1390058963614755  8.159464139924516  1.191771555825948  1.3897048431814185  5.4394012558053093E-8  1.9291896556816535  
5.351544382262758E-6  8.105161950597573  3.92543843854522  2.9164738725669044  1.945261659168412  1.592278524687186  
3.5526275802102174  3.1290121877338612  3.5412283938996967  2.975693558514131  2.64336331651937  0.738895374143659  
6.018401560346018  3.5516108543580414  0.710893435473437  4.406766823580376  2.593185859435069  5.701100967602993  
2.19405827330847  3.0320697601113666  0.5795429034750887  4.556841903477638  2.939434500398767  1.1445843818869308  
1.8204014783037707  1.6750015292028009  6.786626252749377  4.946422706310251  0.9828782336192039  3.752399785325784  
2.8631978103520677  3.545488863146483  2.42396772593647  2.8714021439765585  3.229461077597829  2.596512274524821  
4.446366652227933  6.299806535446145  2.5877942318318454  0.19758662597829202  1.632713007006537  7.563856832880823E-54  
6.830137098916399  7.128056262358868E-14  1.4609619323198981  5.335724124256069  2.8206933106989327  4.244998063760555  
4.758927708183866  4.806101664414028  3.7118342632561663  1.9113345080526012  2.001462719963213  4.102312448825818  
1.6978825574857692  6.086586940586816  0.8195133467912805  3.063421675370674  2.423541532058526  0.5588468526911043  
3.906116792604665  5.642592350437773  1.6954863812647947  4.652114325808846  2.1681640158870894  2.3000457154135354  
6.591204947831904  2.118512971231715  2.2079552921795036E-5  4.8806128848334245  5.534792930161212  2.016891907531392  
1.852786239768695  5.563670154628026  2.6026149884260046  0.8356425002068594  2.0352907302018726  3.220774175627792E-4  
3.2319002878644394  3.1681649011219974  2.876788462965647  1.3942805626991448  3.4086493567265324  2.4548180075555317  
0.8667121713478213  4.827846966516004  3.860052271417616  3.896176741509348  0.015619111850256185  2.337681721098554  
0.8770668548842248  1.163960626159173  0.34079583731688023  2.7488760731080055  2.7120888478356093  5.289285188981041  
0.8130459588108483  1.54207425291211  0.8799528120036203  3.7855489864470817  1.7825744454212622  0.752371591927507  
6.577197124599947  1.450755346748412  4.708716018665813  2.9328471824730156  3.152411749709187  3.3399806710150552  
4.361678315683477  4.35597314995479  2.3402918317687518  2.2676577088729353  4.937164251066857  3.1396309789388055  
5.611928239984332  3.7051735904753857  5.736429916577915  4.615982062292341  2.7071835477802835  2.6043214438445554  
2.700773946718814  2.4540558333035882  0.7461894427728679  4.413876696542773  2.982650537437099  3.1526892491251215  
4.823490684973241  6.784131198864691  2.1213745943129485  4.016554815904132  9.881329745850235E-12  2.0759062587470276  
1.3721576254869796  1.7814848783467512E-20  2.421872371808489  2.3247884987394065  3.947087062302909  2.782362981926059  
0.4520060804395035  1.0929029379865438  1.3530431322502132  5.604012972779451  6.25484207403536  3.641296234534315  
0.0428209598280052  2.675091314341099  3.793336711574349E-84  5.5548349554072045  3.2786877270848875  2.602659793233843  
6.820018231550224  0.015020094984527319  3.638230778846138  5.547604675158953  2.9874154432504296  5.074972746720578  
5.398221728042637  6.657938345642877  3.4559011809435587  8.970382583411253E-7  3.9943680505040984  2.404873063386051  
1.1501806241911074  4.2862144382153415  1.7199306455179818E-18  2.0761592270426683  3.2346646592225126  1.503980341263032  
4.470398822509628  4.815267675334178  3.3020161477615506E-12  7.362755127531444E-4  3.2261736253870272  4.348144629255574  
5.666214466747221  3.5396669494167967  3.835581624621265  3.024712644878795  1.2819557023142831  4.434681110073806  
0.0913548558468225  4.198880592280889  2.869076450483451  1.700215281088537  3.5465303133753836  2.5025053460692557  
5.420631338050415  4.489840887658356  2.608121158908033  0.1339822399692113  4.884976010115522  1.5577384349707762E-16  
6.091197567831652  3.312312729884548  1.3934786878395862  2.5761256069872664  3.6195647933773643  1.4916534642518797  
3.689601933479962  4.675423931395021  1.1471525974549015  2.711972958476189  2.2356226507302437  0.021262392687666654  
3.3118923332620422E-15  4.0838415612882555  2.2655025442326457  3.6439791718573975  3.181281081274037  0.37469919122839174  
0.008360286244146762  2.8186807169565706  1.5014278573605564  3.0337845185699335  2.6464582682023394  3.5232046376423134  
1.6191274393439448  5.108085123980173  5.947622020188968  5.985366939337757  3.402040288720826  0.20204622792372756  
2.8838982633212176  1.1194649262465581  1.7821571715114632  3.1687456484007024  3.8360980038747936  3.143433104881858  
4.150480179127535  6.123018895131864  4.232583964431186  1.9939186448404558E-14  2.6782869758981396  4.552632991093693  
5.613338772029408  3.785703015481402  1.931259086589215  5.8696558445421605  2.8455914351213933  1.2796289000666334  
4.66576566819544  3.99934014148843  0.9661376429873096  4.091470063045463  7.743128109970655E-49  3.134048999672213  
2.6940986893190986  1.9854015417443738  2.695201360658263E-15  0.657713834510773  4.724073984429611  2.7820060943639775  
0.48343534916477776  1.6890542267437485  3.350042724047831  1.1929958748215217  3.4484811398318755  0.24810312666437195  
1.201488466364146  3.1184918647598456  0.3089839699105537  0.8288192566152469  0.982058259898762  1.9931768367476435  
5.317552251135457  1.2288173176058488  3.5020866859745126  2.7952408756899363  4.269889338687002  9.553871065868007E-47  
4.583456305034874  3.563758281451607  1.5083614460542898  5.575749387612013  0.2704890786791705  3.4853178816939567  
4.344017985312431  0.024707693437576516  0.3971742021488421  1.1527829141840455  4.424298918930601  1.4219258112639446  
5.341347581325456  5.364555110031313  6.591415966248901  4.859115094852291  3.292127796878469  2.1820652103454436E-12  
5.024642796395106  3.7673984537458796  0.654027610033396  2.9595724397607515  0.15785349767554346  1.1611265372506843  
4.196554184503098  1.8382584338232787E-30  2.9573453137910177  0.9766468327318836  5.315934151213135  3.3922291923273765E-7  
3.48163645816929  3.0680727576191542E-18  3.2579088103460396  0.19557740934297538  1.0276325421646735  4.6660557115640655  
0.26162956406125787  3.0024493910805954  2.060369637511593  2.9925801807596484  4.4253137691626385  2.753689437719589  
6.389781005269701  0.4534844008948182  0.7329375753228038  1.995834862577849E-8  3.517239019564207  6.596135300991729  
4.382358990866762  3.964649585605741E-9  2.9015045419284826  0.7298630344353836  4.121815522704292  0.32375751380945145  
0.5183628399492929  2.150753865155191  1.0844459870939317E-8  0.5340949352428227  3.7554160519075133  4.554670571076948  
0.4393252835600681  4.468795023085251  2.6833267344513034  0.5125884148453341  3.6149476682207897  3.074039293435345  
4.453071546744581  4.388937493831878  5.00446054680056  1.0395875528792023E-9  3.482932719156507  1.96007801019218  
5.450224651799771  6.552754575290014  3.1039956683481362  0.011028791731955838  2.6656931902261443  0.33211493455429  
5.512201078646145  5.40470676052601  1.8906560791363316  0.06790651342086973  2.027023240595543  1.0089986436836759E-47  
4.644925824287392  6.133482706874445  1.058598371136017  4.261704738290054E-16  1.8589491490236316E-51  3.9825305518109038  
0.990384643262949  4.296126359061327  1.3986863720939162  0.6559166823245499  1.0719123202057717  1.3511642249206153  
4.578277658477766  6.094629173847461E-10  0.06410454148754681  0.5847951508457764  5.425559702150744  4.1130244183189335  
1.276749901277627  0.8113951552821742  1.0534927689508804  1.327486446975937  5.715898893088138  0.4402587625958752  
6.597462159134128  2.7013278984588043  6.074556720500901  4.945932446952036  0.9662835100790679  3.1067389317413814  
2.863133723986427  4.003940558915419  2.8180873887920974  2.9694438469330837  2.930276051139631  2.3141216419856407  
0.44023598842044137  4.3310560722848574  2.59256872981334  1.1309062506006244  2.5701832253966854  1.9823472533342912  
4.744669248217011  6.936845496527509  0.29938349651762386  2.4172880419480855E-14  2.1971630998066365  5.477758608152186  
4.3229340827976825  7.059172320976019  1.9338243660789328E-4  3.514655491757259  0.4661120564640047  4.0266251776113124  
2.1281566951942303  3.211931198035026  0.42226888388830147  4.2150043523691965  3.993199151305619  1.2627092301754982E-47  
3.217338087973444  3.7146839849698203  0.8634839459541663  0.8282804092284456  3.8054610429754305  3.2698741702223217  
2.8595583800828526  4.789515596206366  0.6573584582313267  1.6076488960009663  3.6993046366040616  0.8011937304608167  
0.14673127318559834  7.561928204539032  0.2372535151200197  2.5507153423313187  3.522790937667362  0.8305104301446723  
5.216032483591528  4.661290639623168  0.014049314192360869  0.49371503147887474  2.5968498680676473E-21  3.0286397718397042  
4.190127049945429  2.811129504662519  1.0865910793800593  3.5894228176415908  1.8673554117767894  0.21365318479122933  
4.7854160425611445  4.878985048862115  2.7790401044888244  1.032824062557312  3.396101620492666E-30  1.3671062474181002  
2.0119485123810597  7.239598277556184  3.2385305081456055  2.6279576690527626E-16  1.1311953636353088E-14  5.387432817044496  
4.544990651889455  2.1611199827214196  1.943691863532015  5.584430873285597  0.2569249903917454  3.3277687134399616  
5.338184430726779  4.148903179043482  3.5450549233456683  3.1775739548270048  3.4493198686487063  4.7781254626800145  
0.660130791132267  1.4370727678379165  4.971091792759508  1.9568277945128831  1.6124830339248561  0.3478426973834105  
1.185053841857072  6.452432880466925  3.7133023912082077  0.2410791175487932  9.943710537496211E-18  0.8628269944709578  
0.9206208992953843  0.21240519522734863  5.249159461685315  1.8373420829361637  2.509138237051778  4.200418444960601  
0.5956776317506777  1.801848161029721  1.4770627291552077E-4  3.5219082755740967  2.832934678300828  3.3551053778556827  
1.031683105907214  0.9227546622784696  1.4074408084914651  0.9708679314702579  2.235852999986532  0.7754741051964014  
3.9227048178081922  0.5555783239525991  0.7514440037659234  3.554209388260345  0.9410538741756016  0.9928911344303272  
3.5864855243542064  2.7783558898936342  3.3807019852106075  2.5012581473062196  2.2449021814626295  2.9591764723682683  
2.631916993857035  4.9068370118033025E-14  6.500499791653774  1.0721824318543192E-26  3.349392276058734  1.9982006419963338  
7.379934173232294  1.2097795701268488E-48  7.076323079170075E-20  4.237163635741691  3.780104967924077  2.326799209202367  
3.6414737195981135  1.5561791993283247  0.33187187532361445  3.244543636282436  3.858546991482374  2.888606470157104  
0.602982226834711  1.2733977312044216  2.0531617802422044  6.506163432793301  1.6169294135832708  1.1838458281084372  
0.9870533510357896  0.056550479923027586  4.50374766736826  4.817530605239684  0.7833091615274566  4.694199712699154  
3.885000515309337  8.708774617610993  0.13079760726630127  4.770894677957338E-13  4.917402222615207E-7  2.570327686800239  
5.615536216011922  4.569954947191651  1.2480229246815286  1.0303582555713366  3.88769467919787E-14  2.2986321383140913  
0.45483109958913087  1.557791466530972  2.833741249846994  3.5280845114547428  3.946893098872114  2.19150189006504  
0.07359894245385282  2.1493108184917102  1.665424640370749  3.6457273581316647  5.051728519543834  0.9447304614643451  
1.0561538439532066  0.025853247828656  1.032770697528918  5.757240653906539  3.430072367098329  3.0983807630507925  
2.0104382796772293E-5  2.138666652927334  1.2703361636731467  6.366514993662565  3.7794074941172964  0.0037900581231639857  
3.8961459084163113  5.150103818030414  5.264478891028062  4.869770498306216  1.541154466063624  4.750731769051053  
5.145947058553099  3.1329620484115908  0.5138582473957339  3.8844740050082254  1.702090557650192  5.6176081691015245  
3.5032740502115325  4.1769993274334825  2.1390118514675382  2.897933427179543  2.9981790830046102  2.5550318473797224  
0.7675692743568181  0.45149794041367314  2.1695977866796006  5.47657968193073  2.839504791197858  2.23270700970051  
1.047330211916196  0.025286800222600825  0.9299239824780989  3.6229179405398524  5.4388347667728265  3.278558758539701  
0.8145120614868582  0.6480838959418646  3.15674380514578  0.7859520830473132  2.686264817010703  1.5834084235676487  
4.631437753784704  1.0126008211479496  1.1490767003112765  0.187203402337154  7.861797529916156  2.2880452511537337  
0.931893810324095  0.9530324732362583  1.8824701342735177  0.5466921841577358  5.765997784585302  2.124331567923901  
2.688426533110647  3.559295622541896  3.374184056449023  2.063997217856976  3.175900193119122  1.4319141061597969  
7.565270746083254E-12  7.63750854925248  5.190030365624932  3.624234831054096E-11  1.8145772696831768  4.104664934779229  
1.6455758679063628  6.455045156116173  1.0217239434725565  1.6779129430888222  2.8209802194801212  4.613882683912785  
0.7048393735202461  2.8872086428772397  1.8998646074360295  0.5050789723754371  5.535055371938112  3.4369188916554645  
3.5710989722660376  1.3630424271694377  0.49547029356531913  3.576425323112416  3.7243661395964556  2.8653530288844378  
0.5141430470076912  1.965526456709864  4.798123896812433E-40  3.2053405198207807  3.060455770742294  5.343634506964785  
2.943582283990658  1.7529640033626033  2.758644472876385E-56  5.041809191771172  5.095334286703132  3.8127936517460332  
4.154273562184171  4.344760820899552E-26  3.6469265281080614  3.765035582021133  4.128056339139617  4.655060015429691  
2.6827792527344734E-8  2.8296156195910984  1.4622665211640251  6.216219433411654  5.14225349072  4.980063591462925E-8  
0.24363274514537073  4.655379371712868  1.340962533771356  3.0122279028242978  2.6640848647826534  2.578785916821943  
0.9804285322054097  1.2844528728017193  0.19340638475825414  3.784993438010908  2.076427517287161  5.1480331992121195  
1.6310009780186765  0.08023666187965932  1.1606844599957866  4.848164815611309  1.0624562128364357  6.22036993171866  
0.92832602652826  1.5352373954184615  7.937187078941349E-4  4.232726301936783  1.53491060933621  3.136183231249647  
1.9950977494751803E-13  2.8629843633188607  1.3360731202089242  5.061308033599853  3.5323156796497117  0.48280990445066224  
3.8000560553103404  5.060659246156283  4.820294736667099  3.261304574559627  1.881931536286359  5.088795527192958  
2.7821020723698515  1.9582006636792324  1.8728564808126962  2.9866784171371386  3.964353969862068  2.4751364544446472  
0.07719841913405671  2.510747476411415  0.01106515731108578  2.812677240308852  4.332269030216302  3.6440070228620494  
1.423512941103865  4.730096057025858  1.0392724708921217E-11  1.286223687754921  0.2662849917772016  6.975883135875676  
7.855429902790794E-4  7.0238041415465355  1.062975066710334  0.0010491135847946634  5.746331835035797  5.999384421481947  
4.749668273764438  3.023375997816985E-5  1.710532070926426  4.89473213747534  2.6456179821426784  1.0377561876069872  
6.967866857306785  2.1902709461539554E-21  0.022152412953499942  6.07695705991319  1.5875183332314664  2.3169207982078603  
0.8405437423854449  1.426772642922627  0.970733414820306  1.0410616543660036  2.0570697862811023  0.841780193497588  
0.6913068160343132  1.8003136285716215  0.6894244619805071  1.1881370412874817  2.4826253469680393  1.017078237639316  
0.7962338188315982  1.729117207454376  0.8363893020182721  1.0303605129344957  2.1114317156998488  0.8828468535893399  
5.17310590971207  1.5778522442038379  0.4574094217066038  0.22386402701473068  5.998829286202306  2.1592797235531553  
6.805645445170016  0.805047295835035  0.3642240845282054  0.522592779066367  1.5074166360723438  4.824761001423364  
0.42677305559078954  1.8113741780746702  3.085380592978943  1.8339450546307379  3.603929933198811  0.21138105667733517  
0.22057592992999792  4.424081667037175  1.245590172741107E-8  0.5131980157536232  3.822844699905599  2.5666197386731495  
2.3649520251504916  1.1306219519067817E-21  3.977244566462852  0.9994994587568913  3.902214685917244  0.032814575855734295  
5.741900973072244  2.0636700574631868  5.990499539926535  2.309527149953396  2.7009783835614085  3.4820462911660552  
5.451977359249269  4.666336228222627  3.309257948839385  8.371432622622652E-15  0.8083582686611812  1.6091187437026444  
0.8405926462723856  1.388376687685349  0.9272637471919953  1.0018193454551565  2.1842162675874643  0.8198147951031158  
0.6089664582073634  1.8788053210701523  0.4983918942419941  1.1319193644604322  3.7785778098885103  1.676338728243704  
1.3352609875518355  1.3867503328395068  0.08017248449461715  6.455856714460329  0.35737012736093515  2.601372852633863  
0.8879488445018417  1.514187678598084  0.4511314196287595  4.968899450023286  1.7689768168667666  1.5028426213048325  
2.928521538427244  1.9653725137387639  3.3038736279422105  2.4327295418778556  2.081031866618585  3.890409852706824E-36  
4.126246837811546  5.770377566854825  5.443410285254568  5.095857721252638  3.250614892053943  1.5325543782923918  
5.692625762931454  2.9339909690309356  1.5498840257434459  1.0468587822834365  2.822009429264026  4.63698884577787  
1.1346483828202836  1.4109061992446552  0.9337490500779819  0.9435572818247977  1.0547871126900332  0.8786863151686347  
1.2995897373100942  0.2536725685174263  2.3541811199317695  0.9917144946030114  3.350691685583696  0.6705317609756359  
0.9805317968388683  0.7711722648838117  1.8860821424646053  1.75016043739209  1.1797066392103572  4.1029971860974985  
0.9938830844977683  3.6999363714740934  3.156407049787882E-48  5.708722119264685  1.392773104538005  4.108166766753685  
3.0264536418086156  6.50893119269048  0.9247539071506911  4.4960376572371406  2.525316249584512  3.21512914734213  
3.0996978448604353  0.1336556949107452  1.5209324425139161  0.7772406960935463  4.248780270113131  1.1102591611813417  
1.092392483817219  2.3315238920751526  0.3624574081774842  0.568222291798439  1.108813795024783  4.966200343261582  
0.9509378319520199  2.047380211414878  0.44367616211846533  0.5659776527872437  1.5433949365015238  5.058968411663225  
0.7118940922753608  2.1755913600274286  0.14469653821347725  0.8031870791221476  2.4105406091065276  3.288276359343686  
0.9304314517760324  2.4187535502787676  0.005269732124516138  0.6160453768139281  1.6460713885052136  4.918070236437251  
0.9165481517151606  1.401122775635515  0.886603831643228  0.9726123076994642  1.7760202482031373  0.8718885815693906  
0.939783439953496  1.2202715371541002  1.045569712782485  0.9807783973025559  1.843045706081101  0.8184435914915666  
0.7653601923453293  1.6231776206548358  0.7464474241063411  1.1336009900023643  2.2987669673835516  0.962348964726518  
0.8758767326112064  1.4379509578915048  0.8481837982678431  0.9875458902283631  1.9366295148429198  0.8916976031358398  
0.9642889251235975  1.3802730214783203  0.9036293785761793  0.9662737015391724  1.622841544548081  0.875166914471493  
0.31457843108669986  2.7985363784482993  3.8929892662470774E-4  2.859383189569159  3.0988178512238034  4.645486151996937  
1.2868809981072735  9.20564647963301  1.2203772272003786  0.9412628313062676  0.06747054569572508  2.3928647335760593  
1.5898426773856475E-7  4.8976189994145365  1.9502378052515648  2.1956540406692597  2.815716602064133  5.98870187736773  
2.608736260615834  5.05608405055757  1.7545444982354519  8.029507206441721E-5  7.691369861708905E-81  7.041357889387378  
4.124033819052356  6.6799628100611494  0.09152303391669439  2.095042317802595  0.843907724646191  2.1297692694176997  
5.135622610466208  7.857610244997329  1.7389301714369203  0.13070734530170877  0.817736771719309  2.09320075354484E-19  
3.0616989124500957  2.852410832866794  4.001433551884399  2.3513618521081217  1.740789727561805  1.1672832240872852  
4.382946032023435  5.464326253105619  3.6639863225348526  4.356693125004351  2.320404071171941  1.6684291290502669  
6.7041831185214065  3.999826498615589  1.1096049003770212E-14  3.713441548164547  8.944450737672675E-8  3.027130650781799  
1.3386531200208702  3.7029941564677515  2.14582496721858  0.5422251803182669  1.0168541355940441  1.3802018790489352  
0.27536209079690316  2.3559886856278283  0.8311976426330693  0.8652311284192891  3.677179640133356  0.6158082253732305  
0.4766864182093819  1.8782192762966623  0.009938398229487439  3.2305207888977368  5.41495688386817  1.144874035818897  
0.688454553454192  0.38265300657587936  2.423933076563768  6.021523283654876  3.2312080012304727  0.7794617252582511  
1.073051237981154  0.8017424508454379  1.506437977958613  0.961658856362016  2.2375126401067993  0.7671985391698461  
7.76035232052887E-9  2.5955147013462745  0.7876695559746345  0.8175386716035836  4.949888799024073  0.4211855874372387  
0.6264519148243733  1.868790316481384  0.3570040595221656  1.571441112027491  2.6694214717113574  1.805243394172937  
0.6930578757286016  1.950146839847082  0.48169358225822884  0.8162070552636067  2.241486261418607  1.680940596503301  
5.383518382829277  5.923671328228048  2.027277073626838  1.8402797628283215E-28  5.762646055120437E-6  5.690609606271132  
3.9266069684618525  5.308947123018646  3.6303745386615094  0.1257132767357514  1.725647155461401  0.01764511838411494  
2.90204753092497  3.995615401332326  2.7994899879407495  3.0166900585812955  2.947166097644127  2.282076928427265  
7.524748757250665E-6  3.765322932659389  1.822783364974918  1.8324633202603606  4.08281868340367  1.0268288687642535  
3.2163087577186857  2.6430896240900212  2.2498686444433296  2.168060019473793  3.624596080145296  0.17025233772671622  
0.3642571749472821  2.2969907093246538  0.43592584276855384  0.8779227889071155  4.600095863657477  0.752882676472609  
0.5847354735699561  1.5400792121967524  0.6912494276735912  1.1955435015929878  4.1093631241605415  0.7481999918026239  
0.6776255553078658  0.23318168528644234  1.8106017816779303  2.8846973252771253  6.071012085339756  4.349044820711885  
0.25147079255590105  1.5877606204504866  4.858777352965994  0.2987269256037811  3.9346909992462895  2.409672293537432  
0.8431164048810174  4.059638994395304  2.608518777325819  0.9605631869067565  5.226017243282947  5.720982515770093  
6.572212282912052  3.5427484658462784  2.899074105747929  0.34741535092072123  2.626450293435954  5.5959163744223215  
2.7370023851337346  5.176232684866592  0.5667961839264682  2.830713164027398  3.2382001480518317  0.8699295745195842  
2.2872334937360415  4.743597829489083  0.16989727054115492  1.0367571324303597  1.4278315658210703  1.373903479972791  
1.5036703832930134  4.701082641690818  0.24155779236972263  0.39185962852086553  0.005983393065470662  4.587339098279705  
1.4415823578823808  4.945342408543833  0.39013869499511467  0.48392032363953325  3.8256585718167515E-9  3.018142850537316  
0.8385343526729518  4.106195405815167  0.3748792809464352  1.1811120868074891  1.7818287110663644  1.76107082708682  
1.3036531818844879  6.619908643200006  0.6870642985629707  0.6800117226244023  2.3928488375390908E-26  1.628596717807181  
3.6962847678610404  3.2159660987466574  0.2260261352726707  3.4379742615838773  2.951488116619859  1.4863789074585503  
0.5848924664654362  1.7934008775789314  0.4440608132505831  0.7547449331290503  5.311695562728547  0.6390685996470018  
0.6412933258566947  2.969300078294946  3.7172420219482873E-4  1.2090731878472518  3.76942680657486  1.9675195092131559  
1.9384887203540275  5.38324446065201  2.8784786207105655  0.308777929699833  2.3974895688145423  1.41261145926951E-17  
0.7256873344380713  1.6518511056035021  0.7534205609021815  1.0217233832025887  2.3310844255359577  0.937121535101681  
5.580910705728775E-40  5.513913555193963  4.820790801477097  3.1384950536656087  3.0966070086690465  1.4465477036151577E-15  
6.544630625715996  1.3816477975386874  1.30990999812854  3.051974402885111  3.8931204494459655  5.2739963276553015  
4.284968775650749  3.005525719576617  6.445954114444288  0.10211937824029153  3.2115938437199567  0.2952685000057031  
1.0961632958818182  0.9710880805740729  1.1195121744636738  0.7346492355058812  1.365504518144828  3.611549786270005  
1.3231239569808688  6.136253738111802  3.096035591614552  0.21833757370736687  8.75192388833046E-41  0.8074043194301824  
1.2861444476359813  6.260315661298309  2.930243998082517  0.20143945162428328  7.821403847949076E-36  1.0258927826859479  
0.8037465109773959  1.2743409416617106  3.516798716799869  1.7121106549856921  1.421999642540882  0.5577812200079266  
0.7669998430883599  1.25455350072891  5.248361426524376  1.6753542775497803  1.3244956059239035  0.40074358541318805  
0.8258420804702329  1.3624191797833693  0.9217839411115473  1.0534298542466831  2.8422220059472787  1.6157274292202966  
0.7092731281206002  1.7765193106305663  5.0403534778257744E-9  3.511682633419102  2.224424259996153  3.616455461046493  
0.8788316836910535  1.65735362288438  2.832275837378888E-10  3.5889582513824365  1.680593383321778  3.486283307752055  
0.5672539573197949  1.8532184979065691  0.019129977414663036  3.476366098711457  3.446063676428001  3.300656968275945  
0.7720976909402929  1.5114000144947535  1.0343671525309688  3.784492169746415  1.866601454313135  0.6339402807919545  
5.368016802069767  0.2950382133853827  0.9111238691892785  4.747572372766861  0.6571473675990976  0.7617562288574602  
3.6947934792981623  2.7234971253358733  2.218599659085751  2.850068850582946  2.8368623549160006  2.9115851895352387  
3.769676030356713  0.9416840158106865  5.361077638612286  1.2729031387998917  5.810437532308654  1.5137149271375505E-14  
1.1238088526213799  1.6468750875960738  0.3319826339313869  2.0232579643292126  2.7084362647484284  0.723291708114296  
2.765796476333415  0.4461128147195103  2.3768848228724155  3.2379108989171335  5.370039356978865  9.608183047369758E-37  
6.888143315687609  1.1106325188273383E-16  4.394913594907326  5.138651662684444  1.1221200146005412  2.407192099386867  
4.557317291838276  3.062985738596569  3.1236844368818817  3.0315477593303526  3.1621501897523983  2.7199662585685784  
0.8350590759553127  1.7399510070703816  1.4475569628440748  5.131114829421275  1.8147227992541632  0.48062705828930774  
1.178519931971163  1.3090936152420531  1.2733823696307047  6.422722696366366  0.31250206987828216  0.7190104419044239  
0.31971980473865746  1.312033990651093  3.806668703927031  2.4928451006338923  3.3550812835951467  5.632211476532093  
0.563815557220354  1.675136641408604  0.3274316837094724  3.2218476528088593  2.543447805559442  4.407183794782467  
2.349721070508399  5.278904702547147  1.3655427359894974  0.6528345931706409  3.2298388910689164  8.655728577445369E-13  
0.4335022501737823  2.093083867885011  0.011104473802774538  0.8866471717091898  5.81058392749558  1.1570349667596123  
0.4151396547173667  1.9712655385565272  4.921275450020538E-21  2.0639994883117043  4.361356772380571  2.9617129134858193  
0.7623982487026464  1.127965579693553  3.0242578973605934  3.636099925094534  4.186467685802626  1.5869873851657554  
2.021709344757781  1.294169506992422  3.058455531700869  5.455411173669153  5.918256403536351  5.7067136754326607E-11  
4.1834235061003495  0.6154153843526048  6.002099229084087E-30  3.697169131086667  4.540893566874331  4.026962178234988  
0.999659895704724  0.706735659324608  0.7449355696460676  2.2445802788775473  3.2383060466343823  1.972562708252601  
0.026773790501217348  2.1119225418401184  1.0894172693778443  4.97365661053656  3.936654239902561  0.05012802660941837  
1.232589006980971  1.2692382148428583  1.016266996643381  4.9216272795767155  0.33962555947762674  0.7828686585249717  
0.6546646440565085  2.2050472276202617  6.111758401024018E-22  5.371938106163286  2.914738942523534  1.6351443766259521  
1.5090426562155542E-25  3.4936050868786346  4.477999686217538  5.364349793987661  4.237713840336555  4.778593674686835  
3.607288557165088  1.9160156329284832  5.140561430051818E-8  1.210100169338449  2.3307852234394506  2.1745992913219663  
3.0889015288268045  3.309013169955025  1.9145276701471428  3.047223260539845  3.318920574489297  2.8043714037440757  
6.655328694775018E-7  2.839463126084905  2.5291092773866546  1.5814379658954503  4.090070382682663  0.5022390108263616  
0.3288066320632929  1.870549393347864  1.4954826848759635  4.853781491334504  3.5060113523437098  1.177705163379401  
0.716999094910719  3.3259692389379945  6.101691855001114  3.8339883794787726  0.6974341565908886  0.9484465568246697  
0.7625641511919572  4.632717727387008E-14  2.6285088801597976  6.7197339131566425  2.0418632424804457  3.1902759160140457  
0.8514958035083805  0.9069248942515102  3.9343137877270187  0.7766380485016698  3.8410248535369234  0.30605767876528184  
2.7508565656296295  0.9001187180583365  0.5517606954819928  0.7144724147667577  4.832468398909753  1.9781321082929249  
0.6799473921229316  1.6995767108653559  0.7238263073948497  1.0226388029033047  2.8131150189501253  0.8980936755815833  
3.2224193583887804  2.5856952440365375  2.571573261302285  1.1579096101831075  3.953687923557877  1.5188144804350905  
0.2916098665484929  8.484929182811525  1.861455541376071  0.0012140667170777101  2.593772444367876  2.7451833895019857  
0.7523379214063588  6.180888823570569  5.323348339526317  6.402845189278342E-9  3.0972277474451593  2.6035689298077727  
1.0884176921331858  1.6157753845017393E-11  3.2990805496886817  1.4485807392110892  6.158778976790449  5.912604844364099  
1.0033338717204017  0.6788984103636351  0.464591069384586  2.1150676995390603  2.143497174196933  6.020218848442354  
1.3365535310653427  0.9504004031330875  1.0413606539122036  1.2121003595928592  5.635669285087918  3.2317363855862435  
3.097886574199263  2.1940523712823126  0.12894122909156858  3.585097988815991  2.8145052608725547  2.9733161027669985  
1.0776400964502264  1.362168851685268  0.9369747825925138  0.9496944578825521  1.2288612140899169  0.8700897412809226  
0.8276766351619592  1.4294922131790155  0.8749635486845413  1.0141611716502883  2.1816136348097204  0.8342804954971154  
0.8063228547231  1.3871486025670332  1.0463977701168548  0.9982282484626467  3.164625773424871  1.049622558668809  
0.353579969863362  6.307991199379647  0.21740645613994417  0.5546606521560906  5.902840067608622  1.3096003960770932  
1.183317371014491  6.161467968887633  0.527591652803114  0.12901632247038786  0.9891882197606526  3.5836339080128026  
0.6260245555752104  2.775533475625868  2.0414358705009247E-17  0.6508513107862591  2.8009856351276334  2.9188514168151585  
5.470486559728293  1.0620305877815117E-4  2.38421408579942  7.547455504837454E-21  1.2809431202956472  5.943821024248335  
2.0471879914503286  1.862389212509653  1.1167630600945577E-18  4.36733910500413  1.9782906652819912  3.1869446375179074  
1.4646245915445175  1.810642735176648  2.8666409192168947E-25  3.1618838349494327  0.2758561874364835  3.685257517081928  
0.6353049193876754  6.718340238015431  2.7053215695527153  5.744553344323599  1.0379874811955816  0.9397134820916485  
0.8471786662182326  3.6271029400466475  0.7607867120281285  5.986450962732088  0.7244453175102049  1.619841665290441  
0.8081664741257089  1.5418066512183677  0.823498306024971  1.3060415589492025  2.1165474416763295  0.8788932192456644  
0.770142187615882  1.6397671072388043  0.7403521298238361  1.1633570050261108  2.2550076031317436  0.9778098075092716  
0.7233529857248595  1.9007453873549218  1.2090679314509816  5.132228197313714  2.32118971365262  0.9111314083847241  
1.236090978880416  0.8557785545176969  0.9433186032427645  4.943259567005647  1.2226621359498702  3.275115082831612  
0.4392224681073309  2.1116719060854345  1.4596240295063158E-6  3.496776437810246  3.2994358342536856  3.341227803081845  
0.751720120221628  1.69481411370515  0.7587547401294995  1.053906364975445  2.2974634179391002  0.930076591274898  
9.06434012830866E-34  3.1374034450591153  2.890335023230559  0.3932864892644787  5.992214757315192  0.43075448429609203  
3.613811046566488E-10  1.8877474908597898  3.947185661295072  0.38448610060651717  4.552083967597172  1.6836889492705134  
0.17537401719849244  2.435727033158074  0.48375087151081436  0.9679118243039816  5.009048922884906  1.0334188410627863  
2.3703859474703573E-24  2.5902790993484768  2.914665578715507  0.37830997036188824  5.8351930560010326  1.313152801969758  
0.8577453873701245  2.011793151535438  2.2339592015971412  5.0460224937003035  0.022805970082419195  3.878253674403719  
7.707174791849098E-6  4.643184626315204  3.4607517100270226  4.0829418168188925  1.0779934885365685  0.39564824633692874  
1.0888710201169196  0.7926442394132793  6.679488498505216  2.601911316869894  2.3648392488597865  1.0710729667712302  
4.311504284135285  4.374726824822144  4.967624740044355  4.833908540889319  0.9950324385877108  3.3179345896221865E-22  
4.138876109761962  0.2187735273597346  0.2770905725096137  1.3820504306211292  2.971283744274558  3.2280011569700773  
