5.118381632475122  3.4762467949914857  1.736817607109438  4.178329252889248  2.3557527348107983  4.818286487254406  
4.200224857955745  3.784590086150144  2.3128567880976654  3.4528037963544738  5.0060253562161305  2.578484136283907  
2.613393173707044  1.9054692413282317  1.6584635007641753  2.432803530105597  2.678870682698815  6.191857751388656  
4.399913392005928  4.156703032305229  1.623779400213559  4.9405800793278924  3.763886420134392  3.726872467661201  
3.6924598854423745  4.145521386691421  2.0645176183881513  3.115883549465858  2.041847407982774  4.912191689361016  
4.593507510121275  3.883376278586957  2.3740692033520725  1.9763810023954922  2.7679145267071945  5.171115114149528  
1.9112837073358278  5.084669062472214  2.696269523243053  1.8650115716719957  4.055724130388487  3.2670286918278935  
5.246794905888052  2.0522318727159212  4.113141173112183  3.7381555988300628  5.440746976224126  2.885526149171053  
3.160358913017212  1.799623227274381  2.3196831691390942  2.908997539335361  5.589442914046634  4.300553243115352  
3.305562594122464  3.03046937243569  2.3215914495301715  3.6703725913414806  0.7113600923865604  6.302630173363736  
4.443930313543292  3.2720885971505433  5.228637731135481E-9  2.873290653863049  2.9089448708665353  5.230741375549911  
2.6351165543976154  5.735697282533801  0.5826426386161135  3.0399289952505  1.4517875906969167  3.2347173125014215  
4.330765804549468  3.9372641847491763  1.9865385728493665  4.052360088348871  3.606812578473649  3.505734789676006  
3.9819934118269202  4.432049636969886  2.3935023140744525  4.335100154402578  4.101760311686244  2.472304546349199  
1.3868110537316594  5.18730007638451  0.04013158200731029  3.1491921120313826  5.6935548701983905  4.22389875170574  
2.7590645797892877  3.534078076805055  4.169098854758934  4.363871864332438  3.841313101257597  5.370501882643415  
5.503303806998493  2.6306348362986025  2.7081055798055615  4.279817269531412  4.19093864911541  3.227958625345344  
4.440587101771449  3.7306727177104575  2.4879937335087585  4.469714764982782  5.012480839096365  4.347491692682284  
2.9803475486758537  4.1350659371115634  2.1129322181663777  5.116280116780822  4.858189766845563  2.7923297024103366  
4.141901830238763  1.493585853288877  2.6977223925708502  0.25694116387813526  5.851802975587438  3.366581510440673  
0.957925944434096  1.77032702098023  1.8844841877660952  3.8940283124916695  6.494512270342145  3.340232149085588  
4.0790018325372905  5.285831464397306  3.7312218816133766  4.9246900235407125  0.7726885738190289  2.4074212030862  
6.739887319232987  3.3564906538002712  1.803859888430192  0.47640769848293657  4.8828689949688755  0.7641647139742785  
4.096914500394961  0.7453705772209941  3.636448052125134  4.1489908386871495  4.702147639179771  4.462452693866526  
2.732129216958097  0.004546629935907039  1.6722524510408947  4.587882337123973  6.148400136971887  5.081132951008424  
3.104413082799478  4.480695063029209  1.8023083083641744  4.594722967663962  1.9961081336127557  5.106893234940254  
3.4578884897117983  3.930307098439055  6.403156696016294E-16  4.253514293618515  3.3886771647862135E-4  5.325524824407529  
3.0328820606153655  4.595793793511317  2.758802579390336  3.6087389389029645  1.5262285425810813  3.7676031687379385  
2.6702068844932616  5.294511451623037  3.0612474623678314  3.5174596301589927  1.629870510974243  0.6270329516892218  
4.454231749273926  2.8246229743642437  0.5262970238955414  5.566924148565402  3.260900341520429  4.714383713661049  
0.6431469411826507  1.876259409630418  2.741885944029914  5.019631865774725  3.2892308992852475E-12  4.445394957880348  
4.2079339414713  0.30177117719762386  2.719986577603879  1.2401853879577824  2.0208263857266013  3.3008106813658324  
3.4629709411059104  5.013367690468344  2.523476734582585  4.575663768455798  3.1596254590603756  1.4347087361529232  
1.5454009821243404  4.029231506948991  4.178331084654621  1.8611012178987727  1.851806089763526  4.556879862178474  
2.130702283552093  1.6937411511408376  2.8397020213233155  4.248791676560892E-4  4.429950582186411  5.912374142965993  
2.400659711358134  0.44494243204974615  3.967049230802359  2.5711871301179836  2.942894631753777  6.477666702880364  
5.019430117295112  4.227585478519255  3.195591774088034  3.492142872878712  4.334937842380868  3.8041489729222953  
4.368683409412814  4.196743937942868  2.6801064149126015  3.269605246995627  2.6580187118664464  1.8937820797805214  
2.4719987780974897E-16  5.258233097606882  2.3522123953637726  4.26207283883979  5.609551491048898  2.622472378064416  
3.778697768992911  5.964393567392301  4.513522915858511  0.7166056730467876  3.236661938118714  1.7248222064363679  
3.3913997726886658  0.5755539166184411  1.114084179404901  6.107886520698257  4.727877194984936  5.675756340350515  
0.46938224845763626  7.1002734741365074  0.38420209134802075  1.727364133448846  3.1760968554504525  2.030845276922511  
3.8443828113955316  6.190506544884182E-7  4.9827016539773705  8.25907252347012E-6  4.931768127639854  3.4720309137570555  
3.411657637062589  4.881170527168325  3.7648951908615342  1.3296119297571965E-10  2.751859736681318  5.291238994832372  
1.2192045135344198E-6  5.756857904335481  2.4132022253831136  6.591283553706475  4.093573441982491  1.6198377130945094  
5.102411957308044  1.912978061549161  4.246675604977653  2.856721801592152  2.4667676520306996  2.42571334032593  
0.6564496465206526  0.8243498782698364  5.222372343476364  4.876452036105744  1.836221836228383  1.7594337118285894  
1.8977484678132674  5.430571107207949  1.3368557269824435  2.6235524065710987  1.4349265453204778  2.4903487757657756  
1.1497577223912423  1.7057050502647444  1.3142356170171343  4.640996215065173  1.981104827220875  5.990499970629031  
2.841712263003837  6.484689870655742  0.25874403413423874  1.3245994634912348  6.022228795145016  0.199430209706422  
3.315145702618843  1.0474371673788105  3.556976454643295  1.218668241285723  4.103063925246647  7.125727604489498E-22  
1.5824888691358217  4.6902001568681  0.24763600739709077  4.3422534414106915  5.406658462625519  3.9143875731701656  
1.8465497738614922  4.1952971711710064E-7  5.3332818823827095  2.8195281115979816  3.330513768235334  0.76400360637125  
1.9667425601439052  3.6907082800505897  3.4902626207503586  4.237883263933851  0.7078336827168875  2.4114757368456  
3.8551013948566464  2.8777448456392363  2.5033827578952006  2.8445596337388768  5.252087634097338  3.4869726555654625  
4.047451169251097  2.881038749951962E-23  4.862376490990262  6.465308010154558  2.7478785439914643E-17  3.0900772722534495  
2.9149566474128643  1.9837327232813038  2.039258558527444  4.619774198136611  3.948178611755721  1.4229743951028526  
3.408882737177569  2.4263030348397003  3.299505750318685  5.476852519084633  3.5502808067129483  2.072096079733433E-14  
3.5990384583599564  4.236958393255821  0.6708109968067435  4.2661174400943285  3.891169077731606  3.943867694773869  
0.7594946708774449  0.8557751891695338  3.7382734701068276  4.704319063544682  2.7584648693971663  4.134537498237233  
1.0854603887433347E-7  2.312182505531758  5.719677110697622  4.189088837321678  1.6552617626446355  2.257112855251975  
0.6831217745397429  0.29526954665926775  6.976511620144606  2.3565732583867396  0.7711631063256823  2.393282389261438  
3.0935297983071175  1.6699254942038164  1.2780463259260626  4.461196132695944  2.1032915957132147E-11  6.108365169053063  
2.960406974304096  7.097074253724728  0.8153476247209069  2.163269351753069  0.409561024638185  2.99015056380521  
3.0129136049087877  4.933514332824507  0.07709367270851093  2.057053793937752  6.472582181104162E-14  5.884053727044117  
2.97213697511874  4.980699742729897  2.520993304737076  4.981634310054653  4.181604731837768E-21  3.0644446639729155E-21  
4.843691421595195  3.061759878321392  0.4358215131051312  6.174243736314875  5.273979423351609  1.5883011862306824  
0.9211482633418673  1.014751651561351  3.888612203155871  4.511188800685219  1.6136746597231202  0.6261061004490689  
1.5125827683906872  1.0416069600020321  1.853690092505166  0.9088914660845808  1.4201290978840777  1.4761323951585288  
3.10405782489396  8.709259143332332E-8  2.141508328936786  0.10538367441940803  2.324166453658538  4.756097712173433  
3.3124559874355093  5.039249887195848  2.405721972200556E-8  4.387635228713448  5.550828798717399  4.053436128875005  
1.060361754516511  1.301744386169703  0.4505118313694742  1.1734044898341809  6.058343984587754  5.343454445490725  
6.597784950312626  4.186036060468312  2.133599773670262E-21  1.0248773727967766  4.338237867866566  0.9427112171246264  
1.3373050570746476  3.4071601830922864  1.0815590026837354  0.32736718226763073  5.840961400171662  3.8120336379138906  
3.8454881131703  3.610866426332567  2.7420414618144706  5.5768907666249845  2.3445593491426145E-8  0.2558292256255785  
1.572515688570016E-5  0.5309253420895237  2.480225899204972  2.032625012666975  6.988791708741861  5.161372444582158  
1.8786995227218546E-13  1.2323641132129475  2.5047427395203026  1.8667185729023652  5.7218701615475025  5.498982918884261  
0.8593918021694943  1.500595845954269  0.00860819940298934  0.8491957911905278  7.926640505811525  1.8807260165407012  
2.348075145447769  4.6900236962231325  3.5971243377411453  1.3418232567587878  5.747474488573834  4.279186943945738  
3.853061235591155  3.8515744358565676  4.309362284369421  5.7983368943328335  3.1400502975508187  3.265100921287925  
1.5538372614946343  4.07917698649682  0.7113023955932329  3.199368113071216  6.411354614366616  1.810302718590552  
4.422164053922068  0.9943712325547701  3.3523120375152677  0.6087812626695869  2.5699836386799917  3.185917225804705  
3.914192672929215  4.355743650164252  1.8171434479916337  4.777804019590796  4.3373816632218105  0.005926875649498958  
0.09169354755333708  3.799470497241964  2.7497386238722963  5.90120799099798  4.593839721674976  2.2466883610211523  
1.4893983852676809  5.001530031461454  1.4555560241271255  1.5242839156546981  6.082538412712999  3.3508703558419976E-18  
3.175913791601947  6.098295831268212  1.9711093606428276  0.7050305868193408  0.6539424292952094  5.0316532015896716  
2.2879592540738773  1.8203961413143717  3.6515053761617935  4.283272901099162  0.6441568848353387  4.707948048185785  
1.6449161577646998  7.944132239583745  1.2795626164831067E-8  1.076527936681543  2.8298906975614444  1.5468479055909599E-24  
1.5134905180956408  2.0595637994327807  0.6510688472467187  0.5507663247304583  0.32638837683326993  3.2908687628347058  
1.9148394356302807  0.3544624181292823  4.757336578053566  0.8938151678491535  6.709464440094983  7.95289979382294E-6  
4.94270983440042  2.055723933423505  5.057587663709841  5.957712398413686E-6  3.533158985446902  5.3887076674236205  
1.373068156968678  3.751854538540876  2.9034750063583146  6.312568263751489  4.508701894998263  2.3584487204047  
0.3454095266320025  1.3854165388828545  5.060878969996918  0.6616179194629898  4.596231612631648  3.5638176727441873  
0.9769730841374743  2.347942990876818  3.48555659571423  1.296828187815341  2.7384634424548078  1.6101557272618436  
5.683358499860971  1.3963065929795204  2.1185501124204724  3.4664615898533384  3.6399514306205156  0.6067557573249851  
1.0597210705894415  3.1106004521707575  2.4357268701162256  1.4306003616859282  3.9112170858634507  5.380470705809687E-6  
0.782921493296938  6.429018185112316  2.431849997605824  1.672522125821497  1.1670535981105825  0.6540077656530224  
5.066301160628248  2.958860553509867E-8  2.147022816657913  5.447641939333016  3.3626034685390818  2.2733393071844814  
2.3537627705713935  1.3169060851752155  1.93561221781647  0.6830534054505996  2.1820313513748575  2.5274018067941997  
0.6302354315880349  1.0054897750133478  2.6898791936031454  1.927541695216009E-5  1.6753005445934865  6.463353435597259  
2.3291998877651667  6.41098180634279  6.336191442541372E-22  2.2477654380209633  6.501971116948561  2.741469391871545E-24  
2.0036267863205683  2.0391174021719474  1.9869942277729324  0.8049428089923748  1.5372728097380852  1.830085559388258  
3.1808619797011803  0.38673808406702337  2.479440604051855  0.27485756233622144  4.783214158788808  2.6716865151569986  
2.998449209529394  0.5244354450624991  3.4381283182965507  1.381796985071553  5.629488753308941  3.9554317061000714E-17  
9.214236775087495E-22  1.5675148912618255  3.0230081789390693  3.8388115425264977  4.0115056317514375  5.5227076316509764  
2.655537736816768  3.1508425138551785E-4  3.3617501892716577  4.837306581998526  1.1518376406250548  0.8219259232115346  
1.133088212943812  0.9778699033149365  4.7210354928571725  0.8075330410728715  1.8217957880900344  1.360131757655315  
1.9503890871122118  1.5352151573421948  3.474761766031292  0.9728277375661001  2.0930094367614402  2.203567108396102  
3.0887385305536714  4.539258586763815  3.6326323015059336  4.097598648777876  0.04588055931102738  2.2570276070990363  
7.157845852113664  4.152660090360896  6.725166088385002E-16  1.2049127514681253  4.660388944027131  1.033911788202392E-5  
4.71276699246097  5.108368287075974  1.4800453533412077  0.7579161119693766  5.1531481124336125  0.9766279679786856  
5.235518692845407  0.6629773093251936  2.1458008324541598  5.553700325449358  3.065517874245746  0.052929752415365024  
1.2555667960395709  1.4128430234721112  2.8472704179761945  1.2906540314920834  1.9449251754764227  1.288531826312047  
2.3438562124810223  1.9010459154649424  3.118226071256007  0.8702697165354564  4.167303812198746  2.22641087474293E-12  
1.606033018913057E-8  5.685113735162268E-12  1.9462614569302439  4.5496485721886994  1.7889373236191075  6.314582769488257  
2.1263972459621323  1.241500145988029  5.5341103521221795  0.7753285069469321  4.706440553809669  0.31410955332823154  
5.000493745910288  0.13669864010780355  4.881235439688677  5.105617823507864  3.272049510023438  0.15931388226100787  
3.834243981139715  3.4532203585557277  7.414315132920678E-16  3.8416347074668513  4.787350380856331  2.2940149092971405  
1.1888251688276257  4.1175929202804396  3.8292772093066003  1.8634068882227595  2.66834566179806  2.0942933534040136  
3.7382869901532283  5.201827197937469  2.9815939679394625  1.1308020096010134  1.422717752222796  1.2341867536946656  
2.703116741047434  1.1076357187295611  3.490728045904663  2.2775293049832825  0.6567328312549351  2.5372530053853892  
2.1498203666158124  2.699803367732848  3.8879930822600457  0.7204968087516149  2.5348473375927805  1.5781861715788679  
2.6116046557586308  3.261650236677106  4.021206309079594  4.667812970302966  0.9860948611033733  1.423966702493021  
4.867723749624868  3.011033991290868  1.6446276457458668E-4  3.8330965147150122  2.507181160436282  5.699203730903716  
4.323803210624295  5.355922978205567  0.5197079075761978  0.5800983965284706  1.965176386882268  2.786344556100615  
1.6832688083731835  5.197847124517358  2.650867856058593  3.7004409356676926  1.419058526672669  7.537106048385814E-5  
3.5283687126235406  4.503473828582542  2.4193584394049585  1.8911805545926876  1.19359478506018E-11  4.383094203505645  
0.8519006694393629  4.252272029321585  2.8331060525642213  1.8530198722317768  1.4547370264183848  1.2060164182167934  
4.1857979866316715  4.801295267203124  3.171746882407622  1.5620216741092376  1.6501155504268417  3.4052839454954826E-9  
1.1078722003211952  5.073625307890781  4.062821574397686  0.8472703318696059  4.537094287455032  0.14505210764893003  
2.6169594551276143  3.448806145227246E-14  2.7740335553255773  2.7608669572128197  6.358461220074865  1.2557438382205581  
1.542822496495088  1.0031823857103035  3.5810916913999686  1.6389157203034748  2.2735653866762475  0.7384956138556722  
2.218329432331701  2.333833545065327  4.2967230175565145  1.3105708000231158  3.255446972241919  2.400388268522501  
2.1629409104417037  2.1408277456679072  1.6801261283369273  0.7981341864077527  2.415978178489917  1.9723311367788379  
0.9814741442736127  1.3477221229801781  1.2331600987390199  1.028816723537917  0.8578276654161577  0.9840785557358082  
1.9251920493321368  2.7054503221631  2.706768074529018  0.47388487829139647  1.72272474065566  2.841557863204933  
2.7895030153954443  1.894697886241673  3.4522439744645763  1.426067800778426  1.3815027228076555  2.7642269938139292  
2.266465230419923  5.703748115444637  1.6562903755086293  4.1126946308416015  4.469510367960792  3.689634270439257  
1.1954354269814038  5.637252374021584  2.6897148689074766  0.5660058846912387  5.469452905203892  2.1263657677898017E-18  
2.5972912261415346  2.4199066375013834  1.500483651321438  1.0942318542656713  2.1618991839130137  3.5042612402002695  
0.9244517916295869  2.585829694281967  1.2504613463793395  0.3781035455261324  5.237699212608145  3.6249892340106658  
0.848042367973276  1.6039175286680456  2.3756321488405265  0.4070551685033714  3.637541830010863  3.2074900297120474  
1.6475583714818014  3.7587182168127504  0.7179061699842438  1.891237222125676  4.4468467477492  0.9449008830005353  
4.784039978131284  3.6772213968707677  1.8039122637782241  0.9994790653841048  2.2517591864880826  2.33914964943127  
1.1155671845793158  0.7503151922147469  3.9303691719225116  4.11254284224253  2.0855798346015026  1.4088841265495624  
0.5012181340750231  0.4525394511208914  3.195341689909634  0.3297609311880226  5.578721179705934  5.732120466183916  
2.164173635730593  1.7074598810561656  4.28981867522973  0.10691026302332542  3.051569993135563  7.075785799458913  
1.113450550889051  0.02779581380010071  0.912957295193301  2.329016306949827  6.1331354969761565  1.5686025679576763  
1.4640690207189935  2.7756155945128085  3.63662172484722  0.8274315480648223  3.7582377282266854  2.0858656049959428  
0.8661884974688215  4.64913981010703  4.514763714071573  0.9836462136980657  6.3422467091956  4.0290257985206175  
3.567479931790678  4.1017831005395635  3.1878172776378135  2.1079840973347106  3.2763008643868368  5.856388166805816E-12  
3.3278350067535802  5.765749754803041  3.052983289782375  3.1128300949434857  4.453785714643287  2.54766458523535  
0.8078517063805308  2.3354018863586212  1.7080891623017727  1.173393927867993  2.8055565040515984  2.397052513412999  
0.9635773866555516  1.7095269117223462  2.383384270952458  0.6258288837293886  6.701268366943631  2.1575139725799278E-7  
1.4918900277705214  0.6553297436655332  1.7810764437005215  3.8288956181347023  5.929981886831658  1.4947931855834355  
3.4297815768883306  1.6901238228594536E-14  5.912197104302148  1.1655332005082478E-21  2.0590455136195547  4.952159994196723  
1.0123050496740096  1.7942215549077778  2.720289241545689  0.9370284441667063  2.3811966995407197  0.9767816418914637  
3.688008918165851  5.201012882999063  0.9942841171893073  5.48680006506759  4.116544817889077  3.711035166733502E-4  
1.131019189220881  6.380197582178359  3.5663683166787035  4.962694776681675  1.5802844690400664  0.2842654056709857  
0.0716692197742552  1.6902438186083244E-13  3.765058211629284  4.126635711558015  5.553549992930075  2.8185074306482316  
0.9431825479158525  3.259373548515414  1.8115766170667638  2.391577637311792  6.701771197617527  1.3529426420960378  
3.301882358869212  5.768330075252329  4.4945407409956415  0.01333059046665698  1.5522050196793298  4.2518757973362185  
0.900120069758233  2.2120798992477053  2.9440372754772652  0.9567231373937501  1.1111934840788336  0.7284674658459378  
4.886620898482847E-14  1.4238046422655264  4.606197666715702  3.5114260903292194  2.7164596184850027  3.060827665985107  
2.9977793027172783  4.235395607599392  1.067551665194039E-28  0.7712831892142823  4.98625628555671  2.106254126418229  
0.8285436334178772  6.024534609898943  7.625461333453705E-8  2.8443537473744165  2.6523748292793212  3.7846544094309658  
0.7254303722351237  1.764999201989412  2.8008764843555607  0.915638598394111  1.8682946367514086  1.0485030584018977  
0.9321584032698946  1.3431219704011133  1.6720461018076356  0.9775075112839245  0.9086057814949688  1.0127775830879362  
1.4678510984914719  1.7726792461308092  6.653807444556646  0.9138988950369394  2.881837023775598  1.999412823286303  
1.4769259961176684  2.1374155881333436  2.2148413995597784  1.0104244047072097  1.7982755666060772  1.1026843146142709  
1.724967100732418  1.1653720245905568  4.139316292797096  0.5374125024702375  0.7592720011451319  1.7259139332414768  
2.9508533813087934  5.2009516638275045E-5  2.538059196552681  1.6235550220133197E-4  6.296762257243773  4.216379889491715  
2.53600886865655  1.3089714986407137  4.348924011772645  0.5534234600484231  1.6984202921842781  6.813944325796755  
1.9252137137295213  1.154204372526911  1.2859906211278243  0.8918958602064463  1.0187098346407601  1.5760352459025189  
0.9477552486152638  2.0495494875480116  3.4532355311813676  1.6199712743190977  2.0377478009713226  1.0014407819489752  
0.6544857616300591  6.123646433507874  3.8775557387363966  6.241456407024478  4.440502508655316  1.910203833731059E-10  
1.5277194566819525  0.9639608932118441  1.935481496315299  1.3121520171195962  2.360452343652137  0.958174252768725  
1.77749104833518  1.0166960587131715  5.251865436403219  0.5332617950351679  5.207439345103247  3.8431962510221482  
2.2091352597637672  1.120981488416201  3.144688276778636  1.412887711648004  2.4213425309225887  2.191667378853125  
1.1128303932766952  1.153279713137362  2.0554256286581896  1.428042523665526  1.5289787804567174  0.8067895879477817  
0.7253082009942339  2.131585487813312  2.814431980000892  0.8960265478311492  1.7306625211382287  1.0863226498944154  
2.692095312438287  1.4054792213963905  2.695776158995512  1.9899467637420505  1.7721511667935912  2.0764006171075287  
1.3386819483037962  0.5752129397336383  4.520370226563729  1.2509813218009587  2.5686368103196937  2.1619535344221568  
0.22234607241173926  9.116211447165947E-4  2.436565308807879  4.348281132597808  0.8700459356876342  1.5407764886301027  
1.3201228566222645  5.174715415292816  2.8024821383517486  1.0259056235638262  1.353107340787101  3.970659660287324E-12  
1.4799730078897484  1.653574229909368  3.0687850222653297  1.62940827660947  2.2082340982854642  1.851557018049169  
3.5733176440352272  3.874738149486278E-5  3.6099952068798458  4.878651687065238  4.275500467046748  2.586535675677671  
0.9569706627339672  1.887684963156187  2.6996511701411876  1.0903027752957481  1.2549700127848205  0.7172663286370539  
1.7847606537419927  0.9463521315965012  2.825144066777628  1.5548203575227082  2.734229186526593  2.3974326530906382  
1.1976373296234353  1.8104476201584465  3.6432390984457  1.8846908683021528  2.487789011708848  2.0204766543706882  
0.9460277835428703  1.6018890822410368  4.72989183766416  1.1423384539685673  1.4822862072044458  2.7707668003013484  
2.0314201937467278  2.0154085572404408  2.539925580534533  0.8967854232541361  2.803319906584415  1.6805891326923221  
1.7443403139921339  2.6609314271757842  1.7833540459429138  0.8513617812504887  1.2169251238164438  1.6207699683365944  
0.47064350174821373  7.448580192554627  5.593244603000884E-7  0.7433265544275048  7.213635777593103  3.1777100964353604  
2.822386898966763  1.2774752981069624  2.270879059279564  2.284450515778814  1.5121091467761187  0.4336919791390739  
2.1408538046430468  2.328115983942245  2.3491190226677023  0.7584898548599499  2.2594251446603377  1.9316444247811846  
1.4755666081637286  2.018478090331197  2.523505966800034  1.1241188796102286  1.648604159102455  0.416761090458308  
2.2730677454609456  0.7252337924477864  4.822018962552911  0.43658817009718515  1.3001724087486697  2.143867166778307  
0.3997500044380556  1.7649088100692514  2.706168534652541  4.056141496807355  5.139234005156777  3.975563067302702  
1.247136371030768  0.5670628056742921  1.2094720862195043E-5  4.147192259442083  5.215945431810722  5.629954425776219  
4.572438772618425  4.614565583952364E-4  4.593111004939884  4.313408757501132  2.784996761664745  1.2232094560993514  
2.5929081303257666  3.1506099025859196  1.9361626183640515  0.8769287274875917  2.6003151715328134  3.031739656086988  
2.006736598034097  0.6320777082085555  3.4041364217483983  0.7407966130991379  2.6599175103815442  2.6788314711405796  
2.012237611707456  1.7272321522624159  3.2511881787989942  1.672470685256674  2.3793252393948285  2.03724854429606  
1.6367478878955002  0.6628476634246137  2.4797679131059502  0.6797474472630384  2.3627784177161075  2.589627288707091  
1.8444636834369017  2.7338880358814848  2.2046611996140983  0.9375887229529591  1.9326247238579919  1.0687853555196303  
1.2606038807414117  2.2570519773163893  2.975467163507386  1.4674322205328278  2.3033106950145874  2.163679329327017  
1.9153376052018785  1.431404127621988  1.5018559073597095  1.0683721010304188  1.6169417584664298  0.7337077501074669  
1.6693308342013575  1.538493553941173  1.518831192220467  0.9123494958820448  1.9711766958153443  1.4984567142666791  
0.8851697591274488  0.9814762803801661  2.3040590051325593  0.8966840465672432  1.2383903770862523  1.5522222546363642  
0.29001014158742683  0.5143610521099201  4.18658614780018  3.8028800654087545  2.017642042007088  1.31686459410598  
1.1034980229334845  7.378979615090779  0.6736724814990571  1.684365438232503  2.7374062071106247  5.549243610945944E-4  
3.452507605050255  5.128928189237436  2.473262456672769  2.9118653332898377  2.457107797007587  0.9042732022257647  
1.5868561583073542  2.949252127309649E-5  5.973720588186586  4.442753261307428  0.9909823996946776  1.3892492095654552  
3.8241245410090583  2.5062378169031816  2.0588962149253383  4.125069170045682  1.9604106449738607  1.1909076774564262  
5.168815990431563  4.770862067889843  2.7692467022830595E-7  1.0090830185890807  5.240324596741165  2.0786879345846536E-12  
2.8384558246541762  5.628946267127548  1.4045276716406656  1.3725720331373505  6.201495585526217  1.26808387625026  
2.4264088410206663  0.3759949041441937  2.5063680780777133  5.994383509229558  2.322622290036113  5.325340176110282  
4.774900915272835  9.080434290451515E-31  2.628471786321837  5.254375199694072  9.4892426849853E-16  3.052060469233942  
1.700248941476335  1.7139469872767483  2.256611536456983  3.3550696511335216  1.8035690658520622  2.329715077041241  
3.314117233864041  2.3130597537628077  2.0610719677686475  0.9075661853693588  3.6252707740432677  2.2232498900632116E-6  
0.808608688973139  3.4952754868325915  1.9609810739877669  0.015280445508359702  0.29433820659827653  6.024108039843286  
2.3896970895232816  2.207818111683343  2.688660974044831  1.3587924350512826  2.0372039166658813  1.452303110475443  
1.4891868121718903  0.8997305047893202  3.555350416394242  1.47379738646488  2.7388860022965793  2.281052052357961  
2.5410177707837462  1.7200370054080236  3.4802040787116852  0.662378405036604  4.456585411451556  1.1011986369556939  
1.867728613728674  1.6636167759180185  2.968329210115541  1.491728389563277  2.5461422478252977  1.2754232004265538  
1.8267646390685421  2.336967657939737  3.6946228326753086  1.2106131067629922  3.1054847882445427  2.360793808441879  
5.515049578422032  2.9983602709899677E-6  3.5686615666674877  6.046171258374219  8.297577060397046E-22  0.6769681517317362  
2.94887886784614  1.752908806674385  2.6114744320721766  1.8133338581974414  4.049196095952147  1.9309529682368136  
3.167928777630913  5.969345458136931  7.622946781425551E-9  4.444716999077459  3.521986021490736  2.833645317300748  
3.264235808127368E-6  1.4348634639570206  5.324981745774361  2.0493384822517458  3.7294893639739164  2.8657980518427713  
2.9370993497734337  0.9905891952707805  4.316403999926424  1.855140921855125E-12  0.5541705046006786  5.912400639275709  
2.0657851564124057  0.31582139197552994  4.064488305932335  2.749741564803333  0.21344272892338856  3.515771595509624  
1.3568677937913458  1.9079606841934547  2.852365755269507  1.0201979177775407  1.5280019066056436  0.5404945543047748  
2.2100532508655952  2.0532229659583945  2.7627148296653776  1.7214765203288434  3.1142565248656324  1.8580399433062995  
0.2714417946860532  1.7490714598700527  3.4607159968336934  0.47552267500211165  1.0346569391708782  1.4551958450340885  
2.264828920657182  4.212964768912651  4.203495178893149  1.8531095807099738  1.0864492497426403E-6  2.2784674451166262  
0.573220607729185  3.448556722838419  1.008281012024719  5.378791356102208  1.2123189584137561  2.8512784389228556  
1.9568190713626497  4.875693255481363  0.028103676108406046  5.267389684617694  3.0003451471126237  0.9255371592694132  
3.7987742429991744  5.830183980470347  4.6624624215738074E-23  0.9482621430404263  7.910259357818874E-13  2.050290335619086  
2.3527730753937885  1.8631573930099508  3.343674292249615  1.2497991709127407  2.949134280855176  1.5216248326816335  
1.517773433807255  0.85111353470865  2.8238686937925976  1.9370531816938892  1.966160363728054  1.522210748301328  
1.002004210387876  2.348880152139809  2.7742957928256464  0.6485274092211493  2.476822010568031  2.3811712525515287  
1.5082221882604492  5.865906218180783  2.8626873100334973  2.631490170739921  2.323136968022203  9.394978806507435E-8  
4.468961300803046  2.6930160838299173  1.1774751263482155  3.4377607131364347  1.1224680979130001E-11  4.070814488555171  
0.6431483686819944  1.2630653304448505  3.875740785007874  5.964961283011136  0.6148342790981326  1.856205422932903  
2.39807820580505  2.000767009294255  3.5162748620028115  1.9007191328179163  1.9928259651905837  1.3428716100164753  
3.9643321326254823  6.033321767323  0.5212906656328306  2.7551892919930814  0.23305809759363832  0.0010238259354249171  
1.6451687233859842  1.3898441210935013  2.2172297641583447  1.4234195925547122  1.5039919456742843  1.5297546720912738  
2.5880138887333013  4.8772059429735455  2.211340367101526  1.8051844126067174  3.912040546441182  1.9066941519023712  
0.12158383732644668  2.6881138611555313  4.329661403890167  1.7731711675856046  2.853177895860817  2.349020746999135  
3.890190894000883  1.0875641430577585  0.7095211291324777  1.0457430898606364  6.301375696561967  0.3775702511007317  
1.0712686626749865  1.7394853001607908  3.8292832967259542  0.779432653945258  0.9818028257893378  1.1620889078414804  
1.268859517264239  0.7881753426692967  3.501037434909491  1.768252541904799  2.5914316789198737  1.9137842618777139  
1.8031662681310978  0.0030853501014622108  1.1115463153543683  6.059742791488606  1.1057923008643922  2.4653428985911625  
0.9190249729540926  1.3579519349698312  2.914834119464326  0.8442269720910875  1.8557150583662114  1.3984091898930189  
1.1269307037058491  2.446616813903587  3.9068507415898246  0.7363003864097964  2.2530156815773514  0.012204823753633747  
1.0897455421619378  1.6915928396357405  2.4308127544950637  0.9160443267681972  1.625134924524282  1.1702333438199306  
1.9137251286673345  1.4430223584454704  3.05746215784093  1.10316046423126  1.822316296737284  1.4998626823389802  
1.857367954877543  1.6166970721824157  1.1761680171167235  0.7735240010656663  1.0696137923237272  1.9866754513400209  
1.9566684272623962  2.51989592360783  1.7658140130746272  0.8385667078798404  1.913350339630936  1.6957460299959342  
1.5817392920856497  1.1199461346280397  2.976533923177671  1.6275086653220328  2.0559001807357506  1.7928772369002406  
4.425819402356812  0.3617779572590114  1.4713255144361272  0.6553577568717865  0.39597225883662734  2.785975468198842  
0.07438549149675418  4.81276303173345  5.1750356057414154E-6  4.459321260354899  5.4412661732383585  5.025045061515518  
3.6655875493581282  6.136932363028693  1.94597273678968  7.344401950683029E-8  3.1073462424725267  1.2402526186408802  
3.250585388698294  0.8374502607477726  1.1082395597784  0.8431953303296545  0.27242980064766054  2.0539002154165784  
0.9953906471823731  4.083025272166152  1.7050070147427614  1.2897593602030561  2.4011435025618852  2.84323352911175  
3.358386939897722  2.5313878752609855  0.9975777403156539  1.6026280437915843  2.023979674727986  4.316193201836051  
0.0762818368365602  4.139483840584303  1.456955929535272  2.2180485241917354  6.820899328460101  2.2198421349981614  
1.0936974548299863  1.892593180435846  3.8704421524730557  2.0380527082644257  2.416504333566437  1.0442969558799395  
1.468320538949292  1.363339177925523  2.864358779346213  1.078274983362977  3.8117293437515474  2.752775960596439  
1.409597465076184  3.5944889006300795  4.181526563623783E-10  0.9798624411704328  4.492518011431155  1.558367880136246  
1.724230065363928  1.5414191563040482  2.3851440301912854  0.8848437323829837  1.5301957380639457  1.4253625995853416  
3.8859374302494887  4.002375616544  0.33290191910070477  1.501537144854575  0.6310614630624161  0.3739662460561396  
0.8463545390009184  0.9209823241882762  3.6015476202603134  2.6750842556583136  2.2565309977574253  1.6248717717922938  
1.171605815711737  1.801684132543685  3.6210590216923637  0.700628570199849  1.9870480047768422  2.227578551302129  
2.7014102498576903E-13  5.127986046050676  0.2284924620942225  0.13834644520152856  4.850425474343287  5.58269982502966  
1.1938453102426838  3.5551728254565513  0.2876914582988829  1.8858016495073124  5.615207871434441  4.109762672668544  
2.2370080106316435  2.0163090855050996  0.23144755735147565  0.2566002571313086  1.78265936380527E-4  4.862442352438155  
0.6441863721266523  3.2898914658344185  0.6385634454964272  1.0681033730292169  6.745743131716651  2.7562971356348798  
2.1568857742228453  1.5534151440041872  3.4046303478987894  1.1514452658657408  4.0143574733930905  2.465127255724417  
2.1250658959757227  1.9769701875359316  2.206994764024234  0.6883478279436646  2.2144712532579995  2.338503631359301  
1.021632447575673  3.1355331321744133  2.1818322550733775  2.4559452573281804  0.5159562661249134  3.16086626848941  
1.9419723527088628  5.129769878510368  4.24059004103989  1.1206797532182398  5.423763490507519  3.0836154380549297  
5.547310690643152  1.292703657783513  4.7924790740550165  0.5830988567811398  1.3448674133325897  2.33966823864435  
0.6345755699931888  4.035454050746606  4.053182626736817  4.312484756382775  0.696119125435437  3.1416746566244846  
1.4696676825396626  2.4985097074162916  3.3665686836869395  1.3224140779932874  1.825997955995645  1.2056792916989638  
0.49136034480765733  2.22154809278213  4.658170324696021  0.5663352799937921  2.611108833363344  1.092339961424916  
2.5618200725466567  2.605572720803754  1.1253052971687336  1.5968555974598517  5.796304252068748  0.20033205058027365  
1.209582457100826E-6  1.8097725678585255  1.258200181581515  4.451783646399168  4.742935933115991  2.2692975024219177  
0.7140830526348875  2.1303124821642734  1.974726216421935  1.8078424452009203  6.531568750351876  0.9414600149872449  
3.6280172513836497  0.2633167954806167  6.21021151784247  0.5431219866335845  2.9759704033293257  4.738031786993608  
1.4896241802561083  2.667605955913023  3.9929801913086025  1.0893481258493252  2.9247154346739137  1.8750529530110536  
4.067789070356215  3.118443690899373  3.275746783007917E-18  6.973593301724583  4.2524032008780335  2.1185247464491947E-26  
0.7696853250789907  5.297276811062074  0.9094689437149228  4.782892407523426  0.9474766831213345  2.22987017784909  
1.5880359358809646  7.552616410286435  1.2078902332515964  0.7973689656487666  2.6793346125324407  3.426358850023681E-20  
0.007536988694503257  0.005596776984937889  3.1101522890314506  1.9340898914411018  4.096417592875272  3.055102522314255  
1.3667613045198794  0.6222326183244442  6.091135787275071  1.4117824022591134  2.771503379299242  1.9043000080700176  
1.0601521941566927  1.9671941788608944  4.966620639519137  2.691948685585877  3.6638213521969574  0.0014724318006362107  
5.0143435733338695  3.990125656461503  4.772399390250538  0.7072101799942698  0.20368486172235453  1.9731524355593995  
1.317250849667021  1.3933554698727053  3.2538985171422783  1.052471495686279  2.2197372052272075  1.3093123069152883  
2.151747251332153  1.544774047822647  2.8946135858970625  1.1661771862868404  2.4964545221925927  2.2941382123131784  
1.9984899753196006  2.3861952364608756  2.6442477441015333  0.6699678874363145  2.4594730555528987  2.2818751876104035  
1.1456570451108339  1.006738862343344  5.52283249279214  2.1112283749715384  1.4588284024583302  2.2503822901080905  
0.3560052318079348  9.502683026301389E-4  2.8056130892911835  4.311284666693948  1.4345653859558865  1.3833958966938291  
2.459549259946369  1.969295904612945  2.8067151925953286  1.3178200596809144  2.526870047795558  2.1634338282838845  
9.434131371069836E-7  3.25289913262101  0.9515481458550841  1.0056626017055228  2.0686121664847215  4.488857137385191  
1.4377601668946034  1.3071407346892698  0.7897057967855097  1.244514393822043  6.387049026543785  0.014691797286683064  
1.0042624387157932  1.8873277345995803  2.7233892796481696  0.8309361739437496  2.497852546517833  1.5466551857401911  
0.9308869179476466  6.443055123617013  2.4646852598757776  0.3165267392676735  5.389002347677503  2.7648755614289007  
2.248646805564626  1.2051957750197422  3.455436509213951  0.7259420046257016  3.4900239157675763  1.430368129784901  
0.2377885790529138  1.8810596396486445  3.264604887308523  0.44023438203209064  0.953661611895776  1.5513904880543967  
1.7617444079067468  1.8030112073575586  2.3464285322561858  1.0011395698887682  1.6134124779487249  0.7984510255755648  
0.4784830588998086  0.7361849948879378  3.078278355681361  1.1103165741535583  3.8678088199469873  2.2782255408577905  
2.85100928680828  1.9966588985124878  6.061469303425123  0.4677366516600367  1.7279682603862951  1.6456745516725109  
1.984536539608264  1.993026782094121  3.1120822296941464  1.6427915424924564  2.5079658228190214  2.1284071262964246  
1.7279981373830948  2.215667663027345  1.8432372846969056  0.43252347872070535  0.38207024388359745  3.2851541557708934  
3.1973412191588153  1.781512406699099  2.317207968318288  2.0870065971087137  3.2971266302350957  1.9112067799506487  
0.7212352701821346  1.0081830440493695  1.917962350533671  0.9531588982449197  2.0002632545576136  1.3178324241444506  
2.2213508355756453  2.2944981910315603  1.6117773714764076  0.8200214411796786  1.6537647548942227  1.8612071224348983  
0.9097798205611967  2.020474628462432  3.2286085720919817  0.5471779571020725  1.3059169971809095  1.2798327332763308  
1.0686023168967946  1.4158035880331852  1.2038173561031285  1.0633067051013512  0.831768568270452  0.9275870360860493  
1.5796596990064586  2.5230888118558994  4.802852396135112  3.4946121932789153E-6  0.6011259195978409  4.0472599373973335  
1.6599896131190444  2.5320794246373817  2.204557476153481  0.970473734558179  6.47449736032363  0.00913863752180003  
0.9580929264399668  1.65868052575542  1.27938980180593  6.537620913729636E-8  1.4268159207166196  6.058069636197297  
1.8690069711341513  0.9170055833767443  3.353658302512836  1.4639405363472995  2.2857627668342793  1.698779728988142  
3.9192596384500002  4.021103162476218  3.8367298582637215  2.569146991565384  1.8932335038508992  4.801841870221598  
4.26674299992671  2.025645238027057  3.913294293415084  4.812245959168148  3.8204435165776376  2.3594523245581076  
5.561186119205778  2.681848984927404  4.712594610468473  3.9246376049441842  3.444556364376417  4.527293011268158  
1.845289156114674  3.997090874686188  0.5396554072856146  2.180831591974526  3.509037832900336  3.7325154432310472  
2.6133145694619526  5.770538591172963  0.25495637669168947  4.97958780013785  2.05170009301751  4.025686854008814  
4.835141395583624  2.441085682839435  0.4698852193921696  5.0129787003176975  1.7196236352601148E-17  6.545099708161179  
0.4574601824824933  5.8660767340485185  2.247581566660155  5.5051770911650655  2.1544903791056393  4.481276680091899  
1.867608496048369  4.833844236856141  3.0548274363014105  3.820945955164954  3.5750183833432265  1.5779332611084353  
3.7400052508047072  4.881803157583437  4.403169044171944  4.250114873168001  8.067660797673648E-22  5.531721476239153  
2.8081734551186956  2.3208658937885542  2.8068756942607855  1.3273178128857355  3.951250000685356  4.173783862421272  
1.8479651750062043  4.266884247209335  3.557877626952058  3.5622586459008536  4.867445346591386  2.4081177183171465  
5.772506977068069  4.562119101637211  0.40054045626840956  4.82658850901304  2.4249829064521222  2.9799643309704718  
2.2925616124072907  5.512945627537103  3.1429638737894243  1.6953004738262505  2.6951741257431374  3.485139260581729  
2.4519946556428267  5.389852024654834  3.111331073310563  3.7808696440617076  1.1763510899326621  4.943764504378177  
5.744469950922477  1.216695656802656  3.0311281438628805  5.955823062975958  5.290900001078763  2.1087412219216026  
2.15261852628288E-12  3.514126118937607  4.118203529545187  5.130496951879722  1.979078128024027  2.2939950021186353  
0.619942905647067  6.970322960100721  3.961611786826553  1.9909204178266735  0.5370429295671498  4.01613657016602  
4.13162465407334  4.950511266945969  1.3614925365522559  1.943192799496996  1.6905924065649083  4.623712494663184  
3.0064838213289957  2.6122639506386314  2.9629618487954765  3.921653516481269  0.747327082937288  5.447172800296624  
2.6916850574251017  3.351120316926959  3.097317307136393  3.187634501792358  2.7371408765997494  2.8271946833399904  
0.7738673548955243  4.1760189137017845  3.267273117714668  3.424490856578613  1.4279371410320472  3.3890575159192724  
2.3327188285868954  3.2668911927830893  3.0044420355226387  3.1295540260813874  1.5567878005434188  3.7534065129114715  
3.35982093873133  5.362576300306704  2.0187206904241344  3.899694580995023  1.2896416288947425  3.210174567948551  
4.283501701441758  5.66566339441406  2.833794548590844  2.3336165629026864  1.4657353732722578  3.6416777598465506  
5.358344271364117  3.1356519638381064  1.418930161635325  6.036994380762979  3.648265466837955  4.806354526806793  
3.232992021976552  3.8537958215927453  2.803424962225816  5.061227621303577  0.7288150326018318  4.167854697856018  
1.3499212530481157  0.15831826795498202  0.8041389451366864  4.0498614242333595  2.6682899284979547  7.150057573012301  
3.4942831361293445  5.447357215591162  4.603523245722186  3.070981396410422  1.0988114622264275E-5  4.692457916351071  
3.3414875622359146  4.688302778659273  4.716226137717574  3.084022578198702  1.2904780243661804  4.002054634002459  
3.4638948973050177  2.4233638149700454  3.6294214834396463  1.8514580605111706  4.078124993325822  3.0736684341269593  
4.142989577635507  1.5814025523655743E-13  3.369023634768132  2.344761447502653  3.6864489980315396  6.092736561130997  
2.5976869833399183  3.2611632060997944  2.9397672663028773  3.1520296250696083  2.6100031477927352  3.131689336863613  
5.195984998096549  3.8126966882306443  2.7414500702619597  4.473505644727378  3.1701106052887766  2.100967160970999  
3.9979765602421904  2.193235925713199  1.779911009937945  2.862024807033402  2.344017247353396  4.765590124751477  
2.4133226346820877  5.825847193999298E-7  3.6198599953189863  5.3031973413789695  5.210995976461723  2.0653938032093295  
2.2730376386179563  4.511390731208806  3.89437807440443  1.3179477690662857  0.8931910488412651  6.777155488721675  
9.002987958368895E-43  4.232774362687556  1.4900373524731365  2.0835593449272003  3.362882690461994  3.51525189511519  
2.3321792037285425  2.7946117352736244  1.4523871101695072  3.546945027659454  2.681754810794779  4.584976182689395  
4.174164655230169  5.151990100733913  3.292779621488434  4.242336764515266  0.859939938238004  5.804297493538603  
3.8966129125399704  4.1975816391629275  4.857106007160218  1.807135237635716  8.07801649704096E-4  5.431941273526649  
3.7114220431154004  2.7544964634177505  4.584127230911911E-24  6.198773133339255  2.6512356766609035  2.967024683816972  
3.562507359514782  4.510344691478081  7.911946362050932E-9  5.338729264176843  1.7228780081198944  4.126073119080428  
1.1601160904686185  5.5402289685908235  1.8262392212648606  4.263077586424195  3.674776332375263  2.515007001764153  
0.8621111740954628  5.3082076583227344  2.162421056650275  5.2798230082697275  2.7254752298734854  5.266742132203896  
1.939107588994098  4.713666727482453  5.956320381530441  1.3138820765605578E-9  2.0405538109872507  6.024297831500708  
1.7478076894230345  4.679880453595612  3.7879345715382775  0.6879598236765214  1.9727019252339943  4.384265380861134  
1.5402917589863756  3.605637992081849  3.0287081774080584  2.8610192204719165  2.5670963912892293  3.239517318755164  
4.875911388066429  4.787287895256198  9.570809004232318E-5  3.19780325672182  0.004535171701522178  3.0790812535877654  
4.603538627547988  7.205487651918725  4.115961614645858  0.28129875475854044  0.0018180543569841522  3.0490440364372096  
3.565089429921981  1.6341711214603123  2.7841496052494192  3.3689185540475353  3.243935918296839  1.8754139538321803  
3.2652936634703615  1.5994609809837033  4.417180806409893  5.182135158916034  2.0575718027075993  5.218861136969042  
1.9652448968786045  1.5875056232824567  0.005219629672129707  1.6158209527704182  5.346863660788653  3.546198972874678  
1.743183804860311  1.257196940651858  4.875331330045722  2.068521283228584  3.471295682052591  4.876417710231953  
1.8478623297251753  2.9276533669317373  3.340734791473934  3.2830423437954273  2.8824082671580946  2.797896613589931  
4.201740113769082  2.192018218124902  1.1457784106768514  6.4094391448141845  1.5299564159271644  1.9659963058982335  
6.040739838138996  0.8755515329230122  3.225947282646943  0.6610498782705876  4.234227204300736  4.567684296421446  
3.2796843045233977  4.970145056456171  5.319289751714191  3.8738534016705812  2.5669367852717726  9.184089689193467E-7  
2.490430641556066  4.153731314261411  3.376092855302675  0.6209514077501517  2.2179767088965066  3.1978559666003736  
1.5898121100164964  7.286051333452035  3.183023634857763  2.8674706742411855  1.4517236313359092  3.0807645007906355  
4.273396468310466  4.4018791516855815  3.4560454573037473  5.428509987023429  4.8410055192774494E-4  5.529277316067878  
2.8347501117661653  1.9399287017010352  4.513559865757319  2.200541248658792  1.9684473662186306  1.1683882841607385  
2.810292941357586  3.8399277704858195  2.571885825476973  0.7727749849814962  3.018343923698886  2.847590872778358  
1.265694067405241E-7  2.8860103094336162  3.064781399201146  3.710993406711768  0.40513801176933106  4.171811018431159  
2.086430750177242  3.2730299166382752  4.59300187774911  0.1914823819822368  1.1959857058531318  4.1738817782171385  
0.43517420539395785  1.0342089892897826  2.2791218900064725  0.7231045215746248  2.504323713857829  1.7331495999046795  
4.011148545617397  2.9988697515168297  0.7129636820727892  7.19074467070783  6.537308896795194  2.217040805629774E-19  
1.621014826094492  7.090204229059111  1.8456534787031775  5.177066759724209  3.1181166002173684  2.6879185243716712  
4.8266636821412146  3.049732082468063  2.1203698311890653  4.854192474261593  5.140467241536888  3.743130230246998  
0.5160439479547219  3.77529112272438  2.352148639071278  3.7036187091149237  1.7553915875472939  3.888797147758953  
3.8444886846161053  3.9803081418132855  3.9248853257479195  1.9691354634503033  1.1179106902415556  4.31158206284484  
1.0840108332227782  1.211924818105839  0.73153260547326  0.3683774780692517  3.955146154977099  3.895699019406945  
3.6283870294737375E-32  4.5113036069490935  3.452523515412631  2.815919930913786  3.623199784780203  5.4600316892837695  
1.9902042778325992E-19  2.764365477285215  3.797408865690618E-8  2.306536294610543  4.272866050264273  4.987553136835874  
4.374570725235418  3.220182088349504  2.755590286542245  1.679489551471536  3.7052703087445855  5.878713580316438  
5.097600518432482  4.932491902393192  5.296928303426632  5.438626551893792  0.0055098095578894404  2.372490339321536  
0.36671416585316263  4.1429805451927235  3.440423972809665  1.5738944706294227  0.35631327178219746  2.6777219481526657  
3.558419508821453  5.814577151280985  3.4250783002662497  0.6697246553002515  6.049578703994832E-11  2.429179948468762  
4.255148683578464  4.0172404078465345  1.8661831027715947  5.088031062722238  3.0068854106242147  2.4290169702484845  
2.2452443550234413  3.2672453460530773  2.85615074957775  3.3201505276103234  2.691082992652981  2.939038619602802  
4.01537562989272  4.957735307629292  5.428878022613956  0.44425871472508605  2.4096567402746834  2.7086741805935604  
4.92502394995945  6.679671915476691  1.7584277833034132  1.301679225189526  0.6092403913254908  2.5247620872175864  
2.831481704192713  0.9895718202262955  4.104163903469076  2.003275715565084  1.755242847452853  3.7065470970579337  
3.6472436144637E-7  5.822888978326798  1.1348051095891267  0.3853205824371979  2.3843350403968278  2.647015033982366  
0.07339858506545335  1.9693083134464717  2.3222194066356376  0.6743413734411635  2.9240199164258316  3.552635028177008  
4.777144041567332  2.7250339430963817  4.38839532507153  2.2237739281690912E-22  3.7825802338025962  5.870089154637239  
2.103246600073725  3.2292428259929107  3.1885735999022  0.562785811142907  1.694618839382254  3.82010562846782  
0.29782581268478314  6.664364629822413  3.4906121833138366  6.000785780334141  3.985194765642215  1.4550973583673181  
2.6546271732346267  4.913005738108741  1.4013768052505804  3.3131508258929876  4.481579060059329  2.9844907545368384  
1.4260001859096028  1.347842165209833  1.5002152956744177  5.784888988996229  3.1076766376435523  3.498575991509101  
3.0564289283472075  1.837903672999246  3.525704291271742  0.7251511862582324  2.81718210869157  2.42153371696936  
1.8433058175025465  2.418733953884781  3.208804380783464  2.7929796616454325  2.7424478372347085  0.3079740382332541  
0.8824678683557653  3.691669885983785  2.4347587242295248  1.9506096596785873  0.5883140989001769  1.9324697285656987  
2.914185810396095  2.296851889988943  3.588680653113143  5.7933441758953785  3.0906940492966792  2.566491693697095  
1.6147125474590915  1.8019594603313264E-17  1.5567441094834105E-7  4.29796776443213  1.667337182252749  6.684719540296944  
3.9495515437682474  1.0353931315411131  2.7298426293848745  1.8608108909437542  0.9746072861383686  3.981293330477364  
5.506540121324916  6.123773067156583  3.655594080547966  0.34563589873789646  5.21002839039977  4.081580708243883  
2.316733611245819  2.9361659253865797  1.0830654782522005  5.507871608892092  0.4759751330158436  0.14559001818923722  
5.4818514868172095  0.0011797626385401268  3.5340672497530528  1.081711833947862  2.3161146498604084  1.079852597297396  
2.7551587638792503  0.8356762044132783  4.1106262852471485  1.3764146382438698  4.500650248613318  7.351220685691292E-7  
1.155336518126139  3.349245791197057  3.4497461522510418  1.5605701382739579  3.5872416752421037  2.613179430335453  
3.2492174283175173  0.8903760603408507  6.335173513354204  3.666507472723714  2.5018811550578013  0.3729580203845646  
4.924881693235827  0.18158171104505372  3.1418037680498436  1.6912328602543947  2.727251670354791  0.43122950505159297  
0.6847862795213779  1.606503783720422  4.998094768263306  2.355340926401651  2.0432626119929376  0.7514250431309923  
2.0148977923895424  3.4075411452535027  3.7414539999848477  3.288367913111065  0.005972358953094114  3.176490439912168  
5.557987105289637  0.9288097658936687  4.09577212963909  4.286045293015402  4.078027053629056  0.8298908892350578  
4.936514323472077  3.5898126339060976  5.901026881883064  4.616500907789522  3.976163355049872E-23  1.02723350422209  
5.674892147214688  2.767394655810936E-7  3.122558417542519  3.806196029735891  0.4621047148290141  2.8792828519351135  
4.278791024145676  1.2307820732920118  1.0249492142187593  5.804206577094367  5.988882680943585E-8  2.0797995558577345  
1.226904733798334  1.620998477713847  1.8427839247799727  3.5541644135531505  1.7210509871729973  1.500894618539711  
3.605456497243889  7.180242195472292E-4  5.480343096996622  2.146857946243735  1.6780816731253883  0.9245688309079526  
0.5168899696996201  0.3226948713070373  2.374979645472239  1.586377986970055  3.9660711110588385  2.971239551109317  
6.179956125844963  1.3644411342528336E-19  3.2134458578033662  3.743628978503416  0.6123032935462798  6.318930609798938  
2.486363678173682  2.8782376263249536  3.3529452564358277  3.2377641206344694  2.740118611904994  2.9797171616986056  
0.15670781915734636  2.982965465611452  3.105970626980838  3.7991399014883527  1.0149495952738266  1.3427197511409528  
4.2491178531909455  1.849416276692147  5.575785191422668  4.366696650897748  2.278626990814879E-14  3.351537143355827  
4.1615109871943465  3.6341078670647766  4.386739901654528  1.392216346717134  1.2771496918617011  4.714507318787738  
1.3494242873955227  5.8456076669759  2.3178166709077472  1.2996338485763882E-4  1.6921655882270257  3.8793673673614086  
1.185553166157561  3.459401010096303  3.650454255550269  3.542937397722609  0.18013457117262788  3.150152402356346  
2.556505764805998  3.4396550193317394  3.636543590861835  1.7420318137828317  2.9686572682338603  3.636768232808721  
1.2389273537369057  7.430490603813127  0.12233382716075236  1.8408604226879726  2.918339218358104  2.8902846607784785  
4.199339929488521  3.842754849764399  2.5414208545285875  3.0364884057778663  1.012811267761343  1.1839603925097781  
3.106518686699983  2.282883701902339  2.9170075838835623  2.2126717682058024  1.9837935893871876  2.6737409091763324  
4.67740746795147  4.288924427195078  0.9761722364137043  1.2981711661554023  1.0946433091811245  1.078149341373226  
6.080708206479837  3.557950684117013  5.2287484850529715  2.6524499866461286  1.458408253797462E-16  0.2229039332660051  
3.077900198369038  3.321938649153068  2.6288255068089255  2.740669423468672  3.3763533110987507  0.10740478811685208  
5.217673687191285  2.41180800913751  3.0541178739053865  2.5975004517310945  4.550078565251846  4.6351617470764666  
1.0661406117001357  2.6986760089039907  3.9737118098937634  0.6867894073533791  3.4002445643580956  0.9749759003972484  
0.5547785241605526  0.5259106306252623  2.0560267312100504  5.922125042812594  1.1312927887288022  1.267337190361264  
1.7800602549372109  2.4822237548793424  5.380229141403158  0.6252956510457615  1.9597417283866099  0.46638724206854154  
1.073017004620736  3.5749470572371647  2.5712275693814366  0.08994513723297763  0.7670392634323865  4.388463360204634  
2.146522354842253  1.0320130510193142  2.3585960488898636  0.8016772446226167  1.6334927589143713  1.8284274008525836  
2.618044072789852  0.4922235543254525  3.4007403234845417  1.125459968249473  1.903540687334553  3.108384601678265  
3.282780813128785  3.1960162900013  2.6203663135692543  0.7024838847082306  3.2572296370343237  2.729595069857861  
2.3936720074953897  5.301559054588491  4.0373627019617775  0.9613516045483461  1.1750245738081113  1.0704411154343125E-19  
2.67826071021306  2.501943902388317  1.1191238837716069  5.736226680881475  2.9784241828373825  3.089514209855924  
2.5226140223099245  4.247310805292704  2.73951034544137  1.9309678553558849  2.2601198440278774  3.009227145454531  
4.25210645380461E-9  3.4759066568830916  3.2666822972592353  0.09976727230554117  3.121109125945469  4.3470397983113065  
2.7714360803004765  3.7847553056722676  2.271537857670112  1.2115417869355276  5.3311994992605  3.3294817443867153  
4.919276485948542  3.792577257691418  3.9297732400711314  4.76713875876111  0.7330228663724223  0.5370035491397082  
5.9569795510926244  0.37841271129174336  2.3949916695805853  1.5377418549012034  0.9909101250426336  3.866293843010223  
0.1767980217565992  1.6125515871256193  1.9944726430156294  1.6597343254732868  4.074714690931878  3.715901952613441  
0.16106843332274778  2.8196237144303025  3.3971430461714953  2.0856834509479802  2.7724971655073287  3.6437065608441386  
7.047551172164595E-7  1.192664251267937  1.4029170575779975  1.7813071899018118  5.846898753486666  3.4520881985568463  
1.3220519288313475  1.599921703676332  3.7483849507461007  0.48683035202613634  5.977857183934519  1.8292528730493136  
3.5121554062633162  5.195873479273025  5.7248363369905  0.10030658307254468  2.3100327024022804  5.3279808160056  
1.858715345463015  2.5320492853639185  1.6651413443982055  4.928910110109788  1.8787118449864553  5.433548028610119  
2.4840335266298594  3.4637574351649483  3.353915451596437  3.0432450325598404  1.579271706124532  3.678579355393127  
7.186622888907255E-12  1.777833652442441  2.1984331170161964  2.146431071334548  4.768879518813613  2.831523298914451  
0.36211424491665123  1.9853417938682805E-12  2.4510553549127456  3.6350289601941124  5.865449396065743  1.545050478572254  
1.4402163654326368  1.7961672750509539  1.0378827060006484  1.125188049143196  3.499967264065389  0.12365540728002751  
4.454369522639894  1.8084438078075054  6.11154640264645  1.0833650049387497E-20  0.002536630981006416  4.162104230030506  
1.676215703954568  2.4426557734701655  4.9710156838200055  0.2357307945421818  1.7720873242593123  2.2467450286158184  
2.50430218844253  3.562258219521596  2.2256281078503264  3.478706046352168  3.1298681763351874  1.0908473224634645  
5.293670213131685  4.148719035288027  5.295438587542796  5.042339764378711  2.733692379564488  2.6152612805153995E-9  
0.22004587399848644  3.8302686694544525  2.7069792518743525  6.560760705684281  2.232850566454716  2.071297096781983  
0.4670418103773174  3.2721600652574483  4.343901519009542  1.8810518827425364  4.007747488345385  0.900597239340402  
1.9817495032444392  4.382988808362528  2.6876509737946237  1.3136577029867833  1.7824344990536203  2.7331405782350515  
3.3343505589801245E-12  3.9012780628780472  4.304141832159747  0.9916988959213829  3.1042942028269063  2.798215968878063  
3.4580031526496637E-12  0.7449397608791024  3.716699147424116  3.9192302278020485  0.6369326976691807  7.000425163944157  
2.337548414466982  3.101329569390315  6.792875266395063E-12  3.3737767316337304  5.0261028364419955  4.141454953863101  
2.1371389917381975E-13  6.2415759290636  0.10002666560329174  1.6501733366562966E-8  3.7607792819917445  5.158696877276378  
1.262522284964723  5.410075440378057  3.194529167896256  1.580180786274999E-9  3.146416117566216E-10  3.736345622088437  
2.2793051703384863  3.4019780368823156  4.31486470657289  0.06395132430436748  0.6225978645485845  3.996692416679108  
2.3626677285368562  2.3688415675281687  5.852693801797554  4.102042926462958E-6  1.2325139575339537  4.454342013949041  
2.446111757396546  2.5088456560105756  3.3586873726042183  0.22254850874912993  1.3998764409217408  4.6117584012425334  
6.555440302057888E-41  4.203345349897137  3.268889692926161  6.366253161581032E-11  1.5674471082886123  4.09145941427526  
5.706758458489876  0.21840344711311757  5.1961180143484595  3.066677439027613E-8  4.412418372460919  5.226401200124236  
2.3463296053222096  3.0936333962012372  2.7863989651766943  1.0897125313361098  2.2758028879475938  3.468104854602792  
0.02461290175736897  3.330567277464545  2.097824817084563  2.174042779056006  3.090222225351528  4.320068046481183  
2.265641943947027  4.2470535394476645  2.9086332276334597  3.797822507470909  1.8267778593760833  0.42481235933540157  
1.489922454434499E-26  6.7637253289960375  5.824522066038457  5.888575726872075  2.4679886300459464E-6  3.1311665101067123  
2.374631115779292  0.28874387453182254  4.333593161639427  2.177518039566951  2.6733758527749005  2.090134179448867  
3.1873750041655944  0.8202448601858208  5.367766159169733  2.5870660306702993  3.3260986040170484  2.892866986243956  
0.9944206272988307  1.3380801851681625  2.7141164675718  1.7361542250603286  1.720741154990046  0.6919232786502991  
1.7530640871790877  1.4279560210696232  2.535237343497657  0.8705973477674085  1.8729985341729252  2.0636308683538895  
2.102163341148627  1.0706217159449098  1.9064929986449806  0.7657871664790943  1.869555220744838  2.1368953276039804  
6.63520499700512  5.8297839218828575E-8  3.2576828627796846  2.6698313535773925  2.6668077247913797  0.09640522023496628  
4.568731757915228  2.436936318418235E-7  4.216355767623625  0.5317191928130354  4.771326580761163E-11  3.707510596203731  
0.8101533782471374  1.662050628833498  1.7479646304308645  3.100857679755632  2.0019343109432577  0.45876735554427456  
1.4892863113308954  3.8352600016276757  3.2138607455540282  2.008795286486137  1.4475572053002246  1.8032448352055235  
2.536054314214393  1.8669361584753923  3.655564890528593  2.0810285194002445  3.3381382354628952  1.7449136611468654E-8  
4.490535274283367  0.7341769369296695  1.8694242462429782  5.8950935993889875  6.235188218850865  0.5160932191371694  
3.362449706714133  0.027383306705163733  2.8204978315669456  6.004651053789453  1.0405906331615569  1.5180807293031089  
1.054507334625363  0.8694363293478607  3.3694349196004665  1.64595824177785  2.0149130951682053  1.2869818083163824  
2.1171316483368443  1.2002294637547104  3.708265463987127  1.5834395221323465  2.8971446870379  1.9623059388233761  
1.3266968260323013  2.588910161531256  2.0654667913434603  1.0834657098303737E-5  1.7969607144668036  6.056705730731684  
1.679362096293367  1.2229189278416799  2.0794048825936096  0.35630654939420153  2.240353184046701  4.73938622731482  
3.2153571723408887  2.796424659432027  3.1264645545513132  0.36548536390408265  1.372819672256363  2.612887264447048  
4.9364150096841755  4.790941681024662  3.4279627559504755  1.869680636345997  5.094548303837906  4.41235236280462  
2.4067833021455343  2.66570693048878  2.8194435463939245  5.364385128651253  2.3823382996582927  1.3000382607335565  
1.695950763084757  1.2652023193416253  2.137856054228872  1.0431540181317127  1.3463714141078225  0.7347446840713814  
2.001875776609355  1.3341051029551398  2.0630598971370824  0.5947401761494095  2.587799228775766  2.340930501003296  
1.7779333488647777  2.1464828156255487  2.7277832111958977  0.3903612359100024  3.07780370690312  2.7588490807779  
1.0824562421244052E-9  3.6131872161839955  1.4259148603318954  3.9299668509319563  2.0075302226510137  5.738396498519347  
2.4917006598550536E-15  5.246343887725147  2.0805960810885873  5.62579721152983  2.215431939753367  4.989064272632335  
2.403854997090911  0.3314975299332713  3.326681296985465  2.8092838817343555  2.6727249793704626  1.6580042907516714  
0.9569384926957113  0.7884837336382073  4.726248976708704  0.8485141510251369  2.309453788121753  1.2762024637542995  
1.9633631177400728  2.4067064217050564  4.227751247844429  1.3512891272659457  2.7748601869977647  0.9848382874108461  
0.8042852598833045  1.182536732943289  3.6851576130813046  1.9096599674226047  1.617370185560098  1.3100970660250153  
2.03596424233807  2.574587313713232  4.237885025138565  0.8600071213825325  3.2389856121170264  1.572859594722779  
1.7697872005734092  1.1806883712629659  2.5307817173522307  0.9980360640116406  2.3434128574552897  1.2153392620275085  
2.059113256246917  2.51402556203999  3.545923292347448  0.9459540586980526  2.682107678744807  2.044722394131591  
1.7909954700088413  2.226123871496088  3.6415961421346927  1.2330692313769327  2.0328248446096606  1.6130260856958087  
0.9438008539102446  1.3204559513569267  1.1517647673011806  1.029218512824761  0.8707716636272804  1.0469895930440825  
0.8361392677560965  1.1314154467674957  1.7776202629846996  0.982232784183288  1.4028219192320042  1.1396792225143546  
1.79444454712841  5.747735462116467  3.5724159194797105  0.8395358738058645  0.12025809996616746  1.1139162440853723  
4.873083863349256  3.2725583368980176  1.1301383239549345  5.356718700003242  8.130152604793624E-15  4.8878971749715046  
0.5635753833985275  6.435459443059873  5.42572150924467  2.90896056140485  0.005514442889147891  1.634950421439214  
5.041509052138686  2.325930067467549  1.7281160787975152  4.2747459375048935  1.6353586646182107E-17  4.939617655881824  
3.3279294273385007  5.232222193499869  4.128131718018069  2.5752185984815874  2.7924218314273267E-6  1.1173286678023395  
5.103890563482934  4.07604597258503  1.7447717138751055  5.097785311539461  1.6617643778974776  1.1817573861470387  
3.167245503811795  2.4326032624604608  3.0479885089127268  1.5515729507802658  3.0497758914145505  1.2317591387579845  
3.840653413665706  1.8304534983256567E-15  2.642237789504247  5.239342294824004  3.879679768333955  3.4990498668984915  
4.138267731451777  0.8299831398082947  1.8821357069679476  4.896647290046919  0.33449432413573477  4.239420293505633  
1.758585700787452  1.6658750962885722  0.8182145488718707  3.7334348358074174  0.889281611873743  0.8879168544880963  
2.3480577354321936  0.9066329310328725  3.565102663000428  1.59478126914819  3.6267383856454423  1.5198692893962664  
0.10874247291469857  1.2126305580343588  2.730649334619097  3.7902505746444795  0.5234034230158999  4.138856648172356  
0.95380433177109  2.1344287325902327  2.5817609009208566  0.39485845309835094  2.436280850214032  5.411931799948685  
1.272899369605251  1.1154625199421948  2.4231311418483825  0.9326192021078922  1.6486643831529975  0.8181306015566686  
2.107525767860795  2.515069505346208  3.1658442357681835  0.8641437828805478  3.964467734517439  1.5638075069524008E-11  
2.098732844729673  1.6055062262911337  1.6979898355139298  0.928639146899652  2.381817849754203  1.3071237678568122  
2.054798842238175  2.5922619973393033  2.043922176025713  0.8137917285763107  1.9909082259042328  2.7091148289242084  
4.6500180687623  2.811593585049781  5.166021658093993  2.7579880216860277  1.6142071058731768E-16  1.052556313202624  
2.603776486234798  0.06599672584814778  2.878297811567198  5.697048656387923  1.3953899157109722  2.888913409564157  
2.7749856160944164  3.412038216260982  3.0344889993868414  3.2655965390316455  2.6685927408515937  2.9758065055868483  
7.105745133470395E-10  2.888853097966827  2.6348480617348833  3.1197047715302677  0.7096158356498573  2.616829205656553  
1.9683612440581226  2.901281416208232  2.5224387532222563  2.3681423581842824  0.42024446203910437  4.029517107156041  
1.1613469799852723  1.3377557067080188  4.366836005494323  2.1991668944399074  2.0685153958855476  1.763980383715468  
1.4183294110849698  3.454077941275604  2.259230901969887  0.882045888075506  2.3853248470249793  1.4509253003817217  
2.0703351521407862E-16  3.2504793445427103  2.3417142887676037  0.5631012340238637  6.19155615111027  2.0444557855081307  
0.001373149162180052  4.479736656185906  5.170942223034016  0.19755086968625274  0.7103672838866647  0.9434657301613473  
0.5596769472721255  6.115936050528425  6.5147824740448534  0.579102651106592  0.3267042597212648  3.1945606588141744  
3.2652500845535894  2.9569098914543166  4.934301608454624  5.884595766430788  2.4152673209989977E-13  3.0420408297165134  
2.56786780264681  3.3921105689232602  3.0696289976983473  3.0356009338476846  1.3370491674291687  3.5397471853040163  
1.3976045279013807  4.2803796739819875  2.4394585241646647  1.8063296447968806  2.2399262813025143  2.938764107312676  
2.829698263669004  3.796722757738454  3.1939582851354937  2.269226030797029  2.547018588114071  0.47121225442680864  
2.7144279866025904  4.2383790496612175  2.221248406073286  1.903687363705018  2.4039641873851045  0.9757551201568833  
1.1056397154326651  3.396527856659611  1.812192633209719  2.1893299537994984  1.0103292888041344  0.9978437426153939  
2.821146460409612  5.512224884242605  1.1583755156939203E-4  2.363559862182041  1.3201728315161079  0.28371077559806734  
2.8637414756925734  3.6835851092509606  1.882231374485518  1.8658644147795174  0.9316551575632274  3.3075317454259077  
1.7454479498940285  0.7765404057563092  3.764969056471681  4.246168481641764  1.8136915330579153  0.6250009323492645  
1.1805879021638825  2.4469241247729734  1.141037516121182  4.514766307604521  0.0010145557508700654  1.0627658869412908  
2.56713159500325  3.8827598653000566  4.852409702628936  1.0443183283532846  0.3676235898516703  0.505874554456008  
1.2470406754040193  2.595243819599703  1.9215538273100665  1.6415336860605871  1.7830350611215833  1.0501823928249177  
0.3052741262593439  7.151971870929556  3.9935274905589235  2.0003028028874104  2.7044311014552855  0.52972984960033  
2.8917043595785605  4.582786385667724E-37  3.5050823136716938  1.9683619454447836  3.7668699893858486  6.670084954132923  
5.276794500357316  2.264695214602301  1.916864286130049  1.6520706034671861  5.6471381582847835  1.098846574826122  
2.077242485666745  1.404762780220353  3.2347763782379464  0.7012270557986524  1.7067927251919182  1.6356705894038017  
0.7261142904300517  0.8962846748961389  0.7909403527447244  6.136865321449475  0.7341739378430036  2.0873230951358983  
0.37940990538418484  0.005106364916366494  1.4631729604826478  6.007348261350254  0.6400474752642767  2.2039275912771124  
2.56631061765562  1.2107150488778076  3.429278105831457  2.283814857764996  3.091491237455456  1.7295576850208962  
0.9615657449108646  1.304699460944547  4.520174528740695  0.4077295449528396  2.8990947801805382  1.847151774161591  
2.202662344290539  2.0771634424366052  1.9407741950495658  0.8299064955982469  2.3828423415937943  1.7532511208898078  
2.1573481241227914  3.7031224519983863  3.347731007870218  0.3323579740245055  2.0569274276219414  4.2041162356431006  
1.4309079382708194  3.097717940664668  3.644993930849767  0.38879321305644127  1.7993203804131346  4.582682892716858  
2.4003251329300266  3.7010106110937406  3.3748600153527644  0.6567926760470487  1.2283578714932322  3.974157337911631  
0.34642852348806  1.007491311496083  1.2356861897165772  0.7091766962708785  2.110499861729303  2.3051809189392802  
3.347667320340878  0.006822154000148638  3.4369725550209966  0.544299837435821  2.5621631839496604  4.45159512477912  
2.3049285564809425  2.755771763168571  2.7299282957855113  3.3087697687776787  1.790501267693343  3.689942437054889  
5.000263826846375  6.17929420779516  3.445460547204175  0.19448774974646407  1.61801258063393  1.401411549305167  
0.8574972331519893  2.3668373597939487  0.1255934011571109  1.557961096678768  1.9870815149538477  3.2503163098575945  
3.1901594248083627  3.3409659991425333  2.7908803963812385  0.584387319622344  3.1630689286906986  2.7454810963853604  
6.176693361283266  1.8023877762032379  0.8855693326632208  1.6348067835546467  3.424425495367913  4.984956517263219  
2.91492786964336  5.6372713969925465  1.4297995463871005  4.422499516278462  3.267920846020425  1.5394032313831147  
0.005558070543003137  1.0304718295783695  1.8513813879488499  0.5490662420205067  3.043085705971878  2.7488309535764066  
0.8119825319045055  1.4689247428837386  3.5781833991808414  0.24733876792592674  4.473652055183457  3.404847251254226  
0.8076539001297753  5.969695349276783  6.045899993271526E-25  0.4835324083764011  5.0703931031273735  2.545970946551254  
0.6176270020079622  4.831379635535358  1.7341219370192174  0.949234008864242  1.5133596052980811  3.5597219096493493  
2.6362330081258882  3.200924178130533  3.5004786261480425  0.3097671362365389  2.269076905688687  3.2521393560866088  
0.008641480378223331  1.8183253595790877E-4  4.153981537164799  3.8567594102829936  1.7694970630503908  1.7389681133292962  
1.3046368284815526  1.4170191364736333  4.077310657926038  1.0982255734428228  1.725103124979203  3.2292344758524476  
0.9831557023262317  2.3399335243010713  2.2249687217609866  1.6778063811717177  3.828338250949389  3.409094535303036  
0.021552871638251984  4.146699580631959  4.119886493618799  2.1957685089511423  0.7012739129200426  6.218809905575776  
2.8857927241953347  1.5857286134307809  1.543970932004277  2.9752507790884137  1.8562407595851884  5.5720916703017656  
0.6798808354317031  0.34159936774072885  2.2445463627775077  1.696406039164895  2.995951712129303  2.1316165400197455  
1.8337508641492792  2.4770857039895717  4.284834672798282  0.507301120330612  4.876397309018187  1.4826273746394822  
5.400315244652454E-12  1.1146494540788896  1.9088815249809041  0.4875172709618573  3.1286588121984993  2.867802394107888  
1.1931080566826737E-8  4.372494657357653  1.0981193622156078  2.129541621583141  1.0581738313944804  4.82766526457669  
1.0710279481295475  4.245301079542716  5.458320533259999  1.4382656085583883  5.953593986902665  3.5305309312182245  
2.1186511877109817  3.257816367747447  3.2864808704543123  0.9973175148722587  0.8303466949633427  3.7480141114030245  
2.3342651992390335  2.6712422879116136  2.7350522481322592  3.0176616400754734  2.3493679470134983  3.9470419308370905  
1.3226687619396262  2.450960400938121  2.785517858614189  1.257210041871761  3.5187425977906255  1.4827096595858904  
2.0000837707226983E-24  2.713288683859759  3.3997621419899984  2.0935038299434776  2.671003858275416  2.41876405208969  
1.1761913185377528  5.522717378597544  1.186718783165937  0.6403814356433428  5.496455695655825  0.3912191687580142  
1.8956748594569745E-22  0.28043918024202  2.878303700393465  1.9041449296801  5.430404841269009  3.518391129877972  
1.1256208875746132  2.2231389641118033  2.3205405005083257  2.6172535185979546  3.3146948253499957  0.9239584326128059  
3.239143751830694  1.8491454042883864  3.8320990949977  1.2542856913322966  1.599610866544271  2.1902862917213675  
1.2888331172642356  1.0431291440159136  3.388643016231096  1.608090763714058  2.0155360848625277  2.0063849400121634  
1.961696187307172  2.921281317959929  3.03457160617924  3.6035357154111662  3.494229359600537  0.3568768360198014  
3.309395537096876  4.372731617355387  3.88382896522345  6.112852837466252  3.621128525395307E-23  1.0494370165797366  
2.4501308967845064  2.5536327877118215  6.039631275732189  5.1154582139134765  1.2825210406137477  1.9016526373814395  
1.5367760362802632  0.37251975673224025  3.496752778973545  3.1411577112866325  6.426749791296066  3.3931666507989005  
1.991995440326111  2.0265846116463706  3.868056535540916  2.5649841977530112  4.2432065048946805  1.954986250219808  
2.025701272242351  1.5755730043063418  3.674090392455993  1.0722339999796804  3.6634427551813626  1.9255319222365763  
1.6845871210945287  4.615348697865974  2.2028553778230493  0.19591725897051204  1.1392466927841196  2.9232727827861273  
2.1176354938167283  1.5155999695733686  3.234271245850035  0.7348777651605586  1.7532916460131192  2.1357218648534033  
2.205362789991548  1.94881291785134  3.657999344863993  1.5826283793983915  2.982619655986172  1.5799553958221313  
0.9388716956198656  1.3173378500111226  1.1493266068050887  1.0266902670074372  0.8726821289165776  1.055263156048487  
0.6766803507926562  3.4278063895850376E-39  5.149564264477549  5.445342612159801  0.13567086305924808  3.5328596751786088  
2.866557566740517  0.4166928738640973  5.509618076503436  1.3602504918111755  1.6036755838299788  1.6518340111267107  
0.22779422642547523  1.5155690568559184  4.081810506475942  1.2062884424063263  2.7175364478377175  2.256241485757555  
4.114881998094469  0.34436548798479294  3.68110224762041  1.7027228625503326  4.319767808699136  2.8063360757812017  
0.6643932164114473  1.324276708802983  3.040399061096026  0.5013659588933101  2.4731480012465714  4.4318225953808135  
0.645429453499931  2.5047148656618083  2.8560766572285967  1.0966206890522607  1.9403835111938434  3.013003991022223  
9.928258356023241E-8  7.422964196016176  1.075358418522028  1.6627861972024518  3.615249958704541  3.8135081768473684  
0.02828993848777155  4.2769894847060055  1.0156631472150666  8.589668554596444E-6  2.6169772777807307  5.26439552986896  
1.4052657619851938  1.0264927876438383  1.9721445793868018  1.5894609790116274  1.501117016837268  0.8490548949397729  
2.533313680623609  2.821835972747677  3.444392914567512  1.4697720907390786  2.6817376573817295  1.3095690943843314  
1.394582060832793E-4  1.189968915804842  3.435671746257563  0.5506671974207198  3.600110374386129  2.217549663685592  
0.3878745574665641  0.6783875158527737  3.8917899810373537  0.6457401128111625  3.374791874780514  2.5545942989386203  
1.6918508810140138  3.2940151070085437  3.445961287000934  0.5657227080034671  1.4031521625894712  4.293263862840949  
0.9625660614397651  1.5570533498516832  2.7843867296045737  1.1041057040001325  2.171204242989961  2.3179544570924184  
0.36038010134813053  3.169072487784638  5.969008172729927  2.4205786776311076E-5  1.1380394368280515  1.3898070130624165  
1.394651663485424  3.589616226803122  4.544845851099526  0.1654442640152109  1.1058544567271005  1.4517914861809373  
2.725438538654362  1.9715828624000022  3.188338500586945  0.45419614878919534  1.3661468284988947  2.4692676453908784  
0.023574919865833856  2.728159933066086  6.365829667360442  8.631987778515712E-10  0.7710745433036124  0.8541271392852394  
2.695489458242916E-9  3.0037701078773313  0.7321072322214276  0.21335121620315908  3.747350051151923  4.291746917144074  
1.8068204591839807  1.8926139632244379  4.17047338575139  1.3314040604991488  3.3339769719625303  3.099775884253288  
0.982494781510839  3.312803542583724  2.27253660817175  0.8646970269668248  6.849733767727334  0.5498915909539468  
4.815958164944151  2.750110007042348E-24  3.5768161648936347  5.575066112275608E-19  2.450936473433406  6.169104890918711  
2.8812633408807944  2.099513564694064  2.154398854963896  0.4512683300031458  0.4448261180178783  2.246920421668095  
